0 Sep 09, 2016 0.18 0.56 0.18 0.56 1348.86 0.0
1 Sep 10, 2016 0.56 0.56 0.37 0.39 810.8 0.0
2 Sep 11, 2016 0.39 0.4 0.37 0.38 878.7 0.0
3 Sep 12, 2016 0.38 0.38 0.36 0.37 1115.84 0.0
4 Sep 13, 2016 0.37 0.38 0.3 0.31 3336.91 0.0
5 Sep 14, 2016 0.31 0.34 0.31 0.33 4129.14 0.0
6 Sep 15, 2016 0.33 0.36 0.33 0.35 1981.63 0.0
7 Sep 16, 2016 0.35 0.39 0.35 0.39 15105.2 0.0
8 Sep 17, 2016 0.39 0.43 0.39 0.43 21060.2 0.0
9 Sep 18, 2016 0.43 0.43 0.38 0.38 105159.0 0.0
10 Sep 19, 2016 0.38 0.38 0.33 0.33 1447.94 0.0
11 Sep 20, 2016 0.33 0.34 0.31 0.31 1171.14 0.0
12 Sep 21, 2016 0.31 0.32 0.3 0.3 155.94 0.0
13 Sep 22, 2016 0.3 0.31 0.25 0.25 54002.3 0.0
14 Sep 23, 2016 0.25 0.28 0.24 0.24 16845.2 0.0
15 Sep 24, 2016 0.24 0.25 0.21 0.21 21739.7 0.0
16 Sep 25, 2016 0.21 0.22 0.19 0.2 3074.88 0.0
17 Sep 26, 2016 0.2 0.22 0.19 0.2 9656.52 0.0
18 Sep 27, 2016 0.2 0.2 0.18 0.2 19805.8 0.0
19 Sep 28, 2016 0.2 0.21 0.18 0.19 6353.64 0.0
20 Sep 29, 2016 0.19 0.21 0.17 0.19 11050.4 0.0
21 Sep 30, 2016 0.19 0.19 0.18 0.18 2031.56 0.0
22 Oct 01, 2016 0.18 0.22 0.18 0.2 2747.9 0.0
23 Oct 02, 2016 0.2 0.2 0.18 0.18 4177.65 0.0
24 Oct 03, 2016 0.18 0.19 0.18 0.18 913.14 0.0
25 Oct 04, 2016 0.18 0.18 0.18 0.18 505.98 0.0
26 Oct 05, 2016 0.18 0.29 0.18 0.29 1864.16 0.0
27 Oct 06, 2016 0.29 0.29 0.18 0.18 2611.98 0.0
28 Oct 07, 2016 0.18 0.2 0.18 0.2 5784.5 0.0
29 Oct 08, 2016 0.2 0.22 0.18 0.2 31829.7 0.0
30 Oct 09, 2016 0.2 0.2 0.18 0.19 30052.1 0.0
31 Oct 10, 2016 0.19 0.2 0.18 0.19 11203.8 0.0
32 Oct 11, 2016 0.19 0.2 0.18 0.19 5948.65 0.0
33 Oct 12, 2016 0.19 0.19 0.17 0.19 12201.4 0.0
34 Oct 13, 2016 0.19 0.19 0.17 0.18 1317.91 0.0
35 Oct 14, 2016 0.18 0.19 0.18 0.19 2334.52 0.0
36 Oct 15, 2016 0.19 0.19 0.18 0.18 595.98 0.0
37 Oct 16, 2016 0.18 0.19 0.17 0.17 16019.0 0.0
38 Oct 17, 2016 0.17 0.19 0.17 0.19 12988.7 0.0
39 Oct 18, 2016 0.19 0.29 0.18 0.2 406917.0 0.0
40 Oct 19, 2016 0.2 0.2 0.11 0.12 228476.0 0.0
41 Oct 20, 2016 0.12 0.12 0.09 0.09 286750.0 0.0
42 Oct 21, 2016 0.09 0.09 0.07 0.08 269793.0 0.0
43 Oct 22, 2016 0.08 0.1 0.08 0.08 293121.0 0.0
44 Oct 23, 2016 0.08 0.09 0.08 0.08 107073.0 0.0
45 Oct 24, 2016 0.08 0.1 0.08 0.09 522611.0 0.0
46 Oct 25, 2016 0.09 0.32 0.09 0.14 365986.0 0.0
47 Oct 26, 2016 0.14 0.17 0.12 0.13 494772.0 6785000.0
48 Oct 27, 2016 0.13 0.14 0.12 0.13 169528.0 6480400.0
49 Oct 28, 2016 0.13 0.16 0.12 0.15 545958.0 6372350.0
50 Oct 29, 2016 0.15 0.18 0.15 0.17 714101.0 7561850.0
51 Oct 30, 2016 0.17 0.18 0.17 0.18 377793.0 8647300.0
52 Oct 31, 2016 0.18 0.23 0.18 0.23 917488.0 9080500.0
53 Nov 01, 2016 0.23 0.24 0.2 0.21 411699.0 11411600.0
54 Nov 02, 2016 0.21 0.22 0.19 0.2 242163.0 10732300.0
55 Nov 03, 2016 0.2 0.2 0.15 0.17 265799.0 9898100.0
56 Nov 04, 2016 0.17 0.18 0.17 0.17 123337.0 8678700.0
57 Nov 05, 2016 0.17 0.18 0.16 0.16 165265.0 8796700.0
58 Nov 06, 2016 0.16 0.17 0.16 0.16 52678.9 8040000.0
59 Nov 07, 2016 0.16 0.17 0.14 0.17 264007.0 8197850.0
60 Nov 08, 2016 0.17 0.17 0.16 0.16 64486.6 8653650.0
61 Nov 09, 2016 0.16 0.17 0.16 0.16 51100.5 8079950.0
62 Nov 10, 2016 0.16 0.18 0.15 0.17 226859.0 7967100.0
63 Nov 11, 2016 0.17 0.18 0.17 0.18 92296.2 8414650.0
64 Nov 12, 2016 0.17 0.18 0.17 0.17 38920.0 8630150.0
65 Nov 13, 2016 0.17 0.17 0.16 0.17 47661.0 8434950.0
66 Nov 14, 2016 0.17 0.2 0.17 0.18 161342.0 8517350.0
67 Nov 15, 2016 0.18 0.18 0.17 0.17 58216.9 9193150.0
68 Nov 16, 2016 0.17 0.18 0.15 0.16 52766.5 8693750.0
69 Nov 17, 2016 0.16 0.18 0.16 0.17 115600.0 8132700.0
70 Nov 18, 2016 0.17 0.2 0.17 0.17 170258.0 8663350.0
71 Nov 19, 2016 0.17 0.18 0.17 0.17 20977.3 8606750.0
72 Nov 20, 2016 0.17 0.17 0.16 0.17 6887.84 8496450.0
73 Nov 21, 2016 0.17 0.17 0.17 0.17 13976.7 8550000.0
74 Nov 22, 2016 0.17 0.17 0.17 0.17 30457.1 8673700.0
75 Nov 23, 2016 0.17 0.17 0.17 0.17 18865.5 8444150.0
76 Nov 24, 2016 0.17 0.19 0.17 0.17 252878.0 8350300.0
77 Nov 25, 2016 0.17 0.19 0.17 0.17 148809.0 8595150.0
78 Nov 26, 2016 0.17 0.18 0.17 0.17 53456.1 8730400.0
79 Nov 27, 2016 0.17 0.18 0.17 0.17 34618.1 8706700.0
80 Nov 28, 2016 0.17 0.17 0.17 0.17 92873.2 8653650.0
81 Nov 29, 2016 0.17 0.17 0.14 0.15 121979.0 8393050.0
82 Nov 30, 2016 0.15 0.15 0.14 0.14 63418.2 7498150.0
83 Dec 01, 2016 0.14 0.14 0.14 0.14 62768.9 7226100.0
84 Dec 02, 2016 0.14 0.14 0.14 0.14 69741.6 7005950.0
85 Dec 03, 2016 0.14 0.14 0.14 0.14 121437.0 7099350.0
86 Dec 04, 2016 0.14 0.16 0.14 0.15 109462.0 7122200.0
87 Dec 05, 2016 0.15 0.15 0.14 0.14 71656.1 7363500.0
88 Dec 06, 2016 0.14 0.14 0.14 0.14 54376.4 6948000.0
89 Dec 07, 2016 0.14 0.14 0.13 0.14 51152.4 6809800.0
90 Dec 08, 2016 0.14 0.14 0.13 0.13 31065.0 6872400.0
91 Dec 09, 2016 0.13 0.14 0.13 0.13 54783.1 6720450.0
92 Dec 10, 2016 0.13 0.13 0.12 0.13 37026.5 6547600.0
93 Dec 11, 2016 0.13 0.13 0.12 0.12 41966.6 6267600.0
94 Dec 12, 2016 0.12 0.14 0.12 0.13 57019.2 6104100.0
95 Dec 13, 2016 0.13 0.14 0.13 0.13 30845.1 6651750.0
96 Dec 14, 2016 0.13 0.13 0.12 0.12 50947.7 6396500.0
97 Dec 15, 2016 0.12 0.12 0.11 0.11 38085.8 6050600.0
98 Dec 16, 2016 0.11 0.12 0.11 0.11 49515.3 5493450.0
99 Dec 17, 2016 0.11 0.12 0.1 0.1 62650.1 5722250.0
100 Dec 18, 2016 0.1 0.12 0.1 0.12 37745.5 5292100.0
101 Dec 19, 2016 0.12 0.12 0.11 0.12 55325.8 5763000.0
102 Dec 20, 2016 0.12 0.12 0.12 0.12 73913.3 6076800.0
103 Dec 21, 2016 0.12 0.17 0.12 0.17 635204.0 6043400.0
104 Dec 22, 2016 0.17 0.18 0.15 0.15 544880.0 8322050.0
105 Dec 23, 2016 0.15 0.16 0.13 0.14 187645.0 7752950.0
106 Dec 24, 2016 0.14 0.15 0.14 0.15 132934.0 6977250.0
107 Dec 25, 2016 0.14 0.15 0.14 0.15 239670.0 7210650.0
108 Dec 26, 2016 0.15 0.18 0.14 0.17 579250.0 7339250.0
109 Dec 27, 2016 0.17 0.18 0.15 0.16 265268.0 8330000.0
110 Dec 28, 2016 0.16 0.16 0.14 0.15 118030.0 7901600.0
111 Dec 29, 2016 0.15 0.15 0.14 0.14 100992.0 7534400.0
112 Dec 30, 2016 0.14 0.15 0.14 0.15 69464.2 7179950.0
113 Dec 31, 2016 0.15 0.15 0.14 0.14 60999.9 7376300.0
114 Jan 01, 2017 0.14 0.15 0.14 0.14 63512.2 7238150.0
115 Jan 02, 2017 0.14 0.15 0.14 0.14 75921.1 7092050.0
116 Jan 03, 2017 0.14 0.15 0.14 0.14 90544.0 7282250.0
117 Jan 04, 2017 0.14 0.14 0.13 0.14 94044.5 7014700.0
118 Jan 05, 2017 0.14 0.14 0.13 0.13 206224.0 6839850.0
119 Jan 06, 2017 0.13 0.14 0.13 0.14 54666.4 6554350.0
120 Jan 07, 2017 0.14 0.14 0.13 0.13 53817.8 6775250.0
121 Jan 08, 2017 0.13 0.13 0.13 0.13 69033.4 6416250.0
122 Jan 09, 2017 0.13 0.13 0.12 0.12 90000.3 6631500.0
123 Jan 10, 2017 0.12 0.14 0.12 0.13 126915.0 6188050.0
124 Jan 11, 2017 0.13 0.13 0.11 0.12 120522.0 6698500.0
125 Jan 12, 2017 0.12 0.12 0.11 0.12 59945.3 5756850.0
126 Jan 13, 2017 0.12 0.12 0.11 0.12 50364.7 6205300.0
127 Jan 14, 2017 0.12 0.12 0.12 0.12 9261.52 6066850.0
128 Jan 15, 2017 0.12 0.13 0.12 0.12 6953.74 6145200.0
129 Jan 16, 2017 0.12 0.12 0.12 0.12 5111.73 6186500.0
130 Jan 17, 2017 0.12 0.12 0.11 0.12 7960.2 5983750.0
131 Jan 18, 2017 0.12 0.12 0.12 0.12 7456.64 5840800.0
132 Jan 19, 2017 0.12 0.12 0.12 0.12 14984.0 6151750.0
133 Jan 20, 2017 0.12 0.12 0.11 0.12 16255.3 5829800.0
134 Jan 21, 2017 0.12 0.13 0.11 0.12 15334.7 5897750.0
135 Jan 22, 2017 0.12 0.12 0.11 0.11 6467.88 5815300.0
136 Jan 23, 2017 0.11 0.13 0.11 0.13 7174.84 5720800.0
137 Jan 24, 2017 0.13 0.13 0.11 0.12 7139.01 6428450.0
138 Jan 25, 2017 0.12 0.13 0.12 0.12 6426.91 6010600.0
139 Jan 26, 2017 0.12 0.14 0.12 0.13 7694.42 6215950.0
140 Jan 27, 2017 0.13 0.14 0.13 0.13 9238.09 6494700.0
141 Jan 28, 2017 0.13 0.14 0.13 0.13 7066.2 6516700.0
142 Jan 29, 2017 0.14 0.14 0.13 0.14 11695.1 6904850.0
143 Jan 30, 2017 0.14 0.15 0.14 0.15 9284.94 7057350.0
144 Jan 31, 2017 0.15 0.15 0.14 0.15 17416.1 7685650.0
145 Feb 01, 2017 0.15 0.15 0.14 0.15 4495.72 7351700.0
146 Feb 02, 2017 0.15 0.15 0.13 0.14 2973.24 7360300.0
147 Feb 03, 2017 0.14 0.14 0.13 0.13 9701.94 7282500.0
148 Feb 04, 2017 0.13 0.15 0.13 0.14 10217.4 6719250.0
149 Feb 05, 2017 0.14 0.14 0.13 0.13 2684.71 6797200.0
150 Feb 06, 2017 0.13 0.14 0.13 0.13 10498.1 6585850.0
151 Feb 07, 2017 0.13 0.14 0.13 0.13 5301.86 6348600.0
152 Feb 08, 2017 0.13 0.13 0.12 0.13 8268.24 6662200.0
153 Feb 09, 2017 0.13 0.13 0.12 0.13 10869.5 6484200.0
154 Feb 10, 2017 0.13 0.13 0.12 0.13 2605.18 6377000.0
155 Feb 11, 2017 0.13 0.13 0.12 0.13 743.09 6289400.0
156 Feb 12, 2017 0.13 0.14 0.12 0.12 3330.24 6274650.0
157 Feb 13, 2017 0.12 0.14 0.12 0.12 6977.31 6076500.0
158 Feb 14, 2017 0.12 0.12 0.11 0.12 6788.44 5916950.0
159 Feb 15, 2017 0.12 0.12 0.11 0.11 5690.25 5837200.0
160 Feb 16, 2017 0.11 0.13 0.11 0.13 10794.5 5636950.0
161 Feb 17, 2017 0.13 0.13 0.12 0.12 28259.3 6298600.0
162 Feb 18, 2017 0.12 0.13 0.12 0.12 13458.0 6145050.0
163 Feb 19, 2017 0.12 0.12 0.12 0.12 4321.01 6226100.0
164 Feb 20, 2017 0.12 0.13 0.12 0.12 10970.7 6150050.0
165 Feb 21, 2017 0.12 0.13 0.11 0.12 14370.4 6070000.0
166 Feb 22, 2017 0.12 0.12 0.12 0.12 6902.84 6225750.0
167 Feb 23, 2017 0.12 0.12 0.11 0.12 6304.03 6097900.0
168 Feb 24, 2017 0.12 0.14 0.09 0.12 17386.2 5962150.0
169 Feb 25, 2017 0.12 0.12 0.11 0.11 9338.6 6043200.0
170 Feb 26, 2017 0.11 0.12 0.1 0.11 8433.31 5727650.0
171 Feb 27, 2017 0.12 0.12 0.11 0.12 8960.2 5761700.0
172 Feb 28, 2017 0.12 0.12 0.11 0.12 19659.3 5772100.0
173 Mar 01, 2017 0.12 0.14 0.11 0.14 12914.3 5872750.0
174 Mar 02, 2017 0.14 0.14 0.12 0.12 8963.03 6770400.0
175 Mar 03, 2017 0.12 0.12 0.12 0.12 9499.01 5963600.0
176 Mar 04, 2017 0.12 0.13 0.12 0.12 6235.48 6130100.0
177 Mar 05, 2017 0.12 0.12 0.12 0.12 4191.9 5991050.0
178 Mar 06, 2017 0.12 0.12 0.12 0.12 10659.0 6089100.0
179 Mar 07, 2017 0.12 0.12 0.12 0.12 8291.08 6172950.0
180 Mar 08, 2017 0.12 0.13 0.12 0.12 5535.9 6130100.0
181 Mar 09, 2017 0.12 0.14 0.11 0.13 21035.4 5813300.0
182 Mar 10, 2017 0.13 0.14 0.12 0.13 34319.3 6605350.0
183 Mar 11, 2017 0.13 0.14 0.13 0.14 32280.9 6570150.0
184 Mar 12, 2017 0.14 0.14 0.13 0.14 36588.3 7110850.0
185 Mar 13, 2017 0.14 0.14 0.13 0.14 23196.1 7039950.0
186 Mar 14, 2017 0.14 0.14 0.13 0.13 23746.4 6849300.0
187 Mar 15, 2017 0.13 0.14 0.13 0.13 16169.0 6684950.0
188 Mar 16, 2017 0.13 0.14 0.13 0.13 20678.3 6438650.0
189 Mar 17, 2017 0.13 0.17 0.12 0.14 63413.2 6566200.0
190 Mar 18, 2017 0.14 0.17 0.14 0.16 188985.0 7000300.0
191 Mar 19, 2017 0.16 0.16 0.15 0.16 68673.3 7950950.0
192 Mar 20, 2017 0.16 0.16 0.15 0.15 68538.6 7872200.0
193 Mar 21, 2017 0.15 0.17 0.15 0.16 234287.0 7698600.0
194 Mar 22, 2017 0.16 0.18 0.16 0.17 157814.0 8247550.0
195 Mar 23, 2017 0.17 0.18 0.16 0.17 38168.5 8659150.0
196 Mar 24, 2017 0.17 0.18 0.16 0.17 52184.2 8320600.0
197 Mar 25, 2017 0.17 0.17 0.16 0.17 47641.0 8347050.0
198 Mar 26, 2017 0.17 0.17 0.16 0.16 37656.3 8363350.0
199 Mar 27, 2017 0.16 0.19 0.16 0.19 201563.0 8058250.0
200 Mar 28, 2017 0.19 0.23 0.18 0.22 821674.0 9313850.0
201 Mar 29, 2017 0.22 0.23 0.2 0.21 335567.0 11032500.0
202 Mar 30, 2017 0.21 0.22 0.21 0.21 504940.0 10623400.0
203 Mar 31, 2017 0.21 0.21 0.2 0.2 291529.0 10511800.0
204 Apr 01, 2017 0.2 0.21 0.19 0.2 109993.0 10180300.0
205 Apr 02, 2017 0.2 0.21 0.2 0.2 102369.0 10179200.0
206 Apr 03, 2017 0.2 0.2 0.2 0.2 104805.0 10290400.0
207 Apr 04, 2017 0.2 0.2 0.18 0.18 148096.0 9993700.0
208 Apr 05, 2017 0.18 0.19 0.18 0.18 102043.0 9254100.0
209 Apr 06, 2017 0.18 0.19 0.18 0.19 82505.1 9238350.0
210 Apr 07, 2017 0.19 0.19 0.18 0.19 81617.8 9393550.0
211 Apr 08, 2017 0.19 0.19 0.19 0.19 54653.9 9472800.0
212 Apr 09, 2017 0.19 0.19 0.19 0.19 97362.1 9483950.0
213 Apr 10, 2017 0.19 0.22 0.19 0.21 208420.0 9442100.0
214 Apr 11, 2017 0.21 0.21 0.19 0.2 257457.0 10451200.0
215 Apr 12, 2017 0.2 0.2 0.19 0.2 192252.0 9917850.0
216 Apr 13, 2017 0.19 0.2 0.19 0.19 147722.0 9698300.0
217 Apr 14, 2017 0.19 0.19 0.19 0.19 103138.0 9577000.0
218 Apr 15, 2017 0.19 0.19 0.19 0.19 76566.4 9649550.0
219 Apr 16, 2017 0.19 0.2 0.19 0.19 167886.0 9683600.0
220 Apr 17, 2017 0.19 0.19 0.18 0.19 331308.0 9579150.0
221 Apr 18, 2017 0.19 0.19 0.18 0.18 348694.0 9595500.0
222 Apr 19, 2017 0.18 0.19 0.18 0.19 297302.0 9031100.0
223 Apr 20, 2017 0.19 0.19 0.18 0.18 222525.0 9476700.0
224 Apr 21, 2017 0.18 0.18 0.17 0.18 263127.0 9234250.0
225 Apr 22, 2017 0.18 0.19 0.17 0.18 288119.0 8947150.0
226 Apr 23, 2017 0.18 0.18 0.17 0.17 175678.0 9034200.0
227 Apr 24, 2017 0.18 0.18 0.16 0.17 262706.0 8853850.0
228 Apr 25, 2017 0.17 0.18 0.17 0.18 241805.0 8680300.0
229 Apr 26, 2017 0.18 0.19 0.18 0.18 185400.0 9173750.0
230 Apr 27, 2017 0.18 0.21 0.18 0.2 327972.0 9219700.0
231 Apr 28, 2017 0.2 0.23 0.2 0.23 473689.0 10109700.0
232 Apr 29, 2017 0.23 0.29 0.22 0.27 960013.0 11480600.0
233 Apr 30, 2017 0.27 0.36 0.27 0.36 1631520.0 13586500.0
234 May 01, 2017 0.36 0.36 0.27 0.32 1142050.0 18084400.0
235 May 02, 2017 0.32 0.33 0.28 0.31 588824.0 15957400.0
236 May 03, 2017 0.31 0.35 0.31 0.34 758237.0 15737300.0
237 May 04, 2017 0.34 0.5 0.33 0.5 2317450.0 17254800.0
238 May 05, 2017 0.49 0.58 0.47 0.58 2660100.0 24691600.0
239 May 06, 2017 0.57 0.59 0.54 0.59 1341720.0 28642700.0
240 May 07, 2017 0.58 0.59 0.52 0.54 1249060.0 29263200.0
241 May 08, 2017 0.53 0.54 0.49 0.5 1025750.0 26515000.0
242 May 09, 2017 0.5 0.5 0.41 0.45 1076450.0 24806600.0
243 May 10, 2017 0.45 0.54 0.45 0.5 843243.0 22463000.0
244 May 11, 2017 0.5 0.52 0.43 0.48 953152.0 25215700.0
245 May 12, 2017 0.48 0.51 0.47 0.49 548028.0 24043700.0
246 May 13, 2017 0.49 0.49 0.45 0.48 616908.0 24393600.0
247 May 14, 2017 0.48 0.49 0.47 0.48 501693.0 24168600.0
248 May 15, 2017 0.48 0.49 0.45 0.47 897219.0 23868200.0
249 May 16, 2017 0.47 0.47 0.45 0.46 637204.0 23728400.0
250 May 17, 2017 0.46 0.53 0.45 0.53 1328670.0 23214200.0
251 May 18, 2017 0.53 0.55 0.51 0.54 1201540.0 26671200.0
252 May 19, 2017 0.54 0.68 0.54 0.63 1884600.0 26987600.0
253 May 20, 2017 0.64 0.67 0.61 0.67 1476170.0 31907400.0
254 May 21, 2017 0.67 0.74 0.62 0.66 2621930.0 33271700.0
255 May 22, 2017 0.68 0.74 0.67 0.72 2331300.0 34100400.0
256 May 23, 2017 0.72 0.9 0.69 0.88 3858760.0 36086300.0
257 May 24, 2017 0.88 1.9 0.86 1.76 22900400.0 43947700.0
258 May 25, 2017 1.74 1.74 1.01 1.11 12458000.0 87149500.0
259 May 26, 2017 1.1 1.22 0.69 0.83 6847940.0 55293000.0
260 May 27, 2017 0.81 1.02 0.6 0.98 7025920.0 40341200.0
261 May 28, 2017 0.99 1.07 0.81 0.93 5133830.0 49477900.0
262 May 29, 2017 0.92 0.97 0.87 0.97 2171000.0 46086400.0
263 May 30, 2017 0.97 1.13 0.97 1.02 5393720.0 48770200.0
264 May 31, 2017 1.02 1.08 0.97 1.02 3001020.0 51167000.0
265 Jun 01, 2017 1.03 1.3 1.01 1.24 8061920.0 51383000.0
266 Jun 02, 2017 1.25 1.4 1.18 1.35 7157890.0 62290500.0
267 Jun 03, 2017 1.36 1.36 1.15 1.26 4049740.0 68122000.0
268 Jun 04, 2017 1.25 1.31 1.22 1.26 2572220.0 62425500.0
269 Jun 05, 2017 1.26 1.35 1.25 1.28 3876920.0 63267500.0
270 Jun 06, 2017 1.27 1.37 1.2 1.34 5234170.0 63757000.0
271 Jun 07, 2017 1.34 1.35 1.27 1.28 2994510.0 66929500.0
272 Jun 08, 2017 1.27 1.36 1.19 1.36 7118290.0 63677000.0
273 Jun 09, 2017 1.36 1.59 1.33 1.55 9728020.0 67874000.0
274 >Jun 10, 201 1.54 2.07 1.53 1.68 17295300.0 77129000.0
275 Jun 11, 2017 1.69 1.73 1.52 1.67 6479410.0 84426000.0
276 Jun 12, 2017 1.67 1.69 1.4 1.51 7492490.0 83716000.0
277 Jun 13, 2017 1.5 1.86 1.5 1.81 10456500.0 75221500.0
278 Jun 14, 2017 1.81 1.94 1.68 1.74 10497200.0 90657000.0
279 Jun 15, 2017 1.74 1.84 1.54 1.78 9550940.0 86947000.0
280 Jun 16, 2017 1.8 2.81 1.72 2.77 45782200.0 90202000.0
281 Jun 17, 2017 2.8 4.18 2.7 3.76 82601000.0 139894000.0
282 Jun 18, 2017 3.79 5.26 3.47 5.26 61381000.0 189717000.0
283 Jun 19, 2017 5.46 11.81 5.46 11.71 281341000.0 273011000.0
284 Jun 20, 2017 11.78 11.78 7.87 8.0 126661000.0 589390000.0
285 Jun 21, 2017 8.04 10.21 7.81 10.14 88374400.0 401956000.0
286 Jun 22, 2017 10.15 10.5 6.9 6.94 115249000.0 507921000.0
287 Jun 23, 2017 6.92 7.43 5.78 6.84 67033300.0 346025000.0
288 Jun 24, 2017 6.87 7.11 6.25 6.29 33359500.0 343738000.0
289 Jun 25, 2017 6.29 6.46 5.66 5.95 24890900.0 314543000.0
290 Jun 26, 2017 5.95 6.22 4.42 5.53 27615900.0 297587000.0
291 Jun 27, 2017 5.35 7.26 5.09 6.83 71029700.0 267538000.0
292 Jun 28, 2017 6.96 8.69 6.49 8.38 72982300.0 347826000.0
293 Jun 29, 2017 8.34 10.07 7.91 9.77 77050000.0 416970000.0
294 Jun 30, 2017 9.72 9.99 8.6 8.73 43355500.0 485988000.0
295 Jul 01, 2017 8.77 9.24 7.74 7.95 33128400.0 438293000.0
296 Jul 02, 2017 7.96 8.51 6.75 8.1 47478700.0 397988000.0
297 Jul 03, 2017 8.05 8.48 7.52 8.21 28820400.0 402786000.0
298 Jul 04, 2017 8.22 8.49 7.77 7.78 15781600.0 410831000.0
299 Jul 05, 2017 7.77 8.66 7.23 8.03 29368100.0 388453000.0
300 Jul 06, 2017 7.98 8.34 7.69 7.84 17932500.0 399093000.0
301 Jul 07, 2017 7.83 7.89 6.74 6.77 16409500.0 391569000.0
302 Jul 08, 2017 6.79 7.63 5.91 7.45 24138500.0 339382000.0
303 Jul 09, 2017 7.4 7.62 6.87 6.89 10422500.0 370072000.0
304 Jul 10, 2017 6.91 6.96 5.58 6.03 11395300.0 345719000.0
305 Jul 11, 2017 5.93 6.11 4.83 5.4 20182900.0 296309000.0
306 Jul 12, 2017 5.31 6.69 5.07 6.63 23337300.0 265564000.0
307 Jul 13, 2017 6.68 6.95 5.91 6.29 17824000.0 334240000.0
308 Jul 14, 2017 6.27 6.29 5.42 5.54 12351000.0 313433000.0
309 Jul 15, 2017 5.55 5.55 4.98 5.03 11294200.0 277400000.0
310 Jul 16, 2017 5.03 5.27 4.83 5.04 9498420.0 251399000.0
311 Jul 17, 2017 5.06 5.85 5.03 5.77 15013000.0 253054000.0
312 Jul 18, 2017 5.77 6.29 5.51 6.02 18101700.0 288470000.0
313 Jul 19, 2017 6.04 6.23 5.65 5.88 14255500.0 301935000.0
314 Jul 20, 2017 5.89 7.47 5.89 7.21 25476100.0 294317000.0
315 Jul 21, 2017 7.24 7.97 7.03 7.42 21298000.0 361826000.0
316 Jul 22, 2017 7.39 9.12 7.3 8.62 32890800.0 369727000.0
317 Jul 23, 2017 8.64 8.93 7.76 8.56 29915100.0 431881000.0
318 Jul 24, 2017 8.61 8.81 8.19 8.46 21283700.0 430471000.0
319 Jul 25, 2017 8.48 8.48 6.88 7.35 19480400.0 423876000.0
320 Jul 26, 2017 7.33 7.59 6.58 7.17 16765600.0 366562000.0
321 Jul 27, 2017 7.21 7.94 7.13 7.72 15251100.0 360772000.0
322 Jul 28, 2017 7.75 7.88 6.93 7.09 15725800.0 387410000.0
323 Jul 29, 2017 7.08 7.46 6.76 7.26 10518400.0 354258000.0
324 Jul 30, 2017 7.27 7.29 6.94 7.15 9006030.0 363345000.0
325 Jul 31, 2017 7.16 7.42 7.02 7.33 10856600.0 358222000.0
326 Aug 01, 2017 7.36 8.2 6.96 7.86 18527900.0 368123000.0
327 Aug 02, 2017 7.85 8.3 7.71 8.11 17559000.0 392732000.0
328 Aug 03, 2017 8.19 10.7 8.06 10.67 49848800.0 409434000.0
329 Aug 04, 2017 10.83 11.21 9.97 10.42 56285500.0 541832000.0
330 Aug 05, 2017 10.39 14.95 10.23 14.02 82680400.0 519506000.0
331 Aug 06, 2017 14.16 16.19 13.42 15.21 81450800.0 708471000.0
332 Aug 07, 2017 15.19 20.24 14.36 18.67 166514000.0 759959000.0
333 Aug 08, 2017 18.73 19.33 15.58 18.27 124589000.0 936705000.0
334 Aug 09, 2017 18.34 21.94 17.46 21.74 116795000.0 917009000.0
335 Aug 10, 2017 21.68 38.44 21.35 36.17 360125000.0 1084180000.0
336 Aug 11, 2017 36.31 39.13 27.57 33.5 382070000.0 1815780000.0
337 Aug 12, 2017 33.15 37.36 30.44 36.61 177772000.0 1657810000.0
338 Aug 13, 2017 36.86 52.63 35.32 46.64 448654000.0 1843040000.0
339 Aug 14, 2017 47.62 52.02 44.78 47.43 343705000.0 2381360000.0
340 Aug 15, 2017 47.5 47.98 39.52 47.49 262801000.0 2375010000.0
341 Aug 16, 2017 46.98 51.24 44.69 45.53 170273000.0 2349050000.0
342 Aug 17, 2017 45.72 46.34 38.91 40.69 191410000.0 2286130000.0
343 Aug 18, 2017 40.84 41.15 31.31 38.84 209845000.0 2042450000.0
344 Aug 19, 2017 38.86 42.22 35.39 39.97 168358000.0 1943180000.0
345 Aug 20, 2017 39.63 40.64 38.16 38.18 85862200.0 1981640000.0
346 Aug 21, 2017 38.04 38.28 34.14 35.29 85955000.0 1902060000.0
347 Aug 22, 2017 35.16 36.17 31.6 35.85 68265300.0 1758180000.0
348 Aug 23, 2017 35.83 44.02 35.24 40.0 131763000.0 1791670000.0
349 Aug 24, 2017 39.92 42.12 39.3 42.05 63875500.0 1996230000.0
350 Aug 25, 2017 41.96 42.25 39.77 40.29 47772200.0 2098230000.0
351 Aug 26, 2017 40.3 40.52 37.7 38.58 41017800.0 2015360000.0
352 Aug 27, 2017 38.57 41.22 37.41 40.09 50649600.0 1928770000.0
353 Aug 28, 2017 40.23 40.31 37.38 38.45 41401000.0 2011600000.0
354 Aug 29, 2017 38.45 38.45 30.69 33.65 168534000.0 1922840000.0
355 Aug 30, 2017 33.47 35.83 29.7 33.09 97289600.0 1673910000.0
356 Aug 31, 2017 32.93 35.09 32.59 33.16 49957300.0 1646720000.0
357 Sep 01, 2017 33.17 33.56 28.86 32.0 75418900.0 1658680000.0
358 Sep 02, 2017 31.68 34.8 28.55 31.72 92722600.0 1584390000.0
359 Sep 03, 2017 31.77 32.64 28.58 30.31 43232300.0 1588690000.0
360 Sep 04, 2017 30.44 30.44 17.39 21.83 189917000.0 1522090000.0
361 Sep 05, 2017 21.87 23.85 18.92 22.79 91402300.0 1093860000.0
362 Sep 06, 2017 22.96 24.31 20.3 21.35 77746300.0 1148320000.0
363 Sep 07, 2017 21.3 33.55 20.53 30.78 214001000.0 1065110000.0
364 Sep 08, 2017 30.59 30.59 22.4 24.86 112252000.0 1529630000.0
365 Sep 09, 2017 24.63 24.63 21.54 21.95 47199500.0 1231580000.0
366 Sep 10, 2017 21.76 23.63 19.37 22.74 54002500.0 1088180000.0
367 Sep 11, 2017 22.67 23.97 21.7 21.87 27835300.0 1133790000.0
368 Sep 12, 2017 21.87 23.59 19.85 20.97 40702300.0 1093590000.0
369 Sep 13, 2017 20.82 21.28 17.79 20.06 37258400.0 1041450000.0
370 Sep 14, 2017 20.08 20.74 14.94 15.69 42221500.0 1004180000.0
371 Sep 15, 2017 15.81 19.11 13.32 18.73 50811700.0 790612000.0
372 Sep 16, 2017 18.74 22.98 18.49 20.75 50210000.0 937288000.0
373 Sep 17, 2017 20.63 20.63 18.35 19.85 18695100.0 1031920000.0
374 Sep 18, 2017 19.91 21.38 19.54 21.22 27647600.0 995579000.0
375 Sep 19, 2017 20.98 21.7 19.03 19.94 30451900.0 1049420000.0
376 Sep 20, 2017 19.9 20.46 19.69 19.74 14058200.0 995012000.0
377 Sep 21, 2017 19.65 19.82 16.75 17.44 21587400.0 982515000.0
378 Sep 22, 2017 17.39 19.31 16.98 18.68 22480200.0 869657000.0
379 Sep 23, 2017 18.58 20.59 18.3 20.18 17216800.0 929086000.0
380 Sep 24, 2017 20.17 20.42 19.28 19.78 11967200.0 1008660000.0
381 Sep 25, 2017 19.79 27.08 19.79 26.01 81225500.0 989892000.0
382 Sep 26, 2017 26.11 27.3 24.46 26.37 65868600.0 1305990000.0
383 Sep 27, 2017 26.32 34.02 26.32 31.79 163163000.0 1316040000.0
384 Sep 28, 2017 31.78 32.69 27.68 29.76 101195000.0 1589170000.0
385 Sep 29, 2017 30.25 30.4 26.13 28.63 72558300.0 1512530000.0
386 Sep 30, 2017 28.59 34.24 28.45 34.21 82181600.0 1429500000.0
387 Oct 01, 2017 34.11 35.82 31.81 35.72 72169500.0 1705880000.0
388 Oct 02, 2017 35.7 39.0 34.9 36.74 116098000.0 1785160000.0
389 Oct 03, 2017 36.65 36.78 32.0 33.6 74199600.0 1832530000.0
390 Oct 04, 2017 33.78 35.03 30.09 31.15 60565900.0 1689390000.0
391 Oct 05, 2017 31.21 33.31 28.98 32.27 66785000.0 1560680000.0
392 Oct 06, 2017 32.5 34.31 32.22 33.51 47267100.0 1625060000.0
393 Oct 07, 2017 33.54 36.15 33.29 36.13 48058800.0 1677000000.0
394 Oct 08, 2017 35.63 37.22 31.0 32.06 107725000.0 1781810000.0
395 Oct 09, 2017 32.03 32.78 26.77 29.1 98290300.0 1601800000.0
396 Oct 10, 2017 29.14 31.2 28.06 29.3 48223600.0 1457270000.0
397 Oct 11, 2017 29.29 31.22 29.29 29.96 33627700.0 1464940000.0
398 Oct 12, 2017 30.01 30.35 27.61 28.17 61080400.0 1500520000.0
399 Oct 13, 2017 27.85 29.86 26.44 29.35 81365000.0 1392660000.0
400 Oct 14, 2017 29.31 29.44 27.64 27.8 33551100.0 1465980000.0
401 Oct 15, 2017 27.64 28.46 26.9 27.73 31189200.0 1382450000.0
402 Oct 16, 2017 27.76 29.07 26.96 28.52 34713200.0 1388080000.0
403 Oct 17, 2017 28.5 32.55 27.81 31.39 74210000.0 1425090000.0
404 Oct 18, 2017 31.66 31.78 28.43 29.67 49659700.0 1583190000.0
405 Oct 19, 2017 29.65 29.95 28.48 28.66 30401400.0 1482970000.0
406 Oct 20, 2017 28.67 29.49 27.73 27.75 36933700.0 1433880000.0
407 Oct 21, 2017 27.75 28.27 26.03 27.12 34058900.0 1387840000.0
408 Oct 22, 2017 27.15 29.48 27.1 28.79 36184100.0 1357500000.0
409 Oct 23, 2017 28.49 28.65 26.42 27.51 28154800.0 1424610000.0
410 Oct 24, 2017 27.34 32.71 26.72 30.14 78225600.0 1367240000.0
411 Oct 25, 2017 30.11 30.11 28.54 28.54 35558400.0 1505590000.0
412 Oct 26, 2017 28.47 29.39 28.05 28.32 35987900.0 1423950000.0
413 Oct 27, 2017 28.32 28.87 28.1 28.75 28919000.0 1416350000.0
414 Oct 28, 2017 28.86 28.99 27.17 27.35 25368200.0 1443000000.0
415 Oct 29, 2017 27.2 28.61 27.2 27.76 29736500.0 1360230000.0
416 Oct 30, 2017 27.71 29.49 27.71 28.78 30968500.0 1801620000.0
417 Oct 31, 2017 28.69 30.43 28.47 28.47 61688400.0 1864890000.0
418 Nov 01, 2017 28.38 28.43 26.68 26.86 49782800.0 1844740000.0
419 Nov 02, 2017 26.74 26.74 22.88 24.5 74455200.0 1738720000.0
420 Nov 03, 2017 24.59 26.9 24.38 26.82 40142100.0 1598960000.0
421 Nov 04, 2017 26.76 27.73 25.94 26.48 31870600.0 1739980000.0
422 Nov 05, 2017 26.47 26.71 25.79 26.38 25229700.0 1721090000.0
423 Nov 06, 2017 26.47 26.81 25.94 26.31 26798400.0 1720760000.0
424 Nov 07, 2017 26.25 26.52 25.61 26.22 40146900.0 1706600000.0
425 Nov 08, 2017 26.16 33.8 26.01 30.67 120273000.0 1700950000.0
426 Nov 09, 2017 30.76 33.01 30.57 31.9 79919300.0 1999530000.0
427 Nov 10, 2017 31.97 32.44 26.73 28.17 57756900.0 2078110000.0
428 Nov 11, 2017 28.14 29.93 27.39 28.52 45994100.0 1829610000.0
429 Nov 12, 2017 28.43 28.44 25.31 26.96 63588200.0 1848580000.0
430 Nov 13, 2017 27.11 28.96 26.58 28.4 41299400.0 1762620000.0
431 Nov 14, 2017 28.39 29.95 28.09 29.72 39436300.0 1845750000.0
432 Nov 15, 2017 29.78 30.58 28.25 29.34 45103700.0 1936170000.0
433 Nov 16, 2017 29.44 29.92 28.47 28.7 40895700.0 1913970000.0
434 Nov 17, 2017 28.71 41.07 28.36 40.5 252834000.0 1866360000.0
435 Nov 18, 2017 39.73 48.09 36.28 42.73 434827000.0 2583010000.0
436 Nov 19, 2017 43.0 45.45 36.66 39.75 273035000.0 2795440000.0
437 Nov 20, 2017 39.93 43.14 35.63 35.63 243906000.0 2596080000.0
438 Nov 21, 2017 36.2 37.16 33.37 34.35 133333000.0 2353570000.0
439 Nov 22, 2017 34.44 36.97 34.44 35.85 82378800.0 2239040000.0
440 Nov 23, 2017 35.83 36.28 34.49 34.9 68917800.0 2329200000.0
441 Nov 24, 2017 34.89 35.69 33.46 34.79 68977700.0 2267940000.0
442 Nov 25, 2017 34.82 39.86 34.59 38.12 125113000.0 2263690000.0
443 Nov 26, 2017 38.04 39.19 37.49 38.44 61597700.0 2472680000.0
444 Nov 27, 2017 38.32 41.9 38.32 40.12 83345900.0 2491020000.0
445 Nov 28, 2017 40.13 40.13 37.46 38.07 80129000.0 2608660000.0
446 Nov 29, 2017 37.98 39.43 31.23 32.27 137123000.0 2469340000.0
447 Nov 30, 2017 32.54 34.98 30.09 32.95 78895100.0 2115360000.0
448 Dec 01, 2017 32.88 36.23 31.35 35.83 89359700.0 2137790000.0
449 Dec 02, 2017 35.84 36.61 34.5 35.06 48991700.0 2329690000.0
450 Dec 03, 2017 35.09 39.51 35.03 36.62 79801700.0 2281180000.0
451 Dec 04, 2017 36.64 42.99 36.61 42.17 160430000.0 2382160000.0
452 Dec 05, 2017 41.98 42.79 38.82 38.82 101480000.0 2729160000.0
453 Dec 06, 2017 38.74 38.85 34.4 35.16 118745000.0 2518460000.0
454 Dec 07, 2017 35.03 37.26 33.31 34.86 125301000.0 2277340000.0
455 Dec 08, 2017 34.83 37.37 32.35 36.27 125450000.0 2264560000.0
456 >Dec 09, 201 35.95 38.97 34.86 35.71 93255300.0 2337250000.0
457 Dec 10, 2017 35.79 35.79 32.51 33.31 72133600.0 2326550000.0
458 Dec 11, 2017 33.31 36.56 33.31 35.88 77323800.0 2165750000.0
459 Dec 12, 2017 36.22 41.27 35.31 40.41 132796000.0 2354370000.0
460 Dec 13, 2017 40.73 49.06 37.49 44.81 294500000.0 2647620000.0
461 Dec 14, 2017 44.9 53.65 44.4 50.62 313147000.0 2918700000.0
462 Dec 15, 2017 50.53 51.24 43.13 47.98 204065000.0 3285020000.0
463 Dec 16, 2017 48.14 52.26 46.92 49.8 164723000.0 3129270000.0
464 Dec 17, 2017 49.74 71.72 49.74 68.11 500799000.0 3233120000.0
465 Dec 18, 2017 68.45 81.06 63.96 77.21 437849000.0 4449540000.0
466 Dec 19, 2017 77.19 82.09 66.59 70.81 290083000.0 5017420000.0
467 Dec 20, 2017 71.3 77.5 63.09 75.62 305912000.0 4634920000.0
468 Dec 21, 2017 76.12 79.04 67.48 71.37 225272000.0 4948010000.0
469 Dec 22, 2017 71.54 72.27 43.38 55.57 297579000.0 4650220000.0
470 Dec 23, 2017 56.31 67.75 56.31 58.9 146282000.0 3660710000.0
471 Dec 24, 2017 59.32 59.97 51.83 59.69 160158000.0 3855900000.0
472 Dec 25, 2017 60.26 68.37 58.38 66.32 170538000.0 3917400000.0
473 Dec 26, 2017 66.6 68.79 61.85 65.51 195466000.0 4329390000.0
474 Dec 27, 2017 65.52 70.28 62.87 66.88 153715000.0 4259210000.0
475 Dec 28, 2017 66.76 66.94 58.21 65.42 135592000.0 4339530000.0
476 Dec 29, 2017 65.7 74.82 63.14 73.9 163331000.0 4270520000.0
477 Dec 30, 2017 74.18 74.54 63.02 72.4 202377000.0 4821840000.0
478 Dec 31, 2017 72.55 78.01 67.68 75.96 181357000.0 4716090000.0
479 Jan 01, 2018 76.19 80.69 72.72 78.82 142094000.0 4952450000.0
480 Jan 02, 2018 78.52 97.01 78.52 90.32 373377000.0 5104180000.0
481 Jan 03, 2018 90.29 105.5 86.88 105.5 288086000.0 5869250000.0
482 Jan 04, 2018 104.7 109.2 96.24 99.1 332546000.0 6811420000.0
483 Jan 05, 2018 98.91 106.2 89.57 95.28 292933000.0 6429220000.0
484 Jan 06, 2018 95.3 103.1 91.89 100.8 187746000.0 6195060000.0
485 Jan 07, 2018 101.1 108.5 99.19 102.4 196621000.0 6572870000.0
486 Jan 08, 2018 102.1 108.5 90.67 102.3 231395000.0 6638000000.0
487 Jan 09, 2018 102.0 129.8 101.8 126.9 529663000.0 6634310000.0
488 Jan 10, 2018 127.2 127.2 111.0 122.9 361797000.0 8270280000.0
489 Jan 11, 2018 123.1 124.3 102.6 108.2 270718000.0 8001780000.0
490 Jan 12, 2018 109.1 126.5 105.2 124.4 234757000.0 7097050000.0
491 >Jan 13, 201 124.1 146.5 124.1 140.6 455703000.0 8069500000.0
492 Jan 14, 2018 140.5 176.8 135.9 170.4 648694000.0 9136460000.0
493 Jan 15, 2018 170.0 196.8 147.3 187.4 1455620000.0 11056500000.0
494 Jan 16, 2018 187.9 187.9 104.2 145.2 1664430000.0 12217900000.0
495 Jan 17, 2018 144.7 154.2 94.56 141.3 1587920000.0 9407150000.0
496 Jan 18, 2018 142.6 159.4 129.8 142.6 838634000.0 9269200000.0
497 Jan 19, 2018 141.2 150.1 132.9 139.4 494800000.0 9181130000.0
498 Jan 20, 2018 140.4 157.1 138.6 149.9 501671000.0 9132020000.0
499 Jan 21, 2018 150.2 150.2 126.2 131.0 346048000.0 9764800000.0
500 Jan 22, 2018 132.3 137.7 112.3 123.6 346611000.0 8599480000.0
501 Jan 23, 2018 123.3 129.7 110.1 121.6 263389000.0 8018770000.0
502 Jan 24, 2018 122.5 144.1 118.1 136.4 433360000.0 7966980000.0
503 Jan 25, 2018 138.0 146.9 134.5 138.0 315010000.0 8976150000.0
504 Jan 26, 2018 137.7 141.1 126.5 137.8 324067000.0 8953600000.0
505 Jan 27, 2018 138.1 142.0 134.3 140.2 207868000.0 8979150000.0
506 Jan 28, 2018 140.3 153.6 140.3 152.1 246175000.0 9124100000.0
507 Jan 29, 2018 152.0 168.1 151.4 168.1 602514000.0 9885260000.0
508 Jan 30, 2018 168.8 173.7 140.1 146.2 670295000.0 10976100000.0
509 Jan 31, 2018 145.4 148.1 133.3 145.7 357309000.0 9451090000.0
510 Feb 01, 2018 145.9 147.1 115.2 126.0 356495000.0 9487200000.0
511 Feb 02, 2018 125.6 129.1 91.95 120.1 552639000.0 8166710000.0
512 Feb 03, 2018 121.0 127.2 106.9 122.9 255707000.0 7867210000.0
513 Feb 04, 2018 122.2 124.0 102.0 107.4 203674000.0 7943970000.0
514 Feb 05, 2018 107.5 108.9 75.75 82.36 312096000.0 6992380000.0
515 Feb 06, 2018 84.06 109.2 64.87 105.9 659946000.0 5464510000.0
516 Feb 07, 2018 105.1 118.4 94.93 102.5 571724000.0 6833700000.0
517 Feb 08, 2018 104.0 117.0 104.0 112.4 546733000.0 6763560000.0
518 Feb 09, 2018 111.9 117.6 108.8 117.5 212450000.0 7279310000.0
519 Feb 10, 2018 117.2 122.8 104.9 110.6 355323000.0 7618880000.0
520 >Feb 11, 201 110.4 113.1 96.77 103.3 257944000.0 7179000000.0
521 Feb 12, 2018 104.1 115.8 104.1 113.2 272089000.0 6771600000.0
522 Feb 13, 2018 113.6 114.9 108.6 111.1 176966000.0 7386420000.0
523 Feb 14, 2018 110.8 123.0 110.8 122.5 228693000.0 7206140000.0
524 Feb 15, 2018 122.0 125.7 118.7 123.2 218616000.0 7930300000.0
525 Feb 16, 2018 123.0 130.6 119.9 128.8 194878000.0 7996380000.0
526 Feb 17, 2018 131.0 139.7 129.4 136.7 286385000.0 8516620000.0
527 Feb 18, 2018 136.4 137.9 124.3 127.3 207624000.0 8866100000.0
528 Feb 19, 2018 127.2 138.5 126.7 137.4 201551000.0 8270290000.0
529 Feb 20, 2018 137.9 142.0 127.8 128.3 239238000.0 8966490000.0
530 Feb 21, 2018 127.6 130.2 118.0 120.9 207330000.0 8298400000.0
531 Feb 22, 2018 120.6 126.9 111.8 114.0 193746000.0 7840040000.0
532 Feb 23, 2018 113.3 123.8 110.8 121.6 189394000.0 7370080000.0
533 Feb 24, 2018 121.4 126.8 114.4 118.5 157950000.0 7892470000.0
534 Feb 25, 2018 118.2 120.0 114.5 118.4 114914000.0 7689080000.0
535 Feb 26, 2018 118.9 137.1 117.9 134.1 292700000.0 7729170000.0
536 Feb 27, 2018 134.8 146.3 132.9 142.4 427505000.0 8764490000.0
537 Feb 28, 2018 142.3 144.6 132.0 133.2 315822000.0 9254660000.0
538 Mar 01, 2018 133.6 136.1 126.5 129.0 282388000.0 8687140000.0
539 Mar 02, 2018 129.9 130.2 122.5 124.2 148930000.0 8446710000.0
540 Mar 03, 2018 124.2 128.0 121.5 122.1 132602000.0 8076610000.0
541 Mar 04, 2018 121.8 125.1 115.9 119.3 177840000.0 7919120000.0
542 Mar 05, 2018 120.1 120.1 111.7 113.0 212735000.0 7808080000.0
543 Mar 06, 2018 112.2 114.9 103.5 105.1 203770000.0 7297530000.0
544 Mar 07, 2018 105.3 113.6 91.02 100.4 297579000.0 6849680000.0
545 Mar 08, 2018 100.5 102.1 90.86 91.57 158917000.0 6534770000.0
546 Mar 09, 2018 91.69 93.78 80.85 92.66 216976000.0 5960480000.0
547 Mar 10, 2018 93.31 94.43 85.52 85.57 123154000.0 6065720000.0
548 Mar 11, 2018 85.43 92.49 82.31 91.18 120665000.0 5553470000.0
549 Mar 12, 2018 91.49 92.98 84.26 85.9 125997000.0 5947140000.0
550 Mar 13, 2018 85.57 88.38 82.19 83.38 118017000.0 5562220000.0
551 Mar 14, 2018 83.42 85.03 69.09 71.67 146277000.0 5422360000.0
552 Mar 15, 2018 71.83 72.94 65.49 69.57 173336000.0 4669040000.0
553 Mar 16, 2018 69.65 71.48 65.91 68.24 114395000.0 4527870000.0
554 Mar 17, 2018 68.3 69.1 61.02 61.52 95221700.0 4439520000.0
555 Mar 18, 2018 61.17 66.7 49.38 65.5 249146000.0 3976490000.0
556 Mar 19, 2018 67.19 73.44 62.74 73.44 274503000.0 4367610000.0
557 Mar 20, 2018 73.84 79.56 67.58 76.03 255944000.0 4800040000.0
558 Mar 21, 2018 76.41 77.78 71.52 72.95 177773000.0 4966720000.0
559 Mar 22, 2018 72.8 75.07 66.92 69.63 152648000.0 4732380000.0
560 Mar 23, 2018 69.6 69.6 63.91 68.55 137021000.0 4524350000.0
561 Mar 24, 2018 69.06 70.24 65.73 65.73 102618000.0 4489330000.0
562 Mar 25, 2018 65.18 67.44 63.87 65.42 82989200.0 4237240000.0
563 Mar 26, 2018 65.4 65.93 55.91 59.73 144889000.0 4251170000.0
564 Mar 27, 2018 59.48 60.01 52.51 55.53 145189000.0 3866570000.0
