0 Sep 27, 2017 9.34 0.0 8.88 0.0 372049.0 0.0
1 Sep 28, 2017 0.0 0.0 9.31 0.0 424899.0 87954500.0
2 Sep 29, 2017 0.0 0.0 9.16 9.57 289875.0 83559500.0
3 Sep 30, 2017 9.57 0.0 8.27 8.75 267481.0 72388000.0
4 Oct 01, 2017 8.75 9.51 5.63 8.69 399236.0 66173700.0
5 Oct 02, 2017 8.76 0.0 7.75 0.0 390985.0 66220600.0
6 Oct 03, 2017 0.0 0.0 8.15 8.79 304883.0 81083800.0
7 Oct 04, 2017 8.81 0.0 8.44 9.44 349608.0 66640200.0
8 Oct 05, 2017 9.47 9.98 8.81 9.73 227647.0 71582400.0
9 Oct 06, 2017 9.73 0.0 8.95 0.0 166028.0 73611200.0
10 Oct 07, 2017 0.0 0.0 8.44 0.0 213933.0 77706300.0
11 Oct 08, 2017 0.0 0.0 7.81 8.56 145582.0 79778700.0
12 Oct 09, 2017 8.14 8.51 6.53 7.15 159879.0 61548200.0
13 Oct 10, 2017 7.16 7.64 6.49 7.34 141326.0 54112900.0
14 Oct 11, 2017 7.34 7.91 6.81 7.88 89591.2 55496300.0
15 Oct 12, 2017 7.88 0.0 6.42 8.55 103427.0 59548100.0
16 Oct 13, 2017 8.53 8.97 6.26 8.42 159065.0 64500900.0
17 Oct 14, 2017 8.42 8.74 6.21 6.99 110032.0 63687400.0
18 Oct 15, 2017 7.01 7.19 6.31 6.84 97730.9 53011000.0
19 Oct 16, 2017 6.86 0.0 6.11 7.0 55275.6 51859100.0
20 Oct 17, 2017 6.94 0.0 6.25 6.58 51836.1 52491600.0
21 Oct 18, 2017 6.58 7.62 5.67 7.05 183230.0 49729000.0
22 Oct 19, 2017 7.04 7.06 6.29 6.34 80708.3 53234000.0
23 Oct 20, 2017 6.33 6.77 6.0 6.37 71299.2 47885000.0
24 Oct 21, 2017 6.36 6.44 5.86 6.31 44928.5 48085200.0
25 Oct 22, 2017 6.31 7.65 6.01 6.04 76945.5 47704100.0
26 Oct 23, 2017 6.04 7.07 5.62 5.84 58828.7 45654700.0
27 Oct 24, 2017 5.84 7.63 5.75 5.89 95552.9 44157600.0
28 Oct 25, 2017 5.9 6.15 5.31 5.46 48389.5 44602000.0
29 Oct 26, 2017 5.44 5.63 4.86 5.0 122483.0 41167000.0
30 Oct 27, 2017 5.02 5.99 4.96 5.28 149697.0 37960000.0
31 Oct 28, 2017 5.29 5.68 5.0 5.48 38249.8 39996200.0
32 Oct 29, 2017 5.48 7.29 5.43 5.6 25453.8 41426100.0
33 Oct 30, 2017 5.59 5.87 5.19 5.28 52100.6 42260700.0
34 Oct 31, 2017 5.28 5.75 4.88 4.94 28608.2 39910400.0
35 Nov 01, 2017 4.93 5.52 4.59 4.79 39287.3 37291500.0
36 Nov 02, 2017 4.81 4.87 4.03 4.04 70669.5 36338400.0
37 Nov 03, 2017 4.06 4.93 3.73 4.93 81746.1 30676700.0
38 Nov 04, 2017 4.93 4.93 4.07 4.61 37031.1 37252800.0
39 Nov 05, 2017 4.62 5.12 4.37 4.56 28354.3 34909800.0
40 Nov 06, 2017 4.57 5.02 4.35 4.35 26814.9 34520800.0
41 Nov 07, 2017 4.35 4.86 4.35 4.79 53832.6 32923300.0
42 Nov 08, 2017 4.79 6.46 4.77 6.18 77855.2 36205300.0
43 Nov 09, 2017 6.15 6.56 5.38 6.03 60471.5 46508600.0
44 Nov 10, 2017 6.0 6.24 5.3 5.33 34675.6 45364500.0
45 Nov 11, 2017 5.32 5.56 4.7 5.12 144505.0 40234300.0
46 Nov 12, 2017 5.12 5.45 4.71 4.96 74943.4 38692000.0
47 Nov 13, 2017 4.97 5.56 4.97 5.29 30495.8 37581400.0
48 Nov 14, 2017 5.29 6.07 5.13 5.57 31298.3 39962500.0
49 Nov 15, 2017 5.58 6.22 5.25 5.55 88513.2 42172300.0
50 Nov 16, 2017 5.55 6.33 5.42 5.71 32439.0 41963900.0
51 Nov 17, 2017 5.71 6.27 5.46 6.02 58874.8 43140600.0
52 Nov 18, 2017 5.89 6.84 5.56 6.72 48442.9 44551200.0
53 Nov 19, 2017 6.7 7.85 6.27 7.6 47073.4 50648200.0
54 Nov 20, 2017 7.61 7.9 6.54 7.61 61338.2 57506600.0
55 Nov 21, 2017 7.59 7.8 6.05 6.18 39580.3 57427300.0
56 Nov 22, 2017 6.19 6.9 6.11 6.37 62282.9 46785900.0
57 Nov 23, 2017 6.38 6.95 6.22 6.33 48963.1 48238400.0
58 Nov 24, 2017 6.31 7.85 6.17 7.56 43287.2 47681600.0
59 Nov 25, 2017 7.56 7.61 6.29 7.0 61051.5 57165500.0
60 Nov 26, 2017 7.0 7.0 5.81 6.76 44670.1 52908500.0
61 Nov 27, 2017 6.76 6.83 5.81 6.24 32145.7 51090600.0
62 Nov 28, 2017 6.23 6.85 5.92 6.23 105338.0 47138300.0
63 Nov 29, 2017 6.23 6.58 5.34 5.9 114599.0 47125100.0
64 Nov 30, 2017 5.98 7.07 5.31 6.89 65174.4 45213000.0
65 Dec 01, 2017 6.87 7.18 5.93 6.77 56900.5 51956500.0
66 Dec 02, 2017 7.05 7.16 6.47 6.85 86392.2 53328300.0
67 Dec 03, 2017 6.87 7.92 6.67 7.35 74563.8 51911200.0
68 Dec 04, 2017 7.4 7.5 6.42 6.46 74381.4 55942000.0
69 Dec 05, 2017 6.47 6.97 6.03 6.94 20832.6 48916200.0
70 Dec 06, 2017 6.93 7.33 6.43 6.5 36804.4 52379500.0
71 Dec 07, 2017 6.55 7.24 6.11 6.52 29661.7 49556600.0
72 Dec 08, 2017 6.48 6.73 5.97 6.21 172323.0 48990200.0
73 Dec 09, 2017 6.2 7.3 6.08 6.55 79591.9 46841200.0
74 Dec 10, 2017 6.57 6.68 5.51 5.64 75745.3 49711600.0
75 Dec 11, 2017 5.62 6.76 5.61 6.76 87116.4 42511900.0
76 Dec 12, 2017 6.73 6.84 5.12 6.19 190098.0 50905300.0
77 Dec 13, 2017 6.2 7.18 5.33 6.85 170260.0 46842100.0
78 Dec 14, 2017 6.84 8.05 6.29 7.1 142095.0 51749100.0
79 Dec 15, 2017 7.1 7.59 6.46 6.71 101764.0 53673300.0
80 Dec 16, 2017 6.72 8.74 6.29 8.69 159941.0 50782000.0
81 Dec 17, 2017 8.76 0.0 8.34 0.0 557972.0 66221100.0
82 Dec 18, 2017 0.0 0.0 0.0 0.0 585627.0 94419600.0
83 Dec 19, 2017 0.0 0.0 0.0 0.0 635271.0 115310000.0
84 Dec 20, 2017 0.0 0.0 0.0 0.0 381429.0 109045000.0
85 Dec 21, 2017 0.0 0.0 0.0 0.0 162606.0 99635200.0
86 Dec 22, 2017 0.0 0.0 0.0 0.0 568760.0 109434000.0
87 Dec 23, 2017 0.0 0.0 0.0 0.0 515157.0 93532000.0
88 Dec 24, 2017 0.0 0.0 0.0 0.0 450328.0 99693300.0
89 Dec 25, 2017 0.0 0.0 0.0 0.0 475760.0 95661300.0
90 Dec 26, 2017 0.0 0.0 0.0 0.0 405344.0 101351000.0
91 Dec 27, 2017 0.0 0.0 0.0 0.0 552453.0 102547000.0
92 Dec 28, 2017 0.0 0.0 0.0 0.0 499045.0 104196000.0
93 Dec 29, 2017 0.0 0.0 0.0 0.0 1764120.0 104882000.0
94 Dec 30, 2017 0.0 0.0 0.0 0.0 1054930.0 182423000.0
95 Dec 31, 2017 0.0 0.0 0.0 0.0 4031490.0 183203000.0
96 Jan 01, 2018 0.0 0.0 0.0 0.0 3381860.0 342448000.0
97 Jan 02, 2018 0.0 0.0 0.0 0.0 1568590.0 275748000.0
98 Jan 03, 2018 0.0 0.0 0.0 0.0 1164250.0 298612000.0
99 Jan 04, 2018 0.0 0.0 0.0 0.0 2733460.0 343636000.0
100 Jan 05, 2018 0.0 0.0 0.0 0.0 8001870.0 386519000.0
101 Jan 06, 2018 0.0 0.0 0.0 0.0 16813400.0 659640000.0
102 Jan 07, 2018 0.0 0.0 0.0 0.0 5366240.0 999563000.0
103 Jan 08, 2018 0.0 0.0 0.0 0.0 4189820.0 953421000.0
104 Jan 09, 2018 0.0 0.0 0.0 0.0 6499060.0 841402000.0
105 Jan 10, 2018 0.0 0.0 0.0 0.0 3839860.0 616907000.0
106 Jan 11, 2018 0.0 0.0 0.0 0.0 2713920.0 644679000.0
107 Jan 12, 2018 0.0 0.0 0.0 0.0 5200620.0 539223000.0
108 Jan 13, 2018 0.0 0.0 0.0 0.0 3081840.0 453752000.0
109 Jan 14, 2018 0.0 0.0 0.0 0.0 3012810.0 517708000.0
110 Jan 15, 2018 0.0 0.0 0.0 0.0 2531570.0 475071000.0
111 Jan 16, 2018 0.0 0.0 0.0 0.0 803864.0 399883000.0
112 Jan 17, 2018 0.0 0.0 0.0 0.0 1645830.0 328713000.0
113 Jan 18, 2018 0.0 0.0 0.0 0.0 2083880.0 291599000.0
114 Jan 19, 2018 0.0 0.0 0.0 0.0 1247160.0 366133000.0
115 Jan 20, 2018 0.0 0.0 0.0 0.0 1097490.0 401753000.0
116 >Jan 21, 201 0.0 0.0 0.0 0.0 791488.0 445786000.0
117 Jan 22, 2018 0.0 0.0 0.0 0.0 1466880.0 376792000.0
118 Jan 23, 2018 0.0 0.0 0.0 0.0 1729800.0 355947000.0
119 Jan 24, 2018 0.0 0.0 0.0 0.0 1720210.0 282524000.0
120 Jan 25, 2018 0.0 0.0 0.0 0.0 882501.0 314880000.0
121 Jan 26, 2018 0.0 0.0 0.0 0.0 954713.0 317264000.0
122 Jan 27, 2018 0.0 0.0 0.0 0.0 1171870.0 302442000.0
123 Jan 28, 2018 0.0 0.0 0.0 0.0 502410.0 276207000.0
124 Jan 29, 2018 0.0 0.0 0.0 0.0 604270.0 314135000.0
125 Jan 30, 2018 0.0 0.0 0.0 0.0 644100.0 290203000.0
126 Jan 31, 2018 0.0 0.0 0.0 0.0 594485.0 259419000.0
127 Feb 01, 2018 0.0 0.0 0.0 0.0 408922.0 254271000.0
128 Feb 02, 2018 0.0 0.0 0.0 0.0 703576.0 226823000.0
129 Feb 03, 2018 0.0 0.0 0.0 0.0 415971.0 243776000.0
130 Feb 04, 2018 0.0 0.0 0.0 0.0 376059.0 242409000.0
131 Feb 05, 2018 0.0 0.0 0.0 0.0 371970.0 216810000.0
132 Feb 06, 2018 0.0 0.0 0.0 0.0 529429.0 169736000.0
133 Feb 07, 2018 0.0 0.0 0.0 0.0 476514.0 215126000.0
134 Feb 08, 2018 0.0 0.0 0.0 0.0 507425.0 197510000.0
135 Feb 09, 2018 0.0 0.0 0.0 0.0 181140.0 210142000.0
136 Feb 10, 2018 0.0 0.0 0.0 0.0 263406.0 231128000.0
137 Feb 11, 2018 0.0 0.0 0.0 0.0 459251.0 225044000.0
138 Feb 12, 2018 0.0 0.0 0.0 0.0 238214.0 197376000.0
139 Feb 13, 2018 0.0 0.0 0.0 0.0 242780.0 223014000.0
140 Feb 14, 2018 0.0 0.0 0.0 0.0 640655.0 203742000.0
141 Feb 15, 2018 0.0 0.0 0.0 0.0 244425.0 238136000.0
142 Feb 16, 2018 0.0 0.0 0.0 0.0 379335.0 240977000.0
143 Feb 17, 2018 0.0 0.0 0.0 0.0 300899.0 257328000.0
144 Feb 18, 2018 0.0 0.0 0.0 0.0 562187.0 288122000.0
145 Feb 19, 2018 0.0 0.0 0.0 0.0 650326.0 222649000.0
146 Feb 20, 2018 0.0 0.0 0.0 0.0 731637.0 272351000.0
147 Feb 21, 2018 0.0 0.0 0.0 0.0 678707.0 239508000.0
148 Feb 22, 2018 0.0 0.0 0.0 0.0 339997.0 235090000.0
149 Feb 23, 2018 0.0 0.0 0.0 0.0 601834.0 219249000.0
150 Feb 24, 2018 0.0 0.0 0.0 0.0 386139.0 208096000.0
151 Feb 25, 2018 0.0 0.0 0.0 0.0 169718.0 204785000.0
152 Feb 26, 2018 0.0 0.0 0.0 0.0 564973.0 213203000.0
153 Feb 27, 2018 0.0 0.0 0.0 0.0 758341.0 194043000.0
154 Feb 28, 2018 0.0 0.0 0.0 0.0 424584.0 226621000.0
155 Mar 01, 2018 0.0 0.0 0.0 0.0 544285.0 218643000.0
156 Mar 02, 2018 0.0 0.0 0.0 0.0 432630.0 223332000.0
157 Mar 03, 2018 0.0 0.0 0.0 0.0 469144.0 218219000.0
158 Mar 04, 2018 0.0 0.0 0.0 0.0 302136.0 205369000.0
159 Mar 05, 2018 0.0 0.0 0.0 0.0 389389.0 203087000.0
160 Mar 06, 2018 0.0 0.0 0.0 0.0 211449.0 208673000.0
161 Mar 07, 2018 0.0 0.0 0.0 0.0 373233.0 201570000.0
162 Mar 08, 2018 0.0 0.0 0.0 0.0 289491.0 193314000.0
163 Mar 09, 2018 0.0 0.0 0.0 0.0 317348.0 178947000.0
164 Mar 10, 2018 0.0 0.0 0.0 0.0 182924.0 166618000.0
165 Mar 11, 2018 0.0 0.0 0.0 0.0 269536.0 160974000.0
166 Mar 12, 2018 0.0 0.0 0.0 0.0 159176.0 178455000.0
167 Mar 13, 2018 0.0 0.0 0.0 0.0 283490.0 166957000.0
168 Mar 14, 2018 0.0 0.0 0.0 0.0 305270.0 161428000.0
169 Mar 15, 2018 0.0 0.0 0.0 0.0 657771.0 148989000.0
170 Mar 16, 2018 0.0 0.0 0.0 0.0 159232.0 147749000.0
171 Mar 17, 2018 0.0 0.0 0.0 0.0 138774.0 145202000.0
172 Mar 18, 2018 0.0 0.0 0.0 0.0 351419.0 136088000.0
173 Mar 19, 2018 0.0 0.0 0.0 0.0 428568.0 136011000.0
174 Mar 20, 2018 0.0 0.0 0.0 0.0 417320.0 134785000.0
175 Mar 21, 2018 0.0 0.0 0.0 0.0 456383.0 135317000.0
176 Mar 22, 2018 0.0 0.0 0.0 0.0 386135.0 138475000.0
177 Mar 23, 2018 0.0 0.0 0.0 0.0 457722.0 141366000.0
178 Mar 24, 2018 0.0 0.0 0.0 0.0 409603.0 131262000.0
179 Mar 25, 2018 0.0 0.0 0.0 0.0 378089.0 138327000.0
180 Mar 26, 2018 0.0 0.0 0.0 0.0 253788.0 144671000.0
181 Mar 27, 2018 0.0 0.0 0.0 0.0 221628.0 136588000.0
