0 Jun 27, 2017 25.22 51.95 23.46 47.79 303595.0 0.0
1 Jun 28, 2017 48.06 49.84 16.94 24.91 97388.0 0.0
2 Jun 29, 2017 22.02 50.34 17.81 42.63 98292.1 0.0
3 Jun 30, 2017 42.68 43.14 32.73 38.98 50486.2 0.0
4 Jul 01, 2017 39.41 39.41 23.26 32.37 47036.5 0.0
5 Jul 02, 2017 32.39 37.4 23.18 28.34 23087.3 0.0
6 Jul 03, 2017 28.13 42.83 23.12 42.65 54180.1 0.0
7 Jul 04, 2017 43.94 65.51 40.34 49.68 54173.4 0.0
8 Jul 05, 2017 53.52 79.88 49.05 63.42 81558.5 0.0
9 Jul 06, 2017 63.42 86.25 47.74 63.83 57748.4 0.0
10 Jul 07, 2017 73.05 73.06 1.05 1.1 17115200.0 0.0
11 Jul 08, 2017 1.11 1.22 1.08 1.1 9172650.0 0.0
12 Jul 09, 2017 1.11 1.11 0.87 0.9 5116090.0 116174000.0
13 Jul 10, 2017 0.9 0.91 0.59 0.7 4091090.0 94454100.0
14 Jul 11, 2017 0.7 0.72 0.51 0.66 2728010.0 73249300.0
15 Jul 12, 2017 0.66 0.8 0.64 0.79 2263570.0 69341900.0
16 Jul 13, 2017 0.8 0.83 0.7 0.72 1315660.0 83731800.0
17 Jul 14, 2017 0.72 0.73 0.64 0.68 888570.0 75295900.0
18 Jul 15, 2017 0.68 0.68 0.6 0.6 658322.0 70683000.0
19 Jul 16, 2017 0.6 0.61 0.48 0.57 762642.0 62658900.0
20 Jul 17, 2017 0.57 0.7 0.54 0.7 1064690.0 59503200.0
21 Jul 18, 2017 0.71 0.76 0.63 0.7 1299010.0 74222900.0
22 Jul 19, 2017 0.71 0.71 0.61 0.62 892973.0 74153500.0
23 Jul 20, 2017 0.63 0.73 0.63 0.7 1104700.0 65549400.0
24 Jul 21, 2017 0.7 0.73 0.65 0.67 941278.0 73710400.0
25 Jul 22, 2017 0.67 0.84 0.66 0.82 1105650.0 70178600.0
26 Jul 23, 2017 0.82 0.9 0.75 0.9 1372810.0 85817500.0
27 Jul 24, 2017 0.9 1.24 0.9 1.07 6187510.0 94555000.0
28 Jul 25, 2017 1.07 1.18 0.84 0.87 3183140.0 111822000.0
29 Jul 26, 2017 0.85 0.98 0.78 0.96 1773700.0 89010600.0
30 Jul 27, 2017 0.97 0.98 0.93 0.98 1375970.0 102011000.0
31 Jul 28, 2017 0.97 0.98 0.85 0.89 1532520.0 101797000.0
32 Jul 29, 2017 0.9 0.94 0.82 0.94 821267.0 93914000.0
33 Jul 30, 2017 0.93 0.94 0.85 0.89 761095.0 97233700.0
34 Jul 31, 2017 0.89 0.91 0.85 0.89 927682.0 93312800.0
35 Aug 01, 2017 0.89 0.98 0.85 0.95 1974540.0 92762600.0
36 Aug 02, 2017 0.94 0.95 0.89 0.92 1214640.0 98720100.0
37 Aug 03, 2017 0.92 1.02 0.9 1.01 2287810.0 96805500.0
38 Aug 04, 2017 1.01 1.28 1.01 1.27 6686840.0 105903000.0
39 Aug 05, 2017 1.25 2.24 1.24 2.19 20158400.0 131122000.0
40 Aug 06, 2017 2.14 2.53 1.81 1.81 22959900.0 224227000.0
41 Aug 07, 2017 1.85 2.18 1.85 2.05 17232100.0 193476000.0
42 Aug 08, 2017 2.06 2.25 1.98 2.21 11213800.0 215386000.0
43 Aug 09, 2017 2.2 2.22 2.01 2.13 8207280.0 230058000.0
44 Aug 10, 2017 2.14 3.11 2.09 2.81 36245500.0 223846000.0
45 Aug 11, 2017 2.87 4.95 2.66 4.52 72243200.0 300417000.0
46 Aug 12, 2017 4.51 6.21 4.23 4.67 144769000.0 471783000.0
47 Aug 13, 2017 4.75 5.24 3.96 5.11 63744900.0 497636000.0
48 Aug 14, 2017 5.1 5.37 4.31 4.58 40308400.0 533626000.0
49 Aug 15, 2017 4.57 4.58 3.96 4.13 32234900.0 478360000.0
50 Aug 16, 2017 4.15 4.95 4.11 4.69 38520100.0 434405000.0
51 Aug 17, 2017 4.7 4.74 4.19 4.29 27541400.0 491787000.0
52 Aug 18, 2017 4.28 4.28 3.43 3.64 27194300.0 448443000.0
53 Aug 19, 2017 3.65 4.41 3.16 4.23 29938900.0 381713000.0
54 Aug 20, 2017 4.17 4.41 3.78 4.05 21808800.0 436462000.0
55 Aug 21, 2017 4.04 4.2 3.56 3.65 17514800.0 422694000.0
56 Aug 22, 2017 3.64 3.72 3.21 3.53 15464100.0 380944000.0
57 Aug 23, 2017 3.55 3.86 3.55 3.61 16820800.0 371462000.0
58 Aug 24, 2017 3.63 3.77 3.48 3.61 13663200.0 379566000.0
59 Aug 25, 2017 3.63 3.66 3.44 3.48 10738900.0 380408000.0
60 Aug 26, 2017 3.52 3.79 3.4 3.7 13238500.0 368018000.0
61 Aug 27, 2017 3.69 3.71 3.53 3.6 9396920.0 386403000.0
62 Aug 28, 2017 3.62 3.97 3.47 3.77 19053600.0 379165000.0
63 Aug 29, 2017 3.78 4.58 3.75 4.23 55100500.0 395328000.0
64 Aug 30, 2017 4.21 4.55 3.77 4.35 38732600.0 441133000.0
65 Aug 31, 2017 4.33 4.37 4.1 4.26 18249400.0 453775000.0
66 Sep 01, 2017 4.28 4.33 3.9 4.0 19597000.0 447541000.0
67 Sep 02, 2017 4.0 4.0 3.42 3.6 17736200.0 419080000.0
68 Sep 03, 2017 3.62 3.64 3.27 3.53 13885000.0 378656000.0
69 Sep 04, 2017 3.53 3.53 2.33 2.75 25177900.0 369749000.0
70 Sep 05, 2017 2.76 3.04 2.29 2.92 15330600.0 288672000.0
71 Sep 06, 2017 2.93 3.19 2.74 2.97 13894900.0 306395000.0
72 Sep 07, 2017 2.96 3.21 2.86 3.17 10850500.0 309338000.0
73 Sep 08, 2017 3.18 3.42 2.55 2.73 11828700.0 333047000.0
74 Sep 09, 2017 2.76 2.88 2.57 2.67 5556020.0 288553000.0
75 Sep 10, 2017 2.68 2.72 2.37 2.57 5583990.0 280382000.0
76 Sep 11, 2017 2.6 2.65 2.48 2.55 3785740.0 272602000.0
77 Sep 12, 2017 2.56 2.86 2.46 2.53 6993150.0 268266000.0
78 Sep 13, 2017 2.51 2.54 2.17 2.33 4374450.0 262647000.0
79 Sep 14, 2017 2.34 2.37 1.73 1.74 5434480.0 244994000.0
80 Sep 15, 2017 1.73 2.21 1.34 2.21 7176660.0 180783000.0
81 Sep 16, 2017 2.22 2.27 1.97 2.17 3924690.0 232609000.0
82 Sep 17, 2017 2.16 2.18 1.93 2.06 1812480.0 226442000.0
83 Sep 18, 2017 2.06 2.33 2.06 2.18 3764930.0 215784000.0
84 Sep 19, 2017 2.19 2.2 1.92 1.98 3948150.0 229159000.0
85 Sep 20, 2017 1.98 2.01 1.8 1.87 3408460.0 206955000.0
86 Sep 21, 2017 1.87 1.87 1.55 1.61 3126050.0 195509000.0
87 Sep 22, 2017 1.61 2.41 1.58 2.01 20251500.0 168761000.0
88 Sep 23, 2017 2.01 2.24 1.95 2.08 5925450.0 210564000.0
89 Sep 24, 2017 2.09 2.16 2.01 2.06 2556770.0 218457000.0
90 Sep 25, 2017 2.07 2.44 2.05 2.32 5107580.0 216610000.0
91 Sep 26, 2017 2.32 2.73 2.29 2.51 8809800.0 243071000.0
92 Sep 27, 2017 2.5 3.1 2.5 3.09 9783940.0 261987000.0
93 Sep 28, 2017 3.08 3.11 2.56 2.78 8056480.0 322714000.0
94 Sep 29, 2017 2.75 2.75 2.35 2.5 4474950.0 288115000.0
95 Sep 30, 2017 2.5 2.71 2.49 2.69 2678700.0 262043000.0
96 Oct 01, 2017 2.69 2.8 2.57 2.73 3566410.0 282157000.0
97 Oct 02, 2017 2.73 2.75 2.41 2.42 3960140.0 286130000.0
98 Oct 03, 2017 2.42 2.49 2.25 2.36 2411880.0 252767000.0
99 Oct 04, 2017 2.37 2.38 2.11 2.19 2734090.0 247936000.0
100 Oct 05, 2017 2.19 2.2 1.95 2.12 2960440.0 229425000.0
101 Oct 06, 2017 2.13 2.31 2.11 2.19 1841650.0 222831000.0
102 Oct 07, 2017 2.18 2.19 2.06 2.13 1399150.0 228600000.0
103 Oct 08, 2017 2.12 2.13 1.84 1.88 3127350.0 221967000.0
104 Oct 09, 2017 1.87 2.03 1.81 1.88 3114140.0 196112000.0
105 Oct 10, 2017 1.87 2.06 1.85 2.04 2615710.0 196224000.0
106 Oct 11, 2017 2.03 2.27 1.98 2.19 3066290.0 212143000.0
107 Oct 12, 2017 2.19 2.25 2.01 2.07 3646780.0 229278000.0
108 Oct 13, 2017 2.07 2.07 1.93 1.97 3008780.0 216959000.0
109 Oct 14, 2017 1.96 2.0 1.83 1.9 1953950.0 205649000.0
110 Oct 15, 2017 1.91 1.99 1.78 1.93 2014170.0 199668000.0
111 Oct 16, 2017 1.93 1.98 1.81 1.93 1765220.0 202249000.0
112 Oct 17, 2017 1.93 1.95 1.79 1.85 1935210.0 202485000.0
113 Oct 18, 2017 1.86 2.01 1.8 1.99 3166310.0 194536000.0
114 Oct 19, 2017 1.98 2.08 1.9 1.95 2116140.0 207425000.0
115 Oct 20, 2017 1.94 2.02 1.76 1.76 2239300.0 203351000.0
116 Oct 21, 2017 1.8 1.81 1.66 1.79 1803770.0 187989000.0
117 Oct 22, 2017 1.79 1.84 1.72 1.78 1364770.0 187671000.0
118 Oct 23, 2017 1.76 1.79 1.62 1.7 1626990.0 184311000.0
119 Oct 24, 2017 1.7 1.97 1.65 1.87 3257940.0 177877000.0
120 Oct 25, 2017 1.88 1.92 1.75 1.81 1537370.0 196494000.0
121 Oct 26, 2017 1.81 1.95 1.76 1.79 1999040.0 189557000.0
122 Oct 27, 2017 1.79 1.84 1.74 1.8 1353430.0 187876000.0
123 Oct 28, 2017 1.81 1.83 1.72 1.73 877822.0 189057000.0
124 Oct 29, 2017 1.73 1.81 1.7 1.71 1600250.0 181261000.0
125 Oct 30, 2017 1.71 1.82 1.69 1.78 1515540.0 178539000.0
126 Oct 31, 2017 1.77 1.84 1.75 1.78 1749920.0 185261000.0
127 >Nov 01, 201 1.78 1.79 1.52 1.52 3436630.0 186362000.0
128 Nov 02, 2017 1.51 1.57 1.41 1.54 3165970.0 158432000.0
129 Nov 03, 2017 1.54 1.8 1.54 1.73 3130570.0 161099000.0
130 Nov 04, 2017 1.72 1.72 1.62 1.64 1288170.0 179649000.0
131 Nov 05, 2017 1.64 1.67 1.55 1.61 1473870.0 172007000.0
132 Nov 06, 2017 1.63 1.66 1.55 1.6 1778150.0 170162000.0
133 Nov 07, 2017 1.6 1.73 1.59 1.7 1840750.0 167903000.0
134 Nov 08, 2017 1.69 1.99 1.63 1.9 3642740.0 176875000.0
135 Nov 09, 2017 1.9 2.04 1.83 1.98 3661920.0 199379000.0
136 Nov 10, 2017 1.99 2.08 1.66 1.74 3848040.0 208425000.0
137 Nov 11, 2017 1.73 1.82 1.69 1.7 1556640.0 181557000.0
138 Nov 12, 2017 1.68 1.7 1.41 1.54 2781570.0 176060000.0
139 Nov 13, 2017 1.54 1.69 1.53 1.64 1939190.0 160912000.0
140 Nov 14, 2017 1.64 1.71 1.57 1.71 1972060.0 171936000.0
141 Nov 15, 2017 1.69 1.73 1.62 1.64 2120990.0 177381000.0
142 Nov 16, 2017 1.66 1.71 1.6 1.65 2465150.0 173477000.0
143 Nov 17, 2017 1.64 1.67 1.56 1.64 2184110.0 171594000.0
144 Nov 18, 2017 1.64 1.75 1.58 1.71 2325690.0 171429000.0
145 Nov 19, 2017 1.71 1.73 1.63 1.67 2376050.0 178982000.0
146 Nov 20, 2017 1.67 2.35 1.66 1.99 17108600.0 174402000.0
147 Nov 21, 2017 1.98 2.05 1.7 1.87 6465280.0 206906000.0
148 Nov 22, 2017 1.86 1.95 1.84 1.91 3539160.0 195042000.0
149 Nov 23, 2017 1.89 1.93 1.85 1.88 3252390.0 198182000.0
150 Nov 24, 2017 1.88 1.93 1.82 1.9 2940540.0 196284000.0
151 Nov 25, 2017 1.89 2.04 1.86 2.01 3554900.0 198005000.0
152 Nov 26, 2017 2.01 2.37 2.01 2.34 9158000.0 210669000.0
153 Nov 27, 2017 2.33 2.39 2.16 2.36 6787580.0 244349000.0
154 Nov 28, 2017 2.37 2.74 2.29 2.68 13254900.0 247669000.0
155 Nov 29, 2017 2.67 2.9 1.92 2.04 13209400.0 279232000.0
156 Nov 30, 2017 2.07 2.33 1.88 2.15 6059510.0 217071000.0
157 Dec 01, 2017 2.14 2.38 1.97 2.38 4928220.0 223874000.0
158 Dec 02, 2017 2.4 2.43 2.23 2.34 4476150.0 250880000.0
159 Dec 03, 2017 2.35 2.49 2.22 2.38 5821760.0 245476000.0
160 Dec 04, 2017 2.38 2.73 2.36 2.7 9442190.0 249682000.0
161 Dec 05, 2017 2.7 2.95 2.59 2.66 17721300.0 282641000.0
162 Dec 06, 2017 2.64 2.66 2.23 2.25 12131500.0 276385000.0
163 Dec 07, 2017 2.23 2.42 1.92 1.94 11229200.0 233168000.0
164 Dec 08, 2017 1.96 2.44 1.87 2.35 8592790.0 204718000.0
165 Dec 09, 2017 2.34 2.34 1.92 2.15 6269350.0 245086000.0
166 Dec 10, 2017 2.16 2.16 1.8 1.95 5839650.0 225891000.0
167 Dec 11, 2017 1.93 2.29 1.91 2.11 6871600.0 201597000.0
168 Dec 12, 2017 2.13 2.32 2.04 2.22 10193500.0 223082000.0
169 Dec 13, 2017 2.22 2.43 2.08 2.38 10059800.0 232633000.0
170 Dec 14, 2017 2.34 2.64 2.29 2.57 12869900.0 245366000.0
171 Dec 15, 2017 2.56 2.56 2.16 2.45 10062700.0 267593000.0
172 Dec 16, 2017 2.45 3.0 2.44 2.91 20847000.0 256181000.0
173 Dec 17, 2017 2.91 3.76 2.85 3.73 24384600.0 304268000.0
174 Dec 18, 2017 3.77 4.08 3.27 3.97 28914900.0 394322000.0
175 Dec 19, 2017 4.02 4.12 3.29 3.44 25958300.0 420590000.0
176 Dec 20, 2017 3.45 3.56 2.9 3.55 18190000.0 361326000.0
177 Dec 21, 2017 3.57 4.29 3.31 3.62 28856500.0 373258000.0
178 Dec 22, 2017 3.64 3.75 2.17 2.92 14858200.0 381241000.0
179 Dec 23, 2017 2.95 4.25 2.95 3.79 25941600.0 308923000.0
180 Dec 24, 2017 3.88 5.33 3.3 4.68 84506600.0 405998000.0
181 Dec 25, 2017 4.78 5.4 4.29 4.58 55733200.0 500566000.0
182 Dec 26, 2017 4.53 4.78 4.04 4.39 35774200.0 473906000.0
183 Dec 27, 2017 4.4 4.61 3.96 4.15 26603000.0 460462000.0
184 Dec 28, 2017 4.11 4.23 3.24 4.18 25092700.0 429942000.0
185 Dec 29, 2017 4.13 4.65 4.05 4.21 19693700.0 432614000.0
186 Dec 30, 2017 4.18 4.2 3.23 3.62 14236400.0 437833000.0
187 Dec 31, 2017 3.6 4.36 3.51 4.08 22511900.0 377274000.0
188 Jan 01, 2018 4.04 4.15 3.74 4.03 16548300.0 423356000.0
189 Jan 02, 2018 4.01 4.7 3.9 4.24 34190000.0 419409000.0
190 Jan 03, 2018 4.22 4.68 3.83 4.59 31290500.0 441640000.0
191 Jan 04, 2018 4.58 5.11 4.25 4.65 37993800.0 479655000.0
192 Jan 05, 2018 4.64 5.1 3.76 3.92 45959500.0 485746000.0
193 Jan 06, 2018 3.94 4.1 3.49 3.73 32369500.0 412251000.0
194 Jan 07, 2018 3.71 4.18 3.69 3.97 33424500.0 388865000.0
195 Jan 08, 2018 3.95 4.08 3.23 3.9 25176900.0 413826000.0
196 Jan 09, 2018 3.9 4.3 3.82 3.85 23811700.0 408224000.0
197 Jan 10, 2018 3.85 3.93 3.28 3.59 21191800.0 402889000.0
198 Jan 11, 2018 3.58 3.62 2.83 3.08 19377200.0 374753000.0
199 Jan 12, 2018 3.11 3.75 2.96 3.46 24575400.0 325845000.0
200 Jan 13, 2018 3.45 3.85 3.38 3.7 24171100.0 360720000.0
201 Jan 14, 2018 3.69 3.97 3.42 3.85 30756100.0 386793000.0
202 Jan 15, 2018 3.81 3.86 3.41 3.41 24344000.0 398783000.0
203 Jan 16, 2018 3.42 3.42 2.03 2.51 20981500.0 357733000.0
204 >Jan 17, 201 2.45 2.65 1.84 2.57 16197400.0 256714000.0
205 Jan 18, 2018 2.58 2.81 2.1 2.55 14577400.0 269851000.0
206 Jan 19, 2018 2.52 2.74 2.42 2.59 10953400.0 263531000.0
207 Jan 20, 2018 2.61 2.94 2.61 2.89 8661910.0 273372000.0
208 Jan 21, 2018 2.89 2.89 2.33 2.42 8606860.0 302840000.0
209 Jan 22, 2018 2.44 2.56 2.1 2.28 11879200.0 255536000.0
210 Jan 23, 2018 2.28 2.48 2.11 2.41 9939170.0 238561000.0
211 Jan 24, 2018 2.4 2.58 2.27 2.53 11992000.0 251670000.0
212 Jan 25, 2018 2.57 2.6 2.37 2.48 11502100.0 269328000.0
213 Jan 26, 2018 2.48 2.54 2.24 2.4 11024300.0 259240000.0
214 Jan 27, 2018 2.39 2.58 2.33 2.51 11630600.0 250354000.0
215 Jan 28, 2018 2.52 2.8 2.52 2.78 20534600.0 263631000.0
216 Jan 29, 2018 2.76 2.86 2.48 2.53 12845800.0 289153000.0
217 Jan 30, 2018 2.53 2.53 2.13 2.35 9836630.0 264714000.0
218 Jan 31, 2018 2.34 2.39 2.16 2.31 15233400.0 244804000.0
219 Feb 01, 2018 2.32 2.36 1.83 1.95 7751300.0 243094000.0
220 Feb 02, 2018 1.94 1.96 1.47 1.89 5891370.0 203401000.0
221 Feb 03, 2018 1.9 2.06 1.75 2.01 9382430.0 199306000.0
222 Feb 04, 2018 2.0 2.01 1.59 1.71 8106130.0 209891000.0
223 Feb 05, 2018 1.7 1.73 1.23 1.35 7011110.0 177491000.0
224 Feb 06, 2018 1.36 1.66 1.09 1.6 7260520.0 142362000.0
225 Feb 07, 2018 1.59 1.72 1.43 1.45 7972840.0 166557000.0
226 Feb 08, 2018 1.45 1.63 1.43 1.57 5187240.0 151409000.0
227 Feb 09, 2018 1.57 1.77 1.5 1.75 4060050.0 164696000.0
228 Feb 10, 2018 1.74 1.96 1.67 1.83 6578240.0 182502000.0
229 Feb 11, 2018 1.83 1.86 1.6 1.75 3566390.0 191371000.0
230 Feb 12, 2018 1.76 1.96 1.76 1.95 3602900.0 184072000.0
231 Feb 13, 2018 1.96 1.96 1.77 1.81 2966310.0 204766000.0
232 Feb 14, 2018 1.81 1.95 1.8 1.94 2950240.0 189371000.0
233 Feb 15, 2018 1.94 1.99 1.87 1.99 2964980.0 203208000.0
234 Feb 16, 2018 1.98 1.99 1.89 1.97 2369250.0 206725000.0
235 Feb 17, 2018 1.96 2.16 1.95 2.14 3137880.0 205568000.0
236 Feb 18, 2018 2.14 2.16 1.93 1.98 2494380.0 224375000.0
237 Feb 19, 2018 1.97 2.11 1.96 2.07 2705630.0 206446000.0
238 Feb 20, 2018 2.07 2.11 1.84 1.85 3356750.0 216506000.0
239 Feb 21, 2018 1.85 1.85 1.62 1.67 2548370.0 193673000.0
240 Feb 22, 2018 1.67 1.74 1.53 1.56 2048070.0 174751000.0
241 Feb 23, 2018 1.56 1.68 1.52 1.62 2009190.0 163287000.0
242 Feb 24, 2018 1.62 1.66 1.47 1.53 1909140.0 169634000.0
243 Feb 25, 2018 1.53 1.55 1.46 1.5 1523020.0 159959000.0
244 Feb 26, 2018 1.5 1.63 1.5 1.6 1790190.0 157558000.0
245 Feb 27, 2018 1.61 1.66 1.59 1.62 1952470.0 168120000.0
246 Feb 28, 2018 1.62 1.64 1.48 1.48 2544680.0 169465000.0
247 Mar 01, 2018 1.48 1.86 1.48 1.65 8846680.0 155126000.0
248 Mar 02, 2018 1.66 1.77 1.57 1.59 4809010.0 173271000.0
249 Mar 03, 2018 1.59 1.81 1.59 1.79 7065470.0 166813000.0
250 Mar 04, 2018 1.78 2.01 1.67 2.0 7790400.0 186363000.0
251 Mar 05, 2018 1.98 1.98 1.85 1.88 4478650.0 207166000.0
252 Mar 06, 2018 1.87 1.87 1.68 1.71 2806480.0 195684000.0
253 Mar 07, 2018 1.71 1.74 1.45 1.5 2659680.0 178691000.0
254 Mar 08, 2018 1.49 1.53 1.36 1.37 2169500.0 156426000.0
255 Mar 09, 2018 1.36 1.37 1.15 1.35 2580590.0 142861000.0
256 Mar 10, 2018 1.36 1.39 1.28 1.29 1791700.0 142106000.0
257 Mar 11, 2018 1.29 1.42 1.24 1.38 1652590.0 134923000.0
258 Mar 12, 2018 1.38 1.43 1.3 1.36 3897150.0 144357000.0
259 Mar 13, 2018 1.35 1.44 1.33 1.38 3751420.0 141489000.0
260 Mar 14, 2018 1.38 1.4 1.13 1.16 5105520.0 144279000.0
261 Mar 15, 2018 1.17 1.2 1.06 1.16 5027650.0 122042000.0
262 Mar 16, 2018 1.16 1.28 1.11 1.17 4653390.0 121324000.0
263 Mar 17, 2018 1.17 1.24 1.11 1.12 4573190.0 122606000.0
264 Mar 18, 2018 1.11 1.21 0.99 1.15 5529200.0 116133000.0
265 Mar 19, 2018 1.14 1.18 1.02 1.12 6311920.0 119592000.0
266 Mar 20, 2018 1.14 1.23 1.09 1.19 4905920.0 119251000.0
267 Mar 21, 2018 1.2 1.25 1.17 1.19 4711680.0 125872000.0
268 Mar 22, 2018 1.19 1.21 1.1 1.16 4450280.0 124817000.0
269 Mar 23, 2018 1.16 1.21 1.07 1.21 4953130.0 121163000.0
270 Mar 24, 2018 1.22 1.32 1.21 1.26 4968090.0 127856000.0
271 Mar 25, 2018 1.25 1.35 1.23 1.33 5683700.0 130384000.0
272 Mar 26, 2018 1.33 1.35 1.16 1.23 5138750.0 139482000.0
273 Mar 27, 2018 1.23 1.25 1.03 1.05 5650250.0 128362000.0
