0 Feb 14, 2014 0.21 0.38 0.21 0.37 15421.6 702537.0
1 Feb 15, 2014 0.33 0.35 0.22 0.31 21118.5 1092120.0
2 Feb 16, 2014 0.33 0.46 0.31 0.41 28016.9 1085280.0
3 Feb 17, 2014 0.41 1.5 0.4 1.45 178618.0 1360260.0
4 Feb 18, 2014 1.18 1.5 0.84 1.04 160779.0 3960320.0
5 Feb 19, 2014 1.04 1.21 0.85 0.94 60550.5 3497850.0
6 Feb 20, 2014 0.94 1.23 0.89 1.06 93280.7 3196180.0
7 Feb 21, 2014 1.05 1.33 1.02 1.13 83007.9 3590320.0
8 Feb 22, 2014 1.12 1.26 0.7 1.24 101024.0 3833460.0
9 Feb 23, 2014 1.15 3.36 0.62 1.15 115234.0 3945250.0
10 Feb 24, 2014 1.18 1.19 0.42 0.84 109256.0 4082000.0
11 Feb 25, 2014 0.84 0.84 0.53 0.53 69492.9 2902860.0
12 Feb 26, 2014 0.62 0.74 0.49 0.62 49321.3 2153440.0
13 Feb 27, 2014 0.62 0.74 0.55 0.62 15148.3 2148350.0
14 Feb 28, 2014 0.62 0.63 0.46 0.55 60517.1 2163860.0
15 Mar 01, 2014 0.55 1.07 0.53 0.94 252311.0 1929800.0
16 Mar 02, 2014 0.94 1.08 0.81 1.03 148259.0 3298980.0
17 Mar 03, 2014 1.03 4.4 0.94 1.21 271197.0 3651050.0
18 Mar 04, 2014 1.21 1.21 0.97 0.99 90549.9 4283970.0
19 Mar 05, 2014 0.99 1.07 0.94 1.03 93137.6 3515760.0
20 Mar 06, 2014 1.03 1.05 0.95 1.05 68896.1 3692890.0
21 >Mar 07, 201 1.06 1.1 0.88 0.88 112877.0 3787000.0
22 Mar 08, 2014 0.91 0.95 0.86 0.91 70280.6 3285680.0
23 Mar 09, 2014 0.91 0.96 0.81 0.87 48780.6 3296790.0
24 Mar 10, 2014 0.87 0.91 0.74 0.81 45946.0 3159030.0
25 Mar 11, 2014 0.81 0.92 0.76 0.89 42233.7 2934810.0
26 Mar 12, 2014 0.89 0.95 0.86 0.86 39529.5 3238290.0
27 Mar 13, 2014 0.86 0.9 0.81 0.83 31122.8 3166030.0
28 Mar 14, 2014 0.83 0.85 0.79 0.81 26274.3 3057150.0
29 Mar 15, 2014 0.81 0.82 0.74 0.79 30816.8 2979000.0
30 Mar 16, 2014 0.79 0.8 0.76 0.78 39429.2 2924440.0
31 Mar 17, 2014 0.77 0.82 0.75 0.78 34415.5 2863030.0
32 Mar 18, 2014 0.78 0.78 0.73 0.75 39251.9 2897450.0
33 Mar 19, 2014 0.75 0.77 0.73 0.74 35741.7 2800990.0
34 Mar 20, 2014 0.74 0.76 0.7 0.72 42289.7 2781320.0
35 Mar 21, 2014 0.72 0.75 0.68 0.7 28086.9 2719600.0
36 Mar 22, 2014 0.7 0.72 0.68 0.71 24618.4 2652100.0
37 Mar 23, 2014 0.71 0.73 0.69 0.72 34977.3 2703390.0
38 Mar 24, 2014 0.72 0.89 0.7 0.87 136677.0 2727950.0
39 Mar 25, 2014 0.87 0.9 0.8 0.82 78095.4 3302840.0
40 Mar 26, 2014 0.82 0.87 0.79 0.86 39789.9 3124140.0
41 Mar 27, 2014 0.86 0.86 0.68 0.68 32990.8 3305920.0
42 Mar 28, 2014 0.69 0.77 0.68 0.7 27850.9 2653470.0
43 Mar 29, 2014 0.71 0.73 0.7 0.7 23666.8 2727370.0
44 Mar 30, 2014 0.71 0.71 0.61 0.66 30985.2 2731140.0
45 Mar 31, 2014 0.67 0.69 0.62 0.64 15608.0 2571600.0
46 Apr 01, 2014 0.64 0.75 0.64 0.72 36210.6 2488370.0
47 Apr 02, 2014 0.72 0.74 0.59 0.61 21722.0 2819600.0
48 Apr 03, 2014 0.61 0.67 0.57 0.64 18610.2 2393680.0
49 Apr 04, 2014 0.64 0.66 0.63 0.65 11862.7 2502840.0
50 Apr 05, 2014 0.64 0.7 0.62 0.7 28674.1 2509580.0
51 Apr 06, 2014 0.7 0.72 0.63 0.64 13166.9 2754220.0
52 Apr 07, 2014 0.65 0.65 0.59 0.6 45232.9 2552670.0
53 Apr 08, 2014 0.61 0.63 0.58 0.6 21410.8 2395150.0
54 Apr 09, 2014 0.6 0.62 0.58 0.59 9603.81 2390830.0
55 Apr 10, 2014 0.59 0.59 0.45 0.46 16416.8 2334430.0
56 Apr 11, 2014 0.45 0.58 0.44 0.55 18945.7 1807350.0
57 Apr 12, 2014 0.55 0.59 0.54 0.57 18958.8 2191980.0
58 Apr 13, 2014 0.57 0.58 0.52 0.54 15788.7 2291840.0
59 Apr 14, 2014 0.54 0.6 0.52 0.58 29213.5 2164120.0
60 Apr 15, 2014 0.59 0.65 0.58 0.65 28750.7 2367280.0
61 Apr 16, 2014 0.66 0.69 0.63 0.66 23859.8 2647720.0
62 Apr 17, 2014 0.66 0.67 0.61 0.61 19434.7 2662660.0
63 Apr 18, 2014 0.62 1.03 0.61 0.79 293384.0 2509430.0
64 Apr 19, 2014 0.79 0.79 0.7 0.74 57415.6 3232440.0
65 Apr 20, 2014 0.75 0.75 0.69 0.72 30229.4 3050050.0
66 Apr 21, 2014 0.72 0.74 0.67 0.71 29266.4 2955240.0
67 Apr 22, 2014 0.71 0.73 0.67 0.72 72971.6 2903710.0
68 Apr 23, 2014 0.72 1.01 0.71 0.87 196373.0 2973610.0
69 Apr 24, 2014 0.87 1.15 0.87 1.06 329106.0 3596660.0
70 Apr 25, 2014 1.06 1.97 1.0 1.69 794049.0 4372240.0
71 Apr 26, 2014 1.71 2.41 1.39 1.72 1204200.0 7094160.0
72 Apr 27, 2014 1.7 2.0 1.54 1.71 509028.0 7054200.0
73 Apr 28, 2014 1.67 1.77 1.62 1.67 198793.0 6957830.0
74 Apr 29, 2014 1.67 1.7 1.45 1.64 302458.0 6952590.0
75 Apr 30, 2014 1.63 1.66 1.49 1.54 38202.0 6827410.0
76 May 01, 2014 1.54 1.59 1.47 1.51 232684.0 6438560.0
77 May 02, 2014 1.51 1.54 1.18 1.35 171901.0 6343910.0
78 May 03, 2014 1.35 1.35 1.14 1.2 93669.6 5661610.0
79 May 04, 2014 1.19 1.7 1.16 1.55 275743.0 5002930.0
80 May 05, 2014 1.56 1.84 1.52 1.67 291678.0 6598260.0
81 May 06, 2014 1.68 1.71 1.6 1.61 75745.9 7096260.0
82 May 07, 2014 1.61 1.69 1.56 1.63 100953.0 6817910.0
83 May 08, 2014 1.61 1.74 1.61 1.65 84668.5 6841980.0
84 May 09, 2014 1.65 2.33 1.63 2.23 520876.0 7011350.0
85 May 10, 2014 2.23 2.88 2.04 2.57 854388.0 9492880.0
86 May 11, 2014 2.54 2.82 2.54 2.57 569871.0 10825500.0
87 May 12, 2014 2.56 2.66 2.15 2.47 760914.0 10934800.0
88 May 13, 2014 2.47 2.8 2.43 2.77 415759.0 10560100.0
89 May 14, 2014 2.75 4.69 2.72 4.0 1721090.0 11779400.0
90 May 15, 2014 4.01 7.34 4.0 5.76 3215550.0 17183700.0
91 May 16, 2014 5.83 6.62 4.99 5.92 2408390.0 25025600.0
92 May 17, 2014 5.92 6.07 4.11 4.74 1637800.0 25430500.0
93 May 18, 2014 4.71 6.38 4.22 6.38 2041030.0 20236200.0
94 May 19, 2014 6.48 7.22 6.12 6.94 1655720.0 27873100.0
95 May 20, 2014 6.93 7.06 6.13 6.88 1290930.0 29834300.0
96 May 21, 2014 6.88 8.0 6.78 7.99 1414570.0 29664200.0
97 May 22, 2014 8.0 11.23 7.98 11.23 4383980.0 34518300.0
98 May 23, 2014 11.14 15.03 11.05 13.49 7267510.0 48114100.0
99 May 24, 2014 13.51 13.84 10.62 12.1 3637020.0 58371700.0
100 May 25, 2014 12.05 15.15 11.84 15.12 3625030.0 52126000.0
101 May 26, 2014 15.02 15.18 8.4 11.28 260919.0 64986200.0
102 May 27, 2014 11.26 12.06 8.31 10.56 3730600.0 48786600.0
103 May 28, 2014 10.59 10.67 6.94 7.21 3909160.0 45895300.0
104 May 29, 2014 7.16 9.94 6.13 9.38 6110000.0 31060800.0
105 May 30, 2014 9.38 11.96 8.41 11.05 5769570.0 40678700.0
106 May 31, 2014 11.08 12.5 10.99 11.33 2675190.0 48142000.0
107 Jun 01, 2014 11.24 13.75 11.19 12.92 3460750.0 48841800.0
108 Jun 02, 2014 12.92 16.0 12.73 14.48 4918700.0 56183900.0
109 Jun 03, 2014 14.52 14.66 12.8 13.9 3096930.0 63173000.0
110 Jun 04, 2014 13.83 13.88 12.03 12.5 1454730.0 60216600.0
111 Jun 05, 2014 12.46 12.61 10.61 10.61 1336970.0 54275500.0
112 Jun 06, 2014 10.6 12.1 10.15 11.77 1613890.0 46236900.0
113 Jun 07, 2014 11.79 11.79 10.37 10.37 506101.0 51452900.0
114 Jun 08, 2014 10.41 11.0 8.75 9.5 1585220.0 45474400.0
115 Jun 09, 2014 9.5 9.82 8.68 9.54 1311350.0 41476200.0
116 Jun 10, 2014 9.56 11.83 9.42 11.64 1541710.0 41793000.0
117 Jun 11, 2014 11.64 11.64 10.27 10.27 724358.0 50928300.0
118 Jun 12, 2014 10.37 11.35 10.02 10.17 895885.0 45377400.0
119 Jun 13, 2014 10.15 10.88 10.15 10.64 426354.0 44453800.0
120 Jun 14, 2014 10.68 10.68 9.78 10.24 514834.0 46763800.0
121 Jun 15, 2014 10.24 10.34 9.54 10.34 274260.0 44895900.0
122 Jun 16, 2014 10.22 10.43 10.08 10.12 427550.0 44871400.0
123 Jun 17, 2014 10.11 10.45 10.04 10.21 305768.0 44424600.0
124 Jun 18, 2014 10.28 10.51 9.91 10.21 475249.0 45190900.0
125 Jun 19, 2014 10.21 11.12 10.0 10.96 589450.0 44912000.0
126 Jun 20, 2014 10.98 12.39 8.92 10.33 4047720.0 48306500.0
127 Jun 21, 2014 10.24 10.24 8.91 9.29 1003310.0 45082300.0
128 Jun 22, 2014 9.3 9.95 9.27 9.46 287288.0 40952800.0
129 Jun 23, 2014 9.45 10.02 9.45 9.8 345384.0 41650300.0
130 Jun 24, 2014 9.8 9.9 9.44 9.44 327520.0 43214300.0
131 Jun 25, 2014 9.42 9.53 8.99 8.99 243528.0 41587200.0
132 Jun 26, 2014 8.97 10.62 8.97 10.0 942175.0 39622400.0
133 Jun 27, 2014 10.06 10.25 9.84 10.08 362067.0 44475800.0
134 Jun 28, 2014 9.84 9.86 9.34 9.53 287441.0 43494000.0
135 Jun 29, 2014 9.51 9.73 9.12 9.23 262898.0 42086500.0
136 Jun 30, 2014 9.19 9.44 8.28 8.93 1216120.0 40669900.0
137 Jul 01, 2014 8.93 9.13 7.82 7.9 689084.0 39564800.0
138 Jul 02, 2014 7.97 8.3 6.14 6.99 1070360.0 35317900.0
139 Jul 03, 2014 7.0 8.37 6.19 7.82 946899.0 31051700.0
140 Jul 04, 2014 7.77 8.05 7.56 7.56 250875.0 34491300.0
141 Jul 05, 2014 7.5 7.54 6.48 7.12 414546.0 33295300.0
142 Jul 06, 2014 7.13 7.33 6.02 6.66 349136.0 31701100.0
143 Jul 07, 2014 6.67 6.87 6.16 6.53 237262.0 29664700.0
144 Jul 08, 2014 6.98 7.64 6.82 7.17 578868.0 31048700.0
145 Jul 09, 2014 7.17 7.41 7.09 7.1 255938.0 31920700.0
146 Jul 10, 2014 7.11 7.15 6.36 6.79 299842.0 31652000.0
147 Jul 11, 2014 6.77 6.98 6.48 6.52 354126.0 30178400.0
148 Jul 12, 2014 6.57 6.7 6.45 6.54 136625.0 29318500.0
149 Jul 13, 2014 6.54 6.65 6.33 6.35 189565.0 29207800.0
150 Jul 14, 2014 6.36 6.44 6.04 6.2 255024.0 28401500.0
151 Jul 15, 2014 6.18 6.46 5.67 6.3 388889.0 27620600.0
152 Jul 16, 2014 6.32 6.5 5.75 6.35 351827.0 28261700.0
153 Jul 17, 2014 6.38 7.78 6.25 7.44 699285.0 28560700.0
154 Jul 18, 2014 7.42 7.9 6.95 7.21 729493.0 33232100.0
155 Jul 19, 2014 7.21 7.23 7.0 7.06 99442.5 32320400.0
156 Jul 20, 2014 7.06 7.26 6.96 7.11 137239.0 31670100.0
157 Jul 21, 2014 7.11 7.15 6.68 6.77 121175.0 31914400.0
158 Jul 22, 2014 6.76 6.76 6.26 6.41 183517.0 30373400.0
159 Jul 23, 2014 6.4 6.69 6.35 6.37 134307.0 28768400.0
160 Jul 24, 2014 6.37 6.49 6.13 6.17 167948.0 28622700.0
161 Jul 25, 2014 6.18 6.22 6.02 6.07 234015.0 27805400.0
162 Jul 26, 2014 6.08 6.08 5.77 5.97 175004.0 27359100.0
163 Jul 27, 2014 5.97 5.97 5.71 5.83 175722.0 26902000.0
164 Jul 28, 2014 5.83 5.87 5.17 5.17 405543.0 26303900.0
165 Jul 29, 2014 5.19 5.28 4.68 4.79 294949.0 23416800.0
166 Jul 30, 2014 4.8 4.94 4.3 4.45 329136.0 21674000.0
167 Jul 31, 2014 4.46 5.61 4.39 5.57 387401.0 20134700.0
168 Aug 01, 2014 5.55 5.81 5.22 5.64 252698.0 25079000.0
169 Aug 02, 2014 5.63 6.0 5.62 5.71 185190.0 25475400.0
170 Aug 03, 2014 5.7 6.13 5.58 5.8 280722.0 25819300.0
171 Aug 04, 2014 5.82 5.82 5.3 5.31 179607.0 26380600.0
172 Aug 05, 2014 5.31 5.47 5.2 5.41 107685.0 24053200.0
173 Aug 06, 2014 5.39 5.89 5.39 5.77 211361.0 24444200.0
174 Aug 07, 2014 5.77 5.84 5.49 5.65 140303.0 26184200.0
175 Aug 08, 2014 5.66 6.05 5.65 5.99 269415.0 25676800.0
176 Aug 09, 2014 6.03 6.04 5.53 5.59 235890.0 27396600.0
177 Aug 10, 2014 5.6 5.86 5.39 5.72 218033.0 25451100.0
178 Aug 11, 2014 5.72 5.74 5.05 5.08 223309.0 26027300.0
179 Aug 12, 2014 5.07 5.15 4.91 5.02 94300.3 23097300.0
180 Aug 13, 2014 5.02 5.09 4.34 4.86 287212.0 22864000.0
181 Aug 14, 2014 4.87 4.91 3.87 4.05 197663.0 22211800.0
182 Aug 15, 2014 4.09 4.41 3.41 3.64 276892.0 18640900.0
183 Aug 16, 2014 3.64 3.64 2.92 2.92 296592.0 16619900.0
184 Aug 17, 2014 2.94 3.04 2.2 2.36 370021.0 13439000.0
185 Aug 18, 2014 2.36 2.49 1.37 1.54 699964.0 10783300.0
186 Aug 19, 2014 1.55 3.32 1.44 3.32 674022.0 7077960.0
187 >Aug 20, 201 3.36 3.91 3.18 3.81 722557.0 15377700.0
188 Aug 21, 2014 3.8 3.89 3.37 3.38 241925.0 17412100.0
189 Aug 22, 2014 3.37 3.42 2.81 3.17 286798.0 15430600.0
190 Aug 23, 2014 3.17 3.31 2.98 2.99 132039.0 14503600.0
191 Aug 24, 2014 2.99 3.13 2.98 3.09 64140.1 13697900.0
192 Aug 25, 2014 3.09 3.09 2.67 2.68 133764.0 14164300.0
193 Aug 26, 2014 2.69 2.88 2.57 2.72 157503.0 12326200.0
194 Aug 27, 2014 2.72 2.72 2.18 2.29 328963.0 12514400.0
195 Aug 28, 2014 2.29 2.55 2.15 2.37 158460.0 10516400.0
196 Aug 29, 2014 2.38 2.59 2.36 2.55 148519.0 10944500.0
197 Aug 30, 2014 2.55 2.6 2.35 2.43 85690.8 11735400.0
198 Aug 31, 2014 2.44 2.47 2.22 2.4 112735.0 11238900.0
199 Sep 01, 2014 2.4 2.42 2.27 2.27 73376.7 11072200.0
200 Sep 02, 2014 2.27 2.36 2.26 2.32 52917.6 10450100.0
201 Sep 03, 2014 2.32 2.78 2.3 2.64 173985.0 10716400.0
202 Sep 04, 2014 2.66 3.4 2.6 3.08 393252.0 12295500.0
203 Sep 05, 2014 3.08 3.09 2.67 2.83 241196.0 14256300.0
204 Sep 06, 2014 2.83 3.21 2.79 2.98 221277.0 13110700.0
205 Sep 07, 2014 2.98 3.09 2.9 2.9 70703.9 13777400.0
206 Sep 08, 2014 2.9 2.95 2.74 2.78 89575.8 13432500.0
207 Sep 09, 2014 2.78 2.93 2.73 2.91 58551.7 12872700.0
208 Sep 10, 2014 2.91 2.95 2.82 2.82 61807.9 13508300.0
209 Sep 11, 2014 2.82 2.87 2.77 2.79 39875.7 13101500.0
210 Sep 12, 2014 2.81 2.85 2.73 2.85 64957.3 13041200.0
211 Sep 13, 2014 2.85 2.89 2.77 2.87 85324.0 13233400.0
212 Sep 14, 2014 2.88 2.91 2.77 2.8 93526.1 13379600.0
213 Sep 15, 2014 2.8 3.37 2.77 3.07 288266.0 13008200.0
214 Sep 16, 2014 3.08 3.36 3.04 3.33 130826.0 14358700.0
215 Sep 17, 2014 3.33 3.88 3.3 3.75 574556.0 15496100.0
216 Sep 18, 2014 3.77 3.95 3.59 3.87 438932.0 17592300.0
217 Sep 19, 2014 3.87 3.92 3.37 3.43 353146.0 18024200.0
218 Sep 20, 2014 3.43 3.58 3.14 3.18 211501.0 15998300.0
219 Sep 21, 2014 3.18 3.27 2.92 2.97 142460.0 14832500.0
220 Sep 22, 2014 2.97 3.4 2.97 3.36 138652.0 13883800.0
221 Sep 23, 2014 3.36 3.51 3.17 3.4 146543.0 15705000.0
222 Sep 24, 2014 3.42 10.31 3.34 3.34 74905.8 15981900.0
223 Sep 25, 2014 3.34 3.34 2.93 3.0 102167.0 15629100.0
224 Sep 26, 2014 3.0 3.05 2.8 2.89 99224.3 14055000.0
225 Sep 27, 2014 2.88 2.97 2.77 2.84 69607.1 13511200.0
226 Sep 28, 2014 2.84 3.04 2.75 2.9 120161.0 13315400.0
227 Sep 29, 2014 2.9 3.05 2.82 2.85 75316.2 13597700.0
228 Sep 30, 2014 2.86 2.97 2.62 2.7 154649.0 13412300.0
229 Oct 01, 2014 2.7 2.88 2.45 2.46 223263.0 12700400.0
230 Oct 02, 2014 2.46 2.49 2.41 2.44 45955.2 11578000.0
231 Oct 03, 2014 2.44 2.52 2.36 2.4 58977.4 11461000.0
232 Oct 04, 2014 2.4 2.5 2.16 2.23 55245.6 11314000.0
233 Oct 05, 2014 2.24 2.32 2.07 2.25 54743.1 10532900.0
234 Oct 06, 2014 2.25 2.42 2.14 2.25 51203.9 10621800.0
235 Oct 07, 2014 2.25 2.34 2.05 2.13 149260.0 10621100.0
236 Oct 08, 2014 2.12 2.35 2.09 2.34 61347.6 10013700.0
237 Oct 09, 2014 2.33 2.46 2.26 2.4 107387.0 11026600.0
238 Oct 10, 2014 2.39 2.46 2.23 2.24 63434.2 11325100.0
239 Oct 11, 2014 2.24 2.28 2.04 2.17 103367.0 10585800.0
240 Oct 12, 2014 2.16 2.18 2.04 2.14 90787.9 10251400.0
241 Oct 13, 2014 2.13 2.62 2.04 2.57 136242.0 10100600.0
242 Oct 14, 2014 2.57 2.57 2.04 2.06 218533.0 12198800.0
243 Oct 15, 2014 2.07 2.24 2.0 2.07 87646.8 9824590.0
244 Oct 16, 2014 2.07 2.3 2.07 2.17 104953.0 9846070.0
245 Oct 17, 2014 2.18 2.48 2.14 2.27 82246.5 10347500.0
246 Oct 18, 2014 2.27 2.35 2.21 2.29 40728.8 10828300.0
247 Oct 19, 2014 2.29 2.32 2.24 2.27 41569.9 10921900.0
248 Oct 20, 2014 2.26 2.28 2.08 2.1 111213.0 10792100.0
249 Oct 21, 2014 2.1 2.19 2.06 2.08 70426.9 10034800.0
250 Oct 22, 2014 2.07 2.19 2.04 2.07 100270.0 9888470.0
251 Oct 23, 2014 2.07 2.12 2.03 2.1 50298.9 9884060.0
252 Oct 24, 2014 2.1 2.11 2.0 2.04 61719.3 10052600.0
253 Oct 25, 2014 2.03 2.05 1.92 1.92 40231.9 9697730.0
254 Oct 26, 2014 1.92 2.0 1.9 1.93 40296.4 9181280.0
255 Oct 27, 2014 1.93 1.96 1.9 1.91 31036.8 9228950.0
256 Oct 28, 2014 1.92 1.95 1.88 1.9 33227.3 9221770.0
257 Oct 29, 2014 1.89 1.91 1.59 1.61 135790.0 9097940.0
258 Oct 30, 2014 1.61 1.8 1.61 1.79 90240.1 7731250.0
259 Oct 31, 2014 1.78 1.82 1.73 1.79 53915.4 8565990.0
260 Nov 01, 2014 1.79 1.82 1.62 1.67 32685.7 8623210.0
261 Nov 02, 2014 1.67 1.75 1.65 1.66 41301.2 8040050.0
262 Nov 03, 2014 1.66 1.73 1.63 1.63 38373.9 7996890.0
263 Nov 04, 2014 1.62 1.71 1.57 1.65 67424.6 7836300.0
264 Nov 05, 2014 1.65 1.78 1.65 1.75 61098.8 7955980.0
265 Nov 06, 2014 1.75 1.99 1.74 1.99 82373.8 8460600.0
266 Nov 07, 2014 1.99 2.5 1.99 2.13 383517.0 9635590.0
267 Nov 08, 2014 2.13 2.76 2.12 2.73 310275.0 10305200.0
268 Nov 09, 2014 2.73 3.01 2.68 2.99 375396.0 13233100.0
269 Nov 10, 2014 2.98 3.0 2.52 2.53 311577.0 14455600.0
270 Nov 11, 2014 2.54 2.65 2.38 2.43 193795.0 12292600.0
271 Nov 12, 2014 2.43 2.85 2.43 2.64 229563.0 11786600.0
272 Nov 13, 2014 2.66 2.77 2.47 2.58 108337.0 12889400.0
273 Nov 14, 2014 2.56 2.56 2.29 2.41 106611.0 12427100.0
274 Nov 15, 2014 2.42 2.5 2.29 2.49 83032.1 11770700.0
275 Nov 16, 2014 2.48 2.77 2.48 2.74 135202.0 12072000.0
276 Nov 17, 2014 2.73 2.78 2.29 2.33 225043.0 13283300.0
277 Nov 18, 2014 2.33 2.45 2.3 2.36 217493.0 11318600.0
278 Nov 19, 2014 2.37 2.44 2.34 2.38 87225.7 11515900.0
279 Nov 20, 2014 2.37 2.37 2.25 2.26 111780.0 11543700.0
280 Nov 21, 2014 2.26 2.27 2.2 2.22 52991.4 11033900.0
281 Nov 22, 2014 2.22 2.3 2.2 2.26 56525.5 10836200.0
282 Nov 23, 2014 2.25 2.33 2.24 2.31 52642.4 11007000.0
283 Nov 24, 2014 2.3 2.38 2.27 2.32 59480.5 11219600.0
284 Nov 25, 2014 2.31 2.42 2.27 2.37 59745.4 11270300.0
285 Nov 26, 2014 2.37 2.44 2.33 2.36 98079.9 11580000.0
286 Nov 27, 2014 2.39 2.4 2.29 2.32 85432.8 11715200.0
287 Nov 28, 2014 2.33 2.41 2.28 2.38 46759.4 11398800.0
288 Nov 29, 2014 2.38 2.44 2.35 2.37 57107.5 11650000.0
289 Nov 30, 2014 2.4 2.42 2.34 2.38 43116.1 11762700.0
290 Dec 01, 2014 2.38 2.41 2.35 2.37 46361.8 11682300.0
291 Dec 02, 2014 2.36 2.45 2.33 2.43 93651.4 11572600.0
292 Dec 03, 2014 2.43 2.44 2.36 2.43 78398.3 11919100.0
293 Dec 04, 2014 2.43 2.46 2.32 2.33 72131.1 11960500.0
294 Dec 05, 2014 2.33 2.38 2.31 2.37 53824.2 11434000.0
295 Dec 06, 2014 2.37 2.39 2.33 2.35 50201.2 11636200.0
296 Dec 07, 2014 2.36 2.39 2.33 2.37 64326.4 11614600.0
297 Dec 08, 2014 2.38 2.38 2.28 2.3 39249.8 11700300.0
298 Dec 09, 2014 2.29 2.3 2.2 2.26 42492.7 11274800.0
299 Dec 10, 2014 2.26 2.27 2.22 2.24 39110.2 11141100.0
300 Dec 11, 2014 2.23 2.33 2.2 2.29 34057.7 11019200.0
301 Dec 12, 2014 2.26 2.28 2.25 2.27 31940.2 11154900.0
302 Dec 13, 2014 2.27 2.27 2.22 2.23 26290.4 11197200.0
303 Dec 14, 2014 2.23 2.26 2.21 2.24 29243.3 11008700.0
304 Dec 15, 2014 2.24 2.24 2.11 2.13 80270.2 11055400.0
305 Dec 16, 2014 2.13 2.13 1.97 1.98 71364.9 10533600.0
306 Dec 17, 2014 1.98 2.0 1.85 1.94 90503.7 9799650.0
307 Dec 18, 2014 1.94 1.94 1.77 1.81 80841.6 9596030.0
308 Dec 19, 2014 1.82 1.91 1.78 1.89 47170.2 9006200.0
309 Dec 20, 2014 1.88 2.01 1.87 1.98 43231.9 9327450.0
310 Dec 21, 2014 1.98 5.78 1.9 1.91 77551.6 9816190.0
311 Dec 22, 2014 1.91 2.01 1.86 1.91 98569.5 9465580.0
312 Dec 23, 2014 1.9 1.95 1.87 1.92 41368.6 9456910.0
313 Dec 24, 2014 1.92 1.99 1.76 1.93 121397.0 9532850.0
314 Dec 25, 2014 1.92 1.93 1.78 1.8 67416.4 9570580.0
315 Dec 26, 2014 1.82 2.07 1.78 2.03 81565.2 9051380.0
316 Dec 27, 2014 2.03 2.03 1.9 1.95 44231.5 10096700.0
317 Dec 28, 2014 1.95 1.98 1.92 1.95 32001.9 9697080.0
318 Dec 29, 2014 1.95 1.98 1.91 1.91 51742.2 9731420.0
319 Dec 30, 2014 1.92 1.95 1.89 1.89 42980.6 9570430.0
320 Dec 31, 2014 1.89 1.98 1.88 1.97 52643.6 9455910.0
321 Jan 01, 2015 1.97 1.97 1.93 1.94 14957.2 9860760.0
322 Jan 02, 2015 1.94 1.95 1.9 1.94 33548.5 9710140.0
323 Jan 03, 2015 1.94 1.97 1.72 1.72 62135.8 9706160.0
324 Jan 04, 2015 1.72 1.74 1.56 1.63 60682.7 8596550.0
325 Jan 05, 2015 1.63 1.69 1.61 1.67 43764.4 8171360.0
326 Jan 06, 2015 1.67 1.72 1.63 1.72 31130.0 8386380.0
327 Jan 07, 2015 1.72 1.75 1.69 1.72 28206.2 8606930.0
328 Jan 08, 2015 1.71 1.74 1.68 1.72 38890.4 8594610.0
329 Jan 09, 2015 1.72 1.74 1.69 1.71 45656.2 8616520.0
330 Jan 10, 2015 1.73 1.73 1.62 1.66 65123.9 8665460.0
331 Jan 11, 2015 1.66 1.69 1.62 1.64 43774.3 8331940.0
332 Jan 12, 2015 1.64 1.67 1.62 1.66 46532.3 8232030.0
333 Jan 13, 2015 1.66 1.67 1.33 1.35 77956.0 8343790.0
334 Jan 14, 2015 1.34 1.35 1.05 1.08 41255.3 6754020.0
335 Jan 15, 2015 1.07 1.35 1.07 1.29 31672.4 5421460.0
336 Jan 16, 2015 1.29 1.38 1.23 1.27 67351.0 6493510.0
337 Jan 17, 2015 1.27 1.29 1.18 1.22 29037.3 6428910.0
338 Jan 18, 2015 1.22 1.35 1.19 1.31 43794.8 6179800.0
339 Jan 19, 2015 1.31 1.37 1.31 1.36 53757.2 6640150.0
340 Jan 20, 2015 1.36 1.43 1.32 1.43 68854.5 6855510.0
341 Jan 21, 2015 1.43 1.62 1.42 1.59 108223.0 7212260.0
342 Jan 22, 2015 1.6 1.71 1.54 1.63 73736.9 8084380.0
343 Jan 23, 2015 1.63 1.64 1.56 1.59 70270.3 8246490.0
344 Jan 24, 2015 1.6 1.74 1.58 1.74 51767.3 8120840.0
345 Jan 25, 2015 1.74 1.82 1.72 1.81 60453.2 8801230.0
346 Jan 26, 2015 1.8 2.09 1.78 1.88 110222.0 9158080.0
347 Jan 27, 2015 1.87 1.89 1.68 1.82 73397.1 9507040.0
348 Jan 28, 2015 1.82 1.82 1.6 1.65 67480.5 9238150.0
349 Jan 29, 2015 1.64 1.68 1.58 1.64 67225.2 8338510.0
350 Jan 30, 2015 1.64 1.7 1.61 1.64 53994.4 8332160.0
351 Jan 31, 2015 1.64 1.68 1.6 1.61 33035.3 8341480.0
352 Feb 01, 2015 1.61 1.93 1.56 1.88 296157.0 8174880.0
353 Feb 02, 2015 1.88 1.96 1.78 1.93 154511.0 9552660.0
354 Feb 03, 2015 1.93 1.96 1.75 1.79 62006.0 9820270.0
355 Feb 04, 2015 1.78 1.86 1.77 1.83 58635.8 9079530.0
356 Feb 05, 2015 1.83 1.89 1.73 1.77 49521.8 9349800.0
357 Feb 06, 2015 1.77 1.87 1.74 1.79 40360.7 9042210.0
358 Feb 07, 2015 1.79 1.87 1.79 1.86 30169.4 9163350.0
359 Feb 08, 2015 1.86 1.86 1.8 1.84 44830.6 9481190.0
360 Feb 09, 2015 1.84 2.27 1.83 2.17 270445.0 9392880.0
361 Feb 10, 2015 2.16 2.49 2.06 2.49 238651.0 11049300.0
362 Feb 11, 2015 2.48 3.43 2.46 3.23 774898.0 12679100.0
363 Feb 12, 2015 3.2 3.4 2.67 2.81 549894.0 16383400.0
364 Feb 13, 2015 2.82 3.29 2.78 2.92 228439.0 14443300.0
365 Feb 14, 2015 2.92 3.14 2.75 2.88 208369.0 14945200.0
366 Feb 15, 2015 2.89 2.89 2.56 2.76 212369.0 14819700.0
367 Feb 16, 2015 2.77 2.9 2.69 2.75 76066.6 14226400.0
368 Feb 17, 2015 2.76 2.79 2.63 2.63 103557.0 14143700.0
369 Feb 18, 2015 2.64 2.85 2.51 2.84 98988.2 13550000.0
370 Feb 19, 2015 2.8 2.86 2.68 2.83 84624.3 14398200.0
371 Feb 20, 2015 2.83 2.83 2.66 2.74 61414.7 14519800.0
372 Feb 21, 2015 2.74 2.82 2.63 2.78 110159.0 14076800.0
373 Feb 22, 2015 2.78 2.86 2.47 2.52 75804.2 14299700.0
374 Feb 23, 2015 2.55 2.56 2.44 2.52 80898.0 13148500.0
375 Feb 24, 2015 2.53 2.98 2.46 2.94 170477.0 13013100.0
376 Feb 25, 2015 2.94 2.96 2.65 2.77 134546.0 15133300.0
377 Feb 26, 2015 2.77 2.8 2.67 2.73 74934.5 14294000.0
378 Feb 27, 2015 2.73 3.12 2.73 3.04 118275.0 14100600.0
379 Feb 28, 2015 3.03 3.24 2.95 3.24 110988.0 15644700.0
380 Mar 01, 2015 3.24 3.4 3.15 3.33 89917.3 16746200.0
381 Mar 02, 2015 3.33 3.68 3.27 3.62 154771.0 17189200.0
382 Mar 03, 2015 3.63 3.7 3.35 3.47 254781.0 18783500.0
383 Mar 04, 2015 3.45 3.77 3.4 3.5 193537.0 17845300.0
384 Mar 05, 2015 3.5 3.52 3.27 3.41 146630.0 18128000.0
385 Mar 06, 2015 3.41 3.47 3.29 3.33 73672.3 17673800.0
386 Mar 07, 2015 3.34 3.69 3.32 3.43 45833.6 17279300.0
387 Mar 08, 2015 3.43 3.45 3.35 3.39 32275.8 17790600.0
388 Mar 09, 2015 3.39 3.65 3.37 3.54 62808.7 17573400.0
389 Mar 10, 2015 3.54 3.54 2.92 3.03 399669.0 18354800.0
390 Mar 11, 2015 3.04 3.3 3.04 3.13 169890.0 15804600.0
391 Mar 12, 2015 3.13 3.22 3.06 3.07 108024.0 16240900.0
392 Mar 13, 2015 3.08 3.09 2.86 2.91 240126.0 15981700.0
393 Mar 14, 2015 2.9 3.12 2.84 2.93 140162.0 15051800.0
394 Mar 15, 2015 2.92 3.14 2.91 3.12 57655.7 15203700.0
395 Mar 16, 2015 3.13 3.34 2.97 3.3 209706.0 16265900.0
396 Mar 17, 2015 3.31 3.36 3.18 3.27 82356.2 17203000.0
397 Mar 18, 2015 3.27 3.4 3.06 3.09 149599.0 17046400.0
398 Mar 19, 2015 3.11 3.5 3.06 3.37 162473.0 16210100.0
399 Mar 20, 2015 3.35 3.83 3.34 3.7 290947.0 17437500.0
400 Mar 21, 2015 3.69 7.11 3.66 4.63 819105.0 19240700.0
401 Mar 22, 2015 4.64 4.83 4.32 4.61 342711.0 24218700.0
402 Mar 23, 2015 4.61 5.07 4.49 4.98 354223.0 24081000.0
403 Mar 24, 2015 4.98 5.25 4.73 5.07 540346.0 26014200.0
404 Mar 25, 2015 5.08 6.07 5.04 5.28 902236.0 26565000.0
405 Mar 26, 2015 5.28 5.56 4.77 4.99 480884.0 27621600.0
406 Mar 27, 2015 4.99 5.1 4.66 4.76 218735.0 26088700.0
407 Mar 28, 2015 4.75 5.05 4.71 5.04 206446.0 24851500.0
408 Mar 29, 2015 5.03 5.04 4.54 4.6 216958.0 26317500.0
409 Mar 30, 2015 4.6 4.61 4.03 4.34 447970.0 24108800.0
410 Mar 31, 2015 4.34 4.35 3.96 4.02 163313.0 22752100.0
411 Apr 01, 2015 4.02 4.02 3.7 3.83 242957.0 21088600.0
412 Apr 02, 2015 3.82 4.6 3.82 4.54 271324.0 20066500.0
413 Apr 03, 2015 4.52 4.56 4.28 4.36 138373.0 23736400.0
414 Apr 04, 2015 4.36 4.37 3.95 4.13 185199.0 22879800.0
415 Apr 05, 2015 4.12 4.21 3.95 4.17 136532.0 21661800.0
416 Apr 06, 2015 4.17 4.23 4.03 4.09 115405.0 21906600.0
417 Apr 07, 2015 4.09 4.12 3.72 3.78 205259.0 21522900.0
418 Apr 08, 2015 3.77 3.86 3.55 3.68 144498.0 19854100.0
419 Apr 09, 2015 3.68 3.87 3.38 3.42 172424.0 19400600.0
420 Apr 10, 2015 3.42 3.45 3.09 3.23 185593.0 18016800.0
421 Apr 11, 2015 3.23 3.43 3.23 3.33 87372.9 17055300.0
422 Apr 12, 2015 3.33 3.4 3.26 3.3 46830.3 17591400.0
423 Apr 13, 2015 3.31 3.32 3.15 3.21 93897.1 17454100.0
424 Apr 14, 2015 3.19 3.21 3.06 3.1 68149.1 16840800.0
425 Apr 15, 2015 3.1 3.12 2.98 3.02 82324.4 16367500.0
426 Apr 16, 2015 3.02 3.1 2.98 3.01 83053.5 15979400.0
427 Apr 17, 2015 3.01 3.03 2.78 2.83 118954.0 15927600.0
428 Apr 18, 2015 2.83 2.93 2.8 2.93 45925.0 14999500.0
429 Apr 19, 2015 2.92 2.93 2.78 2.8 57968.6 15488700.0
430 Apr 20, 2015 2.79 2.83 2.65 2.65 112126.0 14803700.0
431 Apr 21, 2015 2.65 2.91 2.62 2.89 80102.5 14033800.0
432 Apr 22, 2015 2.89 3.35 2.87 3.25 191228.0 15328200.0
433 Apr 23, 2015 3.25 3.74 3.1 3.63 275604.0 17232600.0
434 Apr 24, 2015 3.63 3.63 3.06 3.18 184435.0 19273000.0
435 Apr 25, 2015 3.19 3.29 3.07 3.1 56721.4 16941600.0
436 Apr 26, 2015 3.1 3.1 2.93 3.05 95531.7 16447900.0
437 Apr 27, 2015 3.05 3.16 2.92 2.99 88755.2 16204900.0
438 Apr 28, 2015 2.99 3.06 2.91 3.04 68693.0 15929400.0
439 Apr 29, 2015 3.02 3.05 2.89 2.97 30505.7 16075700.0
440 Apr 30, 2015 2.97 3.02 2.89 2.97 84240.9 15814200.0
441 May 01, 2015 2.97 3.01 2.69 2.74 149552.0 15845500.0
442 May 02, 2015 2.74 2.85 2.73 2.75 46992.1 14605900.0
443 May 03, 2015 2.75 2.83 2.69 2.7 63544.4 14652000.0
444 May 04, 2015 2.71 3.02 2.66 2.88 104785.0 14479000.0
445 May 05, 2015 2.88 2.9 2.78 2.85 26545.8 15365200.0
446 May 06, 2015 2.85 2.98 2.81 2.82 48370.4 15229100.0
447 May 07, 2015 2.82 2.85 2.74 2.81 60248.2 15056800.0
448 May 08, 2015 2.81 2.84 2.73 2.76 51411.2 15037500.0
449 May 09, 2015 2.77 2.79 2.71 2.76 35279.6 14836700.0
450 May 10, 2015 2.76 2.76 2.66 2.68 57877.0 14758300.0
451 May 11, 2015 2.68 2.81 2.64 2.76 73027.4 14364200.0
452 May 12, 2015 2.77 2.78 2.69 2.71 44614.4 14839400.0
453 May 13, 2015 2.72 2.77 2.67 2.69 36403.1 14577900.0
454 May 14, 2015 2.69 2.87 2.66 2.84 81538.2 14440000.0
455 May 15, 2015 2.84 2.94 2.84 2.87 75967.9 15253400.0
456 May 16, 2015 2.88 3.06 2.85 3.0 74900.6 15440600.0
457 May 17, 2015 3.0 3.03 2.91 2.93 52827.4 16116000.0
458 May 18, 2015 2.93 2.95 2.83 2.86 42344.7 15751100.0
459 May 19, 2015 2.86 2.9 2.79 2.89 34282.4 15394100.0
460 May 20, 2015 2.89 2.9 2.78 2.88 48146.1 15532900.0
461 May 21, 2015 2.88 2.91 2.84 2.84 37086.6 15524500.0
462 May 22, 2015 2.84 2.95 2.81 2.91 108165.0 15278400.0
463 May 23, 2015 2.91 2.92 2.87 2.87 90345.0 15707300.0
464 May 24, 2015 2.87 2.93 2.87 2.9 49767.1 15487700.0
465 May 25, 2015 2.9 2.91 2.8 2.82 55789.6 15640500.0
466 May 26, 2015 2.82 2.9 2.6 2.67 133789.0 15224800.0
467 May 27, 2015 2.67 2.71 2.59 2.63 59341.5 14426200.0
468 May 28, 2015 2.63 2.83 2.61 2.74 69232.7 14196000.0
469 May 29, 2015 2.74 2.85 2.72 2.82 48749.4 14798400.0
470 May 30, 2015 2.82 2.84 2.69 2.71 36938.2 15258300.0
471 May 31, 2015 2.71 2.84 2.7 2.76 57640.3 14662100.0
472 Jun 01, 2015 2.76 2.78 2.64 2.65 75761.1 14952300.0
473 Jun 02, 2015 2.66 2.82 2.64 2.8 68366.7 14392700.0
474 Jun 03, 2015 2.8 2.87 2.73 2.75 76344.5 15173000.0
475 Jun 04, 2015 2.76 2.83 2.72 2.79 40277.2 14968000.0
476 Jun 05, 2015 2.79 2.84 2.72 2.82 43312.4 15175700.0
477 Jun 06, 2015 2.81 2.86 2.79 2.82 36093.2 15291500.0
478 Jun 07, 2015 2.82 2.85 2.79 2.81 55831.7 15308900.0
479 Jun 08, 2015 2.8 2.88 2.8 2.83 78536.4 15247700.0
480 Jun 09, 2015 2.83 2.85 2.76 2.77 83638.7 15384300.0
481 Jun 10, 2015 2.76 2.77 2.65 2.7 93835.8 15043400.0
482 Jun 11, 2015 2.7 2.78 2.68 2.78 67222.1 14719100.0
483 Jun 12, 2015 2.78 2.9 2.74 2.8 107756.0 15141500.0
484 Jun 13, 2015 2.8 2.85 2.77 2.8 68398.0 15249900.0
485 Jun 14, 2015 2.8 2.83 2.75 2.81 87099.6 15289300.0
486 Jun 15, 2015 2.81 2.85 2.72 2.74 102014.0 15333500.0
487 Jun 16, 2015 2.74 2.99 2.73 2.99 109178.0 14980300.0
488 Jun 17, 2015 2.99 3.15 2.91 3.0 127588.0 16341300.0
489 Jun 18, 2015 3.01 3.02 2.91 2.96 80458.6 16455700.0
490 Jun 19, 2015 2.96 2.98 2.88 2.9 76936.6 16207100.0
491 Jun 20, 2015 2.9 2.9 2.82 2.87 49017.5 15882700.0
492 Jun 21, 2015 2.87 2.88 2.82 2.84 42407.4 15747200.0
493 Jun 22, 2015 2.84 2.9 2.84 2.89 60757.9 15582200.0
494 Jun 23, 2015 2.89 2.89 2.84 2.85 32545.7 15836600.0
495 Jun 24, 2015 2.85 2.88 2.81 2.81 66206.6 15662200.0
496 Jun 25, 2015 2.81 2.84 2.79 2.83 82226.4 15439500.0
497 Jun 26, 2015 2.83 2.87 2.81 2.82 67021.2 15575000.0
498 Jun 27, 2015 2.82 2.87 2.78 2.79 117087.0 15502700.0
499 Jun 28, 2015 2.79 2.81 2.68 2.73 80605.0 15352200.0
500 Jun 29, 2015 2.73 2.79 2.71 2.79 65253.1 15060700.0
501 Jun 30, 2015 2.79 2.93 2.77 2.86 105757.0 15375000.0
502 Jul 01, 2015 2.86 2.9 2.78 2.82 49328.9 15776100.0
503 Jul 02, 2015 2.8 2.92 2.79 2.91 58716.0 15478600.0
504 Jul 03, 2015 2.92 2.99 2.87 2.96 65143.7 16115200.0
505 Jul 04, 2015 2.96 3.11 2.93 3.09 134776.0 16384400.0
506 Jul 05, 2015 3.09 3.17 3.05 3.09 98324.0 17100200.0
507 Jul 06, 2015 3.1 3.21 3.07 3.09 91596.6 17158400.0
508 Jul 07, 2015 3.09 3.12 2.96 2.97 77829.3 17104500.0
509 Jul 08, 2015 2.96 3.07 2.94 2.98 71222.2 16429100.0
510 Jul 09, 2015 2.99 3.13 2.96 3.11 146037.0 16587600.0
511 Jul 10, 2015 3.11 4.24 3.08 4.05 607002.0 17282600.0
512 Jul 11, 2015 4.07 4.38 3.74 3.84 396245.0 22623400.0
513 Jul 12, 2015 3.84 4.25 3.83 4.1 136193.0 21381100.0
514 Jul 13, 2015 4.1 4.1 3.66 3.74 181667.0 22806100.0
515 Jul 14, 2015 3.75 3.83 3.72 3.72 71054.0 20864500.0
516 Jul 15, 2015 3.71 3.77 3.63 3.66 133041.0 20673800.0
517 Jul 16, 2015 3.64 3.76 3.49 3.53 87908.3 20331600.0
518 Jul 17, 2015 3.54 3.83 3.48 3.76 142970.0 19771100.0
519 Jul 18, 2015 3.76 3.99 3.67 3.71 140104.0 20996900.0
520 Jul 19, 2015 3.71 3.71 3.6 3.62 66113.6 20734000.0
521 Jul 20, 2015 3.62 3.72 3.61 3.69 73913.2 20257500.0
522 Jul 21, 2015 3.7 3.73 3.58 3.6 106480.0 20691500.0
523 Jul 22, 2015 3.6 3.65 3.57 3.63 50817.3 20147800.0
524 Jul 23, 2015 3.63 3.65 3.54 3.58 34491.1 20314600.0
525 Jul 24, 2015 3.59 3.71 3.5 3.69 129128.0 20106000.0
526 Jul 25, 2015 3.69 3.77 3.65 3.75 64292.7 20688000.0
527 Jul 26, 2015 3.75 3.85 3.69 3.78 100372.0 21014500.0
528 Jul 27, 2015 3.78 3.83 3.68 3.76 105583.0 21228600.0
529 Jul 28, 2015 3.75 3.83 3.69 3.69 99349.9 21080800.0
530 Jul 29, 2015 3.69 3.7 3.63 3.64 62902.4 20712400.0
531 Jul 30, 2015 3.64 3.7 3.6 3.64 49738.2 20455500.0
532 Jul 31, 2015 3.65 3.73 3.61 3.68 69967.3 20552400.0
533 Aug 01, 2015 3.67 3.7 3.52 3.61 63208.8 20694700.0
534 Aug 02, 2015 3.61 3.65 3.56 3.62 42888.0 20345400.0
535 Aug 03, 2015 3.62 3.67 3.56 3.61 56700.6 20399000.0
536 Aug 04, 2015 3.61 3.72 3.61 3.64 93371.7 20357800.0
537 Aug 05, 2015 3.64 3.67 3.57 3.58 55069.7 20547800.0
538 Aug 06, 2015 3.58 3.58 3.51 3.52 48907.5 20193000.0
539 Aug 07, 2015 3.51 3.52 3.23 3.26 229950.0 19848100.0
540 Aug 08, 2015 3.27 3.29 3.06 3.08 91264.2 18477800.0
541 Aug 09, 2015 3.08 3.2 3.08 3.11 77487.9 17418300.0
542 Aug 10, 2015 3.1 3.15 3.06 3.08 59702.4 17558200.0
543 Aug 11, 2015 3.08 3.16 3.06 3.16 73133.9 17437300.0
544 Aug 12, 2015 3.16 3.18 3.06 3.06 113443.0 17915300.0
545 Aug 13, 2015 3.05 3.07 3.0 3.06 66248.7 17319800.0
546 Aug 14, 2015 3.06 3.1 3.02 3.02 74859.5 17378700.0
547 Aug 15, 2015 3.02 3.06 2.96 2.98 37004.6 17164800.0
548 Aug 16, 2015 2.98 2.99 2.88 2.94 46752.0 16899500.0
549 Aug 17, 2015 2.94 3.12 2.91 2.91 80183.2 16739200.0
550 Aug 18, 2015 2.91 2.91 2.67 2.67 83075.8 16551500.0
551 Aug 19, 2015 2.6 2.78 2.58 2.64 74747.8 14812700.0
552 Aug 20, 2015 2.64 2.79 2.63 2.78 49346.4 15018700.0
553 Aug 21, 2015 2.77 2.8 2.74 2.76 49749.3 15813000.0
554 Aug 22, 2015 2.76 2.77 2.62 2.68 52550.1 15728800.0
555 Aug 23, 2015 2.68 2.71 2.62 2.64 30625.4 15274500.0
556 Aug 24, 2015 2.63 2.64 2.38 2.38 125485.0 15036300.0
557 Aug 25, 2015 2.37 2.56 2.24 2.53 69322.0 13506000.0
558 Aug 26, 2015 2.53 2.66 2.49 2.61 37718.5 14471900.0
559 Aug 27, 2015 2.61 2.63 2.54 2.56 37603.5 14942900.0
560 Aug 28, 2015 2.56 2.63 2.51 2.6 57595.1 14664000.0
561 Aug 29, 2015 2.6 2.62 2.55 2.6 39991.8 14899700.0
562 Aug 30, 2015 2.6 2.63 2.53 2.56 27911.2 14869600.0
563 Aug 31, 2015 2.56 2.59 2.52 2.58 74703.3 14678500.0
564 Sep 01, 2015 2.58 2.6 2.53 2.54 70242.5 14804700.0
565 Sep 02, 2015 2.54 2.55 2.5 2.51 60914.0 14589500.0
566 Sep 03, 2015 2.51 2.52 2.46 2.47 23020.3 14412100.0
567 Sep 04, 2015 2.48 2.5 2.42 2.45 60516.2 14265700.0
568 Sep 05, 2015 2.44 2.53 2.36 2.5 38312.5 14037400.0
569 Sep 06, 2015 2.5 2.56 2.46 2.49 28926.5 14404900.0
570 Sep 07, 2015 2.49 2.5 2.37 2.38 69591.9 14309400.0
571 Sep 08, 2015 2.37 2.41 2.2 2.33 90734.6 13624600.0
572 Sep 09, 2015 2.32 2.57 2.32 2.44 64859.9 13390200.0
573 Sep 10, 2015 2.44 2.48 2.33 2.38 46341.4 14060100.0
574 Sep 11, 2015 2.38 2.43 2.35 2.38 57648.8 13730500.0
575 Sep 12, 2015 2.38 2.46 2.35 2.43 37554.5 13774200.0
576 Sep 13, 2015 2.43 2.48 2.3 2.33 53764.0 14020100.0
577 Sep 14, 2015 2.33 2.35 2.27 2.31 57106.9 13491500.0
578 Sep 15, 2015 2.31 2.62 2.29 2.32 46639.7 13377900.0
579 Sep 16, 2015 2.32 2.4 2.29 2.37 68239.6 13447900.0
580 Sep 17, 2015 2.39 11.42 2.35 2.37 32167.1 13827600.0
581 Sep 18, 2015 2.37 2.47 2.35 2.46 36051.4 13726400.0
582 Sep 19, 2015 2.46 2.48 2.36 2.36 18460.7 14244500.0
583 Sep 20, 2015 2.36 2.59 2.29 2.39 88239.5 13694700.0
584 Sep 21, 2015 2.39 2.43 2.32 2.35 84512.3 13892300.0
585 Sep 22, 2015 2.36 2.5 2.36 2.46 42311.2 13687600.0
586 Sep 23, 2015 2.46 2.53 2.4 2.43 36010.5 14314800.0
587 Sep 24, 2015 2.42 2.48 2.38 2.44 36580.9 14100900.0
588 Sep 25, 2015 2.44 2.49 2.41 2.45 31729.8 14189600.0
589 Sep 26, 2015 2.46 2.46 2.33 2.33 45583.3 14288400.0
590 Sep 27, 2015 2.33 2.39 2.33 2.36 26484.9 13593500.0
591 Sep 28, 2015 2.37 2.42 2.35 2.38 45147.0 13788900.0
592 Sep 29, 2015 2.38 2.4 2.34 2.34 33687.5 13889400.0
593 Sep 30, 2015 2.34 2.37 2.34 2.34 36432.8 13670400.0
594 Oct 01, 2015 2.34 2.36 2.29 2.29 48612.4 13670100.0
595 Oct 02, 2015 2.29 2.32 2.21 2.22 49335.3 13376200.0
596 Oct 03, 2015 2.22 2.23 2.14 2.17 50127.6 12958700.0
597 Oct 04, 2015 2.17 2.18 2.13 2.17 41352.9 12688900.0
598 Oct 05, 2015 2.17 2.43 2.16 2.34 74425.7 12716700.0
599 Oct 06, 2015 2.34 2.39 2.32 2.39 23825.7 13696700.0
600 Oct 07, 2015 2.39 2.45 2.39 2.4 40948.9 14025500.0
601 Oct 08, 2015 2.4 2.43 2.35 2.38 39245.1 14109600.0
602 Oct 09, 2015 2.37 2.41 2.32 2.36 28997.0 13918300.0
603 Oct 10, 2015 2.36 2.43 2.33 2.43 18355.3 13871000.0
604 Oct 11, 2015 2.43 2.43 2.32 2.39 20054.1 14270800.0
605 Oct 12, 2015 2.37 2.39 2.29 2.34 22086.9 13966900.0
606 Oct 13, 2015 2.34 2.38 2.28 2.35 33117.9 13762200.0
607 Oct 14, 2015 2.36 2.4 2.31 2.31 53348.7 13900100.0
608 Oct 15, 2015 2.31 2.36 2.21 2.25 80584.9 13640200.0
609 Oct 16, 2015 2.25 2.39 2.24 2.34 40319.0 13268900.0
610 Oct 17, 2015 2.34 2.46 2.33 2.43 36099.7 13814100.0
611 Oct 18, 2015 2.44 2.45 2.33 2.37 21270.0 14424600.0
612 Oct 19, 2015 2.37 2.38 2.33 2.34 39395.9 14014900.0
613 Oct 20, 2015 2.34 2.44 2.34 2.41 46076.1 13844300.0
614 Oct 21, 2015 2.4 2.44 2.27 2.28 54704.1 14185500.0
615 Oct 22, 2015 2.28 2.43 2.25 2.41 77998.6 13485100.0
616 Oct 23, 2015 2.41 2.44 2.28 2.33 74068.0 14270300.0
617 Oct 24, 2015 2.32 2.34 2.16 2.24 69810.0 13762700.0
618 Oct 25, 2015 2.26 2.36 2.17 2.17 53907.8 13388800.0
619 Oct 26, 2015 2.17 2.24 2.12 2.24 40748.1 12895600.0
620 Oct 27, 2015 2.24 2.29 2.04 2.1 112810.0 13267200.0
621 Oct 28, 2015 2.12 2.22 2.1 2.14 62318.8 12593200.0
622 Oct 29, 2015 2.11 2.42 2.09 2.39 109579.0 12549700.0
623 Oct 30, 2015 2.4 2.73 2.37 2.54 118931.0 14289400.0
624 Oct 31, 2015 2.54 2.63 2.27 2.31 33529.3 15097200.0
625 Nov 01, 2015 2.31 2.78 2.26 2.66 79513.3 13720200.0
626 Nov 02, 2015 2.66 2.69 2.43 2.61 88803.2 15832500.0
627 Nov 03, 2015 2.61 2.91 2.54 2.69 138710.0 15537000.0
628 Nov 04, 2015 2.7 2.85 2.37 2.6 251429.0 16069100.0
629 Nov 05, 2015 2.61 2.82 2.25 2.53 131813.0 15540600.0
630 Nov 06, 2015 2.55 2.73 2.39 2.7 89250.0 15186900.0
631 Nov 07, 2015 2.73 2.84 2.62 2.71 65013.8 16269600.0
632 Nov 08, 2015 2.71 2.83 2.53 2.53 55255.9 16160500.0
633 Nov 09, 2015 2.54 2.6 2.43 2.53 76637.2 15153000.0
634 Nov 10, 2015 2.53 2.63 2.37 2.42 49166.3 15127000.0
635 Nov 11, 2015 2.42 2.48 2.14 2.29 96052.6 14461800.0
636 Nov 12, 2015 2.28 2.58 2.28 2.54 86587.2 13661200.0
637 Nov 13, 2015 2.52 2.6 2.39 2.53 60865.5 15103600.0
638 Nov 14, 2015 2.54 2.59 2.36 2.36 66693.4 15189300.0
639 Nov 15, 2015 2.38 2.44 2.29 2.31 39254.6 14240200.0
640 Nov 16, 2015 2.29 2.38 2.23 2.31 41181.2 13731000.0
641 Nov 17, 2015 2.32 2.38 2.22 2.26 59102.4 13923500.0
642 Nov 18, 2015 2.26 2.38 2.25 2.35 31679.1 13554600.0
643 Nov 19, 2015 2.36 2.36 2.21 2.21 48038.9 14143100.0
644 Nov 20, 2015 2.21 2.25 2.13 2.23 28462.9 13270800.0
645 Nov 21, 2015 2.23 2.25 2.16 2.2 26400.1 13370600.0
646 Nov 22, 2015 2.2 2.22 2.05 2.06 28486.6 13216000.0
647 Nov 23, 2015 2.08 2.16 2.05 2.14 31967.9 12524900.0
648 Nov 24, 2015 2.14 2.14 2.07 2.08 24756.6 12843100.0
649 Nov 25, 2015 2.08 2.16 2.05 2.15 23151.5 12497100.0
650 Nov 26, 2015 2.15 2.34 2.12 2.19 58541.5 12943400.0
651 Nov 27, 2015 2.18 2.23 2.13 2.16 32579.0 13139500.0
652 Nov 28, 2015 2.15 2.15 2.07 2.08 25564.6 12978500.0
653 Nov 29, 2015 2.08 2.17 2.07 2.15 26013.2 12539800.0
654 Nov 30, 2015 2.15 2.24 2.11 2.17 49177.7 12962300.0
655 Dec 01, 2015 2.17 2.18 2.05 2.08 37006.7 13063600.0
656 Dec 02, 2015 2.08 2.19 2.03 2.18 45287.7 12574200.0
657 Dec 03, 2015 2.19 2.4 2.19 2.34 77348.9 13181700.0
658 Dec 04, 2015 2.33 2.36 2.3 2.34 36114.4 14082300.0
659 Dec 05, 2015 2.35 2.44 2.29 2.32 61252.1 14172200.0
660 Dec 06, 2015 2.32 2.47 2.31 2.34 55269.5 14020800.0
661 Dec 07, 2015 2.33 2.38 2.29 2.33 40494.7 14054100.0
662 Dec 08, 2015 2.33 2.4 2.28 2.4 44092.7 14092000.0
663 Dec 09, 2015 2.41 2.7 2.37 2.51 121460.0 14595600.0
664 Dec 10, 2015 2.5 2.52 2.44 2.44 31690.4 15122800.0
665 Dec 11, 2015 2.44 2.71 2.44 2.69 46392.7 14761700.0
666 Dec 12, 2015 2.7 2.79 2.42 2.58 47863.9 16341800.0
667 Dec 13, 2015 2.59 2.75 2.54 2.73 67091.4 15679300.0
668 Dec 14, 2015 2.76 2.89 2.68 2.69 102466.0 16723300.0
669 Dec 15, 2015 2.69 2.76 2.64 2.68 58881.7 16273500.0
670 Dec 16, 2015 2.69 2.73 2.55 2.69 46530.2 16315300.0
671 Dec 17, 2015 2.69 2.69 2.57 2.61 40819.3 16298400.0
672 Dec 18, 2015 2.61 2.65 2.58 2.65 39821.2 15820500.0
673 Dec 19, 2015 2.65 2.69 2.58 2.61 27223.2 16074600.0
674 Dec 20, 2015 2.61 2.64 2.46 2.49 39518.4 15865200.0
675 Dec 21, 2015 2.5 2.51 2.41 2.47 43767.2 15164400.0
676 Dec 22, 2015 2.47 2.6 2.46 2.55 47645.6 15026900.0
677 Dec 23, 2015 2.55 2.6 2.48 2.53 51743.7 15506300.0
678 Dec 24, 2015 2.53 2.78 2.53 2.77 83730.0 15396800.0
679 Dec 25, 2015 2.77 2.94 2.72 2.83 99786.0 16851000.0
680 Dec 26, 2015 2.83 2.98 2.68 2.77 96357.3 17218200.0
681 Dec 27, 2015 2.73 2.73 2.6 2.65 37589.8 16651400.0
682 Dec 28, 2015 2.64 3.05 2.63 2.98 88281.0 16067600.0
683 Dec 29, 2015 3.03 3.09 2.92 3.09 141636.0 18461600.0
684 Dec 30, 2015 3.08 4.65 3.08 3.52 524544.0 18810200.0
685 Dec 31, 2015 3.52 3.61 3.08 3.27 191862.0 21459700.0
686 Jan 01, 2016 3.33 3.54 3.24 3.38 98317.1 20289600.0
687 Jan 02, 2016 3.38 3.43 3.24 3.28 62353.3 20638600.0
688 Jan 03, 2016 3.29 3.35 3.13 3.24 87155.1 20114800.0
689 Jan 04, 2016 3.25 3.35 3.24 3.32 65748.4 19882500.0
690 Jan 05, 2016 3.32 3.44 3.29 3.33 71860.8 20278200.0
691 Jan 06, 2016 3.33 3.4 3.29 3.38 34541.7 20334100.0
692 Jan 07, 2016 3.37 3.45 3.31 3.38 116373.0 20637500.0
693 Jan 08, 2016 3.41 3.42 3.26 3.31 76705.5 20905100.0
694 Jan 09, 2016 3.3 3.37 3.18 3.18 39173.6 20252100.0
695 Jan 10, 2016 3.18 3.29 2.83 3.29 167678.0 19514900.0
696 Jan 11, 2016 3.28 3.35 3.07 3.15 99815.3 20143400.0
697 Jan 12, 2016 3.17 3.17 2.92 3.03 130485.0 19455500.0
698 Jan 13, 2016 3.03 3.14 2.97 3.1 57265.5 18622300.0
699 Jan 14, 2016 3.1 3.58 3.09 3.4 176887.0 19024300.0
700 Jan 15, 2016 3.36 3.71 3.31 3.36 431794.0 20643400.0
701 Jan 16, 2016 3.33 4.4 3.33 3.89 1878320.0 20501100.0
702 Jan 17, 2016 3.88 5.19 3.76 4.95 560892.0 23866800.0
703 Jan 18, 2016 4.94 4.94 4.27 4.37 464263.0 30399700.0
704 Jan 19, 2016 4.4 4.54 3.87 3.87 277216.0 27082100.0
705 Jan 20, 2016 3.86 4.83 3.79 4.77 307278.0 23761800.0
706 Jan 21, 2016 4.76 5.14 4.52 5.14 289153.0 29292200.0
707 Jan 22, 2016 5.22 6.29 4.72 5.13 1096190.0 32176900.0
708 Jan 23, 2016 5.05 5.14 4.22 4.49 677578.0 31141500.0
709 Jan 24, 2016 4.51 4.82 4.14 4.39 320311.0 27786800.0
710 Jan 25, 2016 4.41 4.41 3.63 4.02 410300.0 27208600.0
711 Jan 26, 2016 3.98 4.69 3.88 4.52 298849.0 24566900.0
712 Jan 27, 2016 4.49 4.67 4.04 4.2 301964.0 27729200.0
713 Jan 28, 2016 4.19 4.37 4.02 4.22 185032.0 25868300.0
714 Jan 29, 2016 4.25 4.47 4.06 4.39 126718.0 26280700.0
715 Jan 30, 2016 4.39 4.43 4.11 4.29 136278.0 27139800.0
716 Jan 31, 2016 4.29 4.32 3.96 4.11 147359.0 26487500.0
717 Feb 01, 2016 4.11 4.23 4.01 4.12 61712.6 25394100.0
718 Feb 02, 2016 4.14 4.24 4.05 4.11 125829.0 25608100.0
719 Feb 03, 2016 4.1 9.34 4.01 4.18 85544.4 25379300.0
720 Feb 04, 2016 4.18 4.36 4.12 4.29 100963.0 25855900.0
721 Feb 05, 2016 4.29 4.38 4.23 4.28 56705.0 26596100.0
722 Feb 06, 2016 4.32 4.32 4.15 4.19 70854.9 26780100.0
723 Feb 07, 2016 4.21 4.38 4.14 4.21 108239.0 26116700.0
724 Feb 08, 2016 4.18 4.31 4.11 4.16 70569.4 25946900.0
725 Feb 09, 2016 4.16 4.19 3.95 3.97 164368.0 25846400.0
726 Feb 10, 2016 3.97 4.17 3.77 3.84 193410.0 24665700.0
727 Feb 11, 2016 3.78 3.91 3.19 3.26 243649.0 23519900.0
728 Feb 12, 2016 3.26 4.04 3.26 3.79 182601.0 20278400.0
729 Feb 13, 2016 3.79 3.88 3.57 3.77 120917.0 23573000.0
730 Feb 14, 2016 3.8 3.92 3.75 3.8 60425.5 23641000.0
731 Feb 15, 2016 3.8 4.17 3.74 3.78 112454.0 23666400.0
732 >Feb 16, 201 3.78 4.02 3.48 3.48 180945.0 23519100.0
733 Feb 17, 2016 3.47 3.82 3.44 3.68 150307.0 21632400.0
734 Feb 18, 2016 3.69 3.77 3.13 3.53 247042.0 22963300.0
735 Feb 19, 2016 3.54 3.75 3.47 3.51 120692.0 22081300.0
736 Feb 20, 2016 3.51 3.69 3.51 3.64 91429.0 21876300.0
737 Feb 21, 2016 3.63 4.2 3.6 4.0 165716.0 22636600.0
738 Feb 22, 2016 4.0 4.26 3.93 4.2 185000.0 24945400.0
739 Feb 23, 2016 4.11 4.23 3.74 3.79 214434.0 25662900.0
740 Feb 24, 2016 3.8 4.09 3.72 4.02 120323.0 23708800.0
741 Feb 25, 2016 4.02 4.04 3.81 3.91 125778.0 25097700.0
742 Feb 26, 2016 3.93 4.01 3.82 3.97 77085.9 24550400.0
743 Feb 27, 2016 3.98 4.09 3.9 4.08 113700.0 24850600.0
744 Feb 28, 2016 4.08 4.09 3.94 4.0 150601.0 25488700.0
745 Feb 29, 2016 4.0 4.03 3.88 3.92 140688.0 25026700.0
746 Mar 01, 2016 3.92 4.04 3.81 3.9 195998.0 24506800.0
747 Mar 02, 2016 3.9 4.01 3.86 3.88 126503.0 24404300.0
748 Mar 03, 2016 3.88 4.84 3.82 4.71 505229.0 24286300.0
749 Mar 04, 2016 4.63 5.13 4.35 4.63 657278.0 29006700.0
750 Mar 05, 2016 4.62 5.38 4.53 4.87 590483.0 28949900.0
751 Mar 06, 2016 4.92 5.14 4.58 4.58 487244.0 30831500.0
752 Mar 07, 2016 4.58 4.73 4.3 4.3 305007.0 28727400.0
753 Mar 08, 2016 4.29 4.61 4.19 4.6 250496.0 26925200.0
754 Mar 09, 2016 4.62 4.71 4.51 4.57 200317.0 29000600.0
755 Mar 10, 2016 4.57 5.3 4.49 4.92 476033.0 28738100.0
756 Mar 11, 2016 4.93 5.36 4.88 5.15 342455.0 30996500.0
757 Mar 12, 2016 5.19 5.39 4.96 5.31 313635.0 32617000.0
758 Mar 13, 2016 5.35 6.03 5.31 5.68 738440.0 33630800.0
759 Mar 14, 2016 5.68 5.99 5.42 5.54 395433.0 35742700.0
760 Mar 15, 2016 5.53 5.92 5.36 5.84 310793.0 34795400.0
761 Mar 16, 2016 5.86 6.56 5.76 6.33 953870.0 36885300.0
762 Mar 17, 2016 6.33 6.44 5.64 5.98 595131.0 39879100.0
763 Mar 18, 2016 5.98 6.17 5.66 5.95 301156.0 37683500.0
764 Mar 19, 2016 5.94 6.12 5.78 5.99 261243.0 37472700.0
765 Mar 20, 2016 5.77 6.14 5.77 6.12 220354.0 36389900.0
766 Mar 21, 2016 6.12 6.46 6.01 6.01 398501.0 38624800.0
767 Mar 22, 2016 5.97 6.25 5.91 6.09 287782.0 37671000.0
768 Mar 23, 2016 6.1 6.61 6.02 6.59 532087.0 38489700.0
769 Mar 24, 2016 6.67 6.69 6.28 6.66 461165.0 42140700.0
770 Mar 25, 2016 6.66 7.53 6.59 7.44 878166.0 42063300.0
771 Mar 26, 2016 7.44 7.44 7.03 7.21 362976.0 47037100.0
772 Mar 27, 2016 7.21 7.32 6.82 7.05 441517.0 45577300.0
773 Mar 28, 2016 7.05 7.37 6.53 7.06 577452.0 44584400.0
774 Mar 29, 2016 7.06 7.17 6.88 7.08 268689.0 44656600.0
775 Mar 30, 2016 7.09 7.11 6.76 6.78 280500.0 44853600.0
776 Mar 31, 2016 6.78 6.98 6.78 6.88 220521.0 42907900.0
777 Apr 01, 2016 6.9 7.1 6.71 7.07 189159.0 43693200.0
778 Apr 02, 2016 7.12 7.21 7.04 7.05 157191.0 45096900.0
779 Apr 03, 2016 7.05 7.13 6.65 7.0 351429.0 44718800.0
780 Apr 04, 2016 7.0 7.05 6.88 6.96 141900.0 44373200.0
781 Apr 05, 2016 6.97 7.37 6.97 7.07 420016.0 44231400.0
782 Apr 06, 2016 7.06 7.17 7.0 7.02 189714.0 44799200.0
783 Apr 07, 2016 7.02 7.1 6.9 6.9 174662.0 44628000.0
784 Apr 08, 2016 6.88 7.08 6.88 6.99 218748.0 43766400.0
785 Apr 09, 2016 6.98 6.99 6.28 6.67 490236.0 44418900.0
786 Apr 10, 2016 6.68 6.89 6.12 6.54 874074.0 42484800.0
787 Apr 11, 2016 6.51 6.63 6.3 6.35 230475.0 41432300.0
788 Apr 12, 2016 6.36 6.58 6.3 6.5 334270.0 40479000.0
789 Apr 13, 2016 6.5 6.56 6.4 6.5 223697.0 41411000.0
790 Apr 14, 2016 6.5 6.53 6.34 6.41 218510.0 41460300.0
791 Apr 15, 2016 6.42 6.42 5.98 6.03 303991.0 40914100.0
792 Apr 16, 2016 6.02 6.43 5.97 6.3 287896.0 38397000.0
793 Apr 17, 2016 6.31 6.45 6.23 6.4 206734.0 40252900.0
794 Apr 18, 2016 6.36 6.41 6.07 6.23 211282.0 40579000.0
795 Apr 19, 2016 6.24 6.44 6.21 6.39 204854.0 39811000.0
796 Apr 20, 2016 6.4 6.52 6.3 6.35 247651.0 40880000.0
797 Apr 21, 2016 6.35 6.42 6.19 6.19 187613.0 40558500.0
798 Apr 22, 2016 6.22 6.38 6.09 6.28 239961.0 39777400.0
799 Apr 23, 2016 6.28 6.52 6.18 6.51 241922.0 40127700.0
800 Apr 24, 2016 6.5 6.61 6.37 6.44 236604.0 41556400.0
801 Apr 25, 2016 6.43 6.43 6.13 6.17 269831.0 41150900.0
802 Apr 26, 2016 6.21 6.24 5.8 6.08 249141.0 39730900.0
803 Apr 27, 2016 6.1 6.62 5.95 6.28 422258.0 39041800.0
804 Apr 28, 2016 6.33 6.56 6.25 6.46 224846.0 40567700.0
805 Apr 29, 2016 6.46 6.67 6.32 6.6 281894.0 41360700.0
806 Apr 30, 2016 6.62 6.86 6.56 6.83 293789.0 42428700.0
807 May 01, 2016 6.82 6.87 6.69 6.79 229207.0 43733100.0
808 May 02, 2016 6.79 6.87 6.64 6.83 265828.0 43546600.0
809 May 03, 2016 6.8 6.88 6.75 6.8 180138.0 43619700.0
810 May 04, 2016 6.79 6.9 6.76 6.83 196202.0 43558700.0
811 May 05, 2016 6.84 6.88 6.74 6.82 186158.0 43921600.0
812 May 06, 2016 6.82 6.84 6.67 6.76 215622.0 43824200.0
813 May 07, 2016 6.75 6.78 6.53 6.58 254392.0 43408500.0
814 May 08, 2016 6.58 6.77 6.55 6.69 164290.0 42348300.0
815 May 09, 2016 6.68 6.69 6.55 6.59 172995.0 42968300.0
816 May 10, 2016 6.59 6.8 6.52 6.79 275287.0 42439700.0
817 May 11, 2016 6.82 6.84 6.65 6.75 214337.0 43892000.0
818 May 12, 2016 6.75 6.84 6.61 6.78 224735.0 43524000.0
819 May 13, 2016 6.8 6.98 6.7 6.97 282706.0 43815200.0
820 May 14, 2016 6.95 6.99 6.79 6.95 215702.0 44780500.0
821 May 15, 2016 6.95 7.07 6.86 7.0 163629.0 44791400.0
822 May 16, 2016 7.02 7.73 7.01 7.27 624372.0 45260900.0
823 May 17, 2016 7.27 7.41 7.22 7.41 233869.0 46923900.0
824 May 18, 2016 7.4 7.43 7.27 7.39 232479.0 47795000.0
825 May 19, 2016 7.38 7.81 7.35 7.7 390961.0 47690800.0
826 May 20, 2016 7.67 8.68 7.66 7.95 630261.0 49545300.0
827 May 21, 2016 7.95 8.4 7.76 8.24 362889.0 51377400.0
828 May 22, 2016 8.27 8.32 8.03 8.1 308676.0 53437600.0
829 May 23, 2016 8.06 8.17 7.92 8.1 228942.0 52138500.0
830 May 24, 2016 8.09 8.19 7.72 7.75 312203.0 52305900.0
831 May 25, 2016 7.75 7.86 7.46 7.61 310684.0 50146500.0
832 May 26, 2016 7.62 7.71 7.34 7.39 206517.0 49323000.0
833 May 27, 2016 7.42 7.56 7.08 7.5 414196.0 48036000.0
834 May 28, 2016 7.47 7.94 7.41 7.85 367974.0 48377400.0
835 May 29, 2016 7.85 8.53 7.76 8.19 400555.0 50832500.0
836 May 30, 2016 8.19 8.36 8.12 8.2 212989.0 53108400.0
837 May 31, 2016 8.19 8.39 7.99 8.18 341324.0 53077100.0
838 Jun 01, 2016 8.18 8.37 8.08 8.26 320823.0 53022100.0
839 Jun 02, 2016 8.23 8.24 7.93 8.1 318685.0 53381300.0
840 Jun 03, 2016 8.12 8.31 7.78 8.06 447007.0 52712500.0
841 Jun 04, 2016 8.06 8.2 7.85 8.05 445286.0 52311100.0
842 Jun 05, 2016 8.04 8.17 7.58 7.58 537053.0 52188400.0
843 Jun 06, 2016 7.59 7.86 7.58 7.77 302748.0 49284900.0
844 Jun 07, 2016 7.77 8.01 7.68 7.91 339881.0 50576500.0
845 Jun 08, 2016 7.93 8.04 7.68 7.88 272918.0 51607300.0
846 Jun 09, 2016 7.88 7.94 7.72 7.82 303753.0 51262200.0
847 Jun 10, 2016 7.79 8.12 7.78 7.83 475334.0 50749400.0
848 Jun 11, 2016 7.83 7.95 7.61 7.9 475115.0 50999700.0
849 Jun 12, 2016 7.93 8.03 7.48 7.66 897877.0 51676400.0
850 Jun 13, 2016 7.65 7.99 7.46 7.72 600793.0 49887200.0
851 Jun 14, 2016 7.71 8.41 7.63 8.2 584298.0 50283500.0
852 Jun 15, 2016 8.2 8.58 8.0 8.14 491191.0 53485800.0
853 Jun 16, 2016 8.16 8.68 8.16 8.59 368946.0 53254500.0
854 Jun 17, 2016 8.66 8.91 8.1 8.36 545419.0 56515800.0
855 Jun 18, 2016 8.36 8.62 8.05 8.16 448647.0 54565000.0
856 Jun 19, 2016 8.16 8.31 7.94 7.99 556704.0 53314500.0
857 Jun 20, 2016 7.99 8.31 7.9 8.29 572251.0 52181400.0
858 Jun 21, 2016 8.27 8.42 7.64 7.78 568810.0 54017900.0
859 Jun 22, 2016 7.75 8.02 7.29 7.33 552499.0 50640100.0
860 Jun 23, 2016 7.38 7.51 6.91 7.24 425205.0 48274600.0
861 Jun 24, 2016 7.24 7.64 6.88 7.13 552216.0 47338400.0
862 Jun 25, 2016 7.11 7.25 6.65 6.86 463260.0 46535500.0
863 Jun 26, 2016 6.86 7.18 6.71 6.78 275629.0 44928500.0
864 Jun 27, 2016 6.78 7.04 6.68 7.01 264512.0 44373000.0
865 Jun 28, 2016 7.06 7.16 6.88 6.91 286458.0 46253800.0
866 Jun 29, 2016 6.92 7.05 6.86 6.99 255225.0 45323300.0
867 Jun 30, 2016 6.99 7.24 6.94 7.13 331408.0 45834900.0
868 Jul 01, 2016 7.13 7.38 7.11 7.24 251575.0 46722200.0
869 Jul 02, 2016 7.22 7.43 7.09 7.18 279444.0 47384100.0
870 Jul 03, 2016 7.18 7.3 6.99 7.01 259776.0 47136900.0
871 Jul 04, 2016 7.02 7.24 6.91 7.08 189054.0 46064500.0
872 Jul 05, 2016 7.09 7.09 6.83 6.99 237373.0 46521100.0
873 Jul 06, 2016 6.94 7.13 6.89 6.97 243442.0 45565800.0
874 Jul 07, 2016 6.98 7.19 6.77 7.03 425808.0 45914000.0
875 Jul 08, 2016 6.98 7.48 6.95 7.45 314761.0 45903300.0
876 Jul 09, 2016 7.47 7.47 7.01 7.36 268561.0 49132300.0
877 Jul 10, 2016 7.35 7.49 7.3 7.42 268877.0 48381600.0
878 Jul 11, 2016 7.44 8.05 7.41 7.96 672593.0 48979600.0
879 Jul 12, 2016 7.97 8.26 7.82 7.84 474628.0 52526000.0
880 Jul 13, 2016 7.86 7.97 7.72 7.84 289681.0 51798100.0
881 Jul 14, 2016 7.86 7.91 7.7 7.75 194024.0 51797100.0
882 Jul 15, 2016 7.73 8.34 7.69 8.09 365346.0 50959600.0
883 Jul 16, 2016 8.09 8.34 8.06 8.26 284036.0 53338100.0
884 Jul 17, 2016 8.24 8.33 8.05 8.12 248488.0 54402400.0
885 Jul 18, 2016 8.15 8.29 8.1 8.22 273466.0 53774400.0
886 Jul 19, 2016 8.22 8.57 8.18 8.5 410793.0 54269700.0
887 Jul 20, 2016 8.53 8.57 8.31 8.44 287009.0 56317100.0
888 Jul 21, 2016 8.43 9.06 8.32 8.96 435825.0 55692500.0
889 Jul 22, 2016 8.95 9.55 8.89 9.24 867493.0 59167400.0
890 Jul 23, 2016 9.27 9.47 9.07 9.31 435897.0 61282500.0
891 Jul 24, 2016 9.36 9.78 9.21 9.21 370757.0 61901200.0
892 Jul 25, 2016 9.23 9.27 8.98 9.13 314414.0 61086400.0
893 Jul 26, 2016 9.14 9.21 8.63 8.86 531920.0 60513500.0
894 Jul 27, 2016 8.9 9.33 8.77 9.15 378749.0 58881400.0
895 Jul 28, 2016 9.15 9.35 9.15 9.31 237187.0 60591800.0
896 Jul 29, 2016 9.32 9.46 9.3 9.46 212714.0 61710300.0
897 Jul 30, 2016 9.45 9.48 9.19 9.22 275617.0 62575400.0
898 Jul 31, 2016 9.18 9.57 9.0 9.51 318887.0 60871400.0
899 Aug 01, 2016 9.45 10.48 9.45 9.89 1088710.0 62649200.0
900 Aug 02, 2016 10.02 10.23 9.06 9.16 1182910.0 66476200.0
901 Aug 03, 2016 9.29 9.64 9.11 9.33 719797.0 61646200.0
902 Aug 04, 2016 9.32 9.55 9.21 9.53 413348.0 61830600.0
903 Aug 05, 2016 9.53 9.83 9.45 9.72 284062.0 63292400.0
904 Aug 06, 2016 9.71 10.7 9.69 10.55 638130.0 64524400.0
905 Aug 07, 2016 10.58 10.64 10.12 10.34 458848.0 70393200.0
906 Aug 08, 2016 10.34 10.51 10.1 10.37 453814.0 68797400.0
907 Aug 09, 2016 10.35 10.55 10.29 10.3 365466.0 68887400.0
908 Aug 10, 2016 10.31 10.5 10.22 10.43 357513.0 68670400.0
909 Aug 11, 2016 10.43 11.22 10.4 11.08 534511.0 69495500.0
910 Aug 12, 2016 11.08 12.86 10.76 12.59 2030400.0 73849400.0
911 Aug 13, 2016 12.56 13.61 12.09 12.9 1847650.0 83697900.0
912 Aug 14, 2016 12.82 15.04 12.73 14.48 3708120.0 85451600.0
913 Aug 15, 2016 14.52 14.94 12.6 13.29 3240540.0 96808800.0
914 Aug 16, 2016 13.22 13.32 11.48 12.86 2724180.0 88224700.0
915 Aug 17, 2016 12.91 13.05 12.25 12.54 1054880.0 86139000.0
916 Aug 18, 2016 12.45 14.18 12.45 13.86 2019880.0 83107600.0
917 Aug 19, 2016 13.82 14.82 13.29 13.78 2879380.0 92310700.0
918 Aug 20, 2016 13.74 14.09 12.93 13.1 1451660.0 91807800.0
919 Aug 21, 2016 13.09 13.69 12.96 13.41 1177950.0 87463500.0
920 Aug 22, 2016 13.4 14.45 13.4 14.2 1409370.0 89571100.0
921 Aug 23, 2016 14.34 14.34 12.63 13.41 1404690.0 95908200.0
922 Aug 24, 2016 13.48 13.61 12.94 13.27 797964.0 90187900.0
923 Aug 25, 2016 13.31 13.45 12.3 12.31 935742.0 89033500.0
924 Aug 26, 2016 12.28 12.86 11.96 12.74 736721.0 82202600.0
925 Aug 27, 2016 12.75 12.86 12.33 12.57 2547960.0 85354600.0
926 Aug 28, 2016 12.58 12.79 12.18 12.41 932715.0 84279100.0
927 Aug 29, 2016 12.35 12.78 10.91 11.68 1761660.0 82747200.0
928 Aug 30, 2016 11.64 11.89 11.43 11.76 761521.0 78030000.0
929 Aug 31, 2016 11.76 12.19 11.44 11.88 961216.0 78856900.0
930 Sep 01, 2016 11.88 11.93 11.36 11.45 651970.0 79693100.0
931 Sep 02, 2016 11.45 11.55 11.33 11.35 790593.0 76804400.0
932 Sep 03, 2016 11.36 11.54 10.85 11.44 1215250.0 76249000.0
933 Sep 04, 2016 11.35 11.56 10.71 11.38 966253.0 76192100.0
934 Sep 05, 2016 11.35 11.68 11.12 11.26 639547.0 76235500.0
935 Sep 06, 2016 11.26 11.36 10.92 10.92 532044.0 75719300.0
936 Sep 07, 2016 10.94 11.39 10.83 11.28 669651.0 73555700.0
937 Sep 08, 2016 11.28 11.69 11.24 11.69 637683.0 75879400.0
938 Sep 09, 2016 11.67 11.67 11.13 11.21 453318.0 78568100.0
939 Sep 10, 2016 11.19 11.47 11.01 11.42 748265.0 75337800.0
940 Sep 11, 2016 11.42 11.62 10.95 11.13 583102.0 76892700.0
941 Sep 12, 2016 11.16 12.82 11.09 12.25 1357900.0 75150600.0
942 Sep 13, 2016 12.31 13.0 12.1 13.0 775508.0 82919500.0
943 Sep 14, 2016 13.0 13.0 12.35 12.7 683059.0 87620200.0
944 Sep 15, 2016 12.74 12.74 12.14 12.21 592210.0 85882800.0
945 Sep 16, 2016 12.21 12.26 11.64 11.71 519023.0 82343700.0
946 Sep 17, 2016 11.71 11.93 11.54 11.77 385226.0 79017600.0
947 Sep 18, 2016 11.76 11.85 11.6 11.63 378121.0 79397100.0
948 Sep 19, 2016 11.67 11.75 11.35 11.53 548366.0 78808400.0
949 Sep 20, 2016 11.51 11.58 11.22 11.4 447288.0 77743400.0
950 Sep 21, 2016 11.47 11.71 11.17 11.53 639852.0 77453300.0
951 Sep 22, 2016 11.54 11.7 11.32 11.54 462190.0 77970700.0
952 Sep 23, 2016 11.52 11.7 11.39 11.54 346538.0 77854100.0
953 Sep 24, 2016 11.54 11.59 11.42 11.53 248501.0 78052900.0
954 Sep 25, 2016 11.52 11.65 11.45 11.55 293042.0 77913600.0
955 Sep 26, 2016 11.56 11.61 11.29 11.4 466947.0 78189900.0
956 Sep 27, 2016 11.4 11.64 11.37 11.64 437637.0 77160600.0
957 >Sep 28, 201 11.63 11.63 11.46 11.59 380292.0 78749100.0
958 Sep 29, 2016 11.58 12.14 11.58 12.01 627955.0 78432900.0
959 Sep 30, 2016 12.04 12.24 11.74 12.09 624527.0 81564000.0
960 Oct 01, 2016 12.09 12.1 11.67 11.71 599642.0 81946600.0
961 Oct 02, 2016 11.71 11.96 11.63 11.77 418786.0 79364000.0
962 Oct 03, 2016 11.79 12.27 11.77 11.89 485966.0 79945400.0
963 Oct 04, 2016 11.88 12.05 11.7 12.05 428041.0 80553000.0
964 Oct 05, 2016 12.05 12.06 11.83 12.03 459125.0 81727600.0
965 Oct 06, 2016 12.05 12.25 11.99 12.05 572725.0 81854800.0
966 Oct 07, 2016 12.05 12.13 11.75 11.87 540185.0 81894000.0
967 Oct 08, 2016 11.87 11.98 11.65 11.71 362282.0 80713900.0
968 Oct 09, 2016 11.72 11.85 11.58 11.58 389417.0 79726300.0
969 Oct 10, 2016 11.58 11.76 11.57 11.68 342278.0 78807400.0
970 Oct 11, 2016 11.68 11.84 11.48 11.72 616754.0 79511500.0
971 Oct 12, 2016 11.74 11.96 11.32 11.43 535850.0 79911200.0
972 Oct 13, 2016 11.43 11.66 11.38 11.43 351218.0 77803800.0
973 Oct 14, 2016 11.44 11.67 11.4 11.52 434177.0 77899700.0
974 Oct 15, 2016 11.52 11.63 11.05 11.1 421471.0 78467700.0
975 Oct 16, 2016 11.1 11.29 10.85 10.85 421644.0 75628100.0
976 Oct 17, 2016 10.84 10.88 10.51 10.61 501778.0 73893100.0
977 Oct 18, 2016 10.61 10.62 9.97 10.21 622564.0 72371800.0
978 Oct 19, 2016 10.2 10.45 10.13 10.29 623278.0 69574100.0
979 Oct 20, 2016 10.3 10.77 10.24 10.49 1118960.0 70293600.0
980 Oct 21, 2016 10.54 10.87 10.46 10.77 1101460.0 71970700.0
981 Oct 22, 2016 10.76 10.78 10.26 10.36 1057070.0 73483300.0
982 Oct 23, 2016 10.36 10.46 9.95 9.96 1071280.0 70799500.0
983 Oct 24, 2016 9.96 10.15 9.77 9.85 1138230.0 68050400.0
984 Oct 25, 2016 9.86 10.0 9.08 9.41 1147660.0 67345800.0
985 Oct 26, 2016 9.39 9.55 8.95 9.34 1507430.0 64195800.0
986 Oct 27, 2016 9.32 9.91 9.14 9.71 1527680.0 63723300.0
987 Oct 28, 2016 9.72 9.73 9.05 9.07 1102490.0 66491500.0
988 Oct 29, 2016 9.06 9.36 8.05 8.61 1459460.0 62012400.0
989 Oct 30, 2016 8.63 9.72 8.63 9.67 1180810.0 59059600.0
990 Oct 31, 2016 9.68 9.9 9.05 9.2 1001140.0 66226100.0
991 Nov 01, 2016 9.21 9.34 8.65 9.04 1334790.0 63075600.0
992 Nov 02, 2016 9.01 9.36 8.8 8.94 1234770.0 61677200.0
993 Nov 03, 2016 8.99 9.44 8.79 9.12 1443680.0 61580500.0
994 Nov 04, 2016 9.13 9.29 8.96 9.13 1315030.0 62569800.0
995 Nov 05, 2016 9.12 9.26 9.05 9.21 764091.0 62557700.0
996 Nov 06, 2016 9.21 9.48 9.13 9.4 1174590.0 63217900.0
997 Nov 07, 2016 9.4 9.92 9.27 9.92 1597080.0 64568400.0
998 Nov 08, 2016 9.88 10.48 9.7 9.76 1509000.0 67892400.0
999 Nov 09, 2016 9.73 10.0 9.4 9.7 951744.0 66863400.0
1000 Nov 10, 2016 9.67 9.76 9.53 9.67 621946.0 66481100.0
1001 Nov 11, 2016 9.65 9.74 9.51 9.66 978517.0 66375200.0
1002 Nov 12, 2016 9.69 9.86 9.56 9.64 1066110.0 66632200.0
1003 Nov 13, 2016 9.63 9.71 9.4 9.49 828714.0 66259100.0
1004 Nov 14, 2016 9.54 9.74 9.45 9.68 619525.0 65630600.0
1005 Nov 15, 2016 9.7 9.73 9.5 9.64 899729.0 66754800.0
1006 Nov 16, 2016 9.63 9.67 9.1 9.45 850986.0 66347900.0
1007 Nov 17, 2016 9.44 9.46 9.01 9.02 1037810.0 65038700.0
1008 Nov 18, 2016 9.02 9.11 8.79 8.95 867850.0 62179200.0
1009 Nov 19, 2016 8.96 8.97 8.42 8.48 1120590.0 61722700.0
1010 Nov 20, 2016 8.5 8.61 8.31 8.51 837398.0 58585000.0
1011 Nov 21, 2016 8.49 8.62 8.41 8.58 685102.0 58578200.0
1012 Nov 22, 2016 8.58 8.84 8.55 8.63 822084.0 59180400.0
1013 Nov 23, 2016 8.66 8.73 8.46 8.51 798355.0 59792300.0
1014 Nov 24, 2016 8.44 9.14 8.34 9.13 929254.0 58260600.0
1015 Nov 25, 2016 9.14 9.18 8.76 9.1 1170070.0 63117400.0
1016 Nov 26, 2016 9.11 9.13 8.79 8.89 947235.0 62900600.0
1017 Nov 27, 2016 8.9 9.17 8.89 9.09 1058670.0 61471600.0
1018 Nov 28, 2016 9.07 9.14 8.95 8.96 848792.0 62666300.0
1019 Nov 29, 2016 8.96 9.05 8.62 8.82 1402230.0 61963800.0
1020 Nov 30, 2016 8.82 8.95 8.75 8.91 605542.0 61023300.0
1021 Dec 01, 2016 8.91 8.94 8.7 8.74 672328.0 61634000.0
1022 Dec 02, 2016 8.75 8.86 8.61 8.66 823934.0 60538100.0
1023 Dec 03, 2016 8.63 8.92 8.61 8.88 939632.0 59770500.0
1024 Dec 04, 2016 8.87 9.01 8.65 8.81 889416.0 61445900.0
1025 Dec 05, 2016 8.8 8.9 8.48 8.56 979175.0 61042900.0
1026 Dec 06, 2016 8.56 8.81 8.49 8.8 1016800.0 59386400.0
1027 Dec 07, 2016 8.78 8.81 8.66 8.68 787296.0 60880100.0
1028 Dec 08, 2016 8.69 8.79 8.66 8.75 713673.0 60292700.0
1029 Dec 09, 2016 8.75 8.85 8.72 8.83 870014.0 60752100.0
1030 Dec 10, 2016 8.84 8.93 8.81 8.88 781253.0 61391600.0
1031 Dec 11, 2016 8.88 9.59 8.78 9.54 1065390.0 61671200.0
1032 Dec 12, 2016 9.52 9.66 9.07 9.1 1054770.0 66123200.0
1033 Dec 13, 2016 9.07 9.43 9.05 9.39 971378.0 63064100.0
1034 Dec 14, 2016 9.4 9.42 9.1 9.16 1416530.0 65366300.0
1035 Dec 15, 2016 9.18 9.39 9.08 9.29 1999050.0 63821200.0
1036 Dec 16, 2016 9.29 9.98 9.17 9.89 1951350.0 64662300.0
1037 Dec 17, 2016 9.87 9.91 9.39 9.74 1964650.0 68667100.0
1038 Dec 18, 2016 9.72 9.94 9.64 9.89 1935260.0 67675800.0
1039 Dec 19, 2016 9.88 10.52 9.87 10.31 2089000.0 68822100.0
1040 Dec 20, 2016 10.33 10.51 10.21 10.21 2236060.0 71983000.0
1041 Dec 21, 2016 10.22 10.26 9.78 9.81 2189580.0 71265200.0
1042 Dec 22, 2016 9.84 9.93 9.21 9.79 2611390.0 68569100.0
1043 Dec 23, 2016 9.77 9.9 9.23 9.55 2883150.0 68143200.0
1044 Dec 24, 2016 9.59 10.02 9.59 9.83 2686220.0 66873600.0
1045 Dec 25, 2016 9.82 10.17 9.78 10.0 2578850.0 68476200.0
1046 Dec 26, 2016 9.98 10.17 9.7 9.7 2106310.0 69653100.0
1047 Dec 27, 2016 9.72 9.91 9.45 9.74 2285700.0 67846400.0
1048 Dec 28, 2016 9.73 10.36 9.72 10.07 2490150.0 67916000.0
1049 Dec 29, 2016 10.05 11.05 10.01 10.84 3237930.0 70227400.0
1050 Dec 30, 2016 10.82 11.43 10.71 11.1 4445310.0 75640100.0
1051 Dec 31, 2016 11.13 11.32 10.92 11.2 3468330.0 77833900.0
1052 Jan 01, 2017 11.2 11.49 10.95 11.22 3684210.0 78350600.0
1053 Jan 02, 2017 11.26 11.95 11.23 11.8 3800380.0 78789700.0
1054 Jan 03, 2017 11.8 13.05 11.8 12.78 3846520.0 82603400.0
1055 Jan 04, 2017 12.81 16.95 12.74 16.52 4901250.0 89664000.0
1056 Jan 05, 2017 16.58 17.11 12.94 14.37 2579450.0 116187000.0
1057 Jan 06, 2017 14.42 14.87 11.86 12.03 2262740.0 101082000.0
1058 Jan 07, 2017 11.95 12.59 11.38 12.43 2542530.0 83814000.0
1059 Jan 08, 2017 12.42 13.11 12.19 12.54 3118970.0 87104800.0
1060 Jan 09, 2017 12.56 12.59 12.02 12.09 2365630.0 88154300.0
1061 Jan 10, 2017 12.02 12.64 11.97 12.48 1391630.0 84366800.0
1062 Jan 11, 2017 12.46 12.8 10.82 11.3 3100210.0 87501500.0
1063 Jan 12, 2017 11.29 12.53 11.04 12.22 8272830.0 79295200.0
1064 Jan 13, 2017 12.21 12.66 11.5 12.59 8400930.0 85789600.0
1065 Jan 14, 2017 12.59 12.65 12.0 12.07 7960870.0 88482900.0
1066 Jan 15, 2017 12.07 12.55 12.02 12.38 4362180.0 84869100.0
1067 Jan 16, 2017 12.37 13.07 12.04 12.93 3715630.0 86960200.0
1068 Jan 17, 2017 12.91 14.41 12.9 14.24 1810660.0 90828600.0
1069 Jan 18, 2017 14.24 14.29 13.47 14.06 1510760.0 100228000.0
1070 Jan 19, 2017 14.12 15.27 14.12 15.17 2170870.0 99371100.0
1071 Jan 20, 2017 15.14 15.48 14.82 15.15 2021010.0 106564000.0
1072 Jan 21, 2017 15.18 15.36 14.83 14.97 1958960.0 106916000.0
1073 Jan 22, 2017 14.99 15.52 14.95 15.11 1918440.0 105622000.0
1074 Jan 23, 2017 15.12 15.31 14.99 15.19 1553800.0 106549000.0
1075 Jan 24, 2017 15.11 15.11 13.9 14.08 2694720.0 106493000.0
1076 Jan 25, 2017 14.09 14.61 13.89 14.51 1656580.0 99366700.0
1077 Jan 26, 2017 14.48 15.05 14.43 15.04 1348170.0 102158000.0
1078 Jan 27, 2017 15.06 15.4 14.99 15.34 1303190.0 106228000.0
1079 Jan 28, 2017 15.32 15.36 15.07 15.26 1333010.0 108155000.0
1080 Jan 29, 2017 15.26 15.64 15.16 15.5 1363910.0 107705000.0
1081 Jan 30, 2017 15.49 16.03 15.49 15.96 2046270.0 109407000.0
1082 Jan 31, 2017 15.93 16.22 15.78 16.06 1384500.0 112498000.0
1083 Feb 01, 2017 16.04 16.24 15.65 16.03 2139000.0 113338000.0
1084 Feb 02, 2017 15.98 16.41 15.85 16.3 1350760.0 112934000.0
1085 Feb 03, 2017 16.31 17.6 16.31 17.52 1818910.0 115306000.0
1086 Feb 04, 2017 17.54 17.73 17.28 17.62 1598070.0 124173000.0
1087 Feb 05, 2017 17.53 17.67 16.84 17.05 1905980.0 124154000.0
1088 Feb 06, 2017 17.07 17.24 16.7 17.12 1025680.0 120894000.0
1089 Feb 07, 2017 17.11 17.5 17.03 17.13 1388260.0 121211000.0
1090 Feb 08, 2017 17.13 17.4 16.85 17.34 1552640.0 121430000.0
1091 Feb 09, 2017 17.34 17.59 15.69 16.58 1793860.0 122937000.0
1092 Feb 10, 2017 16.58 16.88 15.84 16.67 1386930.0 117570000.0
1093 Feb 11, 2017 16.68 17.21 16.59 17.14 1216530.0 118350000.0
1094 Feb 12, 2017 17.15 17.15 16.82 16.9 1264080.0 121667000.0
1095 Feb 13, 2017 16.88 17.04 16.63 16.87 1464030.0 119800000.0
1096 Feb 14, 2017 16.85 18.36 16.79 18.15 1948330.0 119626000.0
1097 Feb 15, 2017 18.1 19.66 17.7 19.63 3355410.0 128554000.0
1098 Feb 16, 2017 19.64 19.81 19.13 19.51 2859140.0 139499000.0
1099 Feb 17, 2017 19.47 20.14 19.19 20.0 1859180.0 138366000.0
1100 Feb 18, 2017 20.05 21.52 20.05 21.4 3498460.0 142505000.0
1101 Feb 19, 2017 21.46 23.73 21.43 22.54 5688120.0 152571000.0
1102 Feb 20, 2017 22.6 22.93 21.24 21.58 4159380.0 160743000.0
1103 Feb 21, 2017 21.6 22.1 20.44 21.24 4093200.0 153668000.0
1104 Feb 22, 2017 21.23 22.19 20.98 22.12 2625710.0 151098000.0
1105 Feb 23, 2017 22.09 25.22 22.09 25.22 4664780.0 157238000.0
1106 Feb 24, 2017 25.05 29.37 23.79 26.2 10322700.0 178372000.0
1107 Feb 25, 2017 26.23 27.11 23.6 26.75 7377240.0 186832000.0
1108 Feb 26, 2017 26.66 28.23 25.43 28.1 4656680.0 189992000.0
1109 Feb 27, 2017 28.09 28.64 27.47 28.17 4064580.0 200212000.0
1110 Feb 28, 2017 28.24 33.38 27.94 32.5 10042800.0 201326000.0
1111 Mar 01, 2017 32.62 46.75 32.33 42.53 31700200.0 232593000.0
1112 Mar 02, 2017 42.46 58.89 37.3 42.44 72796200.0 302911000.0
1113 Mar 03, 2017 44.04 51.4 38.53 47.37 33651400.0 314220000.0
1114 Mar 04, 2017 47.16 48.8 43.35 43.37 14949600.0 336628000.0
1115 Mar 05, 2017 43.14 44.81 39.68 42.31 12260100.0 307986000.0
1116 Mar 06, 2017 42.22 47.33 42.22 46.49 12933400.0 301783000.0
1117 Mar 07, 2017 46.57 46.91 44.13 45.68 9034640.0 332936000.0
1118 Mar 08, 2017 45.54 45.6 42.14 42.32 7640390.0 325712000.0
1119 Mar 09, 2017 42.23 53.38 41.65 51.05 21013500.0 302128000.0
1120 Mar 10, 2017 51.09 54.71 47.22 50.42 24723800.0 365561000.0
1121 Mar 11, 2017 50.39 74.1 50.14 72.92 55127200.0 360708000.0
1122 Mar 12, 2017 72.71 80.79 65.98 77.07 46099200.0 520543000.0
1123 Mar 13, 2017 76.96 81.03 70.36 74.61 36706700.0 551120000.0
1124 Mar 14, 2017 74.6 91.39 73.36 88.24 37180000.0 534395000.0
1125 Mar 15, 2017 89.06 101.7 85.77 95.08 68173100.0 638133000.0
1126 Mar 16, 2017 95.42 99.2 80.53 89.81 54538700.0 683888000.0
1127 Mar 17, 2017 89.56 100.0 81.94 99.14 44263600.0 642049000.0
1128 Mar 18, 2017 101.0 120.5 95.06 109.2 74763700.0 724518000.0
1129 Mar 19, 2017 107.5 113.9 98.71 108.2 44670100.0 771412000.0
1130 Mar 20, 2017 108.1 110.6 99.52 100.0 25082500.0 776036000.0
1131 Mar 21, 2017 99.9 104.2 90.85 95.37 40860300.0 717014000.0
1132 Mar 22, 2017 95.68 111.1 89.46 101.5 46138100.0 686887000.0
1133 Mar 23, 2017 101.2 103.4 98.97 101.4 15500100.0 727130000.0
1134 Mar 24, 2017 101.5 108.8 94.87 97.26 33033000.0 729578000.0
1135 Mar 25, 2017 96.97 99.42 91.46 94.32 23040200.0 696738000.0
1136 Mar 26, 2017 94.3 95.58 91.66 93.63 20996100.0 677736000.0
1137 Mar 27, 2017 93.63 93.97 78.88 85.65 45830500.0 673078000.0
1138 Mar 28, 2017 84.27 90.63 80.92 87.88 24886900.0 606012000.0
1139 Mar 29, 2017 87.81 88.03 83.11 84.39 18209000.0 631616000.0
1140 Mar 30, 2017 84.41 84.75 77.53 79.6 26036700.0 607325000.0
1141 Mar 31, 2017 79.5 81.75 67.66 74.9 37471500.0 572175000.0
1142 Apr 01, 2017 74.29 74.29 66.85 68.59 17542100.0 534806000.0
1143 Apr 02, 2017 68.26 71.2 54.95 57.06 26723500.0 491501000.0
1144 Apr 03, 2017 56.73 65.86 47.1 61.76 42403200.0 408589000.0
1145 Apr 04, 2017 63.41 71.84 57.89 69.06 33869600.0 456882000.0
1146 Apr 05, 2017 69.11 77.59 66.34 74.36 31084000.0 498097000.0
1147 Apr 06, 2017 74.45 74.45 64.27 66.52 21464900.0 537046000.0
1148 Apr 07, 2017 66.47 69.96 64.1 66.18 13046400.0 479637000.0
1149 Apr 08, 2017 66.07 68.89 65.5 67.75 10316300.0 476916000.0
1150 Apr 09, 2017 67.79 68.28 64.54 64.69 8535590.0 489452000.0
1151 Apr 10, 2017 64.73 65.4 60.05 61.31 12222700.0 467460000.0
1152 Apr 11, 2017 61.3 62.49 59.23 60.53 12016500.0 442808000.0
1153 Apr 12, 2017 60.71 68.47 59.14 68.0 21914300.0 438679000.0
1154 Apr 13, 2017 68.1 76.26 65.76 72.57 29296100.0 492196000.0
1155 Apr 14, 2017 72.6 73.53 68.54 70.77 15477900.0 524892000.0
1156 Apr 15, 2017 70.8 77.78 69.44 75.01 17237300.0 512034000.0
1157 Apr 16, 2017 75.06 76.76 74.47 75.34 11539500.0 542961000.0
1158 Apr 17, 2017 75.32 75.97 74.19 75.64 10470900.0 544956000.0
1159 Apr 18, 2017 75.62 76.21 71.07 72.83 14595000.0 547341000.0
1160 Apr 19, 2017 72.75 75.63 72.27 72.28 11688300.0 526688000.0
1161 Apr 20, 2017 72.17 72.73 71.02 71.44 9144880.0 522642000.0
1162 Apr 21, 2017 71.48 72.79 70.57 70.87 9790840.0 517733000.0
1163 Apr 22, 2017 70.84 72.51 70.35 71.22 9913170.0 513274000.0
1164 Apr 23, 2017 71.17 72.24 68.77 68.88 8328060.0 515838000.0
1165 Apr 24, 2017 68.92 72.21 68.92 72.19 7918480.0 499641000.0
1166 Apr 25, 2017 72.18 72.93 71.62 72.06 8641860.0 523445000.0
1167 Apr 26, 2017 72.04 72.22 70.68 71.52 8605760.0 522517000.0
1168 Apr 27, 2017 71.52 80.61 71.08 78.16 18560500.0 518868000.0
1169 Apr 28, 2017 78.02 80.93 77.32 79.48 16201200.0 566202000.0
1170 Apr 29, 2017 79.66 100.4 79.66 94.95 39496900.0 578278000.0
1171 Apr 30, 2017 94.21 97.12 88.79 91.54 19963300.0 684050000.0
1172 May 01, 2017 91.5 96.36 84.91 88.11 22978900.0 664545000.0
1173 May 02, 2017 87.91 89.42 83.39 86.23 14430400.0 638649000.0
1174 May 03, 2017 86.23 90.46 84.0 90.08 18749400.0 626662000.0
1175 May 04, 2017 90.12 96.69 90.06 92.8 26417800.0 655081000.0
1176 May 05, 2017 92.86 105.3 92.86 99.0 29039200.0 675223000.0
1177 May 06, 2017 99.17 101.5 97.43 99.75 17201700.0 721874000.0
1178 May 07, 2017 99.53 111.6 98.42 106.2 30297200.0 724648000.0
1179 May 08, 2017 106.5 107.0 95.45 101.0 26320700.0 775962000.0
1180 May 09, 2017 101.1 103.8 82.49 93.3 33359200.0 736626000.0
1181 May 10, 2017 92.89 97.18 89.82 91.51 17906900.0 676854000.0
1182 May 11, 2017 91.62 93.94 90.14 91.53 15996300.0 667796000.0
1183 May 12, 2017 91.8 92.42 85.87 86.8 15467900.0 669279000.0
1184 May 13, 2017 86.75 89.75 83.5 89.34 14419400.0 632643000.0
1185 May 14, 2017 89.55 90.96 88.52 89.79 12006000.0 653270000.0
1186 May 15, 2017 89.88 91.89 84.59 91.48 15672900.0 655801000.0
1187 May 16, 2017 91.67 91.67 85.08 85.59 14638900.0 669083000.0
1188 May 17, 2017 85.64 85.78 81.88 83.25 15847600.0 625221000.0
1189 May 18, 2017 83.21 89.8 83.21 89.73 14126000.0 607656000.0
1190 May 19, 2017 89.87 101.0 88.76 98.98 25889600.0 656468000.0
1191 May 20, 2017 98.83 105.8 98.69 100.7 22378100.0 722090000.0
1192 May 21, 2017 100.7 102.3 98.0 102.0 19898000.0 736086000.0
1193 May 22, 2017 101.6 146.7 96.29 120.7 76089200.0 743266000.0
1194 May 23, 2017 120.3 144.1 117.8 138.0 51407800.0 880270000.0
1195 May 24, 2017 139.1 157.0 139.1 144.6 47161500.0 1017440000.0
1196 May 25, 2017 143.2 145.1 118.6 119.6 60488800.0 1047690000.0
1197 May 26, 2017 118.6 139.4 110.0 112.9 45411400.0 868031000.0
1198 May 27, 2017 113.3 117.7 89.04 99.19 39936600.0 829763000.0
1199 May 28, 2017 100.4 115.5 100.4 108.1 39651700.0 735254000.0
1200 May 29, 2017 107.9 119.2 105.6 117.2 35802200.0 790454000.0
1201 May 30, 2017 117.1 127.0 115.3 121.1 42919400.0 858404000.0
1202 May 31, 2017 121.8 141.8 117.9 135.9 59781000.0 892886000.0
1203 Jun 01, 2017 136.4 147.9 131.6 136.0 46692500.0 1000300000.0
1204 Jun 02, 2017 137.0 145.8 136.3 145.2 39172500.0 1005050000.0
1205 Jun 03, 2017 145.2 148.4 142.8 144.2 39144000.0 1065460000.0
1206 Jun 04, 2017 143.8 143.8 140.4 143.3 28248800.0 1055520000.0
1207 Jun 05, 2017 143.4 145.8 141.9 144.9 40209200.0 1053050000.0
1208 Jun 06, 2017 145.4 147.9 134.2 145.1 66883600.0 1068210000.0
1209 Jun 07, 2017 145.2 153.7 138.1 140.3 44240500.0 1067130000.0
1210 Jun 08, 2017 140.8 146.1 139.4 145.0 29049200.0 1034920000.0
1211 Jun 09, 2017 144.9 149.6 144.9 148.9 28944700.0 1065470000.0
1212 Jun 10, 2017 149.1 152.4 147.8 152.0 32894500.0 1096550000.0
1213 Jun 11, 2017 151.9 200.1 151.9 188.2 155786000.0 1117860000.0
1214 Jun 12, 2017 187.1 197.1 162.3 170.7 79698800.0 1376490000.0
1215 Jun 13, 2017 171.2 183.9 171.2 183.9 51568400.0 1260370000.0
1216 Jun 14, 2017 183.6 191.5 156.1 163.2 53986500.0 1351820000.0
1217 Jun 15, 2017 163.1 166.0 143.3 163.3 48167500.0 1201030000.0
1218 Jun 16, 2017 163.6 167.6 158.4 166.2 35834400.0 1205110000.0
1219 Jun 17, 2017 166.2 183.8 166.1 178.1 58241000.0 1224440000.0
1220 Jun 18, 2017 178.5 193.9 176.1 193.5 77003000.0 1315450000.0
1221 Jun 19, 2017 193.2 208.4 192.8 201.2 98763400.0 1424100000.0
1222 Jun 20, 2017 201.3 203.7 180.6 187.9 58960400.0 1484670000.0
1223 Jun 21, 2017 187.7 188.0 175.0 178.8 40445100.0 1384740000.0
1224 Jun 22, 2017 179.2 183.3 175.7 177.0 37412700.0 1322590000.0
1225 Jun 23, 2017 177.0 193.4 177.0 189.2 42975000.0 1306270000.0
1226 Jun 24, 2017 189.3 190.5 178.6 182.6 35863100.0 1397190000.0
1227 Jun 25, 2017 182.3 183.4 169.2 172.8 36111800.0 1346200000.0
1228 Jun 26, 2017 172.9 175.9 149.2 162.8 40405300.0 1277190000.0
1229 Jun 27, 2017 162.8 176.0 153.9 176.0 48931600.0 1203160000.0
1230 Jun 28, 2017 177.0 185.9 174.5 184.1 27008600.0 1307820000.0
1231 Jun 29, 2017 183.1 184.4 176.7 177.1 42548600.0 1353710000.0
1232 Jun 30, 2017 177.3 184.5 177.3 181.7 48166300.0 1310690000.0
1233 Jul 01, 2017 181.6 182.2 165.6 165.7 42283100.0 1343300000.0
1234 Jul 02, 2017 165.6 174.1 163.9 173.4 33257700.0 1224910000.0
1235 Jul 03, 2017 173.3 182.5 171.9 180.7 40038200.0 1282650000.0
1236 Jul 04, 2017 180.2 187.3 180.2 183.0 51222900.0 1333710000.0
1237 Jul 05, 2017 183.0 212.6 181.0 209.4 93285800.0 1354980000.0
1238 Jul 06, 2017 210.3 227.8 205.3 213.1 114292000.0 1558330000.0
1239 Jul 07, 2017 212.7 213.0 194.7 196.4 59581400.0 1576370000.0
1240 Jul 08, 2017 196.1 211.3 187.2 209.1 41486800.0 1454000000.0
1241 Jul 09, 2017 209.6 212.4 195.6 195.6 44286500.0 1554430000.0
1242 Jul 10, 2017 195.9 197.3 170.0 174.3 38824100.0 1453580000.0
1243 Jul 11, 2017 173.6 180.3 159.9 165.7 44860900.0 1288140000.0
1244 Jul 12, 2017 165.0 179.8 159.5 179.8 30198600.0 1224620000.0
1245 Jul 13, 2017 179.8 182.6 169.5 171.2 24269400.0 1334790000.0
1246 Jul 14, 2017 171.4 171.9 156.4 161.0 26831900.0 1273130000.0
1247 Jul 15, 2017 161.2 163.4 139.9 140.1 30810000.0 1197760000.0
1248 Jul 16, 2017 139.6 143.5 119.1 132.6 35385900.0 1037360000.0
1249 Jul 17, 2017 132.3 154.9 132.3 153.8 32658200.0 983325000.0
1250 Jul 18, 2017 154.5 165.7 146.2 158.0 28103500.0 1148330000.0
1251 Jul 19, 2017 157.9 170.2 153.8 155.6 28281400.0 1174490000.0
1252 Jul 20, 2017 154.8 193.8 154.8 188.5 98932600.0 1151530000.0
1253 Jul 21, 2017 188.5 193.7 180.6 185.8 32884200.0 1402760000.0
1254 Jul 22, 2017 186.1 195.5 185.5 195.3 23312700.0 1384830000.0
1255 Jul 23, 2017 195.0 195.7 187.2 191.0 31110400.0 1451390000.0
1256 Jul 24, 2017 191.1 216.6 187.2 204.0 90278800.0 1422690000.0
1257 Jul 25, 2017 204.0 212.3 189.0 195.5 84970400.0 1519340000.0
1258 Jul 26, 2017 195.4 200.8 189.3 194.3 38380000.0 1456070000.0
1259 Jul 27, 2017 195.0 199.4 192.4 194.0 26363200.0 1453370000.0
1260 Jul 28, 2017 194.0 196.9 181.5 185.6 30108800.0 1445720000.0
1261 Jul 29, 2017 185.1 187.6 169.3 185.2 40505200.0 1379860000.0
1262 Jul 30, 2017 185.4 187.9 172.4 172.8 25327200.0 1382710000.0
1263 >Jul 31, 201 173.1 180.0 171.7 178.5 29249300.0 1291390000.0
1264 Aug 01, 2017 179.1 186.2 177.2 184.7 34656300.0 1336810000.0
1265 Aug 02, 2017 185.1 186.2 181.4 182.9 19076200.0 1381630000.0
1266 Aug 03, 2017 183.1 189.1 180.2 186.9 25612400.0 1367150000.0
1267 Aug 04, 2017 186.9 189.9 186.1 186.9 28791800.0 1395520000.0
1268 Aug 05, 2017 186.9 195.5 185.7 193.8 41127900.0 1397060000.0
1269 Aug 06, 2017 193.7 195.0 188.4 189.1 25336000.0 1447880000.0
1270 Aug 07, 2017 189.0 197.9 187.0 197.1 32441600.0 1413570000.0
1271 Aug 08, 2017 196.5 205.4 194.9 203.8 35117200.0 1470120000.0
1272 Aug 09, 2017 203.7 205.8 193.3 199.2 31657100.0 1524040000.0
1273 Aug 10, 2017 199.5 205.5 195.7 200.9 30972000.0 1493200000.0
1274 Aug 11, 2017 200.8 209.1 199.5 205.7 28677400.0 1502990000.0
1275 Aug 12, 2017 206.2 210.6 201.3 205.4 30017500.0 1543820000.0
1276 Aug 13, 2017 205.5 207.1 192.1 198.1 36281800.0 1539490000.0
1277 Aug 14, 2017 198.3 202.8 195.3 199.4 29888400.0 1485500000.0
1278 Aug 15, 2017 199.7 206.1 192.7 203.5 37532600.0 1496920000.0
1279 Aug 16, 2017 203.8 233.5 198.9 232.0 63100100.0 1527710000.0
1280 Aug 17, 2017 231.5 260.6 229.0 233.6 98375500.0 1736000000.0
1281 Aug 18, 2017 233.8 240.4 219.4 224.2 50324200.0 1753350000.0
1282 Aug 19, 2017 224.6 329.9 224.6 288.7 220487000.0 1685040000.0
1283 Aug 20, 2017 288.1 327.2 287.8 294.1 107973000.0 2162080000.0
1284 Aug 21, 2017 293.7 300.5 275.9 279.5 58023900.0 2204480000.0
1285 Aug 22, 2017 280.2 299.9 260.5 291.5 74971200.0 2103900000.0
1286 Aug 23, 2017 290.4 299.1 287.7 292.5 47798300.0 2180790000.0
1287 Aug 24, 2017 292.9 315.3 291.1 315.3 58804500.0 2200130000.0
1288 Aug 25, 2017 317.9 320.6 306.6 315.8 53632700.0 2388160000.0
1289 Aug 26, 2017 315.2 409.7 315.2 399.8 267415000.0 2369010000.0
1290 Aug 27, 2017 400.4 400.6 358.2 362.8 121516000.0 3009530000.0
1291 Aug 28, 2017 362.4 369.1 351.2 356.7 57630700.0 2725220000.0
1292 Aug 29, 2017 357.1 367.3 354.4 359.5 50014900.0 2685760000.0
1293 Aug 30, 2017 359.5 375.7 358.6 368.3 44586300.0 2704790000.0
1294 Aug 31, 2017 368.5 380.3 368.1 378.3 34978600.0 2773030000.0
1295 Sep 01, 2017 377.9 393.3 376.3 393.3 55440700.0 2844110000.0
1296 Sep 02, 2017 393.5 395.9 329.2 350.1 54813400.0 2962400000.0
1297 Sep 03, 2017 354.6 373.0 338.2 356.3 34945200.0 2670270000.0
1298 Sep 04, 2017 356.9 357.2 301.8 316.1 44170200.0 2689920000.0
1299 Sep 05, 2017 316.8 333.8 286.5 327.2 53928800.0 2388710000.0
1300 Sep 06, 2017 328.1 348.4 326.9 347.1 35294300.0 2474300000.0
1301 Sep 07, 2017 346.4 347.5 333.7 343.9 24715700.0 2612980000.0
1302 Sep 08, 2017 343.5 368.1 317.9 333.2 63012500.0 2591570000.0
1303 Sep 09, 2017 334.9 335.1 313.6 323.1 23244600.0 2527540000.0
1304 Sep 10, 2017 323.2 323.2 295.8 320.1 27435400.0 2439780000.0
1305 Sep 11, 2017 322.0 332.1 315.9 318.3 25159900.0 2431230000.0
1306 Sep 12, 2017 318.4 328.5 318.4 325.9 27190400.0 2404680000.0
1307 Sep 13, 2017 324.7 325.1 287.2 301.2 28322500.0 2452930000.0
1308 Sep 14, 2017 301.1 303.7 236.2 236.2 35013800.0 2275100000.0
1309 Sep 15, 2017 236.0 300.1 220.5 284.3 72695500.0 1784040000.0
1310 Sep 16, 2017 284.5 301.2 276.5 298.8 43702600.0 2150800000.0
1311 Sep 17, 2017 298.5 315.5 278.1 313.8 38081600.0 2257850000.0
1312 Sep 18, 2017 311.8 335.4 311.8 333.0 56189000.0 2359070000.0
1313 Sep 19, 2017 333.6 334.2 312.9 324.2 34362500.0 2524200000.0
1314 Sep 20, 2017 323.7 351.1 316.7 342.4 74246200.0 2450240000.0
1315 Sep 21, 2017 342.4 369.0 321.8 330.0 146454000.0 2591910000.0
1316 Sep 22, 2017 331.1 355.7 331.1 346.5 90613000.0 2507060000.0
1317 Sep 23, 2017 346.7 358.4 342.3 350.7 55928100.0 2626220000.0
1318 Sep 24, 2017 350.3 358.0 331.1 331.8 111537000.0 2654460000.0
1319 Sep 25, 2017 330.6 346.3 330.6 345.0 58356100.0 2505380000.0
1320 Sep 26, 2017 345.0 349.4 338.3 339.0 45406700.0 2615520000.0
1321 Sep 27, 2017 338.6 348.4 337.5 346.4 52033700.0 2567810000.0
1322 Sep 28, 2017 345.9 346.5 328.8 338.2 49620000.0 2623640000.0
1323 Sep 29, 2017 337.9 338.8 318.7 327.7 38011000.0 2563340000.0
1324 Sep 30, 2017 327.3 331.8 326.1 327.1 27802400.0 2483630000.0
1325 Oct 01, 2017 326.9 327.4 315.7 315.8 25835800.0 2481300000.0
1326 Oct 02, 2017 315.9 320.7 306.5 308.6 29696600.0 2398500000.0
1327 Oct 03, 2017 308.5 310.2 291.6 296.2 37104400.0 2342990000.0
1328 Oct 04, 2017 296.7 315.7 296.7 305.4 40983500.0 2255220000.0
1329 Oct 05, 2017 305.3 307.5 296.7 305.3 27180400.0 2321550000.0
1330 Oct 06, 2017 305.2 311.2 304.3 306.8 22935800.0 2321080000.0
1331 Oct 07, 2017 307.5 314.2 303.7 310.4 27552700.0 2339080000.0
1332 Oct 08, 2017 310.2 315.0 301.1 302.4 33683300.0 2360300000.0
1333 Oct 09, 2017 299.7 300.8 271.8 283.6 52085800.0 2280670000.0
1334 Oct 10, 2017 283.5 296.0 280.0 291.2 32941200.0 2158330000.0
1335 >Oct 11, 201 291.4 301.5 286.6 298.3 26434900.0 2218760000.0
1336 Oct 12, 2017 298.1 298.4 290.0 291.9 42625600.0 2270420000.0
1337 Oct 13, 2017 292.3 311.6 289.1 310.3 69258500.0 2227330000.0
1338 Oct 14, 2017 310.2 319.0 306.9 316.6 43951700.0 2363830000.0
1339 Oct 15, 2017 317.0 317.0 294.3 309.5 45301300.0 2416140000.0
1340 Oct 16, 2017 309.4 310.9 300.7 302.2 38139700.0 2359250000.0
1341 Oct 17, 2017 302.2 304.3 298.1 299.8 42569400.0 2305090000.0
1342 Oct 18, 2017 300.0 300.1 280.0 297.2 38693900.0 2288450000.0
1343 Oct 19, 2017 297.8 300.1 291.8 295.4 30741800.0 2272420000.0
1344 Oct 20, 2017 295.4 301.6 288.1 289.1 47125400.0 2254410000.0
1345 Oct 21, 2017 288.9 290.1 272.0 277.8 47244600.0 2205720000.0
1346 Oct 22, 2017 277.9 283.8 269.7 275.7 46070400.0 2122130000.0
1347 Oct 23, 2017 275.4 291.2 263.9 284.2 52259300.0 2103630000.0
1348 Oct 24, 2017 283.9 302.6 277.1 293.1 59674600.0 2169120000.0
1349 Oct 25, 2017 294.4 298.7 283.9 289.1 43986700.0 2250180000.0
1350 Oct 26, 2017 289.0 292.4 282.7 286.1 49309000.0 2209130000.0
1351 Oct 27, 2017 286.1 289.1 279.3 280.4 38421900.0 2187650000.0
1352 Oct 28, 2017 281.4 287.9 272.3 275.6 47092100.0 2152090000.0
1353 Oct 29, 2017 275.2 288.6 275.2 283.9 75483100.0 2105420000.0
1354 Oct 30, 2017 283.6 287.6 282.3 285.9 40805700.0 2170290000.0
1355 Oct 31, 2017 285.3 286.2 278.7 279.1 50260500.0 2184110000.0
1356 Nov 01, 2017 278.4 279.6 270.7 271.5 50960300.0 2131960000.0
1357 Nov 02, 2017 271.7 272.7 251.5 265.3 72437900.0 2081130000.0
1358 Nov 03, 2017 263.8 281.3 262.9 278.5 62984900.0 2021200000.0
1359 Nov 04, 2017 278.5 280.9 271.3 274.6 49462600.0 2135920000.0
1360 Nov 05, 2017 274.3 277.0 270.2 273.1 41028900.0 2103900000.0
1361 Nov 06, 2017 273.4 280.4 268.4 275.6 60053700.0 2097820000.0
1362 Nov 07, 2017 274.8 304.5 274.8 293.3 92431200.0 2109120000.0
1363 Nov 08, 2017 293.0 316.6 289.0 316.3 103556000.0 2249050000.0
1364 Nov 09, 2017 315.4 337.2 311.8 326.0 110840000.0 2421910000.0
1365 Nov 10, 2017 325.2 353.3 308.4 329.5 116352000.0 2497710000.0
1366 Nov 11, 2017 331.4 349.0 321.0 346.0 88651000.0 2545670000.0
1367 Nov 12, 2017 345.6 536.1 327.7 536.1 476198000.0 2655840000.0
1368 Nov 13, 2017 507.0 530.9 403.5 427.3 310886000.0 3896620000.0
1369 Nov 14, 2017 428.3 447.9 408.9 427.5 123854000.0 3292370000.0
1370 Nov 15, 2017 428.0 444.3 418.4 424.4 103157000.0 3291450000.0
1371 Nov 16, 2017 424.5 427.8 412.8 418.1 97321300.0 3264810000.0
1372 Nov 17, 2017 420.5 436.0 412.4 424.9 95099300.0 3235510000.0
1373 Nov 18, 2017 424.3 483.0 423.2 454.7 145255000.0 3265280000.0
1374 Nov 19, 2017 455.3 455.6 431.7 442.3 82954600.0 3504790000.0
1375 Nov 20, 2017 442.0 502.5 438.4 486.5 104701000.0 3403030000.0
1376 Nov 21, 2017 500.2 519.4 454.4 494.2 245163000.0 3852180000.0
1377 Nov 22, 2017 494.7 594.5 494.2 578.8 381958000.0 3810980000.0
1378 Nov 23, 2017 577.2 583.7 557.1 566.6 173698000.0 4447480000.0
1379 Nov 24, 2017 564.3 573.1 553.5 566.6 129105000.0 4349120000.0
1380 Nov 25, 2017 566.9 656.1 566.9 643.5 242807000.0 4370400000.0
1381 Nov 26, 2017 641.4 646.2 617.7 621.6 145500000.0 4945950000.0
1382 Nov 27, 2017 621.1 638.9 611.7 632.2 134862000.0 4790590000.0
1383 Nov 28, 2017 632.4 637.0 616.3 626.4 149795000.0 4878960000.0
1384 Nov 29, 2017 626.2 815.0 625.3 677.3 415879000.0 4832510000.0
1385 Nov 30, 2017 681.1 826.9 670.9 786.9 498872000.0 5257210000.0
1386 Dec 01, 2017 787.4 806.3 756.4 797.5 286044000.0 6079550000.0
1387 Dec 02, 2017 797.9 802.1 769.3 778.4 188147000.0 6161690000.0
1388 Dec 03, 2017 778.7 806.7 744.3 768.8 192447000.0 6015560000.0
1389 Dec 04, 2017 770.5 778.0 738.5 774.0 152281000.0 5957860000.0
1390 Dec 05, 2017 774.7 779.9 754.2 756.3 201103000.0 5991370000.0
1391 Dec 06, 2017 756.0 785.1 692.0 700.0 249073000.0 5848270000.0
1392 Dec 07, 2017 699.9 714.5 667.8 697.9 249305000.0 5416260000.0
1393 Dec 08, 2017 700.6 766.0 659.8 726.6 288291000.0 5423040000.0
1394 Dec 09, 2017 727.6 774.6 707.3 723.6 211738000.0 5633100000.0
1395 Dec 10, 2017 723.2 723.8 645.1 688.6 190183000.0 5600430000.0
1396 Dec 11, 2017 688.5 768.9 688.1 765.3 184131000.0 5333190000.0
1397 Dec 12, 2017 765.9 948.6 746.9 932.0 370539000.0 5934340000.0
1398 Dec 13, 2017 925.0 931.2 810.9 886.8 268426000.0 7168440000.0
1399 Dec 14, 2017 884.2 968.4 866.6 941.1 259303000.0 6853970000.0
1400 Dec 15, 2017 943.3 947.2 850.6 900.5 191527000.0 7313960000.0
1401 Dec 16, 2017 901.2 1001.0 897.2 1001.0 195788000.0 6989350000.0
1402 Dec 17, 2017 1014.0 1178.0 1014.0 1105.0 460594000.0 7869960000.0
1403 Dec 18, 2017 1110.0 1195.0 1044.0 1167.0 278638000.0 8614190000.0
1404 Dec 19, 2017 1165.0 1254.0 1126.0 1186.0 302869000.0 9042190000.0
1405 Dec 20, 2017 1184.0 1642.0 1167.0 1550.0 816872000.0 9198860000.0
1406 Dec 21, 2017 1555.0 1622.0 1371.0 1434.0 476900000.0 12079600000.0
1407 Dec 22, 2017 1441.0 1452.0 864.3 1179.0 510588000.0 11199600000.0
1408 Dec 23, 2017 1198.0 1362.0 1160.0 1275.0 327129000.0 9313260000.0
1409 Dec 24, 2017 1286.0 1286.0 1090.0 1184.0 230643000.0 9999390000.0
1410 Dec 25, 2017 1190.0 1235.0 1162.0 1175.0 195124000.0 9254180000.0
1411 Dec 26, 2017 1173.0 1227.0 1169.0 1222.0 231985000.0 9125790000.0
1412 Dec 27, 2017 1227.0 1255.0 1163.0 1189.0 211339000.0 9549870000.0
1413 Dec 28, 2017 1188.0 1188.0 1063.0 1160.0 190296000.0 9245510000.0
1414 Dec 29, 2017 1165.0 1187.0 1070.0 1147.0 195177000.0 9071760000.0
1415 Dec 30, 2017 1147.0 1147.0 948.2 1011.0 184834000.0 8930900000.0
1416 Dec 31, 2017 1002.0 1093.0 985.1 1051.0 154690000.0 7808250000.0
1417 Jan 01, 2018 1054.0 1072.0 1016.0 1053.0 138567000.0 8207990000.0
1418 Jan 02, 2018 1055.0 1241.0 1055.0 1217.0 257110000.0 8218420000.0
1419 Jan 03, 2018 1208.0 1216.0 1144.0 1170.0 175843000.0 9422640000.0
1420 Jan 04, 2018 1173.0 1316.0 1097.0 1229.0 284845000.0 9151080000.0
1421 Jan 05, 2018 1221.0 1273.0 1151.0 1152.0 237504000.0 9527170000.0
1422 >Jan 06, 201 1157.0 1279.0 1147.0 1265.0 215058000.0 9026110000.0
1423 Jan 07, 2018 1266.0 1394.0 1266.0 1285.0 230576000.0 9881510000.0
1424 Jan 08, 2018 1283.0 1320.0 1007.0 1087.0 215239000.0 10016200000.0
1425 Jan 09, 2018 1085.0 1134.0 1055.0 1111.0 220569000.0 8476040000.0
1426 Jan 10, 2018 1115.0 1117.0 1041.0 1106.0 231944000.0 8710310000.0
1427 Jan 11, 2018 1103.0 1110.0 973.0 1007.0 176591000.0 8615280000.0
1428 Jan 12, 2018 1013.0 1069.0 982.9 1054.0 142442000.0 7914550000.0
1429 Jan 13, 2018 1054.0 1125.0 1054.0 1100.0 174387000.0 8243350000.0
1430 Jan 14, 2018 1098.0 1110.0 996.4 1014.0 168878000.0 8582900000.0
1431 Jan 15, 2018 1006.0 1030.0 939.1 939.1 179247000.0 7868670000.0
1432 Jan 16, 2018 937.5 937.5 644.5 759.6 273462000.0 7332160000.0
1433 Jan 17, 2018 758.2 827.1 619.5 793.5 197477000.0 5931600000.0
1434 Jan 18, 2018 800.0 892.0 760.4 835.4 172729000.0 6259570000.0
1435 Jan 19, 2018 833.3 875.4 805.6 846.1 126837000.0 6521630000.0
1436 Jan 20, 2018 853.0 959.0 848.9 926.1 162376000.0 6677870000.0
1437 Jan 21, 2018 928.1 930.1 802.4 818.2 109775000.0 7267440000.0
1438 Jan 22, 2018 825.6 847.5 710.5 763.1 100651000.0 6466930000.0
1439 Jan 23, 2018 763.1 796.9 692.9 757.3 110265000.0 5978460000.0
1440 Jan 24, 2018 757.1 797.5 734.4 775.1 116898000.0 5932760000.0
1441 Jan 25, 2018 788.7 819.0 782.1 795.6 114378000.0 6182430000.0
1442 Jan 26, 2018 793.9 815.8 741.8 782.4 100517000.0 6224310000.0
1443 Jan 27, 2018 782.8 788.6 753.3 773.8 115618000.0 6139280000.0
1444 Jan 28, 2018 777.0 815.9 767.2 812.2 122949000.0 6095130000.0
1445 Jan 29, 2018 811.8 818.3 747.1 767.6 114750000.0 6369620000.0
1446 Jan 30, 2018 767.7 781.6 675.3 676.9 112419000.0 6025040000.0
1447 Jan 31, 2018 678.9 699.3 654.8 697.4 97657100.0 5329560000.0
1448 Feb 01, 2018 698.7 704.5 582.2 617.0 109256000.0 5486820000.0
1449 Feb 02, 2018 616.6 616.6 453.4 586.8 143263000.0 4842830000.0
1450 Feb 03, 2018 589.1 645.8 533.2 637.3 83763700.0 4631430000.0
1451 >Feb 04, 201 637.0 649.3 533.9 549.9 80706600.0 5008820000.0
1452 Feb 05, 2018 545.3 553.5 435.4 451.4 78015400.0 4288890000.0
1453 Feb 06, 2018 454.1 533.5 383.9 528.5 114171000.0 3572920000.0
1454 Feb 07, 2018 524.6 584.4 493.6 521.9 79763600.0 4128770000.0
1455 Feb 08, 2018 520.9 609.4 520.9 605.0 90716700.0 4100000000.0
1456 Feb 09, 2018 606.7 638.3 577.4 637.8 93581200.0 4776920000.0
1457 Feb 10, 2018 639.4 672.1 604.8 634.0 116397000.0 5035300000.0
1458 Feb 11, 2018 633.4 633.4 561.9 580.0 81111400.0 4989410000.0
1459 Feb 12, 2018 582.8 626.7 582.8 620.5 76646200.0 4591910000.0
1460 Feb 13, 2018 622.1 625.7 583.4 595.4 73287300.0 4902660000.0
1461 Feb 14, 2018 593.5 685.1 593.5 678.9 138992000.0 4679080000.0
1462 Feb 15, 2018 679.7 705.6 667.2 703.8 116822000.0 5359910000.0
1463 Feb 16, 2018 702.5 722.0 684.2 698.8 100343000.0 5540570000.0
1464 Feb 17, 2018 699.1 748.8 693.6 742.1 116106000.0 5515090000.0
1465 Feb 18, 2018 744.0 747.4 673.5 689.2 96752600.0 5871020000.0
1466 Feb 19, 2018 687.6 731.1 687.2 728.7 89328600.0 5427640000.0
1467 Feb 20, 2018 728.9 738.7 685.0 685.0 126208000.0 5754970000.0
1468 Feb 21, 2018 688.3 721.2 667.5 670.3 132954000.0 5435710000.0
1469 Feb 22, 2018 669.8 687.6 599.4 632.9 102483000.0 5290720000.0
1470 Feb 23, 2018 631.6 650.1 607.8 631.6 83578600.0 4990200000.0
1471 Feb 24, 2018 631.3 645.0 579.0 595.0 85813200.0 4989210000.0
1472 Feb 25, 2018 594.4 602.2 578.8 591.6 71436300.0 4698530000.0
1473 Feb 26, 2018 591.4 629.4 581.2 621.2 73748300.0 4676020000.0
1474 Feb 27, 2018 622.4 644.3 608.4 615.8 93478200.0 4922170000.0
1475 Feb 28, 2018 614.9 621.4 584.2 584.2 99014400.0 4864750000.0
1476 Mar 01, 2018 584.1 622.6 582.3 617.5 104167000.0 4621820000.0
1477 Mar 02, 2018 616.4 620.5 597.5 603.6 102460000.0 4878820000.0
1478 Mar 03, 2018 602.1 615.0 595.7 610.5 111384000.0 4766800000.0
1479 Mar 04, 2018 610.0 621.4 594.7 620.4 118065000.0 4830050000.0
1480 Mar 05, 2018 620.8 621.2 608.7 614.5 121584000.0 4921520000.0
1481 Mar 06, 2018 613.6 613.6 564.1 578.5 118674000.0 4865670000.0
1482 Mar 07, 2018 578.1 586.7 501.8 513.7 108981000.0 4584990000.0
1483 Mar 08, 2018 511.7 531.4 484.6 493.8 104108000.0 4059470000.0
1484 Mar 09, 2018 492.6 499.8 440.9 499.4 113806000.0 3909040000.0
1485 Mar 10, 2018 499.3 528.3 479.0 484.3 91266100.0 3963220000.0
1486 Mar 11, 2018 483.6 548.4 469.9 531.8 100122000.0 3839100000.0
1487 Mar 12, 2018 531.1 549.3 486.3 501.2 85381400.0 4217570000.0
1488 Mar 13, 2018 499.2 514.0 479.8 487.3 83317100.0 3965160000.0
1489 Mar 14, 2018 487.3 493.4 419.0 426.2 96938400.0 3871810000.0
1490 Mar 15, 2018 425.9 431.4 393.7 418.2 93514000.0 3384790000.0
1491 Mar 16, 2018 418.5 432.6 402.8 425.5 97572200.0 3326680000.0
1492 Mar 17, 2018 426.3 427.3 383.1 387.2 95970500.0 3389250000.0
1493 Mar 18, 2018 388.1 394.1 342.5 394.1 117296000.0 3086950000.0
1494 Mar 19, 2018 392.3 409.3 368.5 409.3 113994000.0 3120600000.0
1495 Mar 20, 2018 412.4 442.0 399.1 428.8 109677000.0 3281830000.0
1496 Mar 21, 2018 429.1 450.6 424.7 434.5 115173000.0 3415280000.0
1497 Mar 22, 2018 434.4 438.4 398.5 411.3 96356400.0 3458220000.0
1498 Mar 23, 2018 411.2 427.4 392.3 427.4 105668000.0 3274580000.0
1499 Mar 24, 2018 432.1 459.2 424.6 424.6 111372000.0 3441790000.0
1500 Mar 25, 2018 420.0 423.1 409.3 411.7 102753000.0 3345720000.0
1501 Mar 26, 2018 410.7 413.6 372.9 390.8 107776000.0 3272470000.0
1502 Mar 27, 2018 390.2 392.1 354.2 354.7 88373400.0 3109950000.0
