0 Jul 23, 2016 0.04 0.04 0.04 0.04 35.96 0.0
1 Jul 24, 2016 0.04 0.04 0.04 0.04 7.42 0.0
2 Jul 25, 2016 0.04 0.04 0.04 0.04 7.37 0.0
3 Jul 30, 2016 0.04 0.04 0.04 0.04 0.49 0.0
4 Jul 31, 2016 0.04 0.04 0.04 0.04 0.49 0.0
5 Aug 01, 2016 0.04 0.04 0.04 0.04 0.44 0.0
6 Aug 02, 2016 0.04 0.04 0.03 0.03 0.28 0.0
7 Aug 03, 2016 0.03 0.03 0.03 0.03 0.07 0.0
8 Aug 04, 2016 0.03 0.03 0.03 0.03 0.06 0.0
9 Aug 05, 2016 0.03 0.03 0.03 0.03 1.19 0.0
10 Aug 06, 2016 0.03 0.04 0.03 0.04 0.2 0.0
11 Aug 25, 2016 0.03 0.03 0.03 0.03 0.01 0.0
12 Aug 26, 2016 0.03 0.03 0.03 0.03 0.01 0.0
13 Aug 29, 2016 0.04 0.04 0.03 0.04 27.57 0.0
14 Aug 30, 2016 0.04 0.04 0.03 0.03 23.89 0.0
15 Oct 13, 2016 0.01 0.03 0.01 0.03 34707.7 0.0
16 Oct 14, 2016 0.03 0.04 0.02 0.02 75563.4 0.0
17 Oct 15, 2016 0.02 0.02 0.02 0.02 87516.5 0.0
18 Oct 16, 2016 0.02 0.02 0.02 0.02 61576.6 0.0
19 Oct 17, 2016 0.02 0.03 0.02 0.02 1316410.0 0.0
20 Oct 18, 2016 0.02 0.02 0.01 0.01 281499.0 19051900.0
21 Oct 19, 2016 0.01 0.02 0.01 0.02 203649.0 15462400.0
22 Oct 20, 2016 0.02 0.02 0.01 0.01 145587.0 17002700.0
23 Oct 21, 2016 0.01 0.01 0.01 0.01 104878.0 15013300.0
24 Oct 22, 2016 0.01 0.01 0.01 0.01 134767.0 14318400.0
25 Oct 23, 2016 0.01 0.01 0.01 0.01 96600.8 13573400.0
26 Oct 24, 2016 0.01 0.01 0.01 0.01 118622.0 12262500.0
27 Oct 25, 2016 0.01 0.01 0.01 0.01 82645.4 13896700.0
28 Oct 26, 2016 0.01 0.01 0.01 0.01 71104.1 12517700.0
29 >Oct 27, 201 0.01 0.01 0.01 0.01 76228.6 12151600.0
30 Oct 28, 2016 0.01 0.01 0.01 0.01 47067.5 11649000.0
31 Oct 29, 2016 0.01 0.01 0.01 0.01 69251.1 10272500.0
32 Oct 30, 2016 0.01 0.01 0.01 0.01 71488.4 9020240.0
33 Oct 31, 2016 0.01 0.01 0.01 0.01 34148.1 9931030.0
34 Nov 01, 2016 0.01 0.01 0.01 0.01 58374.5 9442460.0
35 Nov 02, 2016 0.01 0.01 0.01 0.01 99043.2 9306760.0
36 Nov 03, 2016 0.01 0.01 0.01 0.01 42039.1 10506600.0
37 Nov 04, 2016 0.01 0.01 0.01 0.01 28404.7 10138700.0
38 Nov 05, 2016 0.01 0.01 0.01 0.01 25689.4 11346500.0
39 Nov 06, 2016 0.01 0.01 0.01 0.01 27665.4 10835000.0
40 Nov 07, 2016 0.01 0.01 0.01 0.01 18978.2 10857300.0
41 Nov 08, 2016 0.01 0.01 0.01 0.01 40719.0 10008400.0
42 Nov 09, 2016 0.01 0.01 0.01 0.01 28822.8 9783970.0
43 Nov 10, 2016 0.01 0.01 0.01 0.01 11366.8 9954950.0
44 Nov 11, 2016 0.01 0.01 0.01 0.01 28637.3 10140500.0
45 Nov 12, 2016 0.01 0.01 0.01 0.01 25928.4 10201100.0
46 Nov 13, 2016 0.01 0.01 0.01 0.01 26143.8 10395500.0
47 Nov 14, 2016 0.01 0.01 0.01 0.01 8371.04 10387200.0
48 Nov 15, 2016 0.01 0.01 0.01 0.01 29654.5 10498000.0
49 Nov 16, 2016 0.01 0.01 0.01 0.01 26844.5 9815670.0
50 Nov 17, 2016 0.01 0.01 0.01 0.01 10638.6 9107300.0
51 Nov 18, 2016 0.01 0.01 0.01 0.01 13572.4 9328670.0
52 Nov 19, 2016 0.01 0.01 0.01 0.01 8019.3 9479790.0
53 Nov 20, 2016 0.01 0.01 0.01 0.01 14447.1 9447060.0
54 Nov 21, 2016 0.01 0.01 0.01 0.01 10135.5 9209630.0
55 Nov 22, 2016 0.01 0.01 0.01 0.01 21903.2 9340780.0
56 Nov 23, 2016 0.01 0.01 0.01 0.01 18956.1 9182030.0
57 Nov 24, 2016 0.01 0.01 0.01 0.01 25053.9 9709860.0
58 Nov 25, 2016 0.01 0.01 0.01 0.01 11348.0 10088500.0
59 Nov 26, 2016 0.01 0.01 0.01 0.01 10279.3 9804770.0
60 Nov 27, 2016 0.01 0.01 0.01 0.01 14149.3 9581460.0
61 Nov 28, 2016 0.01 0.01 0.01 0.01 8121.36 9390700.0
62 Nov 29, 2016 0.01 0.01 0.01 0.01 10494.6 9580800.0
63 Nov 30, 2016 0.01 0.01 0.01 0.01 18139.2 10009700.0
64 Dec 01, 2016 0.01 0.01 0.01 0.01 10497.6 9563590.0
65 Dec 02, 2016 0.01 0.01 0.01 0.01 29050.6 9395580.0
66 Dec 03, 2016 0.01 0.01 0.01 0.01 20401.8 8872650.0
67 Dec 04, 2016 0.01 0.01 0.01 0.01 9675.34 9083060.0
68 Dec 05, 2016 0.01 0.01 0.01 0.01 5935.33 9464150.0
69 Dec 06, 2016 0.01 0.01 0.01 0.01 19953.0 9281810.0
70 Dec 07, 2016 0.01 0.01 0.01 0.01 8457.28 8754380.0
71 Dec 08, 2016 0.01 0.01 0.01 0.01 11474.0 9645450.0
72 Dec 09, 2016 0.01 0.01 0.01 0.01 18937.1 9998590.0
73 Dec 10, 2016 0.01 0.01 0.01 0.01 5165.7 9463620.0
74 Dec 11, 2016 0.01 0.01 0.01 0.01 33068.3 9997390.0
75 Dec 12, 2016 0.01 0.01 0.01 0.01 11511.3 10848800.0
76 Dec 13, 2016 0.01 0.01 0.01 0.01 10866.6 10899400.0
77 Dec 14, 2016 0.01 0.01 0.01 0.01 6582.2 10737300.0
78 Dec 15, 2016 0.01 0.01 0.01 0.01 10815.4 10655600.0
79 Dec 16, 2016 0.01 0.01 0.01 0.01 7486.39 10209800.0
80 Dec 17, 2016 0.01 0.01 0.01 0.01 12756.7 10399700.0
81 Dec 18, 2016 0.01 0.01 0.01 0.01 17757.8 9957410.0
82 Dec 19, 2016 0.01 0.01 0.01 0.01 10874.9 10016600.0
83 Dec 20, 2016 0.01 0.01 0.01 0.01 23159.8 9905100.0
84 Dec 21, 2016 0.01 0.01 0.01 0.01 19185.6 9791850.0
85 Dec 22, 2016 0.01 0.01 0.01 0.01 24454.9 10044500.0
86 Dec 23, 2016 0.01 0.01 0.01 0.01 45525.2 10465700.0
87 Dec 24, 2016 0.01 0.01 0.01 0.01 48162.7 10156600.0
88 Dec 25, 2016 0.01 0.01 0.01 0.01 19539.2 11169700.0
89 Dec 26, 2016 0.01 0.01 0.01 0.01 8208.71 10862200.0
90 Dec 27, 2016 0.01 0.01 0.01 0.01 35504.6 10888700.0
91 Dec 28, 2016 0.01 0.01 0.01 0.01 42829.5 10418700.0
92 Dec 29, 2016 0.01 0.01 0.01 0.01 27191.6 9823750.0
93 Dec 30, 2016 0.01 0.01 0.01 0.01 8290.66 10752800.0
94 Dec 31, 2016 0.01 0.01 0.01 0.01 14334.2 10189500.0
95 Jan 01, 2017 0.01 0.01 0.01 0.01 15054.2 10139000.0
96 Jan 02, 2017 0.01 0.01 0.01 0.01 16745.5 10162600.0
97 Jan 03, 2017 0.01 0.01 0.01 0.01 16884.5 10335800.0
98 Jan 04, 2017 0.01 0.01 0.01 0.01 30300.8 10390700.0
99 Jan 05, 2017 0.01 0.01 0.01 0.01 31101.7 11879800.0
100 Jan 06, 2017 0.01 0.01 0.01 0.01 18463.6 10949300.0
101 Jan 07, 2017 0.01 0.01 0.01 0.01 44160.1 10031100.0
102 Jan 08, 2017 0.01 0.01 0.01 0.01 22919.6 11249300.0
103 Jan 09, 2017 0.01 0.01 0.01 0.01 29601.6 11132800.0
104 Jan 10, 2017 0.01 0.01 0.01 0.01 10029.4 11889000.0
105 Jan 11, 2017 0.01 0.01 0.01 0.01 31113.3 11392000.0
106 Jan 12, 2017 0.01 0.01 0.01 0.01 44079.8 9905270.0
107 Jan 13, 2017 0.01 0.01 0.01 0.01 9347.64 10266500.0
108 Jan 14, 2017 0.01 0.01 0.01 0.01 5478.42 10390300.0
109 Jan 15, 2017 0.01 0.01 0.01 0.01 163601.0 10641700.0
110 Jan 16, 2017 0.01 0.01 0.01 0.01 182394.0 12945900.0
111 Jan 17, 2017 0.01 0.01 0.01 0.01 75364.0 12641900.0
112 Jan 18, 2017 0.01 0.01 0.01 0.01 30714.3 13081200.0
113 Jan 19, 2017 0.01 0.01 0.01 0.01 94479.6 13512900.0
114 Jan 20, 2017 0.01 0.01 0.01 0.01 107047.0 14263900.0
115 Jan 21, 2017 0.01 0.01 0.01 0.01 83265.2 13663500.0
116 Jan 22, 2017 0.01 0.01 0.01 0.01 131786.0 13958700.0
117 Jan 23, 2017 0.01 0.02 0.01 0.02 271811.0 15319100.0
118 Jan 24, 2017 0.02 0.02 0.02 0.02 242465.0 16431000.0
119 Jan 25, 2017 0.02 0.02 0.02 0.02 556906.0 18398200.0
120 Jan 26, 2017 0.02 0.02 0.02 0.02 344741.0 19096600.0
121 Jan 27, 2017 0.02 0.02 0.02 0.02 210789.0 18936200.0
122 Jan 28, 2017 0.02 0.02 0.02 0.02 167148.0 17222400.0
123 Jan 29, 2017 0.02 0.02 0.02 0.02 182954.0 17982600.0
124 Jan 30, 2017 0.02 0.02 0.02 0.02 143870.0 20458800.0
125 Jan 31, 2017 0.02 0.02 0.02 0.02 103643.0 19461700.0
126 Feb 01, 2017 0.02 0.02 0.02 0.02 109245.0 18955000.0
127 Feb 02, 2017 0.02 0.02 0.02 0.02 126379.0 18498400.0
128 Feb 03, 2017 0.02 0.02 0.02 0.02 105343.0 19254900.0
129 Feb 04, 2017 0.02 0.02 0.02 0.02 145321.0 19471900.0
130 Feb 05, 2017 0.02 0.02 0.02 0.02 152603.0 18049900.0
131 Feb 06, 2017 0.02 0.02 0.02 0.02 281791.0 18895100.0
132 Feb 07, 2017 0.02 0.02 0.02 0.02 164242.0 21764300.0
133 Feb 08, 2017 0.02 0.02 0.02 0.02 115379.0 20864700.0
134 Feb 09, 2017 0.02 0.02 0.02 0.02 78379.2 20285700.0
135 Feb 10, 2017 0.02 0.02 0.02 0.02 204359.0 18259600.0
136 Feb 11, 2017 0.02 0.02 0.02 0.02 229924.0 19380800.0
137 Feb 12, 2017 0.02 0.02 0.02 0.02 142296.0 19918600.0
138 Feb 13, 2017 0.02 0.02 0.02 0.02 95965.7 18795700.0
139 Feb 14, 2017 0.02 0.02 0.02 0.02 148095.0 18374900.0
140 Feb 15, 2017 0.02 0.02 0.02 0.02 96265.3 18033800.0
141 Feb 16, 2017 0.02 0.02 0.01 0.02 102208.0 17398800.0
142 Feb 17, 2017 0.02 0.02 0.01 0.02 96088.2 16144300.0
143 Feb 18, 2017 0.02 0.02 0.01 0.01 101675.0 16524600.0
144 Feb 19, 2017 0.01 0.02 0.01 0.01 80634.7 15593600.0
145 Feb 20, 2017 0.01 0.02 0.01 0.01 62180.2 15932500.0
146 Feb 21, 2017 0.01 0.01 0.01 0.01 142292.0 15461000.0
147 Feb 22, 2017 0.01 0.01 0.01 0.01 58848.9 14592600.0
148 Feb 23, 2017 0.01 0.01 0.01 0.01 55317.6 14447000.0
149 Feb 24, 2017 0.01 0.01 0.01 0.01 57556.3 15416900.0
150 Feb 25, 2017 0.01 0.02 0.01 0.02 70457.3 14814500.0
151 Feb 26, 2017 0.02 0.02 0.02 0.02 74504.7 16329600.0
152 Feb 27, 2017 0.02 0.02 0.01 0.01 47174.6 16488100.0
153 Feb 28, 2017 0.01 0.01 0.01 0.01 42050.0 15460900.0
154 Mar 01, 2017 0.01 0.01 0.01 0.01 106941.0 15517600.0
155 Mar 02, 2017 0.01 0.01 0.01 0.01 106531.0 14413700.0
156 Mar 03, 2017 0.01 0.01 0.01 0.01 121121.0 14275600.0
157 Mar 04, 2017 0.01 0.01 0.01 0.01 69809.7 14480200.0
158 Mar 05, 2017 0.01 0.02 0.01 0.01 73722.9 15747400.0
159 Mar 06, 2017 0.01 0.02 0.01 0.02 73562.7 15918300.0
160 Mar 07, 2017 0.02 0.02 0.01 0.02 120242.0 17050200.0
161 Mar 08, 2017 0.02 0.02 0.01 0.01 79131.1 17031100.0
162 Mar 09, 2017 0.01 0.01 0.01 0.01 63977.2 15807100.0
163 Mar 10, 2017 0.01 0.01 0.01 0.01 92050.5 15091100.0
164 Mar 11, 2017 0.01 0.02 0.01 0.02 80219.1 14449700.0
165 Mar 12, 2017 0.01 0.02 0.01 0.02 97865.9 15967600.0
166 Mar 13, 2017 0.02 0.02 0.02 0.02 116845.0 16399900.0
167 Mar 14, 2017 0.02 0.02 0.02 0.02 118745.0 17990200.0
168 Mar 15, 2017 0.02 0.02 0.02 0.02 183140.0 17895500.0
169 Mar 16, 2017 0.02 0.02 0.02 0.02 205120.0 19295500.0
170 Mar 17, 2017 0.02 0.02 0.02 0.02 143377.0 19852700.0
171 Mar 18, 2017 0.02 0.02 0.01 0.01 130358.0 16828900.0
172 Mar 19, 2017 0.01 0.02 0.01 0.02 124757.0 15123500.0
173 Mar 20, 2017 0.02 0.02 0.02 0.02 137949.0 16760500.0
174 Mar 21, 2017 0.02 0.02 0.02 0.02 351141.0 19269200.0
175 Mar 22, 2017 0.02 0.02 0.02 0.02 213291.0 22718400.0
176 Mar 23, 2017 0.02 0.02 0.02 0.02 117659.0 21485600.0
177 Mar 24, 2017 0.02 0.02 0.02 0.02 111576.0 20125900.0
178 Mar 25, 2017 0.02 0.02 0.02 0.02 172783.0 18550100.0
179 Mar 26, 2017 0.02 0.02 0.02 0.02 258266.0 20144400.0
180 Mar 27, 2017 0.02 0.02 0.02 0.02 329496.0 21545600.0
181 Mar 28, 2017 0.02 0.02 0.02 0.02 227202.0 21463600.0
182 Mar 29, 2017 0.02 0.02 0.02 0.02 151738.0 21836200.0
183 Mar 30, 2017 0.02 0.02 0.02 0.02 95454.0 21861000.0
184 Mar 31, 2017 0.02 0.02 0.02 0.02 158453.0 20417500.0
185 Apr 01, 2017 0.02 0.02 0.02 0.02 88674.8 21900400.0
186 Apr 02, 2017 0.02 0.02 0.02 0.02 151049.0 22782700.0
187 Apr 03, 2017 0.02 0.03 0.02 0.02 367500.0 24109600.0
188 Apr 04, 2017 0.02 0.02 0.02 0.02 159626.0 22699300.0
189 Apr 05, 2017 0.02 0.02 0.02 0.02 119299.0 23082100.0
190 Apr 06, 2017 0.02 0.02 0.02 0.02 150784.0 22179900.0
191 Apr 07, 2017 0.02 0.02 0.02 0.02 184498.0 21263300.0
192 Apr 08, 2017 0.02 0.02 0.02 0.02 91975.0 19549900.0
193 Apr 09, 2017 0.02 0.02 0.02 0.02 91045.0 21416000.0
194 Apr 10, 2017 0.02 0.02 0.02 0.02 94112.2 19580700.0
195 Apr 11, 2017 0.02 0.02 0.02 0.02 164550.0 20336400.0
196 Apr 12, 2017 0.02 0.02 0.02 0.02 91416.9 22398000.0
197 Apr 13, 2017 0.02 0.02 0.02 0.02 111206.0 23428100.0
198 Apr 14, 2017 0.02 0.02 0.02 0.02 64986.1 24071100.0
199 Apr 15, 2017 0.02 0.03 0.02 0.02 65490.7 23297000.0
200 Apr 16, 2017 0.02 0.03 0.02 0.03 139883.0 24646500.0
201 Apr 17, 2017 0.03 0.03 0.02 0.03 197827.0 26006300.0
202 Apr 18, 2017 0.03 0.03 0.03 0.03 575516.0 25429400.0
203 Apr 19, 2017 0.03 0.03 0.03 0.03 506846.0 29949600.0
204 Apr 20, 2017 0.03 0.03 0.03 0.03 284151.0 32258800.0
205 Apr 21, 2017 0.03 0.03 0.03 0.03 186930.0 30205900.0
206 Apr 22, 2017 0.03 0.03 0.03 0.03 196335.0 28940100.0
207 Apr 23, 2017 0.03 0.03 0.03 0.03 166801.0 30608600.0
208 Apr 24, 2017 0.03 0.04 0.03 0.04 306723.0 30810300.0
209 Apr 25, 2017 0.04 0.04 0.04 0.04 1053240.0 35432600.0
210 Apr 26, 2017 0.04 0.05 0.04 0.04 1227260.0 39468300.0
211 Apr 27, 2017 0.04 0.04 0.04 0.04 533699.0 43666700.0
212 Apr 28, 2017 0.04 0.05 0.04 0.04 304810.0 43644000.0
213 Apr 29, 2017 0.04 0.05 0.04 0.05 700793.0 45485400.0
214 Apr 30, 2017 0.05 0.05 0.05 0.05 556249.0 50277600.0
215 May 01, 2017 0.05 0.05 0.04 0.04 868054.0 51620800.0
216 May 02, 2017 0.05 0.05 0.04 0.05 727962.0 46187800.0
217 May 03, 2017 0.05 0.05 0.04 0.05 625929.0 46884000.0
218 May 04, 2017 0.05 0.06 0.05 0.05 517891.0 50450000.0
219 May 05, 2017 0.05 0.07 0.05 0.06 1382590.0 52079800.0
220 May 06, 2017 0.06 0.07 0.06 0.07 779102.0 61570300.0
221 May 07, 2017 0.07 0.07 0.06 0.06 984432.0 67807600.0
222 May 08, 2017 0.06 0.07 0.06 0.07 975162.0 64787400.0
223 May 09, 2017 0.07 0.07 0.06 0.06 800478.0 71207800.0
224 May 10, 2017 0.06 0.07 0.06 0.06 385352.0 64385500.0
225 May 11, 2017 0.06 0.06 0.06 0.06 326883.0 63882400.0
226 May 12, 2017 0.06 0.06 0.06 0.06 286861.0 62789200.0
227 May 13, 2017 0.06 0.08 0.06 0.08 1420690.0 60334100.0
228 May 14, 2017 0.08 0.1 0.07 0.09 4947870.0 76358100.0
229 May 15, 2017 0.09 0.1 0.08 0.08 1580860.0 90617100.0
230 May 16, 2017 0.08 0.09 0.08 0.09 1398660.0 84636300.0
231 May 17, 2017 0.09 0.09 0.08 0.09 1234240.0 84991100.0
232 May 18, 2017 0.09 0.13 0.09 0.12 5784020.0 88708000.0
233 May 19, 2017 0.12 0.14 0.12 0.13 6008180.0 123862000.0
234 May 20, 2017 0.13 0.14 0.13 0.14 2845590.0 129392000.0
235 May 21, 2017 0.14 0.14 0.13 0.14 2403520.0 136716000.0
236 May 22, 2017 0.14 0.15 0.13 0.14 3102160.0 138739000.0
237 >May 23, 201 0.14 0.17 0.13 0.16 3663720.0 136353000.0
238 May 24, 2017 0.16 0.17 0.15 0.15 2474110.0 158565000.0
239 May 25, 2017 0.15 0.16 0.12 0.13 3512890.0 153463000.0
240 May 26, 2017 0.13 0.15 0.1 0.1 2458030.0 126120000.0
241 May 27, 2017 0.1 0.11 0.07 0.09 2858060.0 104869000.0
242 May 28, 2017 0.09 0.11 0.08 0.09 2324370.0 94015900.0
243 May 29, 2017 0.09 0.11 0.09 0.1 1698130.0 91614800.0
244 May 30, 2017 0.1 0.11 0.09 0.09 2061030.0 104364000.0
245 May 31, 2017 0.09 0.1 0.09 0.1 1468310.0 94561100.0
246 Jun 01, 2017 0.1 0.12 0.1 0.12 1949910.0 103009000.0
247 Jun 02, 2017 0.12 0.14 0.12 0.14 2963770.0 121850000.0
248 Jun 03, 2017 0.14 0.14 0.12 0.14 2034820.0 137269000.0
249 Jun 04, 2017 0.14 0.14 0.13 0.14 1136790.0 136366000.0
250 Jun 05, 2017 0.14 0.16 0.13 0.16 2853760.0 136405000.0
251 Jun 06, 2017 0.16 0.16 0.14 0.15 2825400.0 163222000.0
252 Jun 07, 2017 0.15 0.17 0.14 0.14 2707280.0 153672000.0
253 Jun 08, 2017 0.14 0.15 0.13 0.15 2578170.0 139473000.0
254 Jun 09, 2017 0.15 0.19 0.15 0.18 5908900.0 154011000.0
255 Jun 10, 2017 0.18 0.2 0.17 0.18 4804600.0 182238000.0
256 Jun 11, 2017 0.18 0.18 0.17 0.18 2795220.0 178395000.0
257 Jun 12, 2017 0.18 0.19 0.16 0.18 4253370.0 180341000.0
258 Jun 13, 2017 0.18 0.22 0.18 0.2 9379300.0 177927000.0
259 Jun 14, 2017 0.2 0.26 0.2 0.22 11299000.0 200685000.0
260 Jun 15, 2017 0.22 0.26 0.17 0.22 13894400.0 219863000.0
261 Jun 16, 2017 0.22 0.23 0.21 0.21 5508080.0 217400000.0
262 Jun 17, 2017 0.21 0.21 0.19 0.2 4816990.0 212558000.0
263 Jun 18, 2017 0.2 0.21 0.2 0.21 4034770.0 196578000.0
264 Jun 19, 2017 0.21 0.31 0.21 0.28 21298400.0 215190000.0
265 Jun 20, 2017 0.28 0.3 0.25 0.26 13436500.0 275866000.0
266 Jun 21, 2017 0.26 0.29 0.26 0.27 7870020.0 261647000.0
267 Jun 22, 2017 0.27 0.27 0.25 0.26 2451380.0 270183000.0
268 Jun 23, 2017 0.26 0.28 0.24 0.28 5694690.0 261117000.0
269 Jun 24, 2017 0.27 0.28 0.26 0.26 4449520.0 273983000.0
270 Jun 25, 2017 0.26 0.29 0.25 0.26 7775020.0 262244000.0
271 Jun 26, 2017 0.26 0.28 0.21 0.24 7856400.0 258083000.0
272 Jun 27, 2017 0.24 0.24 0.19 0.22 7450510.0 238470000.0
273 Jun 28, 2017 0.22 0.23 0.21 0.23 7110780.0 219890000.0
274 Jun 29, 2017 0.24 0.24 0.21 0.22 4821790.0 236765000.0
275 Jun 30, 2017 0.22 0.24 0.22 0.23 4938650.0 218707000.0
276 Jul 01, 2017 0.23 0.23 0.19 0.19 3360980.0 226371000.0
277 Jul 02, 2017 0.19 0.19 0.17 0.19 4060990.0 193667000.0
278 Jul 03, 2017 0.19 0.2 0.18 0.19 3045130.0 194574000.0
279 Jul 04, 2017 0.19 0.21 0.19 0.19 2913090.0 193830000.0
280 Jul 05, 2017 0.19 0.19 0.18 0.18 1960600.0 192696000.0
281 Jul 06, 2017 0.18 0.18 0.16 0.17 2492640.0 183083000.0
282 Jul 07, 2017 0.17 0.17 0.13 0.13 4503080.0 166466000.0
283 Jul 08, 2017 0.13 0.16 0.12 0.15 3950600.0 133522000.0
284 Jul 09, 2017 0.15 0.17 0.13 0.14 2709510.0 153385000.0
285 Jul 10, 2017 0.14 0.14 0.11 0.11 2642330.0 135896000.0
286 Jul 11, 2017 0.11 0.11 0.09 0.1 2550420.0 109301000.0
287 Jul 12, 2017 0.1 0.11 0.09 0.11 2157980.0 97783000.0
288 Jul 13, 2017 0.11 0.12 0.09 0.1 2504860.0 113592000.0
289 Jul 14, 2017 0.1 0.1 0.09 0.09 1312180.0 102835000.0
290 Jul 15, 2017 0.09 0.09 0.07 0.08 1993760.0 92143800.0
291 Jul 16, 2017 0.08 0.08 0.07 0.07 1315710.0 76658200.0
292 Jul 17, 2017 0.07 0.09 0.07 0.09 2235530.0 74319000.0
293 Jul 18, 2017 0.09 0.1 0.08 0.1 2245490.0 91235800.0
294 Jul 19, 2017 0.1 0.11 0.09 0.1 2295180.0 98797400.0
295 Jul 20, 2017 0.1 0.14 0.1 0.13 2630310.0 99832200.0
296 Jul 21, 2017 0.13 0.14 0.12 0.13 2840220.0 130310000.0
297 Jul 22, 2017 0.13 0.17 0.13 0.17 2994220.0 129069000.0
298 Jul 23, 2017 0.17 0.17 0.13 0.14 3564610.0 166404000.0
299 Jul 24, 2017 0.14 0.14 0.13 0.14 2049180.0 145341000.0
300 Jul 25, 2017 0.14 0.14 0.11 0.11 2144780.0 137376000.0
301 Jul 26, 2017 0.11 0.12 0.1 0.11 1744150.0 110608000.0
302 Jul 27, 2017 0.11 0.12 0.11 0.11 1159890.0 112326000.0
303 Jul 28, 2017 0.11 0.12 0.11 0.11 1269780.0 114872000.0
304 Jul 29, 2017 0.11 0.11 0.1 0.11 983739.0 107695000.0
305 Jul 30, 2017 0.11 0.11 0.1 0.11 698699.0 107270000.0
306 Jul 31, 2017 0.11 0.11 0.1 0.11 1096300.0 106339000.0
307 Aug 01, 2017 0.11 0.14 0.1 0.13 3114860.0 108287000.0
308 Aug 02, 2017 0.13 0.16 0.13 0.15 6387270.0 133575000.0
309 Aug 03, 2017 0.15 0.15 0.14 0.14 2185620.0 148582000.0
310 Aug 04, 2017 0.14 0.15 0.14 0.14 2850940.0 144416000.0
311 Aug 05, 2017 0.14 0.15 0.14 0.14 3494620.0 141299000.0
312 Aug 06, 2017 0.15 0.15 0.13 0.13 2020500.0 145925000.0
313 Aug 07, 2017 0.13 0.15 0.13 0.15 2161600.0 133822000.0
314 Aug 08, 2017 0.15 0.15 0.14 0.14 1771750.0 146795000.0
315 Aug 09, 2017 0.14 0.14 0.14 0.14 1654350.0 138748000.0
316 Aug 10, 2017 0.14 0.14 0.14 0.14 1542490.0 140968000.0
317 Aug 11, 2017 0.14 0.14 0.13 0.14 1864490.0 137269000.0
318 Aug 12, 2017 0.14 0.15 0.14 0.14 2391750.0 139782000.0
319 Aug 13, 2017 0.14 0.14 0.14 0.14 2242370.0 137320000.0
320 Aug 14, 2017 0.14 0.15 0.13 0.13 2432880.0 140418000.0
321 Aug 15, 2017 0.13 0.14 0.12 0.13 1795050.0 134444000.0
322 Aug 16, 2017 0.13 0.14 0.13 0.13 1385440.0 130991000.0
323 Aug 17, 2017 0.13 0.13 0.12 0.12 1252550.0 130033000.0
324 Aug 18, 2017 0.12 0.12 0.11 0.12 1094150.0 123458000.0
325 Aug 19, 2017 0.12 0.13 0.11 0.12 1348900.0 116319000.0
326 Aug 20, 2017 0.12 0.14 0.12 0.14 1582440.0 123370000.0
327 Aug 21, 2017 0.14 0.14 0.13 0.13 1627220.0 135579000.0
328 Aug 22, 2017 0.13 0.13 0.12 0.13 896213.0 132553000.0
329 Aug 23, 2017 0.13 0.15 0.13 0.14 2421980.0 128667000.0
330 Aug 24, 2017 0.14 0.14 0.13 0.14 1431140.0 137487000.0
331 Aug 25, 2017 0.14 0.14 0.13 0.13 1236130.0 137769000.0
332 Aug 26, 2017 0.13 0.14 0.13 0.14 1068250.0 131721000.0
333 Aug 27, 2017 0.14 0.14 0.14 0.14 1479990.0 138237000.0
334 Aug 28, 2017 0.14 0.15 0.13 0.14 1381760.0 139201000.0
335 Aug 29, 2017 0.14 0.15 0.14 0.14 1740080.0 144341000.0
336 Aug 30, 2017 0.14 0.14 0.13 0.14 1129500.0 138814000.0
337 Aug 31, 2017 0.14 0.14 0.14 0.14 1010480.0 137549000.0
338 Sep 01, 2017 0.14 0.15 0.14 0.15 879871.0 138562000.0
339 Sep 02, 2017 0.15 0.15 0.14 0.14 1226480.0 149396000.0
340 Sep 03, 2017 0.14 0.15 0.14 0.14 826290.0 140527000.0
341 Sep 04, 2017 0.14 0.14 0.11 0.12 1916160.0 141058000.0
342 Sep 05, 2017 0.12 0.13 0.1 0.13 2264870.0 116421000.0
343 Sep 06, 2017 0.13 0.15 0.13 0.15 2208370.0 129755000.0
344 Sep 07, 2017 0.15 0.17 0.14 0.15 3533350.0 147380000.0
345 Sep 08, 2017 0.16 0.19 0.13 0.14 7264460.0 156450000.0
346 Sep 09, 2017 0.14 0.14 0.13 0.13 1685640.0 136823000.0
347 Sep 10, 2017 0.13 0.13 0.12 0.13 1419660.0 128926000.0
348 Sep 11, 2017 0.13 0.14 0.12 0.13 1464060.0 127179000.0
349 Sep 12, 2017 0.13 0.14 0.12 0.13 1709430.0 132586000.0
350 Sep 13, 2017 0.12 0.13 0.11 0.12 1056280.0 124804000.0
351 Sep 14, 2017 0.12 0.12 0.09 0.09 1583700.0 116651000.0
352 Sep 15, 2017 0.09 0.11 0.07 0.1 2350330.0 89322800.0
353 Sep 16, 2017 0.1 0.11 0.09 0.1 1111320.0 101367000.0
354 Sep 17, 2017 0.1 0.11 0.1 0.1 569002.0 100042000.0
355 Sep 18, 2017 0.1 0.12 0.1 0.12 882828.0 105661000.0
356 Sep 19, 2017 0.12 0.12 0.11 0.11 513544.0 117792000.0
357 Sep 20, 2017 0.11 0.12 0.11 0.12 904757.0 112788000.0
358 Sep 21, 2017 0.12 0.13 0.11 0.12 1170610.0 115063000.0
359 Sep 22, 2017 0.12 0.12 0.11 0.12 669175.0 115972000.0
360 Sep 23, 2017 0.12 0.12 0.11 0.12 679478.0 117905000.0
361 Sep 24, 2017 0.12 0.12 0.11 0.12 363849.0 119485000.0
362 Sep 25, 2017 0.12 0.13 0.12 0.13 672965.0 115399000.0
363 Sep 26, 2017 0.13 0.13 0.13 0.13 1345830.0 131580000.0
364 Sep 27, 2017 0.13 0.18 0.13 0.18 2704200.0 132264000.0
365 Sep 28, 2017 0.17 0.18 0.16 0.17 4806750.0 173183000.0
366 Sep 29, 2017 0.17 0.17 0.15 0.17 2097970.0 172310000.0
367 Sep 30, 2017 0.17 0.21 0.16 0.21 4331390.0 166514000.0
368 Oct 01, 2017 0.21 0.21 0.2 0.2 3535710.0 209775000.0
369 Oct 02, 2017 0.2 0.21 0.19 0.19 2736480.0 205226000.0
370 Oct 03, 2017 0.19 0.2 0.17 0.18 1974330.0 193338000.0
371 Oct 04, 2017 0.18 0.18 0.16 0.17 680219.0 177165000.0
372 Oct 05, 2017 0.17 0.19 0.16 0.19 1404000.0 165929000.0
373 Oct 06, 2017 0.19 0.2 0.18 0.19 1789340.0 187814000.0
374 Oct 07, 2017 0.19 0.2 0.18 0.2 1123080.0 191161000.0
375 Oct 08, 2017 0.2 0.2 0.17 0.17 1433600.0 195263000.0
376 Oct 09, 2017 0.17 0.19 0.16 0.18 2195520.0 168444000.0
377 Oct 10, 2017 0.18 0.21 0.18 0.2 3168090.0 181609000.0
378 Oct 11, 2017 0.2 0.2 0.19 0.2 1558820.0 199487000.0
379 Oct 12, 2017 0.2 0.22 0.2 0.22 2968530.0 204720000.0
380 Oct 13, 2017 0.22 0.23 0.21 0.23 3379250.0 219126000.0
381 Oct 14, 2017 0.23 0.28 0.22 0.26 4597940.0 226277000.0
382 Oct 15, 2017 0.26 0.28 0.24 0.26 2587270.0 257463000.0
383 Oct 16, 2017 0.26 0.27 0.24 0.25 1851380.0 262331000.0
384 Oct 17, 2017 0.25 0.25 0.23 0.24 1050880.0 250681000.0
385 Oct 18, 2017 0.24 0.24 0.22 0.23 1009890.0 245111000.0
386 Oct 19, 2017 0.23 0.23 0.22 0.22 819756.0 229405000.0
387 Oct 20, 2017 0.22 0.23 0.21 0.22 1526680.0 221147000.0
388 Oct 21, 2017 0.22 0.22 0.19 0.2 1068020.0 218870000.0
389 Oct 22, 2017 0.2 0.21 0.2 0.2 779176.0 204096000.0
390 Oct 23, 2017 0.2 0.21 0.19 0.19 585671.0 203392000.0
391 Oct 24, 2017 0.19 0.22 0.19 0.21 1292760.0 193087000.0
392 Oct 25, 2017 0.21 0.21 0.19 0.2 535381.0 213359000.0
393 Oct 26, 2017 0.2 0.21 0.19 0.19 926481.0 202542000.0
394 Oct 27, 2017 0.19 0.2 0.19 0.2 450037.0 193463000.0
395 Oct 28, 2017 0.2 0.2 0.19 0.19 504235.0 198043000.0
396 Oct 29, 2017 0.19 0.2 0.19 0.2 567927.0 191856000.0
397 Oct 30, 2017 0.2 0.2 0.19 0.2 612716.0 199147000.0
398 Oct 31, 2017 0.2 0.2 0.2 0.2 719199.0 196343000.0
399 Nov 01, 2017 0.2 0.21 0.2 0.2 697397.0 199729000.0
400 Nov 02, 2017 0.2 0.26 0.18 0.25 2393020.0 204972000.0
401 Nov 03, 2017 0.24 0.24 0.19 0.21 1331170.0 243631000.0
402 Nov 04, 2017 0.21 0.22 0.2 0.2 480154.0 212848000.0
403 Nov 05, 2017 0.2 0.2 0.19 0.2 343106.0 201465000.0
404 Nov 06, 2017 0.2 0.2 0.19 0.2 432377.0 199154000.0
405 Nov 07, 2017 0.19 0.21 0.19 0.2 852899.0 193672000.0
406 Nov 08, 2017 0.2 0.23 0.2 0.23 1694140.0 203878000.0
407 Nov 09, 2017 0.23 0.25 0.22 0.24 1953440.0 233525000.0
408 Nov 10, 2017 0.24 0.26 0.2 0.21 1243430.0 239550000.0
409 Nov 11, 2017 0.21 0.23 0.21 0.22 1150300.0 213481000.0
410 Nov 12, 2017 0.22 0.22 0.19 0.19 1249890.0 219555000.0
411 Nov 13, 2017 0.19 0.22 0.19 0.21 566697.0 193612000.0
412 Nov 14, 2017 0.21 0.23 0.2 0.22 897405.0 207771000.0
413 Nov 15, 2017 0.22 0.23 0.22 0.23 1130760.0 224332000.0
414 Nov 16, 2017 0.23 0.24 0.23 0.23 1233910.0 230443000.0
415 Nov 17, 2017 0.23 0.24 0.23 0.23 619487.0 228271000.0
416 Nov 18, 2017 0.23 0.24 0.21 0.24 825041.0 227311000.0
417 Nov 19, 2017 0.24 0.25 0.23 0.24 1217420.0 236991000.0
418 Nov 20, 2017 0.24 0.27 0.24 0.26 1607750.0 241170000.0
419 Nov 21, 2017 0.26 0.3 0.25 0.27 3763940.0 262153000.0
420 Nov 22, 2017 0.27 0.33 0.27 0.3 7793390.0 268846000.0
421 Nov 23, 2017 0.29 0.3 0.27 0.28 2348920.0 295370000.0
422 Nov 24, 2017 0.28 0.28 0.26 0.26 1497870.0 278070000.0
423 Nov 25, 2017 0.26 0.28 0.26 0.28 1165860.0 264506000.0
424 Nov 26, 2017 0.28 0.33 0.27 0.33 2875270.0 277531000.0
425 Nov 27, 2017 0.33 0.37 0.32 0.34 4595960.0 325308000.0
426 Nov 28, 2017 0.34 0.38 0.31 0.36 4724580.0 345389000.0
427 Nov 29, 2017 0.36 0.39 0.3 0.3 5596700.0 362211000.0
428 Nov 30, 2017 0.3 0.33 0.27 0.3 2713070.0 300529000.0
429 Dec 01, 2017 0.3 0.36 0.29 0.35 2315330.0 305502000.0
430 Dec 02, 2017 0.35 0.44 0.35 0.43 8809400.0 349723000.0
431 Dec 03, 2017 0.43 0.51 0.41 0.47 16024000.0 425599000.0
432 Dec 04, 2017 0.47 0.58 0.47 0.57 12162400.0 472897000.0
433 Dec 05, 2017 0.6 0.64 0.56 0.57 10425600.0 605056000.0
434 Dec 06, 2017 0.56 0.57 0.49 0.51 11237100.0 564019000.0
435 Dec 07, 2017 0.51 0.58 0.47 0.56 10991000.0 508900000.0
436 Dec 08, 2017 0.54 0.59 0.48 0.57 8734970.0 541422000.0
437 Dec 09, 2017 0.56 0.6 0.5 0.55 5441910.0 561802000.0
438 Dec 10, 2017 0.56 0.56 0.41 0.5 4398910.0 556027000.0
439 Dec 11, 2017 0.49 0.62 0.49 0.61 7343840.0 492061000.0
440 Dec 12, 2017 0.62 1.06 0.6 1.02 45681200.0 615545000.0
441 Dec 13, 2017 0.98 1.05 0.89 0.97 19984000.0 975840000.0
442 Dec 14, 2017 0.97 1.0 0.87 0.92 13173700.0 973285000.0
443 Dec 15, 2017 0.91 0.93 0.79 0.89 14411800.0 913059000.0
444 Dec 16, 2017 0.98 0.98 0.89 0.93 16427200.0 977899000.0
445 Dec 17, 2017 0.93 1.03 0.92 0.97 12641100.0 932584000.0
446 Dec 18, 2017 0.97 1.18 0.93 1.14 23040900.0 966691000.0
447 Dec 19, 2017 1.14 1.22 1.03 1.1 19188100.0 1135710000.0
448 Dec 20, 2017 1.1 1.16 0.95 1.13 18438500.0 1101360000.0
449 Dec 21, 2017 1.14 1.39 1.13 1.25 27422400.0 1141110000.0
450 Dec 22, 2017 1.25 1.3 0.8 1.07 26619800.0 1251840000.0
451 Dec 23, 2017 1.08 1.75 1.04 1.57 49935200.0 1083890000.0
452 Dec 24, 2017 1.59 1.82 1.49 1.71 50415500.0 1590170000.0
453 Dec 25, 2017 1.71 1.72 1.55 1.71 24751800.0 1710110000.0
454 Dec 26, 2017 1.71 1.75 1.5 1.64 36924500.0 1704370000.0
455 Dec 27, 2017 1.69 1.73 1.52 1.61 35181400.0 1689370000.0
456 Dec 28, 2017 1.58 1.74 1.27 1.7 39140600.0 1581590000.0
457 Dec 29, 2017 1.72 1.79 1.65 1.7 32728500.0 1713800000.0
458 Dec 30, 2017 1.69 1.69 1.42 1.54 30738300.0 1689590000.0
459 Dec 31, 2017 1.52 1.8 1.48 1.72 35154900.0 1520970000.0
460 Jan 01, 2018 1.73 1.73 1.56 1.61 30592600.0 1724810000.0
461 Jan 02, 2018 1.61 2.07 1.57 1.84 35898800.0 1606010000.0
462 Jan 03, 2018 1.83 2.06 1.83 1.95 36564000.0 1825240000.0
463 Jan 04, 2018 1.96 1.98 1.74 1.78 8200610.0 1963000000.0
464 Jan 05, 2018 1.74 2.12 1.53 1.55 10296900.0 1737680000.0
465 Jan 06, 2018 1.53 1.84 1.49 1.7 6187090.0 1533610000.0
466 Jan 07, 2018 1.72 2.04 1.66 1.82 5744190.0 1717760000.0
467 Jan 08, 2018 1.82 1.83 1.41 1.57 5063520.0 1823610000.0
468 Jan 09, 2018 1.56 1.7 1.5 1.52 4491820.0 1557370000.0
469 Jan 10, 2018 1.53 1.59 1.44 1.59 4313850.0 1526230000.0
470 Jan 11, 2018 1.58 1.58 1.3 1.35 3507800.0 1581760000.0
471 Jan 12, 2018 1.35 1.5 1.32 1.49 3799320.0 1350180000.0
472 Jan 13, 2018 1.49 2.55 1.49 2.04 7005990.0 1484320000.0
473 Jan 15, 2018 2.39 2.39 1.94 2.1 4043480.0 2388850000.0
474 Jan 16, 2018 2.1 2.55 1.45 1.51 4679500.0 2095140000.0
475 Jan 17, 2018 1.49 1.96 1.08 1.66 78114300.0 1493380000.0
476 Jan 18, 2018 1.66 1.67 1.37 1.49 199863000.0 1657140000.0
477 Jan 19, 2018 1.44 1.58 1.31 1.41 147240000.0 1438540000.0
478 Jan 20, 2018 1.41 1.47 1.34 1.41 88087200.0 1413310000.0
479 Jan 21, 2018 1.42 1.42 1.04 1.09 78498400.0 1416200000.0
480 Jan 22, 2018 1.1 1.3 0.92 1.02 151668000.0 1099490000.0
481 Jan 23, 2018 1.01 1.11 0.95 1.05 50472000.0 1014930000.0
482 Jan 24, 2018 1.05 1.11 0.99 1.09 42700100.0 1045210000.0
483 Jan 25, 2018 1.09 1.13 1.06 1.09 26639800.0 1094210000.0
484 Jan 26, 2018 1.08 1.12 0.91 0.96 39607100.0 1080430000.0
485 Jan 27, 2018 0.98 1.04 0.94 0.99 28892600.0 981650000.0
486 Jan 28, 2018 0.97 1.03 0.97 1.01 18593700.0 969500000.0
487 Jan 29, 2018 1.0 1.05 0.93 1.03 31172300.0 1004050000.0
488 Jan 30, 2018 1.01 1.01 0.84 0.85 28039800.0 1005880000.0
489 Jan 31, 2018 0.85 0.85 0.69 0.8 28832600.0 846643000.0
490 Feb 01, 2018 0.8 0.82 0.58 0.61 23818600.0 797227000.0
491 Feb 02, 2018 0.6 0.6 0.38 0.54 33201500.0 601064000.0
492 Feb 03, 2018 0.54 0.56 0.44 0.53 15662200.0 544250000.0
493 Feb 04, 2018 0.54 0.57 0.42 0.44 19600900.0 537229000.0
494 Feb 05, 2018 0.44 0.45 0.35 0.38 10621100.0 439307000.0
495 Feb 06, 2018 0.38 0.42 0.3 0.42 16946600.0 376515000.0
496 Feb 07, 2018 0.41 0.43 0.37 0.4 10472400.0 409536000.0
497 Feb 08, 2018 0.4 0.45 0.39 0.45 11404600.0 396463000.0
498 Feb 09, 2018 0.43 0.53 0.43 0.52 74963400.0 434787000.0
499 Feb 10, 2018 0.56 0.59 0.48 0.55 34929200.0 554506000.0
500 Feb 11, 2018 0.53 0.53 0.46 0.49 15022500.0 530084000.0
501 Feb 12, 2018 0.5 0.54 0.5 0.54 10792800.0 498732000.0
502 Feb 13, 2018 0.53 0.54 0.5 0.51 9173070.0 532560000.0
503 Feb 14, 2018 0.51 0.52 0.5 0.52 9752520.0 507570000.0
504 Feb 15, 2018 0.52 0.54 0.51 0.53 12421300.0 515123000.0
505 Feb 16, 2018 0.53 0.55 0.51 0.53 11193500.0 531766000.0
506 Feb 17, 2018 0.53 0.54 0.51 0.54 9443350.0 527337000.0
507 Feb 18, 2018 0.53 0.53 0.47 0.48 8346990.0 532768000.0
508 Feb 19, 2018 0.51 0.53 0.5 0.53 17020800.0 508951000.0
509 Feb 20, 2018 0.53 0.58 0.51 0.51 35507500.0 528631000.0
510 Feb 21, 2018 0.51 0.51 0.46 0.47 7715610.0 504581000.0
511 Feb 22, 2018 0.47 0.48 0.41 0.43 4937670.0 470130000.0
512 Feb 23, 2018 0.43 0.45 0.4 0.45 4679230.0 428021000.0
513 Feb 24, 2018 0.45 0.45 0.41 0.41 3027050.0 445939000.0
514 Feb 25, 2018 0.42 0.43 0.41 0.42 3331580.0 416335000.0
515 Feb 26, 2018 0.42 0.43 0.41 0.43 3104810.0 425312000.0
516 Feb 27, 2018 0.43 0.43 0.41 0.42 2316650.0 429641000.0
517 Feb 28, 2018 0.42 0.43 0.38 0.38 3342310.0 420636000.0
518 Mar 01, 2018 0.38 0.4 0.36 0.39 4098460.0 381826000.0
519 Mar 02, 2018 0.39 0.4 0.37 0.4 4546800.0 386430000.0
520 Mar 03, 2018 0.4 0.44 0.39 0.42 6434880.0 399597000.0
521 Mar 04, 2018 0.42 0.42 0.4 0.42 3498680.0 424000000.0
522 Mar 05, 2018 0.42 0.42 0.4 0.4 3728840.0 415891000.0
523 Mar 06, 2018 0.4 0.4 0.38 0.38 2719590.0 403643000.0
524 Mar 07, 2018 0.38 0.39 0.34 0.34 3929620.0 383562000.0
525 Mar 08, 2018 0.34 0.35 0.32 0.32 3588940.0 343552000.0
526 Mar 09, 2018 0.32 0.32 0.27 0.3 3582840.0 319250000.0
527 Mar 10, 2018 0.3 0.3 0.28 0.28 3540630.0 297653000.0
528 Mar 11, 2018 0.28 0.3 0.27 0.29 1919040.0 279310000.0
529 Mar 12, 2018 0.29 0.31 0.28 0.29 2513060.0 289939000.0
530 Mar 13, 2018 0.29 0.33 0.29 0.33 4142030.0 293162000.0
531 Mar 14, 2018 0.33 0.37 0.29 0.29 12106200.0 325908000.0
532 Mar 15, 2018 0.3 0.3 0.25 0.28 3338490.0 297874000.0
533 Mar 16, 2018 0.28 0.32 0.27 0.3 6816270.0 283212000.0
534 Mar 17, 2018 0.3 0.3 0.26 0.26 2250080.0 301715000.0
535 Mar 18, 2018 0.26 0.26 0.22 0.26 3282110.0 259265000.0
536 Mar 19, 2018 0.26 0.3 0.26 0.29 3465250.0 263030000.0
537 Mar 20, 2018 0.3 0.31 0.28 0.3 3989100.0 296322000.0
538 Mar 21, 2018 0.3 0.32 0.29 0.3 3049290.0 301930000.0
539 Mar 22, 2018 0.3 0.33 0.29 0.3 4520180.0 299134000.0
540 Mar 23, 2018 0.3 0.3 0.27 0.28 2952850.0 304008000.0
541 Mar 24, 2018 0.28 0.29 0.27 0.28 3808980.0 282555000.0
542 Mar 25, 2018 0.28 0.34 0.27 0.28 2790040.0 274982000.0
543 Mar 26, 2018 0.28 0.28 0.25 0.27 2540960.0 282777000.0
544 Mar 27, 2018 0.27 0.27 0.25 0.26 2294850.0 266164000.0
