0 Oct 06, 2017 0.19 0.2 0.19 0.2 22130.5 0.0
1 Oct 07, 2017 0.2 0.25 0.18 0.25 38475.9 0.0
2 Oct 08, 2017 0.25 1.49 0.17 0.29 36339.8 0.0
3 Oct 09, 2017 0.32 0.32 0.22 0.25 16776.1 0.0
4 Oct 10, 2017 0.25 0.27 0.2 0.2 20495.4 0.0
5 Oct 11, 2017 0.2 0.26 0.2 0.2 16009.3 0.0
6 Oct 12, 2017 0.2 0.27 0.18 0.21 30129.3 0.0
7 Oct 13, 2017 0.21 0.26 0.18 0.19 34592.2 0.0
8 Oct 14, 2017 0.19 0.23 0.02 0.22 14610.2 0.0
9 Oct 15, 2017 0.22 0.23 0.19 0.19 6825.46 0.0
10 >Oct 16, 201 0.19 0.22 0.17 0.18 39621.5 0.0
11 Oct 17, 2017 0.18 0.2 0.15 0.19 17036.3 0.0
12 Oct 18, 2017 0.19 0.19 0.12 0.17 26564.1 0.0
13 Oct 19, 2017 0.17 0.24 0.13 0.17 24264.7 0.0
14 Oct 20, 2017 0.17 0.2 0.14 0.17 5704.0 0.0
15 Oct 21, 2017 0.17 0.18 0.13 0.16 22639.5 0.0
16 >Oct 22, 201 0.16 0.17 0.14 0.16 9851.69 0.0
17 Oct 23, 2017 0.16 0.17 0.13 0.13 35982.9 0.0
18 Oct 24, 2017 0.13 0.17 0.13 0.14 48704.9 0.0
19 Oct 25, 2017 0.14 0.16 0.14 0.15 1481.58 0.0
20 Oct 26, 2017 0.15 0.17 0.13 0.17 42943.4 0.0
21 Oct 27, 2017 0.17 0.17 0.14 0.14 21019.9 0.0
22 Oct 28, 2017 0.14 0.16 0.13 0.16 3589.51 0.0
23 Oct 29, 2017 0.16 0.17 0.14 0.16 5245.76 0.0
24 Oct 30, 2017 0.16 0.17 0.14 0.14 7202.61 0.0
25 Oct 31, 2017 0.14 0.17 0.14 0.15 46344.9 0.0
26 Nov 01, 2017 0.15 0.21 0.13 0.14 58795.1 0.0
27 Nov 02, 2017 0.14 0.16 0.13 0.14 20686.7 0.0
28 Nov 03, 2017 0.14 0.16 0.12 0.14 19424.0 0.0
29 Nov 04, 2017 0.14 0.15 0.13 0.14 15994.6 0.0
30 Nov 05, 2017 0.14 0.15 0.12 0.15 6183.31 0.0
31 Nov 06, 2017 0.15 0.15 0.1 0.1 18771.6 0.0
32 Nov 07, 2017 0.1 0.14 0.09 0.12 21793.8 0.0
33 Nov 08, 2017 0.12 0.14 0.12 0.12 13642.3 0.0
34 Nov 09, 2017 0.12 0.16 0.12 0.16 21440.8 0.0
35 Nov 10, 2017 0.16 0.16 0.12 0.12 33551.8 0.0
36 Nov 11, 2017 0.14 0.16 0.12 0.13 2136.32 0.0
37 Nov 12, 2017 0.13 0.15 0.12 0.14 12189.5 0.0
38 Nov 13, 2017 0.14 0.15 0.12 0.14 21381.4 0.0
39 Nov 14, 2017 0.14 0.15 0.13 0.14 34067.0 0.0
40 Nov 15, 2017 0.14 0.14 0.12 0.12 12694.8 0.0
41 Nov 16, 2017 0.12 0.17 0.12 0.14 81553.7 21866400.0
42 Nov 17, 2017 0.14 0.17 0.13 0.14 47732.7 25761900.0
43 Nov 18, 2017 0.14 0.15 0.13 0.14 21093.3 25069600.0
44 Nov 19, 2017 0.14 0.16 0.14 0.15 15465.5 26035000.0
45 Nov 20, 2017 0.15 0.19 0.14 0.16 73699.4 27860200.0
46 Nov 21, 2017 0.16 0.17 0.15 0.17 7051.49 28808100.0
47 Nov 22, 2017 0.17 0.19 0.17 0.19 31200.4 30197000.0
48 Nov 23, 2017 0.19 0.26 0.19 0.23 199411.0 34154500.0
49 Nov 24, 2017 0.23 0.23 0.2 0.22 46102.6 42282000.0
50 Nov 25, 2017 0.22 0.27 0.2 0.24 51676.6 40783200.0
51 Nov 26, 2017 0.24 0.27 0.21 0.23 42443.2 43926200.0
52 Nov 27, 2017 0.23 0.25 0.22 0.23 55006.3 41345300.0
53 Nov 28, 2017 0.23 0.25 0.22 0.24 28079.8 41827900.0
54 Nov 29, 2017 0.24 0.25 0.2 0.22 12540.9 44108500.0
55 Nov 30, 2017 0.22 0.25 0.2 0.25 142725.0 40362100.0
56 Dec 01, 2017 0.25 0.3 0.24 0.3 68615.4 45211300.0
57 Dec 02, 2017 0.3 0.33 0.29 0.31 74698.3 54578700.0
58 Dec 03, 2017 0.31 0.33 0.29 0.32 63048.0 56069000.0
59 Dec 04, 2017 0.32 0.37 0.31 0.36 59231.6 58508900.0
60 Dec 05, 2017 0.36 0.42 0.35 0.41 56483.9 65261500.0
61 Dec 06, 2017 0.41 0.71 0.41 0.71 236956.0 73955900.0
62 Dec 07, 2017 0.7 0.74 0.42 0.59 502319.0 127520000.0
63 Dec 08, 2017 0.56 0.6 0.46 0.54 360288.0 102436000.0
64 Dec 09, 2017 0.54 0.65 0.48 0.49 187639.0 98808800.0
65 Dec 10, 2017 0.49 0.56 0.37 0.44 86142.9 89339000.0
66 Dec 11, 2017 0.44 0.49 0.35 0.47 220240.0 80122300.0
67 Dec 12, 2017 0.47 0.62 0.42 0.59 97331.1 85582000.0
68 Dec 13, 2017 0.59 0.72 0.54 0.64 89749.1 107754000.0
69 Dec 14, 2017 0.64 0.69 0.6 0.66 246756.0 117335000.0
70 Dec 15, 2017 0.66 0.68 0.6 0.62 289483.0 121007000.0
71 Dec 16, 2017 0.63 0.65 0.58 0.6 376054.0 114588000.0
72 Dec 17, 2017 0.6 0.66 0.59 0.61 351307.0 109594000.0
73 Dec 18, 2017 0.61 0.65 0.57 0.62 687354.0 111531000.0
74 Dec 19, 2017 0.62 1.06 0.62 1.05 725817.0 113788000.0
75 Dec 20, 2017 1.05 1.05 0.72 0.8 925381.0 192554000.0
76 Dec 21, 2017 0.8 0.91 0.75 0.75 220805.0 146402000.0
77 Dec 22, 2017 0.72 0.83 0.4 0.61 583378.0 132476000.0
78 Dec 23, 2017 0.56 0.67 0.51 0.52 839943.0 102837000.0
79 Dec 24, 2017 0.53 0.53 0.42 0.46 811846.0 96336600.0
80 Dec 25, 2017 0.47 0.55 0.46 0.54 637287.0 85393200.0
81 Dec 26, 2017 0.53 0.73 0.52 0.69 671928.0 97866300.0
82 Dec 27, 2017 0.71 0.76 0.64 0.71 444550.0 130951000.0
83 Dec 28, 2017 0.71 0.71 0.57 0.61 359094.0 129694000.0
84 Dec 29, 2017 0.6 0.69 0.57 0.65 337828.0 110578000.0
85 Dec 30, 2017 0.69 0.69 0.55 0.66 462467.0 127277000.0
86 Dec 31, 2017 0.66 0.73 0.55 0.72 554462.0 120569000.0
87 Jan 01, 2018 0.7 1.48 0.66 1.35 2409160.0 129169000.0
88 Jan 02, 2018 1.36 2.44 1.36 2.42 5207890.0 249791000.0
89 Jan 03, 2018 2.42 2.42 1.95 2.09 2351030.0 443175000.0
90 Jan 04, 2018 2.1 2.18 1.86 2.1 2443920.0 384571000.0
91 Jan 05, 2018 2.13 2.87 2.13 2.53 4205640.0 389488000.0
92 Jan 06, 2018 2.51 2.7 2.23 2.36 3014060.0 459475000.0
93 Jan 07, 2018 2.35 3.0 2.2 3.0 2609570.0 430297000.0
94 Jan 08, 2018 2.92 3.14 2.49 2.9 2470460.0 534516000.0
95 Jan 09, 2018 2.89 2.99 2.53 2.81 2547570.0 528607000.0
96 Jan 10, 2018 2.79 2.8 2.21 2.45 2766430.0 509893000.0
97 Jan 11, 2018 2.48 2.59 2.05 2.41 1791770.0 454689000.0
98 Jan 12, 2018 2.43 2.62 2.27 2.51 1629480.0 444080000.0
99 Jan 13, 2018 2.5 2.82 2.42 2.7 2718050.0 458472000.0
100 Jan 14, 2018 2.71 2.79 2.44 2.61 1931400.0 495134000.0
101 Jan 15, 2018 2.66 2.72 2.04 2.26 1964590.0 486415000.0
102 Jan 16, 2018 2.2 2.37 1.59 1.92 1596940.0 402094000.0
103 Jan 17, 2018 1.91 2.19 1.54 1.98 1240490.0 465579000.0
104 Jan 18, 2018 1.98 2.24 1.85 1.97 1256730.0 483172000.0
105 Jan 19, 2018 1.94 2.17 1.76 1.86 1149220.0 473735000.0
106 Jan 20, 2018 1.86 2.21 1.86 1.99 799479.0 454369000.0
107 Jan 21, 2018 2.0 2.1 1.75 1.92 1000580.0 488172000.0
108 Jan 22, 2018 1.94 1.95 1.64 1.78 683656.0 473951000.0
109 Jan 23, 2018 1.77 1.9 1.67 1.7 807366.0 432874000.0
110 Jan 24, 2018 1.7 1.88 1.66 1.82 1559140.0 415782000.0
111 Jan 25, 2018 1.86 1.92 1.76 1.78 1024320.0 454196000.0
112 Jan 26, 2018 1.78 1.9 1.66 1.83 1015660.0 611258000.0
113 Jan 27, 2018 1.83 1.98 1.8 1.98 720460.0 630823000.0
114 Jan 28, 2018 1.98 2.48 1.96 2.37 1646840.0 680087000.0
115 Jan 29, 2018 2.38 2.62 2.22 2.29 1836730.0 819101000.0
116 Jan 30, 2018 2.3 2.36 1.9 1.95 1629830.0 791971000.0
117 Jan 31, 2018 1.96 2.24 1.84 2.02 1423700.0 673118000.0
118 Feb 01, 2018 2.03 2.23 1.72 1.87 973099.0 698479000.0
119 Feb 02, 2018 1.86 1.87 1.28 1.59 917640.0 640989000.0
120 Feb 03, 2018 1.59 1.9 1.46 1.72 701289.0 548548000.0
121 Feb 04, 2018 1.72 1.82 1.41 1.5 663940.0 592649000.0
122 >Feb 05, 201 1.48 1.54 1.05 1.12 764470.0 510504000.0
123 Feb 06, 2018 1.12 1.42 0.83 1.41 1148330.0 386224000.0
124 Feb 07, 2018 1.4 1.54 1.19 1.2 744113.0 481604000.0
125 Feb 08, 2018 1.22 1.47 1.21 1.37 479390.0 419729000.0
126 Feb 09, 2018 1.38 2.19 1.27 1.5 710388.0 474355000.0
127 Feb 10, 2018 1.5 1.58 1.4 1.47 562500.0 515456000.0
128 Feb 11, 2018 1.47 1.56 1.34 1.43 516198.0 506200000.0
129 Feb 12, 2018 1.44 1.85 1.43 1.74 1196790.0 494427000.0
130 Feb 13, 2018 1.73 1.8 1.63 1.73 762763.0 594594000.0
131 Feb 14, 2018 1.71 2.37 1.71 2.33 1635590.0 612423000.0
132 Feb 15, 2018 2.34 2.34 1.99 1.99 1390900.0 840560000.0
133 Feb 16, 2018 2.01 2.43 2.0 2.26 745385.0 720841000.0
134 Feb 17, 2018 2.26 2.43 2.21 2.28 1098650.0 810646000.0
135 Feb 18, 2018 2.27 2.35 2.09 2.23 914941.0 815915000.0
136 Feb 19, 2018 2.22 2.38 2.19 2.38 842577.0 796025000.0
137 Feb 20, 2018 2.38 2.61 2.32 2.32 1265460.0 854197000.0
138 Feb 21, 2018 2.3 2.46 2.04 2.12 785626.0 826161000.0
139 Feb 22, 2018 2.12 2.19 1.85 1.97 994730.0 760782000.0
140 Feb 23, 2018 1.97 2.11 1.85 1.9 666451.0 705294000.0
141 Feb 24, 2018 1.9 2.04 1.82 1.9 597030.0 681001000.0
142 Feb 25, 2018 1.9 1.9 1.81 1.87 307627.0 682554000.0
143 Feb 26, 2018 1.86 2.08 1.84 2.04 513974.0 667228000.0
144 Feb 27, 2018 2.05 2.05 1.82 1.83 698792.0 735864000.0
145 Feb 28, 2018 1.83 1.98 1.72 1.74 905598.0 657274000.0
146 Mar 01, 2018 1.74 1.82 1.72 1.76 883064.0 625089000.0
147 Mar 02, 2018 1.76 1.84 1.75 1.77 859359.0 632524000.0
148 Mar 03, 2018 1.77 1.88 1.76 1.79 771788.0 638028000.0
149 Mar 04, 2018 1.79 1.86 1.62 1.82 860770.0 645349000.0
150 Mar 05, 2018 1.82 1.94 1.68 1.71 1461500.0 654590000.0
151 Mar 06, 2018 1.71 1.84 1.6 1.62 1070350.0 613040000.0
152 Mar 07, 2018 1.61 1.68 1.47 1.54 864987.0 580362000.0
153 Mar 08, 2018 1.54 1.61 1.32 1.33 783809.0 552359000.0
154 Mar 09, 2018 1.33 1.56 1.2 1.54 791133.0 478274000.0
155 Mar 10, 2018 1.53 1.55 1.27 1.35 834448.0 552009000.0
156 Mar 11, 2018 1.35 1.53 1.26 1.46 704859.0 483866000.0
157 Mar 12, 2018 1.45 1.52 1.26 1.32 623472.0 522358000.0
158 Mar 13, 2018 1.31 1.39 1.25 1.34 614413.0 472153000.0
159 Mar 14, 2018 1.34 1.4 1.15 1.22 666784.0 482802000.0
160 Mar 15, 2018 1.21 1.24 1.09 1.15 892659.0 436558000.0
161 Mar 16, 2018 1.15 1.2 1.1 1.15 561047.0 411653000.0
162 Mar 17, 2018 1.15 1.16 1.03 1.03 488605.0 414025000.0
163 Mar 18, 2018 1.03 1.07 0.85 1.04 681938.0 369724000.0
164 Mar 19, 2018 1.04 1.13 1.01 1.09 643322.0 374772000.0
165 Mar 20, 2018 1.1 1.18 1.07 1.14 641695.0 394911000.0
166 Mar 21, 2018 1.14 1.25 1.14 1.21 546389.0 410287000.0
167 Mar 22, 2018 1.21 1.27 1.09 1.14 466219.0 434016000.0
168 Mar 23, 2018 1.14 1.14 1.06 1.12 539824.0 409745000.0
169 Mar 24, 2018 1.13 1.24 1.1 1.12 429531.0 406961000.0
170 Mar 25, 2018 1.1 1.19 1.07 1.19 395674.0 397064000.0
171 Mar 26, 2018 1.17 1.21 1.07 1.16 652340.0 420014000.0
172 Mar 27, 2018 1.16 1.16 1.06 1.07 385060.0 415300000.0
