0 Dec 18, 2017 0.45 0.45 0.45 0.45 12237500.0 0.0
1 Dec 19, 2017 0.45 0.57 0.41 0.49 6601140.0 0.0
2 Dec 20, 2017 0.49 0.55 0.41 0.47 3346510.0 0.0
3 Dec 21, 2017 0.47 0.49 0.39 0.42 2702170.0 0.0
4 Dec 22, 2017 0.42 0.43 0.21 0.32 2275030.0 0.0
5 Dec 23, 2017 0.31 0.36 0.31 0.33 644652.0 0.0
6 Dec 24, 2017 0.33 0.34 0.28 0.31 722314.0 0.0
7 Dec 25, 2017 0.31 0.33 0.29 0.3 990268.0 0.0
8 Dec 26, 2017 0.3 0.34 0.29 0.32 1434000.0 0.0
9 Dec 27, 2017 0.32 0.33 0.26 0.28 1670720.0 0.0
10 Dec 28, 2017 0.28 0.29 0.23 0.26 821376.0 0.0
11 Dec 29, 2017 0.26 0.29 0.26 0.28 490361.0 0.0
12 Dec 30, 2017 0.28 0.28 0.25 0.26 771336.0 0.0
13 Dec 31, 2017 0.25 0.39 0.25 0.35 3220130.0 0.0
14 Jan 01, 2018 0.35 0.53 0.34 0.53 11010800.0 0.0
15 Jan 02, 2018 0.53 0.56 0.46 0.54 31411900.0 0.0
16 Jan 03, 2018 0.54 0.55 0.47 0.55 24669500.0 0.0
17 Jan 04, 2018 0.56 0.61 0.48 0.6 28122500.0 0.0
18 Jan 05, 2018 0.6 0.6 0.53 0.56 23555400.0 0.0
19 Jan 06, 2018 0.56 0.7 0.54 0.7 28571500.0 0.0
20 Jan 07, 2018 0.69 0.86 0.68 0.85 38557700.0 0.0
21 Jan 08, 2018 0.86 0.96 0.67 0.95 37444300.0 0.0
22 Jan 09, 2018 0.95 1.2 0.95 1.18 52213600.0 0.0
23 Jan 10, 2018 1.2 1.28 0.96 1.09 48903100.0 0.0
24 Jan 11, 2018 1.09 1.12 0.82 0.95 50704300.0 0.0
25 Jan 12, 2018 0.96 0.96 0.73 0.74 24129300.0 0.0
26 Jan 13, 2018 0.74 0.8 0.65 0.74 27637500.0 0.0
27 Jan 14, 2018 0.74 0.74 0.59 0.64 22147200.0 0.0
28 Jan 15, 2018 0.65 0.69 0.56 0.56 20661600.0 0.0
29 Jan 16, 2018 0.56 0.56 0.37 0.43 17250700.0 0.0
30 Jan 17, 2018 0.43 0.44 0.33 0.43 20686900.0 0.0
31 Jan 18, 2018 0.43 0.49 0.4 0.44 20834000.0 0.0
32 Jan 19, 2018 0.44 0.5 0.4 0.48 16037700.0 0.0
33 Jan 20, 2018 0.48 0.63 0.48 0.61 10110500.0 0.0
34 Jan 21, 2018 0.6 0.6 0.45 0.47 8075620.0 0.0
35 Jan 22, 2018 0.47 0.54 0.42 0.45 13114800.0 0.0
36 Jan 23, 2018 0.45 0.49 0.43 0.46 10784800.0 0.0
37 Jan 24, 2018 0.46 0.55 0.42 0.51 16452800.0 0.0
38 Jan 25, 2018 0.52 0.59 0.5 0.53 19735500.0 0.0
39 Jan 26, 2018 0.53 0.55 0.46 0.52 18230700.0 0.0
40 Jan 27, 2018 0.53 0.56 0.51 0.55 14305700.0 0.0
41 Jan 28, 2018 0.55 0.58 0.53 0.53 16433800.0 0.0
42 Jan 29, 2018 0.53 0.54 0.51 0.53 15727100.0 0.0
43 Jan 30, 2018 0.53 0.53 0.42 0.43 12772600.0 0.0
44 Jan 31, 2018 0.43 0.51 0.41 0.47 15131100.0 0.0
45 Feb 01, 2018 0.47 0.48 0.38 0.4 10650600.0 0.0
46 Feb 02, 2018 0.4 0.42 0.34 0.41 7617240.0 0.0
47 Feb 03, 2018 0.41 0.5 0.37 0.44 11816100.0 0.0
48 Feb 04, 2018 0.44 0.48 0.38 0.4 9918820.0 0.0
49 Feb 05, 2018 0.39 0.41 0.3 0.33 8174800.0 0.0
50 Feb 06, 2018 0.33 0.37 0.27 0.36 8536520.0 0.0
51 Feb 07, 2018 0.36 0.42 0.34 0.37 9641100.0 0.0
52 Feb 08, 2018 0.37 0.42 0.37 0.41 6686640.0 0.0
53 Feb 09, 2018 0.41 0.47 0.38 0.47 6549490.0 0.0
54 Feb 10, 2018 0.47 0.51 0.45 0.47 6748090.0 0.0
55 Feb 11, 2018 0.47 0.47 0.43 0.43 4139170.0 0.0
56 Feb 12, 2018 0.43 0.46 0.42 0.43 4277780.0 0.0
57 Feb 13, 2018 0.43 0.43 0.39 0.39 3575240.0 0.0
58 Feb 14, 2018 0.39 0.44 0.39 0.43 5833120.0 0.0
59 Feb 15, 2018 0.43 0.46 0.4 0.4 4669240.0 0.0
60 Feb 16, 2018 0.44 0.44 0.4 0.44 5962280.0 0.0
61 Feb 17, 2018 0.44 0.45 0.42 0.44 4087190.0 0.0
62 Feb 18, 2018 0.44 0.57 0.42 0.47 8912620.0 0.0
63 Feb 19, 2018 0.47 0.48 0.42 0.45 6297990.0 0.0
64 Feb 20, 2018 0.45 0.45 0.4 0.4 4481870.0 0.0
65 Feb 21, 2018 0.4 0.42 0.36 0.37 4403910.0 0.0
66 Feb 22, 2018 0.37 0.41 0.35 0.35 5418220.0 0.0
67 Feb 23, 2018 0.35 0.38 0.34 0.37 4857150.0 0.0
68 Feb 24, 2018 0.37 0.38 0.33 0.35 5227180.0 0.0
69 Feb 25, 2018 0.35 0.35 0.33 0.34 3137660.0 0.0
70 Feb 26, 2018 0.34 0.36 0.32 0.34 1553380.0 0.0
71 Feb 27, 2018 0.35 0.37 0.34 0.34 2053540.0 0.0
72 Feb 28, 2018 0.34 0.35 0.33 0.34 2295130.0 0.0
73 Mar 01, 2018 0.34 0.35 0.33 0.35 4861860.0 0.0
74 Mar 02, 2018 0.35 0.36 0.34 0.35 3005730.0 0.0
75 Mar 03, 2018 0.35 0.38 0.32 0.35 3680620.0 0.0
76 Mar 04, 2018 0.36 0.61 0.35 0.37 3208510.0 0.0
77 Mar 05, 2018 0.38 0.38 0.36 0.36 3599840.0 0.0
78 Mar 06, 2018 0.36 0.36 0.31 0.32 2141490.0 0.0
79 Mar 07, 2018 0.32 0.33 0.28 0.28 2346550.0 0.0
80 Mar 08, 2018 0.28 0.29 0.26 0.27 2011580.0 0.0
81 Mar 09, 2018 0.26 0.27 0.23 0.27 1758420.0 0.0
82 Mar 10, 2018 0.27 0.28 0.26 0.26 1848790.0 0.0
83 Mar 11, 2018 0.26 0.28 0.25 0.28 2774120.0 0.0
84 Mar 12, 2018 0.28 0.29 0.26 0.27 11373000.0 0.0
85 Mar 13, 2018 0.27 0.28 0.26 0.27 2887810.0 0.0
86 Mar 14, 2018 0.28 0.3 0.25 0.27 4311250.0 65424700.0
87 Mar 15, 2018 0.27 0.29 0.25 0.29 4157320.0 63902100.0
88 Mar 16, 2018 0.29 0.34 0.27 0.32 5354830.0 68270700.0
89 Mar 17, 2018 0.32 0.33 0.29 0.3 3325240.0 75408100.0
90 Mar 18, 2018 0.3 0.31 0.27 0.31 4648640.0 70748900.0
91 Mar 19, 2018 0.31 0.32 0.29 0.31 4823450.0 73124500.0
92 Mar 20, 2018 0.31 0.32 0.29 0.32 4608680.0 73262300.0
93 Mar 21, 2018 0.32 0.34 0.32 0.33 3059560.0 75341300.0
94 Mar 22, 2018 0.33 0.37 0.33 0.36 3800330.0 78427100.0
95 Mar 23, 2018 0.36 0.36 0.33 0.35 3540010.0 84334500.0
96 Mar 24, 2018 0.35 0.37 0.34 0.35 4111080.0 83060700.0
97 Mar 25, 2018 0.35 0.41 0.35 0.4 5014850.0 82326400.0
98 Mar 26, 2018 0.4 0.41 0.36 0.41 6182370.0 95882400.0
99 Mar 27, 2018 0.41 0.41 0.36 0.37 4036900.0 96809800.0
