0 Jul 23, 2017 555.8 578.9 411.7 413.0 85013.1 0.0
1 >Jul 24, 201 412.5 578.8 409.2 440.7 190952.0 0.0
2 Jul 25, 2017 441.3 541.6 338.0 406.8 524908.0 0.0
3 Jul 26, 2017 407.0 486.1 321.7 365.8 1784640.0 0.0
4 Jul 27, 2017 417.0 460.9 367.7 385.4 533207.0 0.0
5 Jul 28, 2017 386.6 465.1 217.0 406.0 1230160.0 0.0
6 Jul 29, 2017 410.5 423.7 323.7 384.7 737815.0 0.0
7 Jul 30, 2017 385.1 385.1 316.2 345.6 606695.0 0.0
8 Jul 31, 2017 346.3 347.8 266.1 294.4 1075960.0 0.0
9 Aug 01, 2017 294.6 426.1 210.3 380.0 65988800.0 0.0
10 Aug 02, 2017 382.3 756.9 309.3 452.6 416207000.0 6302360000.0
11 Aug 03, 2017 448.4 519.2 364.0 364.0 161518000.0 7392030000.0
12 Aug 04, 2017 362.1 386.9 233.0 233.0 185038000.0 5969720000.0
13 Aug 05, 2017 231.1 273.0 200.9 213.1 144043000.0 3809330000.0
14 Aug 06, 2017 212.1 223.7 203.4 220.6 107606000.0 3497290000.0
15 Aug 07, 2017 223.7 373.8 223.7 319.6 346546000.0 3688360000.0
16 Aug 08, 2017 321.3 386.2 309.6 345.4 274880000.0 5297390000.0
17 Aug 09, 2017 345.2 349.3 298.6 303.8 165032000.0 5691960000.0
18 Aug 10, 2017 305.2 311.6 274.6 275.9 136637000.0 5031790000.0
19 Aug 11, 2017 275.8 351.1 275.0 328.2 233971000.0 4548600000.0
20 Aug 12, 2017 327.8 341.8 313.7 317.0 126007000.0 5405200000.0
21 Aug 13, 2017 316.2 317.4 298.0 298.0 120722000.0 5215330000.0
22 Aug 14, 2017 296.0 327.3 293.4 297.6 174968000.0 4882720000.0
23 Aug 15, 2017 298.1 306.5 292.8 297.8 133924000.0 4917480000.0
24 Aug 16, 2017 297.9 307.6 290.2 300.2 106436000.0 4914350000.0
25 Aug 17, 2017 301.0 460.5 293.0 460.5 744605000.0 4964980000.0
26 Aug 18, 2017 458.6 764.0 458.6 690.2 3087490000.0 7565590000.0
27 Aug 19, 2017 697.0 1091.0 625.1 754.5 3196230000.0 11498100000.0
28 Aug 20, 2017 772.4 858.9 683.9 712.8 1494020000.0 12742600000.0
29 Aug 21, 2017 723.7 756.5 573.4 599.6 1123400000.0 11943100000.0
30 Aug 22, 2017 596.1 734.8 570.2 690.8 1393260000.0 9844620000.0
31 Aug 23, 2017 690.9 715.6 651.3 669.4 501983000.0 11416800000.0
32 Aug 24, 2017 670.0 697.3 617.3 628.1 407177000.0 11071100000.0
33 Aug 25, 2017 627.0 665.4 624.2 641.0 348632000.0 10365600000.0
34 Aug 26, 2017 641.8 646.9 622.3 625.3 193414000.0 10616100000.0
35 Aug 27, 2017 625.8 654.8 589.6 620.8 402718000.0 10357000000.0
36 Aug 28, 2017 619.6 626.8 595.5 596.1 216273000.0 10254800000.0
37 Aug 29, 2017 596.1 599.3 528.3 552.9 370017000.0 9866110000.0
38 Aug 30, 2017 549.3 604.6 535.9 575.2 443856000.0 9092300000.0
39 Aug 31, 2017 576.2 603.6 572.1 588.1 298144000.0 9538750000.0
40 Sep 01, 2017 588.3 645.5 586.7 622.1 393839000.0 9740460000.0
41 Sep 02, 2017 621.9 642.0 560.5 575.9 350478000.0 10297000000.0
42 Sep 03, 2017 578.2 617.4 563.5 607.4 344862000.0 9574520000.0
43 Sep 04, 2017 608.2 608.2 500.7 517.2 328957000.0 10072200000.0
44 Sep 05, 2017 514.9 550.9 458.7 541.7 338978000.0 8527100000.0
45 Sep 06, 2017 541.2 642.6 539.9 638.1 693240000.0 8964700000.0
46 Sep 07, 2017 636.8 707.9 603.5 652.8 1082380000.0 10548500000.0
47 Sep 08, 2017 654.3 687.3 557.5 583.0 809763000.0 10840500000.0
48 Sep 09, 2017 584.7 586.1 539.1 547.4 234578000.0 9688150000.0
49 Sep 10, 2017 546.4 546.7 484.0 537.0 289508000.0 9055430000.0
50 Sep 11, 2017 537.1 556.2 515.6 537.8 274712000.0 8902570000.0
51 Sep 12, 2017 539.0 559.2 505.0 510.4 273825000.0 8934220000.0
52 Sep 13, 2017 509.4 519.2 471.2 503.6 340344000.0 8445540000.0
53 Sep 14, 2017 504.2 510.4 367.0 367.0 257431000.0 8359650000.0
54 Sep 15, 2017 369.4 448.3 301.6 424.0 707231000.0 6126800000.0
55 Sep 16, 2017 424.4 450.9 388.2 440.2 313583000.0 7039590000.0
56 Sep 17, 2017 438.8 438.8 384.0 419.8 221828000.0 7279520000.0
57 Sep 18, 2017 422.0 479.6 422.0 479.3 458550000.0 7001640000.0
58 Sep 19, 2017 480.6 550.4 450.0 527.8 802321000.0 7975010000.0
59 Sep 20, 2017 526.7 527.7 471.0 476.0 669264000.0 8741670000.0
60 Sep 21, 2017 475.8 480.0 413.7 416.2 316731000.0 7898300000.0
61 Sep 22, 2017 417.9 435.4 402.7 415.0 241905000.0 6937170000.0
62 Sep 23, 2017 415.3 432.9 407.4 428.5 189127000.0 6895970000.0
63 Sep 24, 2017 428.8 433.0 419.2 421.0 114527000.0 7121950000.0
64 Sep 25, 2017 419.6 450.1 419.6 445.7 302272000.0 6971280000.0
65 Sep 26, 2017 445.3 458.2 441.8 441.8 165303000.0 7400020000.0
66 Sep 27, 2017 441.8 459.9 439.4 457.3 197885000.0 7343490000.0
67 Sep 28, 2017 456.7 465.2 433.5 447.8 300421000.0 7592000000.0
68 Sep 29, 2017 447.6 447.9 426.9 436.7 148725000.0 7441960000.0
69 Sep 30, 2017 436.6 445.6 432.5 432.6 150565000.0 7258880000.0
70 Oct 01, 2017 433.3 436.9 415.1 415.1 164290000.0 7207770000.0
71 Oct 02, 2017 415.8 430.8 411.8 421.1 219590000.0 6921580000.0
72 Oct 03, 2017 421.7 421.7 395.7 404.1 130247000.0 7022370000.0
73 Oct 04, 2017 404.1 404.4 354.5 358.4 251584000.0 6729640000.0
74 Oct 05, 2017 358.4 371.1 348.4 355.7 268341000.0 5971260000.0
75 Oct 06, 2017 355.4 371.2 354.9 363.0 182031000.0 5926540000.0
76 Oct 07, 2017 363.6 364.8 356.0 360.7 91004000.0 6062860000.0
77 Oct 08, 2017 360.0 362.4 337.0 342.2 203754000.0 6004940000.0
78 Oct 09, 2017 342.7 342.7 289.0 314.1 288075000.0 5716320000.0
79 Oct 10, 2017 313.2 352.0 311.7 321.5 367809000.0 5224170000.0
80 Oct 11, 2017 320.2 321.2 312.1 314.8 131577000.0 5341000000.0
81 Oct 12, 2017 315.4 330.1 310.7 313.2 262066000.0 5262390000.0
82 Oct 13, 2017 314.1 323.0 304.3 321.4 288210000.0 5242630000.0
83 Oct 14, 2017 321.5 327.4 317.3 321.9 164137000.0 5369720000.0
84 Oct 15, 2017 322.4 323.5 307.6 314.9 133385000.0 5384760000.0
85 Oct 16, 2017 315.2 318.0 310.5 313.6 117797000.0 5265400000.0
86 Oct 17, 2017 313.7 394.9 309.6 371.7 1008160000.0 5239520000.0
87 Oct 18, 2017 373.6 376.1 313.7 339.1 477184000.0 6240990000.0
88 Oct 19, 2017 339.2 339.2 326.2 330.8 195578000.0 5667070000.0
89 Oct 20, 2017 330.9 332.9 323.0 327.4 160204000.0 5527860000.0
90 Oct 21, 2017 326.7 328.4 317.4 323.3 129938000.0 5458980000.0
91 Oct 22, 2017 323.5 355.5 323.5 331.6 355546000.0 5405020000.0
92 Oct 23, 2017 330.6 332.2 309.8 315.5 191558000.0 5524790000.0
93 Oct 24, 2017 315.8 340.4 311.4 326.8 267442000.0 5278410000.0
94 Oct 25, 2017 326.5 334.3 320.3 332.1 151935000.0 5457720000.0
95 Oct 26, 2017 332.1 350.9 331.2 338.2 234967000.0 5550700000.0
96 Oct 27, 2017 338.3 372.8 338.2 367.5 501989000.0 5655870000.0
97 Oct 28, 2017 369.5 425.4 369.0 423.3 781037000.0 6183520000.0
98 Oct 29, 2017 420.4 526.1 408.4 451.9 2002440000.0 7042260000.0
99 Oct 30, 2017 458.4 478.4 417.6 448.2 796409000.0 7679000000.0
100 Oct 31, 2017 449.3 454.0 431.7 439.0 343799000.0 7527260000.0
101 Nov 01, 2017 438.2 538.2 437.9 531.8 1152230000.0 7342250000.0
102 Nov 02, 2017 527.6 610.3 514.5 587.2 1632060000.0 8840010000.0
103 Nov 03, 2017 587.3 684.5 577.8 625.3 1682210000.0 9839760000.0
104 Nov 04, 2017 635.3 642.0 571.1 620.4 1161370000.0 10647200000.0
105 Nov 05, 2017 619.9 635.7 579.1 630.7 816028000.0 10390900000.0
106 Nov 06, 2017 630.3 657.3 602.6 602.6 794105000.0 10566600000.0
107 Nov 07, 2017 602.6 626.2 602.4 616.2 375367000.0 10105200000.0
108 Nov 08, 2017 615.2 646.3 565.5 622.4 837646000.0 10317500000.0
109 Nov 09, 2017 622.3 670.1 619.2 654.3 710387000.0 10437700000.0
110 Nov 10, 2017 651.7 1034.0 651.7 1007.0 5195420000.0 10933000000.0
111 Nov 11, 2017 1001.0 1403.0 910.7 1340.0 5139770000.0 16807400000.0
112 Nov 12, 2017 1346.0 2477.0 1215.0 1388.0 8371320000.0 22614400000.0
113 Nov 13, 2017 1381.0 1501.0 1043.0 1353.0 4850570000.0 23214700000.0
114 Nov 14, 2017 1346.0 1390.0 1211.0 1273.0 1697910000.0 22626200000.0
115 Nov 15, 2017 1269.0 1326.0 1191.0 1212.0 1321780000.0 21335600000.0
116 Nov 16, 2017 1202.0 1210.0 876.5 900.7 2034690000.0 20202000000.0
117 Nov 17, 2017 909.1 1217.0 863.9 1185.0 3203430000.0 15279000000.0
118 Nov 18, 2017 1197.0 1388.0 1197.0 1254.0 3053770000.0 20125900000.0
119 Nov 19, 2017 1260.0 1262.0 1144.0 1172.0 1285910000.0 21196200000.0
120 Nov 20, 2017 1172.0 1236.0 1167.0 1236.0 800053000.0 19710200000.0
121 Nov 21, 2017 1220.0 1224.0 1140.0 1176.0 772859000.0 20525100000.0
122 Nov 22, 2017 1175.0 1335.0 1171.0 1303.0 1517620000.0 19758600000.0
123 Nov 23, 2017 1302.0 1683.0 1299.0 1683.0 4112090000.0 21899400000.0
124 Nov 24, 2017 1651.0 1782.0 1575.0 1648.0 3128960000.0 27782400000.0
125 Nov 25, 2017 1634.0 1656.0 1535.0 1571.0 1560040000.0 27484900000.0
126 Nov 26, 2017 1571.0 1758.0 1563.0 1735.0 1593050000.0 26434500000.0
127 Nov 27, 2017 1722.0 1742.0 1607.0 1622.0 1391460000.0 28986800000.0
128 Nov 28, 2017 1621.0 1629.0 1543.0 1546.0 1274880000.0 27277200000.0
129 Nov 29, 2017 1541.0 1673.0 1332.0 1359.0 2345250000.0 25941800000.0
130 Nov 30, 2017 1380.0 1468.0 1222.0 1389.0 1211730000.0 23230400000.0
131 Dec 01, 2017 1381.0 1482.0 1300.0 1462.0 965151000.0 23257100000.0
132 Dec 02, 2017 1462.0 1502.0 1415.0 1434.0 574510000.0 24610500000.0
133 Dec 03, 2017 1435.0 1649.0 1420.0 1559.0 1476740000.0 24163600000.0
134 Dec 04, 2017 1560.0 1580.0 1498.0 1576.0 780634000.0 26267300000.0
135 Dec 05, 2017 1580.0 1623.0 1498.0 1501.0 1032800000.0 26606900000.0
136 Dec 06, 2017 1498.0 1530.0 1396.0 1430.0 1154620000.0 25234400000.0
137 Dec 07, 2017 1430.0 1454.0 1323.0 1330.0 1285210000.0 24095900000.0
138 Dec 08, 2017 1329.0 1731.0 1247.0 1464.0 2553980000.0 22386700000.0
139 Dec 09, 2017 1464.0 1526.0 1353.0 1410.0 1059610000.0 24671600000.0
140 Dec 10, 2017 1411.0 1411.0 1226.0 1323.0 885886000.0 23784900000.0
141 Dec 11, 2017 1320.0 1453.0 1316.0 1423.0 922792000.0 22239900000.0
142 Dec 12, 2017 1427.0 1638.0 1427.0 1615.0 1386250000.0 24051800000.0
143 Dec 13, 2017 1616.0 1702.0 1497.0 1607.0 1245190000.0 27249600000.0
144 Dec 14, 2017 1600.0 2080.0 1593.0 1966.0 2717410000.0 26977700000.0
145 Dec 15, 2017 1974.0 1974.0 1678.0 1815.0 1457230000.0 33284800000.0
146 Dec 16, 2017 1824.0 1890.0 1769.0 1801.0 971255000.0 30762600000.0
147 Dec 17, 2017 1812.0 1939.0 1806.0 1862.0 1020590000.0 30554500000.0
148 Dec 18, 2017 1869.0 2353.0 1799.0 2196.0 2538650000.0 31516900000.0
149 Dec 19, 2017 2199.0 2918.0 2160.0 2805.0 3913340000.0 37083300000.0
150 Dec 20, 2017 2825.0 4355.0 2825.0 3923.0 11889600000.0 47644600000.0
151 Dec 21, 2017 3909.0 3909.0 3038.0 3267.0 3664330000.0 65933700000.0
152 Dec 22, 2017 3324.0 3369.0 1938.0 2696.0 3877770000.0 56071800000.0
153 Dec 23, 2017 2746.0 3479.0 2684.0 3257.0 2843310000.0 46342000000.0
154 Dec 24, 2017 3260.0 3260.0 2573.0 2903.0 1712160000.0 55013200000.0
155 Dec 25, 2017 2929.0 3099.0 2755.0 2954.0 1355440000.0 49430800000.0
156 Dec 26, 2017 2947.0 3112.0 2915.0 3108.0 1544430000.0 49745700000.0
157 Dec 27, 2017 3108.0 3108.0 2771.0 2889.0 1406450000.0 52461200000.0
158 Dec 28, 2017 2888.0 2896.0 2481.0 2566.0 3221300000.0 48758700000.0
159 Dec 29, 2017 2587.0 2922.0 2389.0 2779.0 2479420000.0 43677000000.0
160 Dec 30, 2017 2791.0 2791.0 2329.0 2392.0 1257760000.0 47129800000.0
161 Dec 31, 2017 2376.0 2627.0 2350.0 2533.0 1300820000.0 40134900000.0
162 Jan 01, 2018 2534.0 2534.0 2389.0 2432.0 922813000.0 42804800000.0
163 Jan 02, 2018 2434.0 2867.0 2434.0 2711.0 1831230000.0 41114800000.0
164 Jan 03, 2018 2700.0 2958.0 2592.0 2608.0 4688840000.0 45613300000.0
165 Jan 04, 2018 2608.0 2610.0 2359.0 2430.0 5377260000.0 44069100000.0
166 Jan 05, 2018 2400.0 2648.0 2370.0 2584.0 2115710000.0 40557600000.0
167 Jan 06, 2018 2583.0 2829.0 2481.0 2786.0 1669160000.0 43653200000.0
168 Jan 07, 2018 2784.0 3071.0 2730.0 2786.0 1444780000.0 47054000000.0
169 Jan 08, 2018 2786.0 2810.0 2275.0 2421.0 1428900000.0 47091600000.0
170 Jan 09, 2018 2412.0 2502.0 2346.0 2391.0 1084750000.0 40770900000.0
171 Jan 10, 2018 2390.0 2961.0 2332.0 2895.0 2578810000.0 40398000000.0
172 Jan 11, 2018 2891.0 2976.0 2396.0 2462.0 1947950000.0 48880800000.0
173 Jan 12, 2018 2475.0 2648.0 2413.0 2620.0 1110220000.0 41859100000.0
174 Jan 13, 2018 2617.0 2850.0 2589.0 2685.0 1218570000.0 44260300000.0
175 Jan 14, 2018 2687.0 2746.0 2490.0 2553.0 993310000.0 45439500000.0
176 Jan 15, 2018 2541.0 2576.0 2328.0 2401.0 1412360000.0 42983500000.0
177 Jan 16, 2018 2406.0 2406.0 1555.0 1772.0 1704030000.0 40708800000.0
178 Jan 17, 2018 1767.0 1875.0 1361.0 1748.0 1457730000.0 29899500000.0
179 Jan 18, 2018 1752.0 1893.0 1696.0 1756.0 1024060000.0 29643600000.0
180 Jan 19, 2018 1740.0 1870.0 1723.0 1769.0 743247000.0 29442200000.0
181 Jan 20, 2018 1784.0 2124.0 1780.0 2032.0 1116240000.0 30191500000.0
182 Jan 21, 2018 2033.0 2033.0 1733.0 1776.0 745179000.0 34415500000.0
183 Jan 22, 2018 1794.0 1815.0 1525.0 1621.0 681350000.0 30370200000.0
184 Jan 23, 2018 1623.0 1700.0 1504.0 1621.0 578984000.0 27473700000.0
185 Jan 24, 2018 1622.0 1703.0 1575.0 1639.0 488161000.0 27460200000.0
186 Jan 25, 2018 1661.0 1707.0 1611.0 1642.0 522194000.0 28121300000.0
187 Jan 26, 2018 1637.0 1678.0 1500.0 1603.0 594667000.0 27720500000.0
188 Jan 27, 2018 1602.0 1665.0 1567.0 1628.0 441742000.0 27136100000.0
189 Jan 28, 2018 1636.0 1762.0 1636.0 1746.0 580544000.0 27713300000.0
190 Jan 29, 2018 1745.0 1763.0 1638.0 1657.0 362213000.0 29561500000.0
191 Jan 30, 2018 1657.0 1662.0 1468.0 1470.0 649823000.0 28079700000.0
192 Jan 31, 2018 1470.0 1522.0 1406.0 1486.0 729209000.0 24915700000.0
193 Feb 01, 2018 1491.0 1503.0 1214.0 1274.0 678020000.0 25263200000.0
194 Feb 02, 2018 1272.0 1272.0 980.7 1191.0 896666000.0 21561700000.0
195 Feb 03, 2018 1194.0 1314.0 1072.0 1272.0 453101000.0 20237400000.0
196 Feb 04, 2018 1273.0 1286.0 1101.0 1165.0 656034000.0 21577500000.0
197 Feb 05, 2018 1159.0 1172.0 839.9 887.4 568117000.0 19659800000.0
198 Feb 06, 2018 890.9 978.9 764.0 974.5 777420000.0 15103100000.0
199 Feb 07, 2018 971.0 1040.0 902.4 957.9 866222000.0 16462900000.0
200 Feb 08, 2018 951.5 1345.0 951.5 1284.0 2203710000.0 16133900000.0
201 Feb 09, 2018 1273.0 1342.0 1206.0 1312.0 1133760000.0 21601200000.0
202 Feb 10, 2018 1311.0 1394.0 1215.0 1257.0 734606000.0 22249700000.0
203 Feb 11, 2018 1255.0 1306.0 1197.0 1217.0 651555000.0 21295600000.0
204 Feb 12, 2018 1222.0 1302.0 1222.0 1283.0 466213000.0 20735400000.0
205 Feb 13, 2018 1285.0 1289.0 1205.0 1231.0 442663000.0 21803000000.0
206 Feb 14, 2018 1229.0 1384.0 1229.0 1362.0 629852000.0 20854300000.0
207 Feb 15, 2018 1358.0 1400.0 1330.0 1375.0 502454000.0 23053300000.0
208 Feb 16, 2018 1373.0 1558.0 1369.0 1552.0 961010000.0 23302000000.0
209 Feb 17, 2018 1548.0 1568.0 1517.0 1551.0 641719000.0 26280100000.0
210 Feb 18, 2018 1552.0 1641.0 1428.0 1487.0 907873000.0 26344200000.0
211 Feb 19, 2018 1483.0 1553.0 1483.0 1534.0 578906000.0 25179700000.0
212 Feb 20, 2018 1543.0 1569.0 1414.0 1418.0 820947000.0 26199800000.0
213 Feb 21, 2018 1412.0 1423.0 1293.0 1308.0 575354000.0 23988100000.0
214 Feb 22, 2018 1304.0 1350.0 1194.0 1219.0 475079000.0 22153600000.0
215 Feb 23, 2018 1217.0 1319.0 1161.0 1270.0 492542000.0 20673300000.0
216 Feb 24, 2018 1266.0 1309.0 1149.0 1193.0 413263000.0 21511100000.0
217 Feb 25, 2018 1191.0 1210.0 1143.0 1178.0 362665000.0 20235800000.0
218 Feb 26, 2018 1177.0 1274.0 1149.0 1250.0 460182000.0 20004000000.0
219 Feb 27, 2018 1255.0 1297.0 1231.0 1246.0 420912000.0 21329300000.0
220 Feb 28, 2018 1243.0 1275.0 1204.0 1204.0 375301000.0 21124100000.0
221 Mar 01, 2018 1204.0 1303.0 1195.0 1291.0 482240000.0 20473600000.0
222 Mar 02, 2018 1284.0 1303.0 1255.0 1275.0 421498000.0 21837400000.0
223 Mar 03, 2018 1274.0 1302.0 1257.0 1270.0 371664000.0 21664900000.0
224 Mar 04, 2018 1267.0 1289.0 1225.0 1289.0 367584000.0 21551400000.0
225 Mar 05, 2018 1287.0 1291.0 1268.0 1268.0 350078000.0 21880600000.0
226 Mar 06, 2018 1264.0 1264.0 1179.0 1206.0 401782000.0 21493500000.0
227 Mar 07, 2018 1205.0 1218.0 1043.0 1092.0 455225000.0 20503500000.0
228 Mar 08, 2018 1094.0 1113.0 1006.0 1040.0 446519000.0 18614800000.0
229 Mar 09, 2018 1034.0 1071.0 937.9 1067.0 510887000.0 17597200000.0
230 Mar 10, 2018 1071.0 1087.0 994.1 1005.0 370367000.0 18219100000.0
231 Mar 11, 2018 1002.0 1157.0 973.3 1145.0 514167000.0 17054300000.0
232 Mar 12, 2018 1143.0 1152.0 1022.0 1051.0 425558000.0 19461500000.0
233 Mar 13, 2018 1051.0 1100.0 999.7 1064.0 458028000.0 17883400000.0
234 Mar 14, 2018 1071.0 1073.0 924.4 949.4 406616000.0 18233000000.0
235 Mar 15, 2018 949.7 954.4 877.1 943.6 374741000.0 16163200000.0
236 Mar 16, 2018 943.6 1053.0 902.7 977.0 472033000.0 16059900000.0
237 Mar 17, 2018 974.7 1028.0 930.4 949.7 411316000.0 16591000000.0
238 Mar 18, 2018 948.2 948.2 851.6 938.1 435070000.0 16143000000.0
239 Mar 19, 2018 942.5 997.2 915.5 994.6 425419000.0 16048000000.0
240 Mar 20, 2018 998.1 1072.0 958.5 1059.0 503262000.0 16996000000.0
241 Mar 21, 2018 1066.0 1082.0 1016.0 1033.0 389291000.0 18153200000.0
242 Mar 22, 2018 1033.0 1064.0 992.5 1011.0 344283000.0 17597100000.0
243 Mar 23, 2018 1011.0 1019.0 966.3 1019.0 303600000.0 17233800000.0
244 Mar 24, 2018 1028.0 1030.0 982.3 982.3 264080000.0 17513300000.0
245 Mar 25, 2018 973.6 991.0 965.5 966.8 237008000.0 16586300000.0
246 Mar 26, 2018 967.8 975.6 887.0 919.2 347366000.0 16490800000.0
247 Mar 27, 2018 916.9 926.3 876.3 876.3 339011000.0 15625100000.0
