0 Sep 19, 2017 0.01 0.01 0.01 0.01 16763.5 0.0
1 Sep 20, 2017 0.01 0.01 0.01 0.01 31515.8 14116400.0
2 Sep 21, 2017 0.01 0.01 0.01 0.01 50378.5 14187700.0
3 Sep 22, 2017 0.01 0.01 0.01 0.01 25386.0 12928000.0
4 Sep 23, 2017 0.01 0.01 0.01 0.01 23626.5 13177200.0
5 Sep 24, 2017 0.01 0.01 0.01 0.01 59369.2 14344600.0
6 Sep 25, 2017 0.01 0.01 0.01 0.01 54715.8 14181300.0
7 Sep 26, 2017 0.01 0.01 0.01 0.01 24179.8 14764100.0
8 Sep 27, 2017 0.01 0.01 0.01 0.01 8709.46 14464500.0
9 Sep 28, 2017 0.01 0.01 0.01 0.01 24299.9 15516800.0
10 Sep 29, 2017 0.01 0.01 0.01 0.01 17550.0 15158200.0
11 Sep 30, 2017 0.01 0.01 0.01 0.01 13328.7 14737300.0
12 Oct 01, 2017 0.01 0.01 0.01 0.01 13426.2 15166400.0
13 Oct 02, 2017 0.01 0.01 0.01 0.01 20609.6 15208600.0
14 Oct 03, 2017 0.01 0.01 0.01 0.01 14902.2 14879500.0
15 Oct 04, 2017 0.01 0.01 0.01 0.01 10344.4 14628900.0
16 Oct 05, 2017 0.01 0.01 0.01 0.01 6724.26 14615200.0
17 Oct 06, 2017 0.01 0.01 0.01 0.01 31345.3 15073500.0
18 Oct 07, 2017 0.01 0.01 0.01 0.01 17693.9 15410500.0
19 Oct 08, 2017 0.01 0.01 0.01 0.01 783.79 15573100.0
20 Oct 09, 2017 0.01 0.01 0.01 0.01 11848.4 15473000.0
21 Oct 10, 2017 0.01 0.01 0.01 0.01 22878.8 14847200.0
22 Oct 11, 2017 0.01 0.01 0.01 0.01 10720.3 14835100.0
23 Oct 12, 2017 0.01 0.01 0.01 0.01 12076.3 14965200.0
24 Oct 13, 2017 0.01 0.02 0.01 0.02 107506.0 14874200.0
25 Oct 14, 2017 0.02 0.02 0.02 0.02 3429.43 20219700.0
26 Oct 15, 2017 0.02 0.02 0.02 0.02 1406.56 20322400.0
27 Oct 16, 2017 0.02 0.02 0.02 0.02 14456.5 19847000.0
28 Oct 17, 2017 0.02 0.02 0.02 0.02 24217.1 19736500.0
29 Oct 18, 2017 0.02 0.02 0.02 0.02 42723.3 18847800.0
30 >Oct 19, 201 0.02 0.02 0.02 0.02 1707.85 18952400.0
31 Oct 20, 2017 0.02 0.02 0.02 0.02 18.22 18652600.0
32 Oct 21, 2017 0.02 0.02 0.02 0.02 23839.3 18192400.0
33 Oct 22, 2017 0.02 0.02 0.02 0.02 40077.4 17972800.0
34 Oct 23, 2017 0.02 0.02 0.02 0.02 967.4 17788700.0
35 Oct 24, 2017 0.02 0.02 0.02 0.02 23732.9 16813000.0
36 Oct 25, 2017 0.02 0.02 0.02 0.02 34256.4 17963800.0
37 Oct 26, 2017 0.02 0.02 0.02 0.02 37382.0 17953300.0
38 Oct 27, 2017 0.02 0.02 0.02 0.02 982.47 21126500.0
39 Oct 28, 2017 0.02 0.02 0.02 0.02 128732.0 20795700.0
40 Oct 29, 2017 0.02 0.02 0.02 0.02 2847.68 21662400.0
41 Oct 30, 2017 0.02 0.02 0.02 0.02 4720.75 22624600.0
42 Oct 31, 2017 0.02 0.02 0.02 0.02 8599.95 23011400.0
43 Nov 01, 2017 0.02 0.02 0.02 0.02 6708.22 22777300.0
44 Nov 02, 2017 0.02 0.02 0.02 0.02 86537.4 22006400.0
45 Nov 03, 2017 0.02 0.02 0.02 0.02 195619.0 22002900.0
46 Nov 04, 2017 0.02 0.02 0.02 0.02 4219.12 23571600.0
47 Nov 05, 2017 0.02 0.02 0.02 0.02 67959.0 23249800.0
48 Nov 06, 2017 0.02 0.02 0.02 0.02 18448.0 22878900.0
49 Nov 07, 2017 0.02 0.02 0.02 0.02 13123.8 22249900.0
50 Nov 08, 2017 0.02 0.02 0.02 0.02 74144.8 22533300.0
51 Nov 09, 2017 0.02 0.02 0.02 0.02 2535.05 23717500.0
52 Nov 10, 2017 0.02 0.02 0.02 0.02 115728.0 22849100.0
53 Nov 11, 2017 0.02 0.02 0.02 0.02 338.1 22847200.0
54 Nov 12, 2017 0.02 0.02 0.02 0.02 489.24 24225500.0
55 Nov 13, 2017 0.02 0.02 0.02 0.02 1985.81 21424100.0
56 Nov 14, 2017 0.02 0.03 0.02 0.03 24526.2 22060200.0
57 Nov 15, 2017 0.03 0.03 0.03 0.03 9972.01 25627800.0
58 Nov 16, 2017 0.03 0.03 0.03 0.03 34776.3 25489700.0
59 Nov 17, 2017 0.03 0.03 0.03 0.03 68.9 25418800.0
60 Nov 18, 2017 0.03 0.03 0.03 0.03 2452.27 25561000.0
61 Nov 19, 2017 0.03 0.03 0.03 0.03 44086.2 27030600.0
62 Nov 20, 2017 0.03 0.03 0.02 0.03 8.94 27657500.0
63 Nov 21, 2017 0.03 0.03 0.03 0.03 9037.54 25735300.0
64 Nov 22, 2017 0.03 0.03 0.03 0.03 1094.53 28157600.0
65 Nov 23, 2017 0.03 0.03 0.03 0.03 4677.17 27245200.0
66 Nov 24, 2017 0.03 0.04 0.03 0.04 14621.0 28536300.0
67 Nov 25, 2017 0.04 0.04 0.04 0.04 14457.4 36659100.0
68 Nov 26, 2017 0.03 0.03 0.03 0.03 17585.2 32009500.0
69 Nov 27, 2017 0.03 0.03 0.03 0.03 17552.0 32939500.0
70 Nov 28, 2017 0.03 0.03 0.03 0.03 574.92 33237000.0
71 Nov 29, 2017 0.03 0.04 0.03 0.03 1360.89 33103900.0
72 Nov 30, 2017 0.03 0.03 0.03 0.03 1282.09 29963400.0
73 Dec 01, 2017 0.04 0.04 0.03 0.04 73.44 35014300.0
74 Dec 02, 2017 0.04 0.04 0.03 0.03 4.53 35561800.0
75 Dec 03, 2017 0.03 0.03 0.03 0.03 12431.4 27178400.0
76 Dec 04, 2017 0.03 0.03 0.03 0.03 1421.21 27088300.0
77 Dec 05, 2017 0.03 0.03 0.03 0.03 1401.97 27283700.0
78 Dec 06, 2017 0.03 0.03 0.03 0.03 5.22 31434800.0
79 Dec 07, 2017 0.03 0.03 0.02 0.02 186796.0 29611900.0
80 Dec 08, 2017 0.02 0.02 0.02 0.02 329534.0 20409000.0
81 Dec 09, 2017 0.02 0.02 0.02 0.02 109836.0 21857700.0
82 Dec 10, 2017 0.02 0.02 0.02 0.02 2895.74 22940000.0
83 Dec 11, 2017 0.02 0.03 0.02 0.03 653840.0 21155700.0
84 Dec 12, 2017 0.03 0.03 0.02 0.03 1261560.0 25002300.0
85 Dec 13, 2017 0.03 0.03 0.03 0.03 786754.0 29302900.0
86 Dec 14, 2017 0.03 0.03 0.03 0.03 509619.0 32146700.0
87 Dec 15, 2017 0.03 0.03 0.03 0.03 594366.0 32350000.0
88 Dec 16, 2017 0.03 0.03 0.03 0.03 44041.6 30122600.0
89 Dec 17, 2017 0.03 0.03 0.03 0.03 659699.0 31399200.0
90 Dec 18, 2017 0.03 0.03 0.03 0.03 268887.0 32320700.0
91 Dec 19, 2017 0.03 0.04 0.03 0.04 27696.8 33911400.0
92 Dec 20, 2017 0.04 0.04 0.03 0.03 188114.0 35084700.0
93 Dec 21, 2017 0.03 0.04 0.03 0.03 472.19 34819200.0
94 Dec 22, 2017 0.03 0.03 0.02 0.03 188743.0 34481500.0
95 Dec 23, 2017 0.03 0.04 0.03 0.04 547752.0 27995000.0
96 Dec 24, 2017 0.04 0.04 0.03 0.04 723256.0 35628300.0
97 Dec 25, 2017 0.04 0.06 0.04 0.06 1582950.0 35630900.0
98 Dec 26, 2017 0.06 0.1 0.06 0.1 1996030.0 57087000.0
99 Dec 27, 2017 0.1 0.1 0.08 0.08 36769.7 101903000.0
100 Dec 28, 2017 0.08 0.1 0.08 0.1 41835.7 83888500.0
101 Dec 29, 2017 0.1 0.11 0.08 0.11 50304.1 102342000.0
102 Dec 30, 2017 0.11 0.11 0.1 0.1 1479.09 107899000.0
103 Dec 31, 2017 0.1 0.12 0.1 0.12 90273.0 101294000.0
104 Jan 01, 2018 0.11 0.12 0.1 0.11 260.16 114886000.0
105 Jan 02, 2018 0.11 0.14 0.11 0.14 1808240.0 108877000.0
106 Jan 03, 2018 0.14 0.14 0.12 0.14 1070.66 140767000.0
107 Jan 04, 2018 0.14 0.15 0.13 0.14 678367.0 136867000.0
108 Jan 05, 2018 0.14 0.19 0.14 0.18 521174.0 141896000.0
109 Jan 06, 2018 0.18 0.19 0.16 0.16 290357.0 184035000.0
110 Jan 07, 2018 0.16 0.21 0.16 0.21 50699.5 161604000.0
111 Jan 08, 2018 0.21 0.24 0.19 0.23 770498.0 210954000.0
112 Jan 09, 2018 0.23 0.26 0.21 0.26 477975.0 227228000.0
113 Jan 10, 2018 0.26 0.31 0.24 0.31 449175.0 257575000.0
114 Jan 11, 2018 0.31 0.33 0.28 0.28 129702.0 310014000.0
115 Jan 12, 2018 0.28 0.32 0.27 0.28 160038.0 285218000.0
116 Jan 13, 2018 0.28 0.35 0.28 0.34 315147.0 278216000.0
117 Jan 14, 2018 0.34 0.34 0.29 0.31 174258.0 344861000.0
118 Jan 15, 2018 0.31 0.33 0.28 0.28 776217.0 313331000.0
119 Jan 16, 2018 0.28 0.31 0.19 0.26 610066.0 285750000.0
120 Jan 17, 2018 0.26 0.27 0.15 0.2 80383.7 259096000.0
121 Jan 18, 2018 0.2 0.26 0.19 0.2 16724.8 201187000.0
122 Jan 19, 2018 0.2 0.26 0.19 0.25 157263.0 198949000.0
123 Jan 20, 2018 0.25 0.28 0.22 0.28 524255.0 248121000.0
124 Jan 21, 2018 0.28 0.28 0.25 0.25 78084.3 276513000.0
125 Jan 22, 2018 0.25 0.26 0.2 0.24 73531.5 251029000.0
126 Jan 23, 2018 0.24 0.24 0.22 0.23 431275.0 237990000.0
127 Jan 24, 2018 0.23 0.25 0.22 0.25 601458.0 233360000.0
128 Jan 25, 2018 0.25 0.26 0.18 0.19 3165740.0 251519000.0
129 Jan 26, 2018 0.19 0.21 0.19 0.21 757648.0 188431000.0
130 Jan 27, 2018 0.21 0.22 0.2 0.21 16556800.0 210293000.0
131 Jan 28, 2018 0.21 0.24 0.21 0.23 4744730.0 215982000.0
132 Jan 29, 2018 0.23 0.23 0.18 0.2 38783900.0 231287000.0
133 Jan 30, 2018 0.2 0.2 0.18 0.18 9484560.0 204980000.0
134 Jan 31, 2018 0.18 0.18 0.07 0.07 856650.0 184587000.0
135 Feb 01, 2018 0.18 0.18 0.05 0.14 593953.0 177082000.0
136 Feb 02, 2018 0.16 0.16 0.12 0.14 9418240.0 159312000.0
137 Feb 03, 2018 0.14 0.15 0.12 0.15 215647.0 143920000.0
138 Feb 04, 2018 0.15 0.15 0.12 0.13 409763.0 151033000.0
139 Feb 05, 2018 0.12 0.2 0.05 0.17 18769100.0 124083000.0
140 >Feb 06, 201 0.18 0.18 0.13 0.17 2014730.0 176549000.0
141 Feb 07, 2018 0.17 0.21 0.17 0.17 5633940.0 174004000.0
142 Feb 08, 2018 0.17 0.2 0.15 0.18 2882730.0 165161000.0
143 Feb 09, 2018 0.18 0.19 0.17 0.19 1580410.0 182101000.0
144 Feb 10, 2018 0.19 0.2 0.16 0.17 118680.0 192576000.0
145 Feb 11, 2018 0.17 0.17 0.15 0.15 2760080.0 165396000.0
146 Feb 12, 2018 0.15 0.16 0.14 0.16 880344.0 153706000.0
147 Feb 13, 2018 0.16 0.16 0.13 0.13 701044.0 160254000.0
148 Feb 14, 2018 0.13 0.15 0.13 0.15 685712.0 134679000.0
149 Feb 15, 2018 0.15 0.16 0.15 0.16 443849.0 154756000.0
150 Feb 16, 2018 0.16 0.16 0.15 0.15 32484.5 157073000.0
151 Feb 17, 2018 0.15 0.16 0.14 0.15 10870.0 150066000.0
152 Feb 18, 2018 0.15 0.15 0.14 0.14 17140.0 146065000.0
153 Feb 19, 2018 0.14 0.14 0.12 0.12 269328.0 137317000.0
154 Feb 20, 2018 0.12 0.14 0.1 0.12 472532.0 121808000.0
155 Feb 21, 2018 0.12 0.12 0.1 0.1 57711.7 115226000.0
156 Feb 22, 2018 0.1 0.11 0.08 0.1 11161.3 104958000.0
157 Feb 23, 2018 0.1 0.11 0.1 0.11 30102.3 99724400.0
158 Feb 24, 2018 0.11 0.13 0.1 0.13 16519.5 106026000.0
159 Feb 25, 2018 0.12 0.13 0.12 0.12 10570.6 124848000.0
160 Feb 26, 2018 0.12 0.13 0.11 0.13 48798.2 121600000.0
161 Feb 27, 2018 0.13 0.13 0.13 0.13 26105.1 127779000.0
162 Feb 28, 2018 0.13 0.13 0.12 0.12 6077.8 127074000.0
163 Mar 01, 2018 0.12 0.12 0.09 0.1 1155.03 118062000.0
164 Mar 02, 2018 0.1 0.11 0.1 0.11 318961.0 95623200.0
165 Mar 03, 2018 0.11 0.11 0.11 0.11 9834.09 106860000.0
166 Mar 04, 2018 0.11 0.11 0.11 0.11 6652.88 111123000.0
167 Mar 05, 2018 0.11 0.11 0.09 0.11 78643.3 110914000.0
168 Mar 06, 2018 0.11 0.11 0.1 0.1 30442.6 106059000.0
169 Mar 07, 2018 0.1 0.1 0.08 0.09 66358.0 99797500.0
170 Mar 08, 2018 0.09 0.09 0.09 0.09 10379.2 92225000.0
171 Mar 09, 2018 0.09 0.09 0.08 0.09 12272.6 87384000.0
172 Mar 10, 2018 0.09 0.1 0.09 0.09 8593.87 90679700.0
173 Mar 11, 2018 0.09 0.1 0.09 0.1 59172.8 87239900.0
174 Mar 12, 2018 0.1 0.11 0.1 0.1 31309.1 99766500.0
175 Mar 13, 2018 0.1 0.1 0.09 0.1 33989.5 98079400.0
176 Mar 14, 2018 0.1 0.1 0.09 0.09 1606450.0 99375000.0
177 Mar 15, 2018 0.09 0.09 0.06 0.07 4151.5 91891200.0
178 Mar 16, 2018 0.07 0.07 0.06 0.07 1852.94 65908900.0
179 Mar 17, 2018 0.07 0.07 0.06 0.06 207122.0 66152400.0
180 Mar 18, 2018 0.06 0.06 0.04 0.05 15093.7 59253000.0
181 Mar 19, 2018 0.05 0.06 0.05 0.05 6869.3 53757500.0
182 Mar 20, 2018 0.05 0.07 0.05 0.07 38365.0 54339100.0
183 Mar 21, 2018 0.07 0.07 0.07 0.07 7992.24 69136900.0
184 Mar 22, 2018 0.07 0.07 0.05 0.06 448.32 69984600.0
185 Mar 23, 2018 0.06 0.07 0.06 0.07 2345570.0 64587800.0
186 Mar 24, 2018 0.07 0.07 0.07 0.07 349351.0 73211400.0
187 Mar 25, 2018 0.07 0.07 0.07 0.07 300293.0 71197500.0
188 Mar 26, 2018 0.07 0.08 0.07 0.07 35600.0 73310700.0
189 Mar 27, 2018 0.07 0.09 0.05 0.09 2564700.0 72732500.0
