0 Nov 21, 2017 0.48 0.53 0.45 0.5 9608310.0 0.0
1 Nov 22, 2017 0.5 0.54 0.42 0.46 2592760.0 0.0
2 Nov 23, 2017 0.46 0.83 0.43 0.5 3392260.0 0.0
3 Nov 24, 2017 0.5 0.67 0.48 0.67 2903120.0 0.0
4 Nov 25, 2017 0.63 0.72 0.63 0.72 5078390.0 0.0
5 Nov 26, 2017 0.72 0.75 0.68 0.75 3198190.0 0.0
6 Nov 27, 2017 0.74 1.16 0.74 1.16 22245000.0 0.0
7 Nov 28, 2017 1.17 1.38 1.07 1.37 42607800.0 0.0
8 Nov 29, 2017 1.37 1.48 1.16 1.17 16962700.0 0.0
9 Nov 30, 2017 1.23 1.38 1.0 1.29 21565300.0 0.0
10 Dec 01, 2017 1.27 1.27 0.87 1.16 25568500.0 0.0
11 Dec 02, 2017 1.17 1.18 1.0 1.07 10667500.0 0.0
12 Dec 03, 2017 1.07 1.08 0.89 0.92 11576700.0 0.0
13 Dec 04, 2017 0.91 1.01 0.74 0.99 23245800.0 119993000.0
14 Dec 05, 2017 0.99 1.0 0.93 0.98 13881100.0 346994000.0
15 Dec 06, 2017 0.98 0.98 0.89 0.92 14377300.0 342129000.0
16 Dec 07, 2017 0.91 0.91 0.72 0.78 12158600.0 318431000.0
17 Dec 08, 2017 0.78 0.81 0.7 0.78 12751700.0 271843000.0
18 Dec 09, 2017 0.78 0.78 0.71 0.76 10760400.0 273863000.0
19 Dec 10, 2017 0.76 0.76 0.65 0.69 4462490.0 265859000.0
20 Dec 11, 2017 0.69 0.72 0.58 0.62 18366400.0 242756000.0
21 Dec 12, 2017 0.62 0.65 0.56 0.64 12663300.0 215653000.0
22 Dec 13, 2017 0.64 0.81 0.59 0.7 16769400.0 223094000.0
23 Dec 14, 2017 0.7 0.76 0.69 0.75 10341200.0 244435000.0
24 Dec 15, 2017 0.74 0.79 0.67 0.71 10861900.0 259867000.0
25 Dec 16, 2017 0.71 1.21 0.7 1.19 43238500.0 247903000.0
26 Dec 17, 2017 1.2 1.24 0.97 0.98 21186400.0 418390000.0
27 Dec 18, 2017 0.98 1.12 0.88 1.08 20144900.0 344122000.0
28 Dec 19, 2017 1.08 1.1 0.92 0.97 19641000.0 377272000.0
29 Dec 20, 2017 0.97 1.0 0.87 0.95 13937000.0 340351000.0
30 Dec 21, 2017 0.95 1.09 0.91 0.96 16916700.0 334253000.0
31 Dec 22, 2017 0.96 0.96 0.63 0.81 60815500.0 335129000.0
32 Dec 23, 2017 0.81 0.96 0.81 0.89 20796800.0 282696000.0
33 Dec 24, 2017 0.89 0.89 0.74 0.86 32082500.0 311209000.0
34 Dec 25, 2017 0.87 0.91 0.85 0.88 14419500.0 304314000.0
35 Dec 26, 2017 0.88 0.92 0.86 0.87 6857160.0 307920000.0
36 Dec 27, 2017 0.87 1.0 0.87 0.97 10953900.0 304733000.0
37 Dec 28, 2017 0.97 0.98 0.84 0.88 7997100.0 338174000.0
38 Dec 29, 2017 0.88 0.9 0.85 0.89 7115610.0 309323000.0
39 Dec 30, 2017 0.89 0.89 0.78 0.84 10973500.0 311257000.0
40 Dec 31, 2017 0.83 0.88 0.81 0.86 8381010.0 292462000.0
41 Jan 01, 2018 0.87 0.9 0.85 0.89 14620300.0 305460000.0
42 Jan 02, 2018 0.89 1.04 0.87 0.99 24755600.0 311522000.0
43 Jan 03, 2018 0.98 1.12 0.94 1.06 24439100.0 344811000.0
44 Jan 04, 2018 1.07 1.14 1.0 1.14 28168300.0 375338000.0
45 Jan 05, 2018 1.14 1.83 1.13 1.6 107352000.0 399021000.0
46 Jan 06, 2018 1.6 2.22 1.57 2.06 63903000.0 561499000.0
47 Jan 07, 2018 2.09 2.2 1.88 2.1 69163100.0 731096000.0
48 Jan 08, 2018 2.1 2.1 1.58 1.81 49635100.0 733364000.0
49 Jan 09, 2018 1.8 1.89 1.69 1.85 34922500.0 630791000.0
50 Jan 10, 2018 1.84 1.96 1.63 1.85 42796900.0 643361000.0
51 Jan 11, 2018 1.86 1.91 1.58 1.79 34817000.0 652871000.0
52 Jan 12, 2018 1.8 1.93 1.76 1.87 32804300.0 629483000.0
53 Jan 13, 2018 1.89 2.45 1.89 2.45 52097300.0 661886000.0
54 Jan 14, 2018 2.46 2.48 2.08 2.44 46173400.0 859974000.0
55 Jan 15, 2018 2.42 2.46 2.22 2.26 35886500.0 845746000.0
56 Jan 16, 2018 2.25 2.25 1.4 1.66 44388000.0 789428000.0
57 Jan 17, 2018 1.65 1.79 1.18 1.73 32290000.0 578523000.0
58 Jan 18, 2018 1.73 1.87 1.63 1.71 24578100.0 605634000.0
59 Jan 19, 2018 1.69 1.76 1.6 1.64 18786900.0 590061000.0
60 Jan 20, 2018 1.65 1.89 1.65 1.85 8795390.0 578640000.0
61 Jan 21, 2018 1.86 1.86 1.58 1.65 14085400.0 649902000.0
62 Jan 22, 2018 1.66 1.69 1.34 1.48 20758000.0 581633000.0
63 Jan 23, 2018 1.48 1.5 1.25 1.39 25107600.0 517684000.0
64 Jan 24, 2018 1.39 1.52 1.31 1.5 19406500.0 487221000.0
65 Jan 25, 2018 1.51 1.53 1.42 1.44 15879300.0 527758000.0
66 Jan 26, 2018 1.44 1.49 1.25 1.39 21466900.0 504487000.0
67 Jan 27, 2018 1.4 1.55 1.38 1.5 13827500.0 488950000.0
68 Jan 28, 2018 1.51 1.61 1.5 1.6 17907900.0 527464000.0
69 Jan 29, 2018 1.61 1.61 1.44 1.46 15089500.0 562217000.0
70 Jan 30, 2018 1.45 1.49 1.18 1.23 23668200.0 508123000.0
71 Jan 31, 2018 1.23 1.23 1.15 1.2 16543700.0 431844000.0
72 Feb 01, 2018 1.2 1.22 0.96 1.0 16254600.0 421547000.0
73 Feb 02, 2018 1.01 1.01 0.75 0.93 15983000.0 352551000.0
74 Feb 03, 2018 0.94 1.06 0.88 1.04 9776650.0 327467000.0
75 Feb 04, 2018 1.05 1.05 0.82 0.86 8638730.0 368083000.0
76 Feb 05, 2018 0.85 0.86 0.63 0.66 9370440.0 298303000.0
77 Feb 06, 2018 0.67 0.81 0.54 0.8 12357500.0 233851000.0
78 Feb 07, 2018 0.79 0.9 0.73 0.79 8706400.0 277786000.0
79 Feb 08, 2018 0.78 0.88 0.78 0.83 4804810.0 272965000.0
80 Feb 09, 2018 0.83 0.96 0.81 0.95 3464780.0 292384000.0
81 Feb 10, 2018 0.95 0.99 0.83 0.87 5798290.0 334463000.0
82 Feb 11, 2018 0.87 0.87 0.79 0.84 3854840.0 303740000.0
83 Feb 12, 2018 0.84 0.91 0.84 0.9 4594740.0 294897000.0
84 Feb 13, 2018 0.9 0.9 0.84 0.85 3634480.0 313968000.0
85 Feb 14, 2018 0.85 0.95 0.85 0.94 5146450.0 298159000.0
86 Feb 15, 2018 0.94 0.97 0.92 0.95 5403890.0 330236000.0
87 Feb 16, 2018 0.95 0.97 0.93 0.97 4039720.0 332518000.0
88 Feb 17, 2018 0.97 1.06 0.96 1.06 5323920.0 338758000.0
89 Feb 18, 2018 1.06 1.07 0.96 0.97 5162380.0 373063000.0
90 Feb 19, 2018 0.97 1.04 0.97 1.02 5598330.0 340231000.0
91 Feb 20, 2018 1.02 1.04 0.96 0.96 5950770.0 356271000.0
92 Feb 21, 2018 0.96 0.96 0.84 0.86 5188840.0 335319000.0
93 Feb 22, 2018 0.86 0.89 0.81 0.81 4163580.0 302409000.0
94 Feb 23, 2018 0.81 0.87 0.8 0.84 4175430.0 283477000.0
95 Feb 24, 2018 0.84 0.87 0.79 0.81 2633470.0 293971000.0
96 Feb 25, 2018 0.81 0.83 0.78 0.81 2688350.0 285584000.0
97 Feb 26, 2018 0.81 0.85 0.79 0.84 2876830.0 282834000.0
98 Feb 27, 2018 0.84 0.87 0.83 0.84 3040270.0 294179000.0
99 Feb 28, 2018 0.84 0.85 0.81 0.81 3622380.0 294090000.0
100 Mar 01, 2018 0.81 0.83 0.8 0.82 2579970.0 282658000.0
101 Mar 02, 2018 0.82 0.83 0.81 0.82 4133610.0 288998000.0
102 Mar 03, 2018 0.82 0.84 0.81 0.81 2744700.0 288882000.0
103 Mar 04, 2018 0.81 0.82 0.78 0.81 3508960.0 285067000.0
104 Mar 05, 2018 0.81 0.83 0.81 0.82 3097250.0 284064000.0
105 Mar 06, 2018 0.81 0.81 0.76 0.78 3119240.0 285191000.0
106 Mar 07, 2018 0.78 0.79 0.65 0.69 5937710.0 271958000.0
107 Mar 08, 2018 0.69 0.7 0.63 0.64 4818750.0 240670000.0
108 Mar 09, 2018 0.64 0.68 0.58 0.68 3856500.0 224253000.0
109 Mar 10, 2018 0.68 0.7 0.63 0.64 2600970.0 237220000.0
110 Mar 11, 2018 0.64 0.69 0.62 0.68 2639060.0 223103000.0
111 Mar 12, 2018 0.68 0.71 0.64 0.66 10304700.0 236629000.0
112 Mar 13, 2018 0.66 0.67 0.63 0.65 3375830.0 230109000.0
113 Mar 14, 2018 0.65 0.66 0.58 0.59 5087480.0 227592000.0
114 Mar 15, 2018 0.59 0.59 0.54 0.58 4252120.0 206453000.0
115 Mar 16, 2018 0.58 0.58 0.55 0.56 3645100.0 203216000.0
116 Mar 17, 2018 0.56 0.56 0.5 0.5 3823890.0 196362000.0
117 Mar 18, 2018 0.5 0.52 0.42 0.52 5473090.0 174490000.0
118 Mar 19, 2018 0.52 0.54 0.5 0.53 3722740.0 183611000.0
119 Mar 20, 2018 0.54 0.57 0.51 0.56 4735230.0 187708000.0
120 Mar 21, 2018 0.56 0.71 0.56 0.71 6606090.0 196716000.0
121 Mar 22, 2018 0.71 0.71 0.61 0.67 5863930.0 249039000.0
122 Mar 23, 2018 0.68 0.73 0.62 0.73 5522520.0 236468000.0
123 Mar 24, 2018 0.74 0.78 0.72 0.74 5650330.0 257661000.0
124 Mar 25, 2018 0.73 0.74 0.71 0.72 3943300.0 255028000.0
125 Mar 26, 2018 0.72 0.73 0.6 0.64 5179840.0 253589000.0
126 Mar 27, 2018 0.64 0.65 0.59 0.59 3544930.0 222685000.0
