0 May 21, 2014 2.47 2.65 1.23 1.6 246540.0 2079640.0
1 May 22, 2014 1.59 2.19 1.36 2.1 132918.0 1371470.0
2 May 23, 2014 2.05 3.43 2.05 2.96 266852.0 1816200.0
3 May 24, 2014 2.92 4.01 2.62 3.7 248028.0 2653720.0
4 May 25, 2014 4.04 4.04 2.8 3.14 283545.0 3774890.0
5 May 26, 2014 3.22 3.76 2.31 3.02 220148.0 3070190.0
6 May 27, 2014 3.03 3.03 2.06 2.21 97602.6 2958060.0
7 May 28, 2014 2.24 2.85 1.91 2.27 177716.0 2231880.0
8 May 29, 2014 2.21 2.49 1.68 1.68 109157.0 2251030.0
9 May 30, 2014 1.68 1.87 1.08 1.57 119296.0 1742630.0
10 May 31, 2014 1.57 2.28 1.41 1.94 117399.0 1675440.0
11 Jun 01, 2014 1.94 2.56 1.53 1.74 130602.0 2111850.0
12 Jun 02, 2014 1.76 1.94 1.6 1.73 47671.7 1964820.0
13 Jun 03, 2014 1.73 2.1 1.65 1.93 91331.6 1966370.0
14 Jun 04, 2014 1.93 1.99 1.71 1.8 51886.4 2238440.0
15 Jun 06, 2014 1.46 1.51 1.17 1.24 100635.0 1781530.0
16 Jun 07, 2014 1.24 1.69 1.21 1.36 44187.0 1523430.0
17 Jun 08, 2014 1.36 1.44 1.24 1.33 40633.6 1702900.0
18 Jun 09, 2014 1.33 1.64 1.27 1.52 56500.2 1697580.0
19 Jun 10, 2014 1.48 2.39 1.31 1.73 182599.0 1917820.0
20 Jun 11, 2014 1.72 2.17 1.53 1.62 85735.3 2279840.0
21 Jun 12, 2014 1.62 2.17 1.53 1.74 108619.0 2174900.0
22 Jun 13, 2014 1.65 1.96 1.62 1.92 84237.0 2257650.0
23 Jun 14, 2014 1.93 2.82 1.88 2.34 276919.0 2677530.0
24 Jun 15, 2014 2.32 2.75 2.25 2.69 150652.0 3288170.0
25 Jun 16, 2014 2.72 3.55 2.62 3.18 438776.0 3905660.0
26 Jun 17, 2014 3.15 3.31 2.72 2.82 228445.0 4601540.0
27 Jun 18, 2014 2.9 2.98 2.46 2.79 183102.0 4304890.0
28 Jun 19, 2014 2.78 3.52 2.68 3.13 283962.0 4188790.0
29 Jun 20, 2014 3.17 4.58 3.12 4.56 543764.0 4844000.0
30 Jun 21, 2014 4.33 5.85 4.14 5.01 723077.0 6730580.0
31 Jun 22, 2014 4.98 5.21 4.02 4.35 491984.0 7853920.0
32 Jun 23, 2014 4.28 4.82 3.77 3.98 433301.0 6851250.0
33 Jun 24, 2014 3.92 4.07 2.96 3.28 150995.0 6374590.0
34 Jun 25, 2014 3.23 3.39 2.63 3.39 217183.0 5313820.0
35 Jun 26, 2014 3.28 3.38 2.8 2.89 117740.0 5471230.0
36 Jun 27, 2014 2.98 3.0 2.07 2.2 250643.0 5044180.0
37 Jun 28, 2014 2.32 2.9 2.25 2.55 184970.0 3997740.0
38 Jun 29, 2014 2.55 2.75 2.26 2.54 138511.0 4434960.0
39 Jun 30, 2014 2.55 2.7 2.44 2.5 124575.0 4484350.0
40 Jul 01, 2014 2.5 2.65 2.34 2.35 98540.2 4470350.0
41 Jul 02, 2014 2.34 2.54 2.26 2.31 101095.0 4225600.0
42 Jul 03, 2014 2.31 2.82 2.23 2.64 168532.0 4217730.0
43 Jul 04, 2014 2.64 3.0 2.54 2.64 148555.0 4899760.0
44 Jul 05, 2014 2.64 2.64 2.44 2.47 68524.5 4956910.0
45 Jul 06, 2014 2.47 2.48 2.29 2.4 77662.9 4690900.0
46 Jul 07, 2014 2.4 2.4 1.95 1.99 111370.0 4609840.0
47 Jul 08, 2014 1.98 2.36 1.97 2.35 94992.6 3851290.0
48 Jul 09, 2014 2.3 2.31 1.99 2.01 69553.9 4518280.0
49 Jul 10, 2014 2.03 2.09 1.86 1.89 89099.2 4033590.0
50 Jul 11, 2014 1.86 1.92 1.72 1.79 116666.0 3746700.0
51 Jul 12, 2014 1.79 1.94 1.72 1.73 65375.1 3648870.0
52 Jul 13, 2014 1.73 1.97 1.46 1.79 122049.0 3562450.0
53 Jul 14, 2014 1.79 1.99 1.62 1.97 100284.0 3716450.0
54 Jul 15, 2014 1.95 2.19 1.79 2.11 136205.0 4096760.0
55 Jul 16, 2014 2.16 2.93 2.05 2.71 353430.0 4585570.0
56 Jul 17, 2014 2.71 3.58 2.64 2.98 503684.0 5804450.0
57 Jul 18, 2014 3.03 3.29 2.46 2.62 348336.0 6577180.0
58 Jul 19, 2014 2.59 3.07 2.54 2.88 169471.0 5680000.0
59 Jul 20, 2014 2.88 2.93 2.58 2.63 116853.0 6372740.0
60 Jul 21, 2014 2.67 3.14 2.65 3.08 243140.0 5978470.0
61 Jul 22, 2014 3.08 3.32 3.01 3.2 262049.0 6966760.0
62 Jul 23, 2014 3.2 3.24 2.84 2.91 274946.0 7296220.0
63 Jul 24, 2014 2.92 2.97 2.28 2.36 292547.0 6717400.0
64 Jul 25, 2014 2.37 2.71 2.31 2.71 182887.0 5500730.0
65 Jul 26, 2014 2.7 2.77 2.51 2.62 125320.0 6327920.0
66 Jul 27, 2014 2.62 2.65 2.45 2.55 111827.0 6211480.0
67 Jul 28, 2014 2.55 2.7 2.42 2.7 141903.0 6102470.0
68 Jul 29, 2014 2.7 2.8 2.56 2.62 272756.0 6507970.0
69 Jul 30, 2014 2.62 2.63 2.5 2.54 79829.6 6374650.0
70 Jul 31, 2014 2.52 2.64 2.48 2.55 111065.0 6187770.0
71 Aug 01, 2014 2.56 2.67 2.49 2.67 145177.0 6361190.0
72 Aug 02, 2014 2.67 2.73 2.5 2.5 101031.0 6665580.0
73 Aug 03, 2014 2.5 2.5 2.25 2.36 144327.0 6295750.0
74 Aug 04, 2014 2.36 37.78 1.99 2.0 234647.0 5992660.0
75 Aug 05, 2014 2.01 2.19 1.98 2.15 94390.7 5154370.0
76 Aug 06, 2014 2.2 2.28 2.13 2.19 76410.7 5698660.0
77 Aug 07, 2014 2.19 2.24 2.1 2.14 88303.5 5713790.0
78 Aug 08, 2014 2.14 2.21 2.11 2.18 87502.0 5636120.0
79 Aug 09, 2014 2.17 2.18 2.08 2.1 72350.9 5760020.0
80 Aug 10, 2014 2.05 2.12 1.99 2.06 80846.8 5482750.0
81 Aug 11, 2014 2.04 2.17 1.93 2.08 132234.0 5505760.0
82 Aug 12, 2014 2.08 2.1 1.97 2.0 114580.0 5649600.0
83 Aug 13, 2014 2.0 2.04 1.83 1.9 89506.2 5465790.0
84 Aug 14, 2014 1.91 1.92 1.69 1.76 99815.4 5280750.0
85 Aug 15, 2014 1.78 1.8 1.51 1.59 182760.0 4932750.0
86 Aug 16, 2014 1.59 1.61 1.49 1.6 82703.3 4413540.0
87 Aug 17, 2014 1.6 1.65 1.42 1.46 72243.5 4447240.0
88 Aug 18, 2014 1.47 1.65 1.34 1.45 108222.0 4074930.0
89 Aug 19, 2014 1.45 1.65 1.39 1.65 98273.3 4013520.0
90 Aug 20, 2014 1.66 1.96 1.61 1.83 286655.0 4795780.0
91 Aug 21, 2014 1.84 1.9 1.77 1.81 141302.0 5337170.0
92 Aug 22, 2014 1.82 1.9 1.75 1.78 118268.0 5331550.0
93 Aug 23, 2014 1.77 1.86 1.73 1.81 81315.9 5236920.0
94 Aug 24, 2014 1.81 1.97 1.81 1.95 113086.0 5377400.0
95 Aug 25, 2014 1.95 2.08 1.89 2.05 179315.0 5843100.0
96 Aug 26, 2014 2.09 2.1 1.9 2.01 191411.0 6291750.0
97 Aug 27, 2014 2.01 2.04 1.94 2.01 125364.0 6098760.0
98 Aug 28, 2014 2.0 2.24 2.0 2.21 246829.0 6110120.0
99 Aug 29, 2014 2.18 2.28 2.14 2.21 219724.0 6708610.0
100 Aug 30, 2014 2.21 2.49 2.19 2.44 270668.0 6832530.0
101 Aug 31, 2014 2.43 2.56 2.1 2.17 308396.0 7577360.0
102 Sep 01, 2014 2.17 2.28 1.97 2.04 268279.0 6827450.0
103 Sep 02, 2014 2.04 2.07 1.89 1.96 218797.0 6464120.0
104 Sep 03, 2014 1.95 2.08 1.9 2.03 153437.0 6205680.0
105 Sep 04, 2014 2.03 2.16 1.88 2.05 186620.0 6507160.0
106 Sep 05, 2014 2.05 2.11 1.86 1.98 168193.0 6595670.0
107 Sep 06, 2014 1.98 2.0 1.9 1.95 120274.0 6411200.0
108 Sep 07, 2014 1.94 1.97 1.84 1.88 151671.0 6324720.0
109 Sep 08, 2014 1.88 1.92 1.79 1.87 158829.0 6166130.0
110 Sep 09, 2014 1.88 1.89 1.75 1.77 129058.0 6200410.0
111 Sep 10, 2014 1.77 2.08 1.76 1.97 280005.0 5876080.0
112 Sep 11, 2014 1.97 2.07 1.92 1.94 173065.0 6583810.0
113 Sep 12, 2014 1.94 2.0 1.82 1.88 166282.0 6544780.0
114 Sep 13, 2014 1.88 1.89 1.79 1.85 156820.0 6365210.0
115 Sep 14, 2014 1.85 1.89 1.79 1.82 123269.0 6308010.0
116 Sep 15, 2014 1.82 1.91 1.81 1.9 132403.0 6241990.0
117 Sep 16, 2014 1.9 1.91 1.83 1.84 149855.0 6557510.0
118 Sep 17, 2014 1.84 1.9 1.65 1.77 291633.0 6389740.0
119 Sep 18, 2014 1.74 1.74 1.5 1.57 253082.0 6076160.0
120 Sep 19, 2014 1.57 1.59 1.38 1.45 171739.0 5503840.0
121 Sep 20, 2014 1.44 1.57 1.17 1.27 362626.0 5094260.0
122 Sep 21, 2014 1.27 1.41 1.17 1.27 239591.0 4502750.0
123 Sep 22, 2014 1.27 1.33 1.21 1.26 137822.0 4552650.0
124 Sep 23, 2014 1.26 1.5 1.23 1.47 205229.0 4526380.0
125 Sep 24, 2014 1.46 1.56 1.45 1.5 122748.0 5285770.0
126 Sep 25, 2014 1.5 1.51 1.39 1.4 126179.0 5441180.0
127 Sep 26, 2014 1.4 1.46 1.32 1.39 81632.4 5104450.0
128 Sep 27, 2014 1.38 1.39 1.28 1.31 95657.4 5082540.0
129 Sep 28, 2014 1.3 1.37 1.21 1.22 84412.7 4821140.0
130 Sep 29, 2014 1.22 1.23 1.14 1.15 83902.2 4533030.0
131 Sep 30, 2014 1.16 1.25 1.14 1.22 82093.5 4344950.0
132 Oct 01, 2014 1.21 1.22 1.17 1.2 65139.9 4536570.0
133 Oct 02, 2014 1.22 1.22 1.18 1.19 61823.9 4588330.0
134 Oct 03, 2014 1.18 1.18 1.07 1.1 113844.0 4493740.0
135 Oct 04, 2014 1.09 1.13 0.97 0.98 65893.6 4166030.0
136 Oct 05, 2014 0.98 1.0 0.79 0.88 86073.4 3745430.0
137 Oct 06, 2014 0.88 1.0 0.81 0.98 65376.7 3385660.0
138 Oct 07, 2014 0.98 1.01 0.9 1.0 68251.9 3797610.0
139 Oct 08, 2014 1.0 1.11 0.95 1.09 116352.0 3906930.0
140 Oct 09, 2014 1.09 1.16 1.05 1.1 66784.6 4255220.0
141 Oct 10, 2014 1.1 1.15 1.04 1.14 121420.0 4343870.0
142 Oct 11, 2014 1.14 1.15 1.06 1.08 81875.6 4499020.0
143 Oct 12, 2014 1.08 1.1 1.04 1.08 58972.0 4280260.0
144 Oct 13, 2014 1.08 1.13 1.02 1.1 92058.5 4324230.0
145 Oct 14, 2014 1.1 1.16 1.07 1.07 63787.3 4406300.0
146 Oct 15, 2014 1.08 1.08 0.91 0.99 104550.0 4365480.0
147 Oct 16, 2014 0.99 1.02 0.92 1.0 59154.3 3997770.0
148 Oct 17, 2014 1.0 1.0 0.92 0.97 63033.6 4064590.0
149 Oct 18, 2014 0.97 1.0 0.95 0.96 60842.0 3981500.0
150 Oct 19, 2014 0.96 1.01 0.96 0.99 47857.9 3968000.0
151 Oct 20, 2014 0.99 1.0 0.92 0.95 86281.1 4110980.0
152 Oct 21, 2014 0.95 0.98 0.93 0.96 50962.8 3949060.0
153 Oct 22, 2014 0.96 0.99 0.94 0.95 63726.7 3987300.0
154 Oct 23, 2014 0.94 0.95 0.72 0.86 97123.6 3944870.0
155 Oct 24, 2014 0.84 0.86 0.74 0.76 52867.3 3541880.0
156 Oct 25, 2014 0.76 0.77 0.67 0.74 54596.1 3227940.0
157 Oct 26, 2014 0.74 0.75 0.69 0.69 37576.6 3142310.0
158 Oct 27, 2014 0.7 0.77 0.6 0.72 141319.0 2974520.0
159 Oct 28, 2014 0.7 0.73 0.6 0.69 82388.5 3016260.0
160 Oct 29, 2014 0.69 0.7 0.62 0.63 23967.1 2958330.0
161 Oct 30, 2014 0.63 0.66 0.59 0.61 48426.5 2731100.0
162 Oct 31, 2014 0.61 0.64 0.6 0.61 37303.4 2663690.0
163 Nov 01, 2014 0.61 0.64 0.57 0.58 33871.7 2647220.0
164 Nov 02, 2014 0.59 0.59 0.56 0.58 26877.2 2568260.0
165 Nov 03, 2014 0.58 0.6 0.55 0.58 40900.2 2541950.0
166 Nov 04, 2014 0.57 0.58 0.55 0.55 42252.9 2543340.0
167 Nov 05, 2014 0.55 0.58 0.55 0.57 25458.3 2430850.0
168 Nov 06, 2014 0.57 0.6 0.56 0.59 28528.2 2540200.0
169 Nov 07, 2014 0.59 0.62 0.58 0.62 29986.5 2626730.0
170 Nov 08, 2014 0.62 0.66 0.59 0.64 40713.0 2785880.0
171 Nov 09, 2014 0.64 0.72 0.63 0.72 44247.3 2903700.0
172 Nov 10, 2014 0.72 0.76 0.69 0.73 67836.3 3246790.0
173 Nov 11, 2014 0.73 0.75 0.69 0.72 30147.2 3341990.0
174 Nov 12, 2014 0.72 0.76 0.69 0.73 75047.2 3282510.0
175 Nov 13, 2014 0.73 0.77 0.67 0.7 41142.5 3374860.0
176 Nov 14, 2014 0.7 0.7 0.64 0.69 65337.8 3227210.0
177 Nov 15, 2014 0.69 0.7 0.63 0.64 31335.5 3202520.0
178 Nov 16, 2014 0.64 0.66 0.63 0.65 27106.9 2967190.0
179 Nov 17, 2014 0.65 0.68 0.56 0.58 152764.0 3039770.0
180 Nov 18, 2014 0.59 0.6 0.53 0.6 49911.8 2744180.0
181 Nov 19, 2014 0.6 0.6 0.55 0.56 25761.0 2806170.0
182 Nov 20, 2014 0.56 0.57 0.51 0.53 23231.7 2636230.0
183 Nov 21, 2014 0.52 0.56 0.5 0.53 34457.8 2449300.0
184 Nov 22, 2014 0.53 0.56 0.53 0.53 26876.5 2538420.0
185 Nov 23, 2014 0.54 0.54 0.52 0.53 31246.7 2557650.0
186 Nov 24, 2014 0.53 0.55 0.53 0.53 29693.8 2521740.0
187 Nov 25, 2014 0.53 0.64 0.53 0.59 84303.4 2558050.0
188 Nov 26, 2014 0.58 0.62 0.55 0.56 29237.0 2814430.0
189 Nov 27, 2014 0.56 0.57 0.55 0.56 10861.1 2718540.0
190 Nov 28, 2014 0.56 0.57 0.53 0.56 17669.9 2711830.0
191 Nov 29, 2014 0.56 0.59 0.56 0.56 17081.3 2757520.0
192 Nov 30, 2014 0.57 0.58 0.56 0.57 14933.1 2795300.0
193 Dec 01, 2014 0.57 0.58 0.47 0.47 78718.1 2778070.0
194 Dec 02, 2014 0.47 0.55 0.47 0.53 21321.5 2340440.0
195 Dec 03, 2014 0.53 0.53 0.48 0.51 26152.8 2619290.0
196 Dec 04, 2014 0.51 0.52 0.45 0.46 18051.8 2533220.0
197 Dec 05, 2014 0.46 0.48 0.41 0.43 45854.6 2273710.0
198 Dec 06, 2014 0.43 0.45 0.42 0.44 18704.4 2143880.0
199 Dec 07, 2014 0.44 0.48 0.44 0.47 21887.9 2232200.0
200 Dec 08, 2014 0.47 0.5 0.44 0.45 36453.2 2377730.0
201 Dec 09, 2014 0.45 0.45 0.38 0.39 28887.2 2267930.0
202 Dec 10, 2014 0.39 0.42 0.37 0.39 18125.2 1978920.0
203 Dec 11, 2014 0.39 0.41 0.38 0.4 22967.3 1959700.0
204 Dec 12, 2014 0.39 0.4 0.37 0.38 16403.9 1992170.0
205 Dec 13, 2014 0.38 0.38 0.37 0.38 17427.7 1899730.0
206 Dec 14, 2014 0.38 0.41 0.37 0.38 13826.9 1898350.0
207 Dec 15, 2014 0.39 0.41 0.38 0.38 23997.5 1956960.0
208 Dec 16, 2014 0.38 0.39 0.33 0.34 41021.8 1938870.0
209 Dec 17, 2014 0.35 0.35 0.3 0.34 33391.6 1755550.0
210 Dec 18, 2014 0.34 0.35 0.3 0.32 17760.3 1710790.0
211 Dec 19, 2014 0.32 0.34 0.3 0.32 16495.1 1599440.0
212 Dec 20, 2014 0.32 0.34 0.31 0.34 12708.0 1684180.0
213 Dec 21, 2014 0.34 0.36 0.32 0.34 24431.8 1791620.0
214 Dec 22, 2014 0.34 0.36 0.33 0.34 19493.0 1823950.0
215 Dec 23, 2014 0.34 0.38 0.33 0.38 25039.3 1836840.0
216 Dec 24, 2014 0.38 0.46 0.38 0.42 64962.5 2046480.0
217 Dec 25, 2014 0.42 0.46 0.4 0.45 53937.4 2265570.0
218 Dec 26, 2014 0.46 0.46 0.43 0.43 35090.3 2451960.0
219 Dec 27, 2014 0.43 0.54 0.41 0.51 98085.9 2330360.0
220 Dec 28, 2014 0.51 0.61 0.48 0.56 117333.0 2757730.0
221 Dec 29, 2014 0.56 0.57 0.49 0.49 72362.4 3065720.0
222 Dec 30, 2014 0.49 0.53 0.46 0.49 57426.1 2670650.0
223 Dec 31, 2014 0.49 0.49 0.42 0.43 37598.2 2659040.0
224 Jan 01, 2015 0.44 0.47 0.42 0.47 24999.8 2391490.0
225 Jan 02, 2015 0.47 0.49 0.43 0.46 34883.6 2602560.0
226 Jan 03, 2015 0.46 0.49 0.45 0.46 42365.6 2525370.0
227 Jan 04, 2015 0.47 0.47 0.4 0.42 29438.2 2582190.0
228 Jan 05, 2015 0.41 0.45 0.39 0.42 35008.3 2283900.0
229 Jan 06, 2015 0.42 0.48 0.41 0.46 34746.5 2348070.0
230 Jan 07, 2015 0.46 0.48 0.45 0.46 21150.3 2578210.0
231 Jan 08, 2015 0.47 0.47 0.43 0.43 18235.3 2645040.0
232 Jan 09, 2015 0.43 0.44 0.41 0.43 15356.8 2407840.0
233 Jan 10, 2015 0.42 0.43 0.37 0.42 23213.2 2400600.0
234 Jan 11, 2015 0.42 0.42 0.37 0.38 12931.9 2369310.0
235 Jan 12, 2015 0.38 0.39 0.36 0.36 12038.2 2149210.0
236 Jan 13, 2015 0.36 0.36 0.3 0.31 15632.3 2069830.0
237 Jan 14, 2015 0.3 0.3 0.21 0.22 20845.1 1714500.0
238 Jan 15, 2015 0.22 0.27 0.22 0.26 14019.0 1260140.0
239 Jan 16, 2015 0.26 0.28 0.25 0.28 14482.6 1496130.0
240 Jan 17, 2015 0.28 0.28 0.24 0.25 12834.2 1624370.0
241 Jan 18, 2015 0.25 0.27 0.23 0.26 11861.1 1436750.0
242 Jan 19, 2015 0.26 0.26 0.24 0.25 17059.8 1481490.0
243 Jan 20, 2015 0.25 0.25 0.23 0.24 8073.66 1474700.0
244 Jan 21, 2015 0.24 0.26 0.23 0.26 10021.1 1402630.0
245 Jan 22, 2015 0.26 0.29 0.26 0.27 15642.7 1528690.0
246 Jan 23, 2015 0.27 0.29 0.26 0.28 12268.9 1606240.0
247 Jan 24, 2015 0.28 0.31 0.27 0.3 16130.0 1646270.0
248 Jan 25, 2015 0.3 0.33 0.29 0.31 24533.3 1752130.0
249 Jan 26, 2015 0.32 0.36 0.3 0.32 29143.7 1867840.0
250 Jan 27, 2015 0.32 0.33 0.29 0.32 17843.5 1877370.0
251 Jan 28, 2015 0.32 0.33 0.28 0.29 16093.0 1897440.0
252 Jan 29, 2015 0.29 0.32 0.28 0.31 27625.2 1731140.0
253 Jan 30, 2015 0.31 0.32 0.29 0.29 21911.0 1831440.0
254 Jan 31, 2015 0.29 0.3 0.28 0.28 10211.2 1764140.0
255 Feb 01, 2015 0.28 0.31 0.27 0.3 17050.5 1706270.0
256 Feb 02, 2015 0.3 0.3 0.28 0.3 16725.4 1814850.0
257 Feb 03, 2015 0.3 0.31 0.28 0.29 11397.2 1820860.0
258 Feb 04, 2015 0.29 0.3 0.27 0.29 19735.8 1753690.0
259 Feb 05, 2015 0.29 0.3 0.27 0.27 13745.7 1761170.0
260 Feb 06, 2015 0.27 0.28 0.26 0.27 14473.3 1661450.0
261 Feb 07, 2015 0.27 0.28 0.26 0.28 12075.0 1656860.0
262 Feb 08, 2015 0.28 0.28 0.26 0.27 11615.0 1689980.0
263 Feb 09, 2015 0.26 0.27 0.25 0.25 12602.9 1591870.0
264 Feb 10, 2015 0.25 0.25 0.24 0.24 14973.3 1559910.0
265 Feb 11, 2015 0.24 0.25 0.23 0.23 23084.9 1512250.0
266 Feb 12, 2015 0.23 0.26 0.22 0.25 25485.7 1456630.0
267 Feb 13, 2015 0.25 0.26 0.24 0.26 12966.4 1554650.0
268 Feb 14, 2015 0.26 0.28 0.25 0.28 19546.0 1591440.0
269 Feb 15, 2015 0.28 0.28 0.24 0.25 13141.3 1749650.0
270 Feb 16, 2015 0.25 0.26 0.24 0.25 8800.62 1583380.0
271 Feb 17, 2015 0.25 0.26 0.24 0.25 16775.3 1577450.0
272 Feb 18, 2015 0.25 0.26 0.23 0.25 33557.7 1598190.0
273 Feb 19, 2015 0.25 0.3 0.24 0.28 35328.6 1573510.0
274 Feb 20, 2015 0.28 0.31 0.28 0.3 23535.7 1803180.0
275 Feb 21, 2015 0.3 0.32 0.29 0.3 14275.0 1939520.0
276 Feb 22, 2015 0.3 0.31 0.26 0.31 28371.4 1927720.0
277 Feb 23, 2015 0.31 0.35 0.3 0.34 82507.2 2005950.0
278 Feb 24, 2015 0.38 0.39 0.34 0.34 77990.7 2463620.0
279 Feb 25, 2015 0.34 0.37 0.32 0.36 33339.8 2150140.0
280 Feb 26, 2015 0.36 0.37 0.34 0.36 31163.0 2350210.0
281 Feb 27, 2015 0.36 0.4 0.35 0.38 36993.8 2305920.0
282 Feb 28, 2015 0.39 0.44 0.38 0.43 68061.7 2492860.0
283 Mar 01, 2015 0.43 0.43 0.4 0.43 23254.6 2769930.0
284 Mar 02, 2015 0.42 0.43 0.38 0.43 67914.8 2766530.0
285 Mar 03, 2015 0.43 0.43 0.39 0.41 23029.0 2792970.0
286 Mar 04, 2015 0.41 0.42 0.39 0.41 21345.0 2713080.0
287 Mar 05, 2015 0.41 0.48 0.41 0.47 45237.6 2705880.0
288 Mar 06, 2015 0.47 0.52 0.45 0.49 77668.3 3100550.0
289 Mar 07, 2015 0.49 0.5 0.45 0.46 25259.4 3198930.0
290 Mar 08, 2015 0.47 0.5 0.45 0.48 39107.1 3071180.0
291 Mar 09, 2015 0.49 0.68 0.46 0.63 110877.0 3236970.0
292 Mar 10, 2015 0.65 0.83 0.58 0.79 182299.0 4296870.0
293 Mar 11, 2015 0.79 0.8 0.66 0.71 95829.5 5263560.0
294 Mar 12, 2015 0.71 0.71 0.65 0.68 62621.2 4766020.0
295 Mar 13, 2015 0.68 0.69 0.63 0.64 56953.4 4533130.0
296 Mar 14, 2015 0.63 0.72 0.59 0.68 83440.9 4240350.0
297 Mar 15, 2015 0.67 0.79 0.67 0.69 70322.2 4525900.0
298 Mar 16, 2015 0.69 0.85 0.69 0.81 110309.0 4675430.0
299 Mar 17, 2015 0.81 0.82 0.74 0.75 61110.5 5438720.0
300 Mar 18, 2015 0.75 0.75 0.62 0.64 51858.0 5086120.0
301 Mar 19, 2015 0.65 0.69 0.61 0.68 52046.7 4381670.0
302 Mar 20, 2015 0.67 0.68 0.61 0.63 28023.2 4529630.0
303 Mar 21, 2015 0.64 0.75 0.63 0.74 61605.2 4374530.0
304 Mar 22, 2015 0.74 0.81 0.73 0.78 108985.0 5069650.0
305 Mar 23, 2015 0.78 0.79 0.74 0.77 45633.9 5300020.0
306 Mar 24, 2015 0.77 0.78 0.68 0.71 52143.5 5255200.0
307 Mar 25, 2015 0.71 0.78 0.67 0.77 98536.4 4851810.0
308 Mar 26, 2015 0.77 0.78 0.74 0.75 44427.2 5285540.0
309 Mar 27, 2015 0.74 0.8 0.73 0.78 42036.4 5136280.0
310 Mar 28, 2015 0.78 0.85 0.77 0.8 74210.2 5389510.0
311 Mar 29, 2015 0.81 0.82 0.7 0.71 58609.2 5590830.0
312 Mar 30, 2015 0.72 0.89 0.71 0.85 108069.0 4993790.0
313 Mar 31, 2015 0.87 1.02 0.85 0.91 216122.0 6061480.0
314 Apr 01, 2015 0.91 1.05 0.91 1.01 119203.0 6333310.0
315 Apr 02, 2015 1.01 1.02 0.92 0.97 88831.3 7040630.0
316 Apr 03, 2015 0.98 1.02 0.88 0.95 139293.0 6853850.0
317 Apr 04, 2015 0.94 0.99 0.71 0.86 128977.0 6606150.0
318 Apr 05, 2015 0.86 0.92 0.73 0.88 143439.0 6037240.0
319 Apr 06, 2015 0.88 0.91 0.76 0.79 38050.9 6193760.0
320 Apr 07, 2015 0.79 0.83 0.71 0.83 95347.1 5576860.0
321 Apr 08, 2015 0.82 0.84 0.72 0.76 33420.6 5803160.0
322 Apr 09, 2015 0.76 0.76 0.7 0.76 24374.1 5365370.0
323 Apr 10, 2015 0.76 0.86 0.72 0.8 67090.7 5406330.0
324 Apr 11, 2015 0.8 0.85 0.79 0.83 45289.0 5739570.0
325 Apr 12, 2015 0.83 0.83 0.8 0.8 22664.8 5911570.0
326 Apr 13, 2015 0.8 0.8 0.68 0.69 66159.4 5735080.0
327 Apr 14, 2015 0.7 0.7 0.64 0.66 37451.6 5010540.0
328 Apr 15, 2015 0.66 0.69 0.65 0.67 21973.9 4724530.0
329 Apr 16, 2015 0.67 0.69 0.65 0.68 42961.6 4853110.0
330 Apr 17, 2015 0.68 0.68 0.63 0.66 27204.7 4903060.0
331 Apr 18, 2015 0.66 0.72 0.65 0.69 39375.2 4765990.0
332 Apr 19, 2015 0.69 0.7 0.66 0.66 15323.1 5023780.0
333 Apr 20, 2015 0.66 0.68 0.65 0.68 28004.7 4816330.0
334 Apr 21, 2015 0.68 0.68 0.58 0.63 101360.0 4968090.0
335 Apr 22, 2015 0.63 0.63 0.57 0.58 29955.5 4614040.0
336 Apr 23, 2015 0.58 0.61 0.56 0.6 45473.8 4221300.0
337 Apr 24, 2015 0.6 0.6 0.57 0.57 18883.1 4375970.0
338 Apr 25, 2015 0.57 0.58 0.51 0.56 77247.9 4205970.0
339 Apr 26, 2015 0.56 0.57 0.53 0.56 19953.7 4150550.0
340 Apr 27, 2015 0.56 0.57 0.53 0.57 26268.3 4105850.0
341 Apr 28, 2015 0.57 0.57 0.45 0.48 97889.7 4185340.0
342 Apr 29, 2015 0.48 0.5 0.45 0.49 29028.8 3589430.0
343 Apr 30, 2015 0.49 0.53 0.46 0.5 29588.8 3655310.0
344 May 01, 2015 0.5 0.53 0.49 0.5 13569.5 3734140.0
345 May 02, 2015 0.5 0.51 0.48 0.5 12363.2 3713670.0
346 May 03, 2015 0.49 0.51 0.49 0.5 13646.3 3675710.0
347 May 04, 2015 0.5 0.5 0.47 0.47 19413.8 3703540.0
348 May 05, 2015 0.47 0.48 0.45 0.47 22379.1 3476820.0
349 May 06, 2015 0.47 0.48 0.45 0.46 29927.8 3499060.0
350 May 07, 2015 0.46 0.49 0.46 0.47 29402.9 3407420.0
351 May 08, 2015 0.47 0.5 0.47 0.49 13966.9 3521290.0
352 May 09, 2015 0.49 0.54 0.48 0.51 33578.9 3711700.0
353 May 10, 2015 0.52 0.57 0.5 0.56 25841.9 3900430.0
354 May 11, 2015 0.56 0.57 0.49 0.51 40270.1 4257390.0
355 May 12, 2015 0.51 0.52 0.48 0.48 27611.8 3900190.0
356 May 13, 2015 0.48 0.52 0.47 0.48 22339.9 3631200.0
357 May 14, 2015 0.48 0.51 0.47 0.49 24386.2 3685290.0
358 May 15, 2015 0.49 0.57 0.49 0.54 36937.1 3791680.0
359 May 16, 2015 0.55 0.62 0.53 0.59 48492.0 4187560.0
360 May 17, 2015 0.6 0.62 0.55 0.56 38551.8 4589620.0
361 May 18, 2015 0.56 0.6 0.52 0.54 66439.5 4298940.0
362 May 19, 2015 0.53 0.55 0.49 0.51 64156.6 4122390.0
363 May 20, 2015 0.51 0.55 0.49 0.49 62289.6 3975640.0
364 May 21, 2015 0.51 0.54 0.44 0.46 110387.0 3965800.0
365 May 22, 2015 0.47 0.48 0.42 0.46 52852.3 3620250.0
366 May 23, 2015 0.46 0.49 0.46 0.47 28017.1 3563310.0
367 May 24, 2015 0.47 0.48 0.47 0.48 12798.5 3661790.0
368 May 25, 2015 0.48 0.48 0.46 0.46 28042.3 3736440.0
369 May 26, 2015 0.46 0.47 0.43 0.45 32410.8 3619900.0
370 May 27, 2015 0.45 0.45 0.41 0.42 44220.3 3505500.0
371 May 28, 2015 0.42 0.45 0.42 0.44 29630.1 3337830.0
372 May 29, 2015 0.44 0.46 0.44 0.44 29579.6 3488920.0
373 May 30, 2015 0.44 0.45 0.43 0.45 16704.6 3469710.0
374 May 31, 2015 0.45 0.48 0.44 0.45 44096.1 3514770.0
375 Jun 01, 2015 0.45 0.47 0.45 0.45 21924.0 3561950.0
376 Jun 02, 2015 0.45 0.47 0.44 0.46 42022.1 3596230.0
377 Jun 03, 2015 0.45 0.47 0.45 0.45 20467.8 3600960.0
378 Jun 04, 2015 0.45 0.48 0.45 0.48 27085.9 3600680.0
379 Jun 05, 2015 0.48 0.51 0.47 0.5 33178.2 3788650.0
380 Jun 06, 2015 0.5 0.53 0.49 0.53 61551.8 4021480.0
381 Jun 07, 2015 0.53 0.53 0.49 0.52 60900.8 4201680.0
382 Jun 08, 2015 0.52 0.55 0.5 0.54 60436.5 4123340.0
383 Jun 09, 2015 0.54 0.55 0.45 0.49 84616.6 4352640.0
384 Jun 10, 2015 0.49 0.5 0.47 0.48 18563.0 3962800.0
385 Jun 11, 2015 0.48 0.49 0.46 0.46 39600.6 3851510.0
386 Jun 12, 2015 0.46 0.5 0.46 0.47 37696.8 3718430.0
387 Jun 13, 2015 0.47 0.49 0.46 0.49 38192.6 3796760.0
388 Jun 14, 2015 0.49 0.5 0.47 0.49 25286.4 3941870.0
389 Jun 15, 2015 0.49 0.52 0.49 0.51 27099.7 4007810.0
390 Jun 16, 2015 0.51 0.52 0.49 0.51 47598.7 4095180.0
391 Jun 17, 2015 0.51 0.52 0.49 0.5 35109.7 4123450.0
392 Jun 18, 2015 0.5 0.51 0.49 0.5 18521.0 4092280.0
393 Jun 19, 2015 0.5 0.54 0.49 0.51 36206.0 4107130.0
394 Jun 20, 2015 0.51 0.55 0.5 0.54 46905.9 4197910.0
395 Jun 21, 2015 0.54 0.54 0.52 0.52 20025.6 4396240.0
396 Jun 22, 2015 0.53 0.54 0.52 0.54 24144.5 4310580.0
397 Jun 23, 2015 0.54 0.54 0.52 0.53 34150.6 4436020.0
398 Jun 24, 2015 0.53 0.53 0.5 0.51 30721.6 4331280.0
399 Jun 25, 2015 0.51 0.52 0.5 0.5 20285.9 4194070.0
400 Jun 26, 2015 0.5 0.5 0.48 0.48 27928.6 4153430.0
401 Jun 27, 2015 0.48 0.5 0.47 0.49 25068.4 3992970.0
402 Jun 28, 2015 0.49 0.5 0.45 0.47 35450.2 4054450.0
403 Jun 29, 2015 0.47 0.51 0.45 0.49 38115.8 3893490.0
404 Jun 30, 2015 0.49 0.51 0.48 0.5 20585.7 4097860.0
405 Jul 01, 2015 0.5 0.51 0.48 0.5 16985.9 4152950.0
406 Jul 02, 2015 0.5 0.51 0.47 0.49 23017.2 4156770.0
407 Jul 03, 2015 0.49 0.5 0.48 0.49 19161.4 4111000.0
408 Jul 04, 2015 0.49 0.51 0.49 0.51 9822.59 4114420.0
409 Jul 05, 2015 0.51 0.53 0.5 0.52 21263.3 4244470.0
410 Jul 06, 2015 0.52 0.52 0.5 0.51 33775.7 4378680.0
411 Jul 07, 2015 0.51 0.51 0.49 0.51 15739.4 4260280.0
412 Jul 08, 2015 0.51 0.52 0.5 0.51 19412.7 4302200.0
413 Jul 09, 2015 0.51 0.52 0.48 0.5 32530.1 4333650.0
414 Jul 10, 2015 0.49 0.56 0.48 0.52 31812.2 4099850.0
415 Jul 11, 2015 0.52 0.55 0.52 0.54 18727.7 4388740.0
416 Jul 12, 2015 0.54 0.65 0.54 0.63 66011.7 4545280.0
417 Jul 13, 2015 0.63 0.64 0.55 0.57 17500.3 5323920.0
418 Jul 14, 2015 0.57 0.58 0.55 0.57 13521.2 4819400.0
419 Jul 15, 2015 0.56 0.58 0.54 0.54 20020.5 4789930.0
420 Jul 16, 2015 0.54 0.56 0.51 0.54 13228.8 4613990.0
421 Jul 17, 2015 0.54 0.54 0.51 0.54 10526.1 4577990.0
422 Jul 18, 2015 0.54 0.55 0.52 0.52 15684.6 4575510.0
423 Jul 19, 2015 0.53 0.54 0.52 0.54 15024.1 4521330.0
424 Jul 20, 2015 0.54 0.55 0.53 0.55 22419.6 4621200.0
425 Jul 21, 2015 0.55 0.6 0.55 0.59 44362.5 4715320.0
426 Jul 22, 2015 0.59 0.59 0.55 0.57 28611.6 5048500.0
427 Jul 23, 2015 0.57 0.59 0.56 0.57 36815.2 4939510.0
428 Jul 24, 2015 0.57 0.58 0.56 0.58 17107.9 4888280.0
429 Jul 25, 2015 0.57 0.58 0.56 0.57 28010.8 4977960.0
430 Jul 26, 2015 0.57 0.6 0.56 0.58 19208.7 4928700.0
431 Jul 27, 2015 0.58 0.61 0.58 0.6 18317.6 5034590.0
432 Jul 28, 2015 0.6 0.62 0.59 0.61 31583.1 5175100.0
433 Jul 29, 2015 0.62 0.62 0.58 0.59 23624.2 5357820.0
434 Jul 30, 2015 0.59 0.59 0.57 0.58 18355.8 5137850.0
435 Jul 31, 2015 0.58 0.58 0.56 0.57 17851.8 5084350.0
436 Aug 01, 2015 0.57 0.59 0.56 0.59 47982.1 5018000.0
437 Aug 02, 2015 0.59 0.62 0.57 0.62 58236.3 5149630.0
438 Aug 03, 2015 0.63 0.63 0.59 0.59 41078.0 5484180.0
439 Aug 04, 2015 0.59 0.62 0.58 0.62 23130.3 5221610.0
440 Aug 05, 2015 0.62 0.62 0.6 0.62 31531.7 5426410.0
441 Aug 06, 2015 0.61 0.75 0.61 0.73 179684.0 5416470.0
442 Aug 07, 2015 0.73 0.75 0.68 0.74 128615.0 6425560.0
443 Aug 08, 2015 0.74 0.74 0.68 0.68 58680.3 6557890.0
444 Aug 09, 2015 0.68 0.7 0.63 0.67 101826.0 5976810.0
445 Aug 10, 2015 0.69 0.7 0.66 0.66 33306.9 6080090.0
446 Aug 11, 2015 0.66 0.66 0.6 0.6 69220.5 5823060.0
447 Aug 12, 2015 0.6 0.65 0.6 0.62 51924.9 5361380.0
448 Aug 13, 2015 0.61 0.63 0.56 0.57 51259.7 5474580.0
449 Aug 14, 2015 0.57 0.61 0.56 0.61 49539.6 5130060.0
450 Aug 15, 2015 0.61 0.63 0.6 0.61 49050.8 5453670.0
451 Aug 16, 2015 0.61 0.67 0.61 0.62 64262.7 5478570.0
452 Aug 17, 2015 0.62 0.63 0.59 0.61 45312.0 5544840.0
453 Aug 18, 2015 0.61 0.62 0.49 0.49 32718.0 5466910.0
454 Aug 19, 2015 0.49 0.55 0.49 0.53 35405.8 4378560.0
455 Aug 20, 2015 0.54 0.62 0.54 0.6 69637.1 4861220.0
456 Aug 21, 2015 0.6 0.61 0.57 0.57 40345.2 5385120.0
457 Aug 22, 2015 0.57 0.57 0.54 0.55 22258.2 5115700.0
458 Aug 23, 2015 0.55 0.56 0.51 0.54 31061.7 4988090.0
459 Aug 24, 2015 0.54 0.55 0.43 0.43 77453.7 4901250.0
460 Aug 25, 2015 0.43 0.49 0.41 0.49 32249.0 3918090.0
461 Aug 26, 2015 0.49 0.52 0.48 0.5 18296.1 4440300.0
462 Aug 27, 2015 0.49 0.5 0.46 0.47 22233.3 4500310.0
463 Aug 28, 2015 0.47 0.49 0.45 0.48 24894.5 4227600.0
464 Aug 29, 2015 0.48 0.49 0.46 0.48 30003.6 4337790.0
465 Aug 30, 2015 0.48 0.48 0.46 0.46 19851.3 4341760.0
466 Aug 31, 2015 0.47 0.48 0.46 0.47 20464.0 4250620.0
467 Sep 01, 2015 0.47 0.47 0.46 0.46 13803.8 4269290.0
468 Sep 02, 2015 0.46 0.47 0.45 0.47 17632.7 4185830.0
469 Sep 03, 2015 0.47 0.47 0.46 0.46 26802.3 4293320.0
470 Sep 04, 2015 0.46 0.47 0.46 0.47 19212.6 4216670.0
471 Sep 05, 2015 0.47 0.48 0.47 0.48 25003.1 4326210.0
472 Sep 06, 2015 0.48 0.51 0.48 0.51 20837.8 4430410.0
473 Sep 07, 2015 0.51 0.51 0.49 0.5 14903.5 4653130.0
474 Sep 08, 2015 0.5 0.52 0.5 0.52 23331.5 4600200.0
475 Sep 09, 2015 0.52 0.53 0.49 0.51 46479.1 4776830.0
476 Sep 10, 2015 0.51 0.52 0.49 0.5 19215.0 4682800.0
477 Sep 11, 2015 0.5 0.51 0.49 0.49 25292.3 4604850.0
478 Sep 12, 2015 0.49 0.49 0.46 0.47 21998.4 4592370.0
479 Sep 13, 2015 0.46 0.48 0.45 0.46 18133.1 4317610.0
480 Sep 14, 2015 0.46 0.51 0.45 0.48 61608.9 4264430.0
481 Sep 15, 2015 0.48 0.57 0.48 0.5 40322.1 4502900.0
482 Sep 16, 2015 0.5 0.51 0.48 0.51 42560.5 4682750.0
483 Sep 17, 2015 0.51 0.52 0.48 0.49 63098.0 4762110.0
484 Sep 18, 2015 0.49 0.5 0.48 0.5 12727.1 4626560.0
485 Sep 19, 2015 0.5 0.5 0.49 0.5 13090.2 4666030.0
486 Sep 20, 2015 0.5 0.5 0.48 0.48 23344.5 4672440.0
487 Sep 21, 2015 0.49 0.49 0.48 0.48 10323.1 4581520.0
488 Sep 22, 2015 0.48 0.48 0.46 0.47 20004.2 4520690.0
489 Sep 23, 2015 0.47 0.48 0.45 0.46 26708.1 4397630.0
490 Sep 24, 2015 0.46 0.47 0.46 0.47 16085.2 4377470.0
491 Sep 25, 2015 0.47 0.48 0.44 0.45 72673.9 4436980.0
492 Sep 26, 2015 0.45 0.47 0.44 0.45 39061.9 4285200.0
493 Sep 27, 2015 0.45 0.45 0.44 0.44 15986.3 4209850.0
494 Sep 28, 2015 0.44 0.45 0.44 0.45 22851.1 4176170.0
495 Sep 29, 2015 0.45 0.45 0.43 0.43 18911.9 4259180.0
496 Sep 30, 2015 0.44 0.44 0.35 0.4 91651.8 4154530.0
497 Oct 01, 2015 0.4 0.43 0.39 0.4 27171.6 3813330.0
498 Oct 02, 2015 0.41 0.41 0.39 0.41 24587.5 3858300.0
499 Oct 03, 2015 0.41 0.42 0.4 0.41 15751.7 3902290.0
500 Oct 04, 2015 0.41 0.41 0.4 0.4 7905.23 3910740.0
501 Oct 05, 2015 0.4 0.43 0.38 0.42 17442.9 3824600.0
502 Oct 06, 2015 0.41 0.43 0.41 0.41 13030.7 3971950.0
503 Oct 07, 2015 0.41 0.42 0.39 0.39 19952.9 3935680.0
504 Oct 08, 2015 0.39 0.41 0.39 0.39 28190.7 3773330.0
505 Oct 09, 2015 0.39 0.4 0.38 0.4 20220.9 3741360.0
506 Oct 10, 2015 0.39 0.39 0.38 0.39 12721.7 3794300.0
507 Oct 11, 2015 0.39 0.4 0.38 0.38 33411.0 3733480.0
508 Oct 12, 2015 0.38 0.4 0.38 0.4 17245.1 3666600.0
509 Oct 13, 2015 0.4 0.4 0.38 0.39 20881.0 3827290.0
510 Oct 14, 2015 0.39 0.4 0.38 0.38 20717.2 3755190.0
511 Oct 15, 2015 0.38 0.4 0.38 0.39 26748.5 3710570.0
512 Oct 16, 2015 0.39 0.41 0.38 0.41 35622.0 3812460.0
513 Oct 17, 2015 0.41 0.44 0.41 0.43 25424.1 3999330.0
514 Oct 18, 2015 0.43 0.43 0.41 0.41 10726.2 4138260.0
515 Oct 19, 2015 0.41 0.41 0.38 0.4 30648.6 3985030.0
516 Oct 20, 2015 0.4 0.4 0.38 0.4 36344.0 3865110.0
517 Oct 21, 2015 0.4 0.4 0.38 0.39 21248.8 3907320.0
518 Oct 22, 2015 0.39 0.4 0.38 0.4 14927.1 3852920.0
519 Oct 23, 2015 0.4 0.41 0.39 0.39 23478.3 3942040.0
520 Oct 24, 2015 0.39 0.4 0.38 0.4 21783.1 3834210.0
521 Oct 25, 2015 0.4 0.42 0.39 0.41 28219.4 3875360.0
522 Oct 26, 2015 0.41 0.41 0.38 0.39 20914.1 3999670.0
523 Oct 27, 2015 0.39 0.41 0.38 0.41 23061.2 3838270.0
524 Oct 28, 2015 0.41 0.45 0.4 0.45 41102.0 4037860.0
525 Oct 29, 2015 0.45 0.46 0.42 0.45 45552.9 4403050.0
526 Oct 30, 2015 0.45 0.48 0.39 0.46 66360.1 4410090.0
527 Oct 31, 2015 0.45 0.46 0.4 0.4 19924.2 4463440.0
528 Nov 01, 2015 0.4 0.43 0.4 0.42 27613.5 3974440.0
529 Nov 02, 2015 0.42 0.45 0.41 0.44 45682.5 4184520.0
530 Nov 03, 2015 0.44 0.47 0.42 0.44 71240.9 4385640.0
531 Nov 04, 2015 0.45 0.58 0.44 0.51 81510.2 4428490.0
532 Nov 05, 2015 0.5 0.51 0.42 0.43 18894.3 4981470.0
533 Nov 06, 2015 0.43 0.46 0.4 0.44 17578.2 4312520.0
534 Nov 07, 2015 0.44 0.46 0.43 0.45 15747.6 4375090.0
535 Nov 08, 2015 0.45 0.56 0.44 0.5 50505.6 4501570.0
536 Nov 09, 2015 0.5 0.5 0.46 0.47 33642.3 4974750.0
537 Nov 10, 2015 0.47 0.5 0.45 0.46 30023.8 4704550.0
538 Nov 11, 2015 0.46 0.46 0.41 0.45 39549.4 4571590.0
539 Nov 12, 2015 0.45 0.46 0.41 0.44 46396.9 4506870.0
540 Nov 13, 2015 0.44 0.47 0.42 0.45 25507.6 4430220.0
541 Nov 14, 2015 0.45 0.46 0.42 0.42 22033.3 4508820.0
542 Nov 15, 2015 0.42 0.44 0.41 0.43 23747.2 4266860.0
543 Nov 16, 2015 0.43 0.44 0.41 0.43 15841.1 4327140.0
544 Nov 17, 2015 0.44 0.45 0.42 0.43 11601.3 4386510.0
545 Nov 18, 2015 0.43 0.43 0.41 0.41 19508.4 4354230.0
546 Nov 19, 2015 0.41 0.42 0.4 0.41 23985.6 4191680.0
547 Nov 20, 2015 0.4 0.41 0.38 0.39 9764.46 4074550.0
548 Nov 21, 2015 0.39 0.41 0.38 0.39 29577.1 3945290.0
549 Nov 22, 2015 0.39 0.4 0.38 0.4 8344.64 3956810.0
550 Nov 23, 2015 0.4 0.4 0.38 0.39 7899.57 4012210.0
551 Nov 24, 2015 0.39 0.4 0.37 0.39 13449.1 3963690.0
552 Nov 25, 2015 0.39 0.39 0.37 0.39 18839.3 3974460.0
553 Nov 26, 2015 0.39 0.42 0.38 0.4 29751.3 3933670.0
554 Nov 27, 2015 0.4 0.41 0.37 0.39 30667.6 4079510.0
555 Nov 28, 2015 0.39 0.4 0.38 0.39 14046.0 3930100.0
556 Nov 29, 2015 0.39 0.41 0.38 0.4 14275.6 4001630.0
557 Nov 30, 2015 0.4 0.43 0.37 0.4 30651.9 4095740.0
558 Dec 01, 2015 0.39 0.41 0.36 0.38 20745.7 4016600.0
559 Dec 02, 2015 0.38 0.39 0.36 0.37 15544.3 3846870.0
560 Dec 03, 2015 0.37 0.39 0.36 0.37 19257.0 3776240.0
561 Dec 04, 2015 0.37 0.39 0.36 0.37 22221.5 3797980.0
562 Dec 05, 2015 0.37 0.46 0.37 0.45 61840.3 3815610.0
563 Dec 06, 2015 0.44 0.47 0.42 0.44 43778.8 4533980.0
564 Dec 07, 2015 0.43 0.45 0.41 0.42 29885.1 4404700.0
565 Dec 08, 2015 0.42 0.43 0.4 0.43 40491.3 4335150.0
566 Dec 09, 2015 0.43 0.47 0.42 0.45 35438.0 4451310.0
567 Dec 10, 2015 0.45 0.46 0.42 0.43 22548.3 4649320.0
568 Dec 11, 2015 0.43 0.47 0.43 0.46 19202.0 4448200.0
569 Dec 12, 2015 0.46 0.48 0.42 0.46 17071.0 4751070.0
570 Dec 13, 2015 0.46 0.47 0.45 0.47 28982.9 4714140.0
571 Dec 14, 2015 0.47 0.56 0.46 0.53 98329.8 4910560.0
572 Dec 15, 2015 0.54 0.56 0.52 0.56 38572.2 5561680.0
573 Dec 16, 2015 0.56 0.56 0.52 0.52 27337.8 5769580.0
574 Dec 17, 2015 0.52 0.53 0.49 0.5 19564.9 5394470.0
575 Dec 18, 2015 0.5 0.51 0.49 0.5 18904.1 5211360.0
576 Dec 19, 2015 0.5 0.5 0.47 0.47 23386.9 5200550.0
577 Dec 20, 2015 0.47 0.51 0.45 0.51 43384.2 4930890.0
578 Dec 21, 2015 0.51 0.52 0.45 0.49 56810.2 5272120.0
579 Dec 22, 2015 0.49 0.51 0.46 0.48 25923.7 5101530.0
580 Dec 23, 2015 0.48 0.5 0.47 0.48 36500.9 5007830.0
581 Dec 24, 2015 0.48 0.49 0.47 0.49 23611.4 5034380.0
582 Dec 25, 2015 0.49 0.5 0.48 0.48 9978.0 5129570.0
583 Dec 26, 2015 0.49 0.49 0.44 0.45 16968.3 5128550.0
584 Dec 27, 2015 0.45 0.47 0.44 0.45 16566.9 4713750.0
585 Dec 28, 2015 0.45 0.46 0.44 0.45 14726.5 4752790.0
586 Dec 29, 2015 0.45 0.47 0.44 0.46 14980.3 4700130.0
587 Dec 30, 2015 0.46 0.47 0.44 0.44 34389.4 4806230.0
588 Dec 31, 2015 0.44 0.47 0.44 0.47 27510.1 4654080.0
589 Jan 01, 2016 0.47 0.56 0.47 0.5 88913.6 4967640.0
590 Jan 02, 2016 0.5 0.56 0.5 0.53 64900.5 5264120.0
591 Jan 03, 2016 0.53 0.54 0.49 0.5 43237.4 5634660.0
592 Jan 04, 2016 0.51 0.53 0.5 0.52 29380.6 5357790.0
593 Jan 05, 2016 0.52 0.54 0.49 0.5 30448.6 5482480.0
594 Jan 06, 2016 0.5 0.52 0.49 0.51 19057.2 5295000.0
595 Jan 07, 2016 0.5 0.52 0.48 0.49 47306.6 5341860.0
596 Jan 08, 2016 0.49 0.51 0.48 0.49 19424.3 5209180.0
597 Jan 09, 2016 0.48 0.51 0.48 0.49 29526.2 5161200.0
598 Jan 10, 2016 0.49 0.52 0.48 0.49 31087.3 5215390.0
599 Jan 11, 2016 0.49 0.5 0.47 0.48 22051.2 5237660.0
600 Jan 12, 2016 0.48 0.51 0.47 0.49 51115.5 5135940.0
601 Jan 13, 2016 0.48 0.49 0.46 0.48 43051.1 5188720.0
602 Jan 14, 2016 0.48 0.5 0.47 0.49 34524.2 5186490.0
603 Jan 15, 2016 0.48 0.49 0.43 0.43 43534.4 5197330.0
604 Jan 16, 2016 0.43 0.5 0.43 0.5 38892.8 4573430.0
605 Jan 17, 2016 0.5 0.51 0.43 0.45 61136.0 5351640.0
606 >Jan 18, 201 0.45 0.51 0.44 0.5 65860.0 4797500.0
607 Jan 19, 2016 0.51 0.55 0.5 0.55 91399.9 5427510.0
608 Jan 20, 2016 0.54 0.57 0.52 0.54 120678.0 5842690.0
609 Jan 21, 2016 0.53 0.57 0.52 0.55 65915.0 5722620.0
610 Jan 22, 2016 0.55 0.56 0.51 0.54 66462.1 5944340.0
611 Jan 23, 2016 0.54 0.65 0.52 0.62 187212.0 5787340.0
612 Jan 24, 2016 0.62 0.65 0.59 0.62 145260.0 6653740.0
613 Jan 25, 2016 0.63 0.63 0.56 0.58 74133.8 6772480.0
614 Jan 26, 2016 0.58 0.64 0.57 0.58 85767.6 6303850.0
615 Jan 27, 2016 0.58 0.62 0.56 0.61 122466.0 6329330.0
616 Jan 28, 2016 0.61 0.63 0.56 0.56 50053.7 6616930.0
617 Jan 29, 2016 0.56 0.56 0.48 0.52 82071.7 6127640.0
618 Jan 30, 2016 0.52 0.52 0.49 0.51 40356.7 5602610.0
619 Jan 31, 2016 0.51 0.52 0.48 0.48 43787.3 5562150.0
620 Feb 01, 2016 0.49 0.51 0.48 0.5 42354.0 5291940.0
621 Feb 02, 2016 0.5 0.51 0.49 0.5 20583.2 5479010.0
622 Feb 03, 2016 0.5 0.5 0.49 0.49 26092.3 5461780.0
623 Feb 04, 2016 0.49 0.52 0.49 0.51 31219.8 5397650.0
624 Feb 05, 2016 0.51 0.51 0.48 0.5 49762.0 5531990.0
625 Feb 06, 2016 0.49 0.49 0.47 0.48 35793.8 5394270.0
626 Feb 07, 2016 0.48 0.5 0.47 0.48 53520.3 5295570.0
627 Feb 08, 2016 0.48 0.5 0.48 0.48 30833.5 5235370.0
628 Feb 09, 2016 0.48 0.48 0.46 0.46 39705.1 5277410.0
629 Feb 10, 2016 0.46 0.48 0.46 0.48 52572.2 5097630.0
630 Feb 11, 2016 0.48 0.59 0.48 0.52 227183.0 5260650.0
631 Feb 12, 2016 0.52 0.62 0.51 0.61 173507.0 5688740.0
632 Feb 13, 2016 0.6 0.9 0.6 0.8 1044850.0 6657360.0
633 Feb 14, 2016 0.81 0.85 0.68 0.85 564309.0 8863020.0
634 Feb 15, 2016 0.83 0.85 0.74 0.79 450366.0 9108640.0
635 Feb 16, 2016 0.79 1.0 0.77 0.94 846371.0 8732960.0
636 Feb 17, 2016 0.95 0.95 0.71 0.73 623116.0 10508400.0
637 Feb 18, 2016 0.73 0.79 0.69 0.77 220495.0 8088710.0
638 Feb 19, 2016 0.77 0.85 0.73 0.82 199937.0 8569200.0
639 Feb 20, 2016 0.83 0.88 0.79 0.82 308919.0 9170240.0
640 Feb 21, 2016 0.82 0.83 0.74 0.78 180109.0 9108810.0
641 >Feb 22, 201 0.78 0.83 0.76 0.78 131583.0 8644680.0
642 Feb 23, 2016 0.78 0.79 0.73 0.76 81027.4 8659060.0
643 Feb 24, 2016 0.76 0.8 0.75 0.8 121771.0 8412300.0
644 Feb 25, 2016 0.81 0.89 0.78 0.81 234953.0 8966000.0
645 Feb 26, 2016 0.81 0.82 0.79 0.81 75395.8 8971020.0
646 Feb 27, 2016 0.82 0.86 0.81 0.83 101882.0 9136830.0
647 Feb 28, 2016 0.83 0.89 0.8 0.87 145400.0 9239080.0
648 Feb 29, 2016 0.87 0.89 0.85 0.87 136190.0 9709570.0
649 Mar 01, 2016 0.87 0.89 0.82 0.85 204620.0 9715260.0
650 Mar 02, 2016 0.85 0.87 0.82 0.83 127689.0 9459500.0
651 Mar 03, 2016 0.82 1.14 0.82 1.09 782236.0 9215560.0
652 Mar 04, 2016 1.09 1.25 1.03 1.1 822636.0 12255400.0
653 Mar 05, 2016 1.1 1.37 1.1 1.2 1150340.0 12335200.0
654 Mar 06, 2016 1.2 1.26 1.05 1.2 912620.0 13405300.0
655 Mar 07, 2016 1.21 1.22 1.0 1.07 514730.0 13540700.0
656 Mar 08, 2016 1.08 1.19 1.02 1.19 339627.0 12128800.0
657 Mar 09, 2016 1.19 1.31 1.1 1.24 826080.0 13340700.0
658 Mar 10, 2016 1.25 1.31 1.07 1.09 437740.0 14035500.0
659 Mar 11, 2016 1.1 1.14 1.08 1.1 134947.0 12350800.0
660 Mar 12, 2016 1.1 1.19 1.06 1.15 332215.0 12375400.0
661 Mar 13, 2016 1.15 1.25 1.13 1.24 276132.0 13009500.0
662 Mar 14, 2016 1.24 1.24 1.11 1.12 195842.0 13996400.0
663 Mar 15, 2016 1.12 1.18 1.1 1.14 221688.0 12636200.0
664 Mar 16, 2016 1.14 1.2 1.12 1.15 156281.0 12879300.0
665 Mar 17, 2016 1.15 1.34 1.05 1.3 510610.0 12979400.0
666 Mar 18, 2016 1.31 1.33 1.11 1.15 408786.0 14849600.0
667 Mar 19, 2016 1.15 1.26 1.13 1.21 273033.0 13006700.0
668 Mar 20, 2016 1.2 1.53 1.2 1.52 979776.0 13655000.0
669 Mar 21, 2016 1.52 1.53 1.36 1.49 819654.0 17283300.0
670 Mar 22, 2016 1.48 1.53 1.34 1.39 601296.0 16789700.0
671 Mar 23, 2016 1.35 1.46 1.34 1.45 439967.0 15365800.0
672 Mar 24, 2016 1.45 1.73 1.39 1.7 1231660.0 16565500.0
673 Mar 25, 2016 1.69 1.75 1.58 1.6 742739.0 19285200.0
674 Mar 26, 2016 1.6 1.73 1.58 1.7 505566.0 18282700.0
675 Mar 27, 2016 1.69 1.72 1.43 1.53 981701.0 19298200.0
676 Mar 28, 2016 1.53 1.56 1.4 1.49 591183.0 17537000.0
677 Mar 29, 2016 1.49 1.53 1.46 1.49 324528.0 17031100.0
678 Mar 30, 2016 1.48 1.52 1.41 1.45 324062.0 16984700.0
679 Mar 31, 2016 1.44 1.46 1.39 1.4 197875.0 16467000.0
680 Apr 01, 2016 1.41 1.48 1.41 1.46 353597.0 16163900.0
681 Apr 02, 2016 1.46 1.57 1.46 1.55 438901.0 16776400.0
682 Apr 03, 2016 1.53 1.58 1.48 1.54 255047.0 17571800.0
683 Apr 04, 2016 1.55 1.6 1.5 1.6 296207.0 17833100.0
684 Apr 05, 2016 1.58 1.58 1.45 1.52 404485.0 18159400.0
685 Apr 06, 2016 1.52 1.57 1.46 1.51 253803.0 17481400.0
686 Apr 07, 2016 1.51 1.57 1.5 1.5 293003.0 17377700.0
687 Apr 08, 2016 1.51 1.54 1.14 1.24 535958.0 17391700.0
688 Apr 09, 2016 1.26 1.37 1.13 1.13 937009.0 14502600.0
689 Apr 10, 2016 1.14 1.17 0.92 1.09 1270300.0 13205500.0
690 Apr 11, 2016 1.12 1.13 0.99 1.02 307904.0 12947200.0
691 Apr 12, 2016 1.02 1.02 0.88 0.95 607158.0 11826700.0
692 Apr 13, 2016 0.94 1.07 0.92 1.03 411783.0 10937600.0
693 Apr 14, 2016 1.03 1.06 0.98 1.01 199039.0 11927900.0
694 Apr 15, 2016 1.01 1.02 0.95 0.99 366008.0 11676400.0
695 Apr 16, 2016 0.99 1.0 0.95 0.98 111910.0 11497200.0
696 Apr 17, 2016 0.98 1.08 0.97 1.04 306365.0 11365600.0
697 Apr 18, 2016 1.03 1.12 1.02 1.11 294792.0 12039000.0
698 Apr 19, 2016 1.11 1.16 1.1 1.11 279257.0 12966100.0
699 Apr 20, 2016 1.11 1.12 1.0 1.06 317076.0 12979400.0
700 Apr 21, 2016 1.05 1.07 0.95 0.98 217840.0 12296600.0
701 Apr 22, 2016 0.97 1.01 0.95 0.98 142996.0 11296200.0
702 Apr 23, 2016 0.98 1.05 0.98 1.04 111624.0 11414300.0
703 Apr 24, 2016 1.03 1.04 0.99 1.01 117386.0 12074100.0
704 Apr 25, 2016 1.02 1.04 0.94 0.95 209133.0 11946300.0
705 Apr 26, 2016 0.96 0.99 0.84 0.88 339835.0 11259900.0
706 Apr 27, 2016 0.89 0.98 0.86 0.94 300067.0 10469100.0
707 Apr 28, 2016 0.94 0.95 0.88 0.9 98146.7 11056500.0
708 Apr 29, 2016 0.9 0.93 0.87 0.88 101368.0 10610600.0
709 Apr 30, 2016 0.88 0.97 0.88 0.92 127183.0 10370200.0
710 May 01, 2016 0.92 0.94 0.89 0.91 64193.2 10770300.0
711 May 02, 2016 0.91 1.0 0.9 0.96 212997.0 10712600.0
712 May 03, 2016 0.96 0.98 0.91 0.91 103842.0 11338900.0
713 May 04, 2016 0.92 0.95 0.9 0.92 102053.0 10803000.0
714 May 05, 2016 0.92 0.92 0.88 0.91 76567.7 10799800.0
715 May 06, 2016 0.91 0.92 0.87 0.88 71046.3 10696600.0
716 May 07, 2016 0.88 0.88 0.83 0.88 110546.0 10350800.0
717 May 08, 2016 0.88 0.9 0.83 0.85 76974.7 10400200.0
718 May 09, 2016 0.85 0.87 0.81 0.82 91541.5 10032500.0
719 May 10, 2016 0.82 0.88 0.81 0.83 134752.0 9770550.0
720 May 11, 2016 0.83 0.87 0.83 0.86 51107.1 9812260.0
721 May 12, 2016 0.86 0.89 0.84 0.88 88976.0 10187100.0
722 May 13, 2016 0.88 0.88 0.84 0.85 66385.6 10381100.0
723 May 14, 2016 0.85 0.86 0.82 0.84 27725.0 10051600.0
724 May 15, 2016 0.84 0.86 0.81 0.82 56531.4 9941400.0
725 May 16, 2016 0.83 0.85 0.81 0.82 107300.0 9796400.0
726 May 17, 2016 0.82 0.85 0.81 0.81 125123.0 9700450.0
727 May 18, 2016 0.81 0.88 0.8 0.84 214210.0 9638580.0
728 May 19, 2016 0.84 0.87 0.83 0.85 139069.0 9963010.0
729 May 20, 2016 0.86 0.99 0.85 0.94 314964.0 10180100.0
730 May 21, 2016 0.94 1.0 0.93 0.97 115767.0 11148000.0
731 May 22, 2016 0.97 0.98 0.92 0.94 194865.0 11561800.0
732 May 23, 2016 0.94 0.96 0.9 0.91 120334.0 11125300.0
733 May 24, 2016 0.91 0.99 0.9 0.9 220308.0 10932800.0
734 May 25, 2016 0.9 0.92 0.86 0.86 87609.8 10758600.0
735 May 26, 2016 0.86 0.91 0.84 0.86 100025.0 10366800.0
736 May 27, 2016 0.86 0.87 0.83 0.86 151612.0 10306700.0
737 May 28, 2016 0.86 0.92 0.85 0.92 174774.0 10333800.0
738 May 29, 2016 0.93 0.96 0.86 0.88 188141.0 11139000.0
739 May 30, 2016 0.88 0.92 0.88 0.91 66482.1 10573600.0
740 May 31, 2016 0.91 0.97 0.9 0.93 156718.0 10932000.0
741 Jun 01, 2016 0.93 0.95 0.87 0.91 105338.0 11234300.0
742 Jun 02, 2016 0.91 0.93 0.91 0.93 39987.0 10992500.0
743 Jun 03, 2016 0.93 0.96 0.92 0.94 74145.0 11159300.0
744 Jun 04, 2016 0.94 0.99 0.94 0.97 91403.5 11340400.0
745 Jun 05, 2016 0.97 1.01 0.96 1.0 87680.0 11742600.0
746 Jun 06, 2016 1.0 1.05 0.99 1.01 89836.1 12135000.0
747 Jun 07, 2016 1.0 1.01 0.96 1.0 86376.1 12082300.0
748 Jun 08, 2016 1.01 1.02 0.97 1.0 70837.1 12232100.0
749 Jun 09, 2016 0.99 1.22 0.99 1.11 483161.0 12029500.0
750 Jun 10, 2016 1.11 1.19 1.08 1.15 267163.0 13495300.0
751 Jun 11, 2016 1.14 1.18 1.12 1.14 207863.0 13832200.0
752 Jun 12, 2016 1.14 1.28 1.11 1.25 285841.0 13806400.0
753 Jun 13, 2016 1.25 1.37 1.25 1.28 276844.0 15197600.0
754 Jun 14, 2016 1.28 1.41 1.24 1.39 268605.0 15568200.0
755 Jun 15, 2016 1.37 1.5 1.33 1.46 334636.0 16664500.0
756 Jun 16, 2016 1.47 1.63 1.43 1.58 349747.0 17829600.0
757 Jun 17, 2016 1.57 1.79 1.48 1.75 643511.0 19121000.0
758 Jun 18, 2016 1.76 2.33 1.76 2.01 2663250.0 21492400.0
759 Jun 19, 2016 2.03 2.06 1.8 1.87 663871.0 24740500.0
760 Jun 20, 2016 1.86 1.91 1.72 1.83 570846.0 22717200.0
761 Jun 21, 2016 1.83 1.87 1.56 1.61 543359.0 22278200.0
762 Jun 22, 2016 1.61 1.72 1.49 1.5 376492.0 19621200.0
763 Jun 23, 2016 1.49 1.57 1.4 1.56 198638.0 18208400.0
764 Jun 24, 2016 1.56 1.66 1.52 1.59 241911.0 19077300.0
765 Jun 25, 2016 1.58 1.65 1.51 1.55 168083.0 19305300.0
766 Jun 26, 2016 1.56 1.61 1.46 1.48 75188.7 19071300.0
767 Jun 27, 2016 1.48 1.49 1.38 1.48 184373.0 18138600.0
768 Jun 28, 2016 1.48 1.51 1.43 1.49 173566.0 18129100.0
769 Jun 29, 2016 1.49 1.6 1.46 1.54 314944.0 18335500.0
770 Jun 30, 2016 1.54 1.61 1.5 1.6 232728.0 18945900.0
771 Jul 01, 2016 1.59 1.7 1.58 1.66 148728.0 19525900.0
772 Jul 02, 2016 1.66 1.79 1.64 1.75 228270.0 20444700.0
773 Jul 03, 2016 1.75 1.85 1.7 1.7 326072.0 21541800.0
774 Jul 04, 2016 1.7 1.8 1.66 1.71 151474.0 20912300.0
775 Jul 05, 2016 1.71 1.74 1.64 1.73 154989.0 21078100.0
776 Jul 06, 2016 1.73 1.98 1.72 1.94 510090.0 21273100.0
777 Jul 07, 2016 1.94 2.11 1.82 1.9 1565910.0 23934100.0
778 Jul 08, 2016 1.9 2.02 1.86 1.98 433750.0 23471600.0
779 Jul 09, 2016 1.99 1.99 1.84 1.96 307833.0 24528700.0
780 Jul 10, 2016 1.96 1.96 1.86 1.91 224404.0 24175800.0
781 Jul 11, 2016 1.91 2.02 1.89 1.98 213005.0 23651500.0
782 Jul 12, 2016 1.98 2.08 1.95 1.99 347642.0 24548500.0
783 Jul 13, 2016 1.98 2.0 1.9 1.93 294296.0 24510200.0
784 Jul 14, 2016 1.94 2.03 1.93 2.01 172552.0 24010100.0
785 Jul 15, 2016 2.01 2.03 1.94 1.99 189098.0 24905300.0
786 Jul 16, 2016 2.0 2.02 1.97 1.98 69993.6 24821700.0
787 Jul 17, 2016 1.98 2.01 1.95 1.99 167463.0 24567700.0
788 Jul 18, 2016 1.99 2.02 1.94 1.95 108747.0 24730000.0
789 Jul 19, 2016 1.95 1.96 1.85 1.9 206251.0 24268200.0
790 Jul 20, 2016 1.9 1.93 1.73 1.76 368224.0 23690500.0
791 Jul 21, 2016 1.77 1.81 1.72 1.74 143002.0 22060100.0
792 Jul 22, 2016 1.73 1.84 1.72 1.83 183573.0 21524900.0
793 Jul 23, 2016 1.83 1.91 1.8 1.89 132721.0 22802400.0
794 Jul 24, 2016 1.9 1.94 1.83 1.88 161485.0 23663800.0
795 Jul 25, 2016 1.86 1.89 1.82 1.84 94316.0 23229400.0
796 Jul 26, 2016 1.84 1.85 1.7 1.82 268872.0 23060800.0
797 Jul 27, 2016 1.83 1.95 1.76 1.94 257870.0 22861700.0
798 Jul 28, 2016 1.94 1.95 1.83 1.85 190937.0 24317300.0
799 Jul 29, 2016 1.85 1.95 1.82 1.89 106495.0 23201700.0
800 Jul 30, 2016 1.91 1.94 1.87 1.91 71011.8 23864700.0
801 Jul 31, 2016 1.91 1.94 1.8 1.82 147277.0 23977300.0
802 Aug 01, 2016 1.82 1.83 1.69 1.7 170108.0 22827700.0
803 Aug 02, 2016 1.7 1.74 1.43 1.49 303492.0 21299600.0
804 Aug 03, 2016 1.49 1.65 1.47 1.57 190375.0 18765200.0
805 Aug 04, 2016 1.57 1.9 1.57 1.85 497557.0 19787700.0
806 Aug 05, 2016 1.85 1.86 1.76 1.79 134743.0 23238600.0
807 Aug 06, 2016 1.79 1.93 1.74 1.88 268046.0 22548300.0
808 Aug 07, 2016 1.88 2.0 1.8 1.9 268531.0 23712300.0
809 Aug 08, 2016 1.9 1.99 1.84 1.9 199176.0 23901200.0
810 Aug 09, 2016 1.9 2.05 1.89 2.05 245059.0 23990400.0
811 Aug 10, 2016 2.05 2.05 1.95 2.01 210706.0 25834000.0
812 Aug 11, 2016 2.02 2.04 1.9 1.98 129604.0 25436700.0
813 Aug 12, 2016 1.98 1.99 1.89 1.95 122922.0 24956600.0
814 Aug 13, 2016 1.95 2.02 1.93 1.98 123245.0 24686400.0
815 Aug 14, 2016 1.98 2.09 1.88 2.0 396280.0 25091800.0
816 Aug 15, 2016 2.0 2.2 1.98 2.18 849798.0 25383800.0
817 Aug 16, 2016 2.18 2.27 2.08 2.2 760398.0 27615300.0
818 Aug 17, 2016 2.2 2.29 2.13 2.24 449444.0 27893300.0
819 Aug 18, 2016 2.24 2.26 2.15 2.19 381203.0 28372900.0
820 Aug 19, 2016 2.19 2.34 2.18 2.3 313760.0 27739300.0
821 Aug 20, 2016 2.3 2.55 2.28 2.44 1869560.0 29221300.0
822 Aug 21, 2016 2.44 2.6 2.4 2.54 790717.0 30968100.0
823 Aug 22, 2016 2.53 5.23 2.53 3.99 18149400.0 32141200.0
824 Aug 23, 2016 4.03 5.32 4.0 4.71 21058200.0 51189700.0
825 Aug 24, 2016 4.66 5.07 4.36 4.42 6796020.0 59342000.0
826 Aug 25, 2016 4.46 4.5 3.73 4.15 7337870.0 56851200.0
827 Aug 26, 2016 4.13 4.62 4.09 4.18 6023340.0 52650700.0
828 Aug 27, 2016 4.25 5.3 4.21 5.3 8004280.0 54133400.0
829 Aug 28, 2016 5.3 9.51 5.09 9.51 49325800.0 67611100.0
830 Aug 29, 2016 9.35 10.69 8.07 8.49 46191400.0 119391000.0
831 Aug 30, 2016 8.49 9.17 7.95 8.49 15534600.0 108444000.0
832 Aug 31, 2016 8.51 8.86 7.49 8.58 20057400.0 108774000.0
833 Sep 01, 2016 8.52 8.84 7.85 8.0 12152000.0 108975000.0
834 Sep 02, 2016 7.97 10.61 7.82 10.21 27999500.0 102027000.0
835 Sep 03, 2016 10.18 15.04 9.9 10.59 66593800.0 130422000.0
836 Sep 04, 2016 11.13 13.86 10.41 13.38 31169900.0 142653000.0
837 Sep 05, 2016 13.57 14.25 12.57 13.96 24043200.0 173999000.0
838 Sep 06, 2016 13.83 14.18 11.99 12.45 25356900.0 177509000.0
839 Sep 07, 2016 12.43 12.87 11.1 11.82 20446100.0 159649000.0
840 Sep 08, 2016 11.9 12.99 11.53 12.74 18100000.0 152961000.0
841 Sep 09, 2016 12.7 13.62 12.08 12.42 14523800.0 163301000.0
842 Sep 10, 2016 12.33 12.57 11.98 12.23 7990970.0 158606000.0
843 Sep 11, 2016 12.25 12.41 10.53 10.68 15781800.0 157714000.0
844 >Sep 12, 201 10.65 11.01 9.97 10.03 12411600.0 137198000.0
845 Sep 13, 2016 10.25 11.35 9.85 10.88 14308800.0 132131000.0
846 Sep 14, 2016 10.96 10.96 10.3 10.5 5468580.0 141326000.0
847 Sep 15, 2016 10.53 10.53 9.33 9.41 7678600.0 135811000.0
848 Sep 16, 2016 9.5 9.83 8.75 8.91 7175750.0 122577000.0
849 Sep 17, 2016 8.88 9.82 8.82 9.68 4720550.0 114672000.0
850 Sep 18, 2016 9.69 9.78 9.25 9.45 2709710.0 125247000.0
851 Sep 19, 2016 9.45 10.84 9.07 10.56 8092940.0 122199000.0
852 Sep 20, 2016 10.53 11.68 10.32 11.14 11094000.0 136312000.0
853 Sep 21, 2016 11.24 11.24 9.78 9.92 6586410.0 145554000.0
854 Sep 22, 2016 9.96 10.58 9.96 10.15 3966670.0 129022000.0
855 Sep 23, 2016 10.12 11.0 10.02 10.76 3564780.0 131137000.0
856 Sep 24, 2016 10.79 11.03 10.62 10.62 1720410.0 139964000.0
857 Sep 25, 2016 10.61 10.69 10.18 10.24 2085390.0 137720000.0
858 Sep 26, 2016 10.25 10.36 9.13 9.4 7477270.0 133099000.0
859 Sep 27, 2016 9.36 9.6 9.18 9.31 2349090.0 121546000.0
860 Sep 28, 2016 9.33 9.5 9.19 9.4 1900470.0 121268000.0
861 Sep 29, 2016 9.4 9.41 8.32 8.71 5237580.0 122202000.0
862 Sep 30, 2016 8.65 8.66 7.99 8.41 5300920.0 112519000.0
863 Oct 01, 2016 8.42 8.42 7.17 7.36 8319930.0 109642000.0
864 Oct 02, 2016 7.33 8.48 7.32 8.3 4709360.0 95507100.0
865 Oct 03, 2016 8.31 8.54 7.82 7.95 3249380.0 108330000.0
866 Oct 04, 2016 7.95 8.12 7.45 7.65 2425600.0 103654000.0
867 Oct 05, 2016 7.66 7.66 6.13 6.76 9101390.0 99903600.0
868 Oct 06, 2016 6.71 7.29 6.37 7.17 4738590.0 87617200.0
869 Oct 07, 2016 7.18 7.67 6.56 6.89 4458730.0 93848400.0
870 Oct 08, 2016 6.89 7.18 6.62 6.88 1795650.0 90046400.0
871 Oct 09, 2016 6.9 7.69 6.89 7.48 2820040.0 90201300.0
872 Oct 10, 2016 7.56 7.59 6.78 6.94 3179780.0 98958700.0
873 Oct 11, 2016 6.92 7.74 6.59 7.28 5966020.0 90612500.0
874 Oct 12, 2016 7.28 7.62 7.17 7.31 2034800.0 95343700.0
875 Oct 13, 2016 7.28 7.31 6.78 6.91 2079340.0 95353000.0
876 Oct 14, 2016 6.94 7.18 6.83 6.92 1682900.0 90958000.0
877 Oct 15, 2016 6.92 6.93 6.45 6.56 1709700.0 90768800.0
878 Oct 16, 2016 6.57 6.63 6.12 6.38 2548440.0 86233800.0
879 Oct 17, 2016 6.39 6.41 5.7 6.28 3659990.0 83992100.0
880 Oct 18, 2016 6.29 6.79 6.08 6.57 2342430.0 82636300.0
881 Oct 19, 2016 6.57 7.13 6.49 6.62 2304340.0 86328800.0
882 Oct 20, 2016 6.63 7.2 6.48 6.56 2510020.0 87199300.0
883 Oct 21, 2016 6.58 6.91 6.43 6.78 1960270.0 86682400.0
884 Oct 22, 2016 6.79 6.81 6.24 6.52 2274680.0 89371800.0
885 Oct 23, 2016 6.52 6.69 6.45 6.51 561283.0 85978900.0
886 Oct 24, 2016 6.51 6.61 6.41 6.42 628370.0 85860100.0
887 Oct 25, 2016 6.42 6.43 5.77 6.09 2973160.0 84707300.0
888 Oct 26, 2016 6.09 6.21 5.82 6.17 1630120.0 80429200.0
889 Oct 27, 2016 6.17 6.38 5.99 6.21 2043670.0 81425600.0
890 Oct 28, 2016 6.22 6.35 5.63 5.73 3034820.0 82158200.0
891 Oct 29, 2016 5.72 5.84 4.28 5.14 10900200.0 75631700.0
892 Oct 30, 2016 5.14 5.7 4.81 5.57 5648010.0 68011700.0
893 Oct 31, 2016 5.54 5.61 4.84 5.12 3111700.0 73317000.0
894 Nov 01, 2016 5.1 5.24 4.56 4.71 3841800.0 67571600.0
895 Nov 02, 2016 4.73 5.0 4.38 4.51 2473050.0 62649500.0
896 Nov 03, 2016 4.54 5.27 4.51 4.89 4438690.0 60240900.0
897 Nov 04, 2016 4.86 5.12 4.7 4.85 2611470.0 64488800.0
898 Nov 05, 2016 4.83 5.02 4.82 5.02 602968.0 64117100.0
899 Nov 06, 2016 4.98 5.03 4.88 4.96 666680.0 66184500.0
900 Nov 07, 2016 4.96 5.85 4.92 5.74 3690120.0 65964200.0
901 Nov 08, 2016 5.76 6.82 5.71 6.32 9416390.0 76635700.0
902 Nov 09, 2016 6.3 6.54 5.58 6.19 8149530.0 83854100.0
903 Nov 10, 2016 6.19 6.48 6.01 6.1 3175600.0 82319000.0
904 Nov 11, 2016 6.15 6.98 5.89 6.78 4256380.0 81900600.0
905 Nov 12, 2016 6.82 7.67 6.63 7.43 7239650.0 90900300.0
906 Nov 13, 2016 7.42 8.11 6.97 7.1 8454760.0 98823800.0
907 Nov 14, 2016 7.11 8.13 7.09 7.71 5270540.0 94853000.0
908 Nov 15, 2016 7.74 7.92 7.2 7.3 3711090.0 103302000.0
909 Nov 16, 2016 7.34 7.47 6.12 6.58 9338200.0 98031100.0
910 Nov 17, 2016 6.55 6.97 6.22 6.79 4696950.0 87494100.0
911 Nov 18, 2016 6.77 7.1 6.53 6.72 3854500.0 90440300.0
912 Nov 19, 2016 6.72 6.86 6.46 6.55 2490080.0 89815300.0
913 Nov 20, 2016 6.55 6.88 6.43 6.58 3534630.0 87683700.0
914 Nov 21, 2016 6.58 6.88 6.56 6.8 1586190.0 88051400.0
915 Nov 22, 2016 6.81 8.24 6.78 7.69 9996320.0 91147700.0
916 Nov 23, 2016 7.66 8.11 7.55 7.91 4170450.0 102688000.0
917 Nov 24, 2016 7.94 8.37 7.58 7.8 5756150.0 106374000.0
918 Nov 25, 2016 7.79 7.8 7.33 7.54 2450680.0 104451000.0
919 Nov 26, 2016 7.55 7.81 7.4 7.62 1632680.0 101260000.0
920 Nov 27, 2016 7.63 8.12 7.59 7.93 2604180.0 102503000.0
921 Nov 28, 2016 7.92 8.08 7.78 7.89 1931140.0 106354000.0
922 Nov 29, 2016 7.91 7.99 7.48 7.6 2468920.0 106266000.0
923 Nov 30, 2016 7.63 9.31 7.21 8.95 11077200.0 102540000.0
924 Dec 01, 2016 8.93 9.13 8.36 8.57 5605070.0 120142000.0
925 Dec 02, 2016 8.5 8.5 7.92 8.23 6249910.0 114407000.0
926 Dec 03, 2016 8.21 8.56 8.09 8.27 2100120.0 110596000.0
927 Dec 04, 2016 8.26 8.42 7.8 7.8 2491800.0 111297000.0
928 Dec 05, 2016 7.83 8.14 7.68 7.91 2413870.0 105539000.0
929 Dec 06, 2016 7.91 7.96 7.16 7.54 3566450.0 106599000.0
930 Dec 07, 2016 7.54 8.01 7.32 7.89 1800020.0 101729000.0
931 Dec 08, 2016 7.87 8.03 7.73 7.79 1391520.0 106218000.0
932 Dec 09, 2016 7.8 8.06 7.79 7.95 1230840.0 105361000.0
933 Dec 10, 2016 7.95 8.03 7.67 7.78 954105.0 107380000.0
934 Dec 11, 2016 7.77 8.09 7.74 7.91 1511400.0 105063000.0
935 Dec 12, 2016 7.91 8.06 7.83 8.05 1037600.0 106974000.0
936 Dec 13, 2016 8.07 8.13 7.97 8.11 892392.0 109172000.0
937 Dec 14, 2016 8.23 8.59 8.11 8.41 3268750.0 111468000.0
938 Dec 15, 2016 8.43 8.55 8.26 8.42 1224190.0 114274000.0
939 Dec 16, 2016 8.43 8.54 8.39 8.51 960469.0 114291000.0
940 Dec 17, 2016 8.48 8.53 8.25 8.32 1046610.0 115014000.0
941 Dec 18, 2016 8.33 8.83 8.31 8.61 2073320.0 113063000.0
942 Dec 19, 2016 8.6 8.77 8.38 8.63 1948360.0 116756000.0
943 Dec 20, 2016 8.63 8.7 8.39 8.43 2093870.0 117248000.0
944 Dec 21, 2016 8.45 8.62 8.26 8.28 2788170.0 114871000.0
945 Dec 22, 2016 8.3 9.49 8.3 8.9 4342540.0 112882000.0
946 Dec 23, 2016 8.89 9.79 8.89 9.55 4014090.0 120963000.0
947 Dec 24, 2016 9.61 9.77 9.48 9.65 1553340.0 130752000.0
948 Dec 25, 2016 9.65 9.8 9.49 9.73 2456860.0 131445000.0
949 Dec 26, 2016 9.72 10.28 9.7 10.27 2243850.0 132352000.0
950 Dec 27, 2016 10.26 13.04 10.25 12.68 10888000.0 139913000.0
951 Dec 28, 2016 12.54 14.61 12.2 14.09 13579500.0 171000000.0
952 Dec 29, 2016 14.14 14.16 12.46 13.13 8200850.0 192960000.0
953 Dec 30, 2016 13.09 13.27 12.26 12.97 3491280.0 178684000.0
954 Dec 31, 2016 12.96 13.87 12.79 13.78 4421340.0 177027000.0
955 Jan 01, 2017 13.79 14.17 13.41 13.97 3923550.0 188431000.0
956 Jan 02, 2017 14.07 16.47 13.84 16.05 12171300.0 192331000.0
957 Jan 03, 2017 16.06 17.03 15.0 16.09 16381900.0 219693000.0
958 Jan 04, 2017 16.13 18.64 15.83 18.52 10179100.0 220820000.0
959 Jan 05, 2017 18.55 19.02 14.86 16.18 8528910.0 253879000.0
960 Jan 06, 2017 16.18 16.92 13.57 14.03 9256850.0 221476000.0
961 Jan 07, 2017 14.08 14.16 12.37 13.06 9904390.0 192770000.0
962 Jan 08, 2017 13.01 13.9 12.85 13.47 3741330.0 178079000.0
963 Jan 09, 2017 13.51 13.73 12.66 13.73 4649000.0 184874000.0
964 Jan 10, 2017 13.69 14.02 13.34 13.39 3943650.0 187430000.0
965 Jan 11, 2017 13.38 13.59 11.18 11.63 4338380.0 183143000.0
966 Jan 12, 2017 11.6 12.18 11.1 11.85 2923060.0 158831000.0
967 Jan 13, 2017 11.83 11.96 11.06 11.26 6063910.0 162603000.0
968 Jan 14, 2017 11.27 11.72 10.96 11.08 3439220.0 155007000.0
969 Jan 15, 2017 11.07 11.15 9.92 10.76 7417420.0 152277000.0
970 Jan 16, 2017 10.76 10.96 10.29 10.63 3507560.0 148169000.0
971 Jan 17, 2017 10.68 12.49 10.55 12.38 4403350.0 147101000.0
972 Jan 18, 2017 12.42 12.69 11.57 12.04 4232060.0 171153000.0
973 Jan 19, 2017 12.05 12.31 11.68 12.14 3546870.0 166091000.0
974 Jan 20, 2017 12.16 12.16 11.75 11.9 3768400.0 167736000.0
975 Jan 21, 2017 11.91 12.18 11.83 12.02 2878010.0 164256000.0
976 Jan 22, 2017 12.01 12.19 11.81 12.18 2588540.0 165727000.0
977 Jan 23, 2017 12.18 12.29 12.05 12.25 2414740.0 168236000.0
978 Jan 24, 2017 12.25 12.25 11.79 11.81 3121430.0 169206000.0
979 Jan 25, 2017 11.81 11.87 11.53 11.82 1897140.0 163221000.0
980 Jan 26, 2017 11.84 12.15 11.73 11.98 2172210.0 163778000.0
981 Jan 27, 2017 11.97 12.24 11.67 12.09 4346850.0 165604000.0
982 Jan 28, 2017 12.12 13.04 12.06 12.84 6585960.0 167743000.0
983 Jan 29, 2017 12.85 13.25 12.54 12.65 3027920.0 177874000.0
984 Jan 30, 2017 12.64 12.9 12.63 12.7 2171460.0 175164000.0
985 Jan 31, 2017 12.7 13.25 12.69 12.98 8919760.0 175986000.0
986 Feb 01, 2017 12.96 13.38 12.92 13.26 2715170.0 179699000.0
987 Feb 02, 2017 13.28 13.42 13.04 13.13 2841870.0 184201000.0
988 Feb 03, 2017 13.12 13.14 12.14 12.86 5732620.0 182089000.0
989 Feb 04, 2017 12.89 13.07 12.47 12.61 3475030.0 178965000.0
990 Feb 05, 2017 12.61 12.99 12.61 12.8 2054440.0 175095000.0
991 Feb 06, 2017 12.82 12.92 12.59 12.88 2124790.0 178164000.0
992 Feb 07, 2017 12.9 13.19 12.53 12.64 3523120.0 179398000.0
993 >Feb 08, 201 12.67 12.9 12.54 12.8 2124700.0 176193000.0
994 Feb 09, 2017 12.82 12.98 11.82 12.12 4268990.0 178405000.0
995 Feb 10, 2017 12.18 12.22 11.73 11.97 2472350.0 169520000.0
996 Feb 11, 2017 11.98 12.38 11.98 12.24 2190900.0 166808000.0
997 Feb 12, 2017 12.26 12.49 12.0 12.33 2154250.0 170839000.0
998 Feb 13, 2017 12.31 12.35 12.09 12.19 1687590.0 171557000.0
999 Feb 14, 2017 12.2 13.2 12.1 12.99 4166850.0 170135000.0
1000 Feb 15, 2017 13.01 13.73 12.87 13.61 4811600.0 181497000.0
1001 Feb 16, 2017 13.61 13.62 12.91 13.1 3256190.0 189926000.0
1002 Feb 17, 2017 13.07 13.33 13.04 13.29 1711010.0 182332000.0
1003 Feb 18, 2017 13.4 13.57 13.09 13.36 1871110.0 186995000.0
1004 Feb 19, 2017 13.38 13.38 12.99 12.99 1663440.0 186681000.0
1005 Feb 20, 2017 13.01 13.01 11.46 12.22 8429880.0 181531000.0
1006 Feb 21, 2017 12.11 12.42 11.91 12.33 4476160.0 169036000.0
1007 Feb 22, 2017 12.31 12.83 12.11 12.76 2486660.0 171785000.0
1008 Feb 23, 2017 12.77 12.93 12.57 12.87 2875250.0 178859000.0
1009 Feb 24, 2017 12.89 12.97 11.34 11.92 8707610.0 180492000.0
1010 Feb 25, 2017 11.92 12.13 11.67 11.84 3102200.0 167003000.0
1011 Feb 26, 2017 11.83 12.04 11.67 11.88 2039860.0 165867000.0
1012 Feb 27, 2017 11.87 12.06 11.83 11.96 1343950.0 166428000.0
1013 Feb 28, 2017 11.99 12.31 11.51 12.27 4316810.0 168185000.0
1014 Mar 01, 2017 12.3 12.9 12.12 12.33 6449830.0 172621000.0
1015 Mar 02, 2017 12.26 13.33 12.1 13.11 7161980.0 172124000.0
1016 Mar 03, 2017 13.09 14.61 12.86 13.91 7926590.0 183919000.0
1017 Mar 04, 2017 13.93 14.24 13.37 13.67 2239270.0 195774000.0
1018 Mar 05, 2017 13.66 15.41 13.66 15.18 5455280.0 192123000.0
1019 Mar 06, 2017 15.22 15.79 14.83 15.41 6913360.0 214098000.0
1020 Mar 07, 2017 15.42 15.42 13.53 13.53 5928550.0 217011000.0
1021 Mar 08, 2017 13.55 13.8 12.47 12.47 4244610.0 190803000.0
1022 Mar 09, 2017 12.46 13.52 12.39 13.02 3489930.0 175497000.0
1023 Mar 10, 2017 13.05 13.62 12.34 13.21 10802800.0 183864000.0
1024 Mar 11, 2017 13.12 14.75 13.01 14.68 6499310.0 184883000.0
1025 Mar 12, 2017 14.71 17.12 14.45 16.79 17931000.0 207508000.0
1026 Mar 13, 2017 16.8 19.31 16.69 18.13 19566500.0 236958000.0
1027 Mar 14, 2017 18.09 18.4 17.1 17.75 10072300.0 255287000.0
1028 Mar 15, 2017 17.78 19.69 17.35 18.98 12265200.0 251092000.0
1029 Mar 16, 2017 19.04 22.98 18.77 22.48 31673800.0 268957000.0
1030 Mar 17, 2017 22.56 26.2 20.15 22.35 36529400.0 318778000.0
1031 Mar 18, 2017 22.26 22.26 18.6 20.06 16830500.0 314731000.0
1032 Mar 19, 2017 20.1 24.61 20.1 23.28 22162500.0 284253000.0
1033 Mar 20, 2017 23.3 24.81 22.43 22.5 10860900.0 329623000.0
1034 Mar 21, 2017 22.62 23.05 20.67 21.28 18555800.0 320139000.0
1035 Mar 22, 2017 21.39 22.39 20.77 21.41 9699960.0 302815000.0
1036 Mar 23, 2017 21.45 22.48 20.63 21.82 7419900.0 303834000.0
1037 Mar 24, 2017 21.84 22.28 20.85 21.09 13807600.0 309519000.0
1038 Mar 25, 2017 21.08 21.27 19.87 20.13 10858900.0 298839000.0
1039 Mar 26, 2017 20.16 20.56 19.29 19.61 7408990.0 285884000.0
1040 Mar 27, 2017 19.75 20.1 17.7 19.66 11887200.0 280203000.0
1041 Mar 28, 2017 19.48 20.51 18.16 19.8 10061200.0 276545000.0
1042 Mar 29, 2017 19.88 21.33 19.28 21.14 6704720.0 282266000.0
1043 Mar 30, 2017 21.06 21.45 20.25 20.87 5993880.0 299146000.0
1044 Mar 31, 2017 20.79 21.19 19.83 20.53 6955980.0 295489000.0
1045 Apr 01, 2017 20.52 21.53 19.23 21.49 7622780.0 291737000.0
1046 Apr 02, 2017 21.41 21.5 20.01 20.13 7427960.0 304574000.0
1047 Apr 03, 2017 20.16 21.15 19.93 20.32 7080440.0 286817000.0
1048 Apr 04, 2017 20.32 21.5 19.86 21.35 7062530.0 289275000.0
1049 Apr 05, 2017 21.31 21.62 19.58 19.61 9188050.0 303396000.0
1050 Apr 06, 2017 19.58 19.95 18.33 19.27 11553100.0 278971000.0
1051 Apr 07, 2017 19.31 20.06 18.95 19.38 5499430.0 275287000.0
1052 Apr 08, 2017 19.3 21.45 18.99 20.83 6218750.0 275199000.0
1053 Apr 09, 2017 20.84 21.31 19.75 20.67 5711770.0 297207000.0
1054 Apr 10, 2017 20.68 22.4 20.52 21.82 6591730.0 295155000.0
1055 Apr 11, 2017 21.8 21.89 21.11 21.35 5356450.0 311171000.0
1056 Apr 12, 2017 21.32 22.1 21.24 21.76 6401630.0 304441000.0
1057 Apr 13, 2017 21.69 22.07 21.43 21.48 5980210.0 309846000.0
1058 Apr 14, 2017 21.46 21.79 19.66 20.59 8949460.0 306779000.0
1059 Apr 15, 2017 20.42 21.18 20.25 20.71 4483370.0 291985000.0
1060 Apr 16, 2017 20.7 20.82 20.24 20.45 4222960.0 296093000.0
1061 Apr 17, 2017 20.45 20.99 20.31 20.56 6055450.0 292659000.0
1062 Apr 18, 2017 20.52 21.16 20.44 21.05 4459260.0 293752000.0
1063 Apr 19, 2017 21.06 21.12 20.23 20.39 5877830.0 301594000.0
1064 Apr 20, 2017 20.39 20.9 20.24 20.24 6216400.0 292149000.0
1065 Apr 21, 2017 19.98 20.34 19.75 20.29 6704090.0 286297000.0
1066 Apr 22, 2017 20.27 20.51 19.96 20.12 5266460.0 290548000.0
1067 Apr 23, 2017 20.11 20.16 19.68 19.71 4155640.0 288495000.0
1068 Apr 24, 2017 19.72 20.11 19.5 19.55 4584190.0 283007000.0
1069 Apr 25, 2017 19.6 20.1 19.35 19.65 5148290.0 281316000.0
1070 Apr 26, 2017 19.66 19.93 19.23 19.37 6027790.0 282326000.0
1071 Apr 27, 2017 19.43 21.83 19.26 21.2 12843800.0 279099000.0
1072 Apr 28, 2017 21.19 22.52 21.12 22.34 10457300.0 304527000.0
1073 Apr 29, 2017 22.37 23.25 22.12 22.76 10461300.0 321539000.0
1074 Apr 30, 2017 22.73 24.2 22.71 23.72 10910000.0 326962000.0
1075 May 01, 2017 23.71 24.06 22.22 22.76 14214000.0 341171000.0
1076 May 02, 2017 22.77 23.19 22.05 23.04 7486110.0 327660000.0
1077 May 03, 2017 23.05 25.44 22.71 25.2 12602800.0 331818000.0
1078 May 04, 2017 25.19 26.52 24.87 25.98 13585800.0 362797000.0
1079 May 05, 2017 26.11 30.82 25.93 28.45 24376200.0 376183000.0
1080 May 06, 2017 28.49 29.94 27.93 28.97 14355000.0 410681000.0
1081 May 07, 2017 28.96 34.56 28.77 32.78 31328600.0 417648000.0
1082 May 08, 2017 33.44 33.8 28.57 30.46 25549000.0 482431000.0
1083 May 09, 2017 30.47 31.61 26.6 28.65 21083700.0 439752000.0
1084 May 10, 2017 28.48 30.67 28.1 29.84 12732500.0 411189000.0
1085 May 11, 2017 29.93 30.02 28.73 29.51 9288200.0 432298000.0
1086 May 12, 2017 29.61 30.28 28.29 28.67 8023910.0 427789000.0
1087 May 13, 2017 28.58 28.73 27.21 28.46 7213280.0 413130000.0
1088 May 14, 2017 28.51 29.16 27.78 28.53 7419170.0 412198000.0
1089 May 15, 2017 28.51 28.53 27.32 27.78 8160330.0 412305000.0
1090 May 16, 2017 27.73 27.73 25.96 26.26 9801320.0 401220000.0
1091 May 17, 2017 26.36 27.96 25.27 26.92 10576800.0 381592000.0
1092 May 18, 2017 26.98 31.1 26.98 30.33 15586800.0 390685000.0
1093 May 19, 2017 30.31 31.87 30.28 31.87 10692300.0 439025000.0
1094 May 20, 2017 31.81 36.78 31.26 35.09 23733000.0 460963000.0
1095 May 21, 2017 35.03 36.45 33.35 34.64 10952100.0 507841000.0
1096 May 22, 2017 34.79 41.18 33.26 36.16 28469700.0 504584000.0
1097 May 23, 2017 36.3 56.84 36.29 55.62 68629500.0 526642000.0
1098 May 24, 2017 56.3 58.63 44.03 45.38 95915700.0 817013000.0
1099 May 25, 2017 45.51 50.89 39.49 40.11 52485500.0 660745000.0
1100 May 26, 2017 39.8 44.61 34.83 38.71 24735300.0 578017000.0
1101 May 27, 2017 38.7 40.78 28.68 33.41 20990300.0 562314000.0
1102 May 28, 2017 33.43 39.39 33.43 36.84 19020300.0 485858000.0
1103 May 29, 2017 36.76 43.8 36.05 41.2 31360800.0 534431000.0
1104 May 30, 2017 41.28 45.65 39.66 39.78 23048100.0 600461000.0
1105 May 31, 2017 39.82 43.11 39.23 41.82 15027900.0 579429000.0
1106 Jun 01, 2017 41.83 45.51 41.83 43.7 12849800.0 608922000.0
1107 Jun 02, 2017 43.73 44.65 42.99 44.0 9539580.0 636754000.0
1108 Jun 03, 2017 43.98 44.41 42.15 42.37 9819610.0 640642000.0
1109 Jun 04, 2017 42.34 43.41 41.69 42.89 9805040.0 616914000.0
1110 Jun 05, 2017 42.88 48.5 42.88 48.26 16780900.0 625055000.0
1111 Jun 06, 2017 48.36 55.56 47.11 55.56 34918400.0 705243000.0
1112 Jun 07, 2017 55.29 62.37 52.06 52.53 50623800.0 806489000.0
1113 Jun 08, 2017 52.9 56.45 51.44 56.19 14708500.0 771963000.0
1114 Jun 09, 2017 56.13 57.22 55.29 55.62 11941600.0 819313000.0
1115 Jun 10, 2017 55.58 56.24 51.92 52.28 14465400.0 811671000.0
1116 Jun 11, 2017 52.36 58.7 51.94 58.7 15485200.0 764939000.0
1117 Jun 12, 2017 59.09 59.8 45.77 50.04 25425000.0 863418000.0
1118 Jun 13, 2017 49.8 52.86 49.72 51.8 13362700.0 727975000.0
1119 Jun 14, 2017 51.98 53.55 44.37 46.3 12407600.0 760132000.0
1120 Jun 15, 2017 46.23 47.02 38.74 46.02 14252000.0 676380000.0
1121 Jun 16, 2017 45.97 48.24 44.16 48.1 8711820.0 672698000.0
1122 Jun 17, 2017 48.19 51.2 48.09 50.46 15646500.0 705427000.0
1123 Jun 18, 2017 50.49 51.7 48.97 49.6 10122000.0 739370000.0
1124 Jun 19, 2017 49.62 50.66 48.51 49.08 12502400.0 726891000.0
1125 Jun 20, 2017 49.03 50.91 47.6 48.08 15178600.0 718495000.0
1126 Jun 21, 2017 48.17 48.91 45.53 46.58 12133900.0 706159000.0
1127 Jun 22, 2017 46.8 47.8 46.64 47.28 7443100.0 686351000.0
1128 Jun 23, 2017 47.45 52.51 46.74 51.4 11033000.0 696116000.0
1129 Jun 24, 2017 51.43 51.8 47.29 48.03 7786220.0 754764000.0
1130 Jun 25, 2017 47.84 48.73 45.28 45.89 9156060.0 702334000.0
1131 Jun 26, 2017 45.89 48.2 39.39 43.49 17033600.0 674032000.0
1132 Jun 27, 2017 43.49 44.05 38.5 43.57 12171600.0 638919000.0
1133 Jun 28, 2017 43.79 47.41 42.29 47.32 10812600.0 643627000.0
1134 Jun 29, 2017 47.03 47.9 44.67 45.02 11470500.0 691512000.0
1135 Jun 30, 2017 45.09 45.87 43.48 43.72 11338900.0 663056000.0
1136 Jul 01, 2017 43.7 43.97 39.79 40.95 10673500.0 642898000.0
1137 Jul 02, 2017 40.93 42.99 40.22 42.79 12774300.0 602361000.0
1138 Jul 03, 2017 42.5 44.13 41.81 43.62 13141000.0 625802000.0
1139 Jul 04, 2017 43.54 45.52 43.54 45.47 14850800.0 641305000.0
1140 Jul 05, 2017 45.3 46.89 44.13 45.72 15243000.0 667353000.0
1141 Jul 06, 2017 45.96 50.26 45.87 50.11 23168300.0 677244000.0
1142 Jul 07, 2017 50.11 50.65 43.83 44.24 20324700.0 738662000.0
1143 Jul 08, 2017 44.16 46.23 41.89 46.1 15801900.0 651286000.0
1144 Jul 09, 2017 46.69 47.0 44.55 44.84 12681200.0 688769000.0
1145 Jul 10, 2017 44.9 45.12 38.84 40.0 14633300.0 662645000.0
1146 Jul 11, 2017 40.24 40.73 35.33 37.13 17988200.0 594108000.0
1147 Jul 12, 2017 36.89 40.75 35.5 40.38 15785600.0 544765000.0
1148 Jul 13, 2017 40.43 40.74 37.2 38.22 9969180.0 597277000.0
1149 Jul 14, 2017 38.08 38.32 34.21 35.48 9558140.0 562680000.0
1150 Jul 15, 2017 35.57 35.57 31.36 32.09 9718770.0 525794000.0
1151 Jul 16, 2017 31.96 32.53 28.83 29.42 12434100.0 472681000.0
1152 >Jul 17, 201 29.47 34.98 29.46 34.83 13708900.0 435925000.0
1153 Jul 18, 2017 34.88 37.92 33.38 36.38 9949120.0 516217000.0
1154 Jul 19, 2017 36.46 37.59 34.37 35.06 6994230.0 539762000.0
1155 Jul 20, 2017 34.89 41.01 34.89 40.29 14905700.0 516643000.0
1156 Jul 21, 2017 40.54 41.42 39.53 40.34 9572580.0 600573000.0
1157 Jul 22, 2017 40.24 44.76 40.15 44.7 9028920.0 596297000.0
1158 Jul 23, 2017 44.63 44.78 41.43 42.66 8634060.0 661581000.0
1159 Jul 24, 2017 42.65 45.76 41.85 45.58 12102100.0 632493000.0
1160 Jul 25, 2017 45.55 45.83 38.23 40.67 12706300.0 675620000.0
1161 Jul 26, 2017 40.72 46.44 38.6 45.8 26033100.0 604269000.0
1162 Jul 27, 2017 45.91 46.73 43.92 45.23 15960700.0 681502000.0
1163 Jul 28, 2017 45.28 45.79 42.73 43.95 18694500.0 672368000.0
1164 Jul 29, 2017 43.69 44.36 42.18 43.89 7053810.0 648884000.0
1165 Jul 30, 2017 43.94 43.94 39.54 39.61 11709500.0 652927000.0
1166 Jul 31, 2017 39.66 40.68 38.93 39.83 13138500.0 589540000.0
1167 Aug 01, 2017 39.88 45.04 39.8 44.14 17363300.0 592886000.0
1168 Aug 02, 2017 44.07 44.78 42.78 43.62 8111580.0 655515000.0
1169 Aug 03, 2017 43.79 44.31 43.22 43.35 8262040.0 651543000.0
1170 Aug 04, 2017 43.35 45.32 42.97 45.12 7794340.0 645208000.0
1171 Aug 05, 2017 45.17 49.49 45.17 48.57 12131400.0 672541000.0
1172 Aug 06, 2017 48.56 49.17 47.36 47.83 8254240.0 723258000.0
1173 Aug 07, 2017 47.66 50.2 47.24 50.2 12794900.0 710052000.0
1174 Aug 08, 2017 50.39 52.63 49.93 51.94 12471600.0 750929000.0
1175 Aug 09, 2017 51.93 53.34 49.73 50.96 11466600.0 774178000.0
1176 Aug 10, 2017 50.93 51.29 49.47 49.47 9147740.0 759514000.0
1177 Aug 11, 2017 49.3 51.55 48.93 50.65 8534390.0 735446000.0
1178 Aug 12, 2017 50.85 51.57 46.33 49.36 17349200.0 758739000.0
1179 Aug 13, 2017 49.38 50.14 45.46 47.76 19587800.0 737066000.0
1180 Aug 14, 2017 47.68 49.75 46.63 49.75 14023000.0 711941000.0
1181 Aug 15, 2017 49.96 50.16 45.71 48.74 13651100.0 746257000.0
1182 Aug 16, 2017 48.77 49.08 47.03 48.78 12423400.0 728672000.0
1183 Aug 17, 2017 48.81 49.45 47.05 47.44 11176000.0 729528000.0
1184 Aug 18, 2017 47.36 48.92 46.21 46.68 14517200.0 708081000.0
1185 Aug 19, 2017 46.97 58.03 46.97 55.96 27038800.0 702398000.0
1186 Aug 20, 2017 55.78 56.05 51.8 54.7 15702600.0 834239000.0
1187 Aug 21, 2017 54.66 95.07 52.86 77.82 238775000.0 817490000.0
1188 Aug 22, 2017 77.99 95.5 72.52 91.16 150286000.0 1166240000.0
1189 Aug 23, 2017 91.0 99.7 85.5 90.32 84961900.0 1360920000.0
1190 Aug 24, 2017 90.34 93.77 79.34 86.28 70187100.0 1351030000.0
1191 Aug 25, 2017 86.46 108.3 85.34 108.2 95835700.0 1293030000.0
1192 Aug 26, 2017 107.4 148.3 105.2 138.0 301843000.0 1606920000.0
1193 Aug 27, 2017 137.5 138.8 124.8 130.6 92742200.0 2057550000.0
1194 Aug 28, 2017 130.7 154.5 129.0 145.4 216036000.0 1961250000.0
1195 Aug 29, 2017 144.2 144.4 128.0 133.0 104869000.0 2163850000.0
1196 Aug 30, 2017 133.8 135.8 124.0 132.3 106543000.0 2008790000.0
1197 Aug 31, 2017 131.9 141.9 131.2 140.4 131974000.0 1980860000.0
1198 Sep 01, 2017 140.6 150.0 136.4 141.1 163961000.0 2112260000.0
1199 Sep 02, 2017 141.3 141.4 121.9 124.8 128849000.0 2123430000.0
1200 Sep 03, 2017 124.9 129.2 115.7 126.0 92631100.0 1877380000.0
1201 Sep 04, 2017 126.2 126.2 101.7 106.1 89194700.0 1897480000.0
1202 Sep 05, 2017 106.7 122.6 95.8 118.8 113378000.0 1605070000.0
1203 Sep 06, 2017 118.7 122.3 114.3 121.6 64604400.0 1786650000.0
1204 Sep 07, 2017 121.3 124.7 116.6 120.8 62655700.0 1826360000.0
1205 Sep 08, 2017 120.2 132.5 113.3 118.0 159066000.0 1810210000.0
1206 Sep 09, 2017 118.1 119.7 113.1 116.2 39220400.0 1779350000.0
1207 Sep 10, 2017 115.6 115.7 103.1 112.3 50725200.0 1741490000.0
1208 Sep 11, 2017 113.0 116.2 110.4 112.7 30605900.0 1702970000.0
1209 Sep 12, 2017 112.7 115.6 110.4 111.8 40402700.0 1698640000.0
1210 Sep 13, 2017 111.8 113.1 102.3 111.3 88162900.0 1685390000.0
1211 Sep 14, 2017 111.2 120.3 82.64 83.04 133553000.0 1678110000.0
1212 Sep 15, 2017 83.13 103.6 73.16 99.85 176154000.0 1253940000.0
1213 Sep 16, 2017 100.1 106.1 91.41 95.28 71163500.0 1510430000.0
1214 Sep 17, 2017 94.96 96.36 89.22 93.74 41008200.0 1433270000.0
1215 Sep 18, 2017 93.81 102.0 93.81 100.5 63732100.0 1416250000.0
1216 Sep 19, 2017 100.8 101.2 93.69 97.71 48249700.0 1522630000.0
1217 Sep 20, 2017 97.64 98.08 93.37 95.56 34198900.0 1474840000.0
1218 Sep 21, 2017 95.32 95.75 85.16 86.24 34290500.0 1439880000.0
1219 Sep 22, 2017 86.16 89.53 84.33 88.17 28179100.0 1301560000.0
1220 Sep 23, 2017 88.03 92.11 86.95 91.84 26372900.0 1329730000.0
1221 Sep 24, 2017 91.75 91.81 88.0 89.49 22224000.0 1387760000.0
1222 Sep 25, 2017 89.37 94.23 89.11 93.64 28114300.0 1352120000.0
1223 Sep 26, 2017 93.81 95.3 91.6 93.12 32540800.0 1419730000.0
1224 Sep 27, 2017 92.74 102.9 92.64 101.0 51634900.0 1404030000.0
1225 Sep 28, 2017 100.9 101.1 95.48 97.23 41822000.0 1528970000.0
1226 Sep 29, 2017 97.29 97.78 91.21 94.5 38972400.0 1473750000.0
1227 Sep 30, 2017 94.43 96.32 94.06 95.75 28498000.0 1430900000.0
1228 Oct 01, 2017 95.59 95.74 91.76 93.22 25936500.0 1448800000.0
1229 Oct 02, 2017 93.55 93.8 90.98 91.54 27534700.0 1418400000.0
1230 Oct 03, 2017 91.52 94.81 87.21 92.96 44289800.0 1387960000.0
1231 Oct 04, 2017 92.94 93.65 89.04 90.4 29568100.0 1410000000.0
1232 Oct 05, 2017 90.49 92.44 88.14 91.85 27697400.0 1373110000.0
1233 Oct 06, 2017 91.9 92.93 90.22 91.18 24504100.0 1394580000.0
1234 Oct 07, 2017 90.93 92.05 89.56 91.7 22617600.0 1380750000.0
1235 Oct 08, 2017 91.39 92.2 89.73 89.77 29220800.0 1388030000.0
1236 Oct 09, 2017 89.74 90.11 83.76 85.48 38063700.0 1363380000.0
1237 Oct 10, 2017 85.61 88.41 84.27 86.82 31695500.0 1301030000.0
1238 Oct 11, 2017 86.74 88.25 85.79 87.42 21103400.0 1318540000.0
1239 Oct 12, 2017 87.56 88.63 86.46 87.09 32783200.0 1331450000.0
1240 Oct 13, 2017 87.22 96.77 85.53 95.13 63578800.0 1326720000.0
1241 Oct 14, 2017 95.05 103.1 93.72 100.2 38886100.0 1446050000.0
1242 Oct 15, 2017 99.93 100.8 91.59 94.86 34188200.0 1520300000.0
1243 Oct 16, 2017 94.99 97.97 93.04 95.9 32185000.0 1446090000.0
1244 Oct 17, 2017 95.93 96.94 90.72 91.28 43866200.0 1460870000.0
1245 Oct 18, 2017 91.19 91.26 86.54 89.54 36277100.0 1389050000.0
1246 Oct 19, 2017 89.65 92.48 87.91 88.62 35302300.0 1366060000.0
1247 Oct 20, 2017 88.7 92.72 88.07 90.54 38260700.0 1351990000.0
1248 Oct 21, 2017 90.4 90.4 86.57 88.12 25267200.0 1378290000.0
1249 Oct 22, 2017 88.18 89.03 85.52 86.58 27130000.0 1344760000.0
1250 Oct 23, 2017 86.48 86.92 82.89 85.2 26261800.0 1319200000.0
1251 Oct 24, 2017 85.15 92.34 83.46 88.4 42191100.0 1299330000.0
1252 Oct 25, 2017 88.49 101.2 85.82 88.12 59952100.0 1350650000.0
1253 Oct 26, 2017 88.16 89.86 88.01 88.58 23132200.0 1346070000.0
1254 Oct 27, 2017 88.57 89.18 86.42 86.74 27939000.0 1352700000.0
1255 Oct 28, 2017 86.91 87.76 85.7 86.3 25397400.0 1327650000.0
1256 Oct 29, 2017 86.26 90.35 86.26 88.65 38368700.0 1318160000.0
1257 Oct 30, 2017 88.59 90.48 88.03 88.84 28179100.0 1354090000.0
1258 Oct 31, 2017 88.74 89.32 87.6 87.64 28704900.0 1356840000.0
1259 Nov 01, 2017 87.64 88.2 84.72 85.71 36899300.0 1340360000.0
1260 Nov 02, 2017 85.66 86.08 81.67 83.76 48608100.0 1310390000.0
1261 Nov 03, 2017 83.52 90.13 83.52 87.98 37321100.0 1278080000.0
1262 Nov 04, 2017 87.89 88.47 85.5 87.3 23011500.0 1345360000.0
1263 Nov 05, 2017 87.31 88.04 86.04 86.34 27619800.0 1336790000.0
1264 Nov 06, 2017 86.42 102.9 86.15 102.9 103722000.0 1323540000.0
1265 Nov 07, 2017 104.2 104.7 95.04 99.76 81253300.0 1596750000.0
1266 Nov 08, 2017 99.82 115.9 99.14 113.3 79822900.0 1529550000.0
1267 Nov 09, 2017 112.5 123.4 112.2 120.7 86864600.0 1724820000.0
1268 Nov 10, 2017 121.3 121.6 101.7 105.5 84614000.0 1860390000.0
1269 Nov 11, 2017 105.7 127.1 103.8 119.6 107708000.0 1621800000.0
1270 Nov 12, 2017 119.5 133.6 110.6 123.8 144948000.0 1834630000.0
1271 Nov 13, 2017 128.9 136.5 120.9 123.4 116200000.0 1978840000.0
1272 Nov 14, 2017 123.6 124.2 118.6 122.3 53544800.0 1896990000.0
1273 Nov 15, 2017 122.2 124.7 119.1 121.3 49976700.0 1876740000.0
1274 Nov 16, 2017 121.2 128.0 118.5 120.3 74944100.0 1861940000.0
1275 Nov 17, 2017 120.0 126.7 119.2 126.7 47127700.0 1843600000.0
1276 Nov 18, 2017 126.5 135.0 123.5 130.7 62156400.0 1945200000.0
1277 Nov 19, 2017 130.7 133.6 127.2 129.4 42133000.0 2009180000.0
1278 Nov 20, 2017 129.4 140.5 128.4 135.7 59945400.0 1990900000.0
1279 Nov 21, 2017 136.1 142.2 131.3 141.7 72701500.0 2093010000.0
1280 Nov 22, 2017 142.0 173.4 141.1 165.9 189472000.0 2184930000.0
1281 Nov 23, 2017 166.1 172.9 156.4 158.6 109392000.0 2555950000.0
1282 Nov 24, 2017 158.6 162.9 156.7 160.0 69178000.0 2441330000.0
1283 Nov 25, 2017 159.9 170.1 159.9 168.4 64076700.0 2463190000.0
1284 Nov 26, 2017 168.5 168.7 159.7 163.3 61100400.0 2595920000.0
1285 Nov 27, 2017 162.9 173.3 159.9 173.3 81489700.0 2509520000.0
1286 Nov 28, 2017 175.3 203.2 173.1 203.2 179179000.0 2701720000.0
1287 Nov 29, 2017 203.9 214.2 165.3 168.1 178828000.0 3142680000.0
1288 Nov 30, 2017 170.4 195.3 156.5 180.1 128112000.0 2627490000.0
1289 Dec 01, 2017 179.7 191.8 169.7 190.9 70430500.0 2771380000.0
1290 Dec 02, 2017 190.8 205.2 186.6 203.0 80791100.0 2943520000.0
1291 Dec 03, 2017 203.3 209.0 191.2 200.0 111303000.0 3137680000.0
1292 Dec 04, 2017 199.5 210.2 192.0 210.2 74534400.0 3079850000.0
1293 Dec 05, 2017 211.1 272.6 208.8 269.4 352326000.0 3258360000.0
1294 Dec 06, 2017 268.1 316.6 260.6 278.6 543884000.0 4140770000.0
1295 Dec 07, 2017 277.8 300.3 263.1 280.8 299528000.0 4291850000.0
1296 Dec 08, 2017 281.3 284.8 250.6 276.7 201497000.0 4346000000.0
1297 Dec 09, 2017 277.2 281.3 250.3 262.5 161152000.0 4283550000.0
1298 Dec 10, 2017 262.8 262.8 220.7 245.3 142120000.0 4061590000.0
1299 Dec 11, 2017 244.9 281.0 244.1 279.6 152497000.0 3784310000.0
1300 Dec 12, 2017 281.4 319.8 281.1 308.0 271786000.0 4348820000.0
1301 Dec 13, 2017 307.4 330.3 284.7 305.7 248583000.0 4749580000.0
1302 Dec 14, 2017 303.2 335.5 301.3 325.2 261053000.0 4692810000.0
1303 Dec 15, 2017 325.6 326.0 296.0 312.3 163054000.0 5039870000.0
1304 Dec 16, 2017 312.6 331.5 311.7 327.3 164861000.0 4839760000.0
1305 Dec 17, 2017 328.0 365.2 327.2 351.3 278705000.0 5078920000.0
1306 Dec 18, 2017 353.0 381.5 332.0 381.5 217306000.0 5469410000.0
1307 Dec 19, 2017 381.0 406.0 346.9 377.2 317292000.0 5904690000.0
1308 Dec 20, 2017 375.7 476.3 329.9 469.1 498648000.0 5823300000.0
1309 Dec 21, 2017 470.2 470.2 390.5 417.9 354021000.0 7291030000.0
1310 Dec 22, 2017 419.5 423.4 255.6 346.1 334617000.0 6504920000.0
1311 Dec 23, 2017 349.7 417.6 344.3 382.0 190117000.0 5423160000.0
1312 Dec 24, 2017 391.0 391.0 297.0 337.0 134675000.0 6062810000.0
1313 Dec 25, 2017 339.6 365.8 323.2 360.7 119632000.0 5271820000.0
1314 Dec 26, 2017 361.0 384.7 357.2 381.5 161342000.0 5605310000.0
1315 Dec 27, 2017 381.3 442.5 381.3 421.8 250742000.0 5920710000.0
1316 Dec 28, 2017 422.5 422.5 359.4 378.9 162717000.0 6561210000.0
1317 Dec 29, 2017 381.3 387.5 358.0 377.3 173825000.0 5921340000.0
1318 Dec 30, 2017 378.5 378.5 319.6 330.8 140463000.0 5882180000.0
1319 Dec 31, 2017 329.0 356.7 327.4 349.0 101667000.0 5113910000.0
1320 Jan 01, 2018 349.5 363.7 336.9 358.9 110244000.0 5434340000.0
1321 Jan 02, 2018 359.0 387.7 359.0 383.4 224769000.0 5582210000.0
1322 Jan 03, 2018 382.7 418.2 378.8 412.0 180190000.0 5953920000.0
1323 Jan 04, 2018 414.4 419.7 383.5 403.0 166108000.0 6448110000.0
1324 Jan 05, 2018 402.3 407.0 373.8 384.9 182618000.0 6262550000.0
1325 Jan 06, 2018 385.3 452.7 380.2 452.7 235391000.0 5999260000.0
1326 Jan 07, 2018 456.1 495.8 453.3 459.3 262443000.0 7103000000.0
1327 Jan 08, 2018 458.3 469.7 357.5 405.0 220924000.0 7139010000.0
1328 Jan 09, 2018 403.7 447.6 398.5 413.3 522438000.0 6289410000.0
1329 Jan 10, 2018 413.2 419.0 370.5 407.7 265152000.0 6439820000.0
1330 Jan 11, 2018 406.0 415.8 346.6 355.5 187722000.0 6329790000.0
1331 Jan 12, 2018 358.6 394.7 347.3 394.7 158189000.0 5591320000.0
1332 Jan 13, 2018 393.0 433.3 393.0 420.0 248705000.0 6129540000.0
1333 Jan 14, 2018 420.3 444.0 384.3 399.5 180678000.0 6556930000.0
1334 Jan 15, 2018 396.0 444.3 392.3 414.5 264782000.0 6179110000.0
1335 Jan 16, 2018 415.9 418.9 261.1 320.0 283036000.0 6491450000.0
1336 Jan 17, 2018 318.9 332.1 240.3 319.1 192937000.0 4978850000.0
1337 Jan 18, 2018 320.5 347.1 303.3 316.4 152851000.0 5005990000.0
1338 Jan 19, 2018 314.1 367.9 309.5 364.6 199852000.0 4906340000.0
1339 Jan 20, 2018 367.6 403.4 358.7 383.7 240595000.0 5743450000.0
1340 Jan 21, 2018 384.5 389.1 336.0 345.0 126395000.0 6008720000.0
1341 Jan 22, 2018 348.9 356.0 288.7 315.8 116893000.0 5453550000.0
1342 Jan 23, 2018 315.3 321.6 285.6 308.4 116898000.0 4929480000.0
1343 Jan 24, 2018 308.9 323.1 299.4 317.4 92263600.0 4830950000.0
1344 Jan 25, 2018 322.1 327.9 306.5 317.1 76537300.0 5039370000.0
1345 Jan 26, 2018 316.5 328.7 292.4 323.6 91052800.0 4953260000.0
1346 Jan 27, 2018 325.3 332.8 310.4 321.3 66614100.0 5090880000.0
1347 Jan 28, 2018 322.9 337.1 322.9 332.1 75700900.0 5055340000.0
1348 Jan 29, 2018 331.7 336.6 314.0 316.6 55323000.0 5194670000.0
1349 Jan 30, 2018 317.3 318.0 268.6 274.0 93182600.0 4970190000.0
1350 Jan 31, 2018 274.8 284.0 265.2 272.8 67649500.0 4306290000.0
1351 Feb 01, 2018 273.8 279.7 228.3 240.9 73082700.0 4291340000.0
1352 Feb 02, 2018 240.8 249.2 184.9 235.6 122696000.0 3774700000.0
1353 Feb 03, 2018 236.5 256.9 215.6 251.5 55887100.0 3707610000.0
1354 Feb 04, 2018 251.9 257.3 214.7 221.0 48981700.0 3951030000.0
1355 Feb 05, 2018 219.0 221.7 167.1 179.4 77454500.0 3435450000.0
1356 Feb 06, 2018 180.8 213.4 149.4 212.2 100344000.0 2837430000.0
1357 Feb 07, 2018 210.7 231.2 191.8 207.2 64730900.0 3306780000.0
1358 Feb 08, 2018 207.7 253.1 207.7 247.2 81312200.0 3261220000.0
1359 Feb 09, 2018 247.8 260.8 233.4 260.4 77557200.0 3890810000.0
1360 Feb 10, 2018 260.5 271.8 243.9 250.0 76435300.0 4092070000.0
1361 Feb 11, 2018 249.4 249.4 219.2 229.4 51680100.0 3917970000.0
1362 Feb 12, 2018 229.8 251.4 229.8 247.5 45760100.0 3611420000.0
1363 Feb 13, 2018 247.9 248.8 230.0 234.6 46476400.0 3897150000.0
1364 Feb 14, 2018 234.3 276.6 234.3 276.6 116137000.0 3683460000.0
1365 Feb 15, 2018 276.0 304.7 269.3 303.2 85772700.0 4340620000.0
1366 Feb 16, 2018 301.0 302.1 280.2 296.4 64320200.0 4733640000.0
1367 Feb 17, 2018 295.9 334.7 293.1 325.6 134269000.0 4655820000.0
1368 Feb 18, 2018 325.9 327.7 294.4 300.1 68135100.0 5128420000.0
1369 Feb 19, 2018 299.7 319.7 297.6 316.4 67482400.0 4716460000.0
1370 Feb 20, 2018 316.9 321.7 303.7 304.3 71114700.0 4989710000.0
1371 Feb 21, 2018 302.3 339.6 287.7 322.6 169590000.0 4761040000.0
1372 Feb 22, 2018 320.6 327.2 279.8 282.7 103123000.0 5049380000.0
1373 Feb 23, 2018 280.4 299.4 269.3 285.7 89026300.0 4416890000.0
1374 Feb 24, 2018 285.6 295.4 265.2 273.7 62206300.0 4500970000.0
1375 Feb 25, 2018 273.0 284.0 266.2 281.0 33676300.0 4302820000.0
1376 Feb 26, 2018 282.2 300.3 271.4 293.6 53939200.0 4449610000.0
1377 Feb 27, 2018 295.0 309.1 288.2 302.5 64821400.0 4652030000.0
1378 Feb 28, 2018 301.5 305.7 285.5 285.6 47981800.0 4755310000.0
1379 Mar 01, 2018 286.0 315.6 284.2 314.0 62044300.0 4511850000.0
1380 Mar 02, 2018 313.5 351.3 310.8 344.7 170634000.0 4946550000.0
1381 Mar 03, 2018 346.0 374.7 344.1 352.9 196022000.0 5460590000.0
1382 Mar 04, 2018 351.7 369.0 338.7 368.9 123113000.0 5552320000.0
1383 Mar 05, 2018 369.0 379.6 355.9 373.2 130898000.0 5827040000.0
1384 Mar 06, 2018 368.8 368.8 342.4 346.3 93212700.0 5825450000.0
1385 Mar 07, 2018 346.2 364.7 320.8 339.1 162103000.0 5469110000.0
1386 Mar 08, 2018 338.1 338.1 276.9 278.6 128424000.0 5342310000.0
1387 Mar 09, 2018 277.6 288.0 243.5 288.0 155072000.0 4387040000.0
1388 Mar 10, 2018 290.7 295.7 255.8 257.0 78431700.0 4595400000.0
1389 Mar 11, 2018 256.6 287.1 248.4 282.3 73755400.0 4058010000.0
1390 Mar 12, 2018 282.4 287.0 251.8 259.4 66680300.0 4466340000.0
1391 Mar 13, 2018 258.2 266.3 246.1 248.0 69264500.0 4084440000.0
1392 Mar 14, 2018 248.3 251.8 208.2 215.5 75383300.0 3928670000.0
1393 Mar 15, 2018 215.8 225.9 198.7 213.3 75798000.0 3415550000.0
1394 Mar 16, 2018 213.2 222.3 203.9 215.7 62972500.0 3374770000.0
1395 Mar 17, 2018 215.4 215.8 193.8 197.9 48877500.0 3411600000.0
1396 Mar 18, 2018 197.4 209.6 175.0 209.6 75859900.0 3126390000.0
1397 Mar 19, 2018 210.3 222.0 202.3 216.7 67314400.0 3331520000.0
1398 Mar 20, 2018 217.9 233.2 206.9 223.7 60005900.0 3452770000.0
1399 Mar 21, 2018 224.2 235.9 215.2 218.6 57121400.0 3553750000.0
1400 Mar 22, 2018 218.5 223.6 204.9 212.7 40394500.0 3464170000.0
1401 Mar 23, 2018 212.4 214.3 199.1 213.9 39365700.0 3368360000.0
1402 Mar 24, 2018 215.3 217.2 208.7 209.1 24099100.0 3415180000.0
1403 Mar 25, 2018 207.3 214.4 203.0 211.7 23409900.0 3288230000.0
1404 Mar 26, 2018 211.7 212.6 188.5 197.1 37329600.0 3359790000.0
1405 Mar 27, 2018 196.8 197.9 184.5 187.9 53498800.0 3123560000.0
