0 Jul 20, 2017 6.8 6.95 6.8 6.95 983921.0 51998200.0
1 Jul 21, 2017 7.22 8.01 5.0 5.82 1020090.0 55185000.0
2 Jul 22, 2017 5.39 6.13 4.86 5.95 702698.0 41181200.0
3 Jul 23, 2017 5.95 7.21 5.69 6.88 451767.0 45495200.0
4 Jul 24, 2017 6.71 7.64 6.36 6.67 438281.0 51329500.0
5 Jul 25, 2017 6.94 6.97 4.88 6.11 263620.0 53057200.0
6 Jul 26, 2017 6.11 6.16 4.91 5.69 121000.0 46735800.0
7 Jul 27, 2017 5.61 5.93 5.39 5.46 86468.2 42884000.0
8 Jul 28, 2017 5.48 6.15 5.13 5.33 193689.0 41933000.0
9 Jul 29, 2017 5.38 5.49 4.94 5.02 66002.6 41166400.0
10 Jul 30, 2017 5.03 5.57 5.02 5.46 67129.0 38477100.0
11 Jul 31, 2017 5.4 5.52 4.76 5.13 152741.0 41304000.0
12 Aug 01, 2017 5.13 6.05 4.75 5.36 143405.0 39259800.0
13 Aug 02, 2017 5.36 5.75 5.16 5.21 89192.8 41067900.0
14 Aug 03, 2017 5.26 5.78 5.24 5.75 62178.2 40297500.0
15 Aug 04, 2017 5.64 5.98 5.52 5.8 53802.9 43228400.0
16 Aug 05, 2017 5.79 7.07 5.71 6.77 85077.2 44379000.0
17 Aug 06, 2017 6.77 7.35 6.48 6.62 178446.0 51859700.0
18 Aug 07, 2017 6.6 7.43 6.43 7.12 128399.0 50575200.0
19 Aug 08, 2017 6.8 7.24 5.51 6.72 139162.0 52083900.0
20 Aug 09, 2017 6.71 6.79 5.03 5.65 321938.0 51457000.0
21 Aug 10, 2017 5.65 6.84 5.46 6.76 365844.0 43294000.0
22 Aug 11, 2017 6.63 8.82 6.32 7.85 951132.0 50803200.0
23 Aug 12, 2017 7.85 9.96 7.78 9.41 822778.0 60161800.0
24 Aug 13, 2017 9.32 9.81 7.75 9.57 581556.0 71468800.0
25 Aug 14, 2017 9.54 12.42 8.81 12.08 1940450.0 73199600.0
26 Aug 15, 2017 12.2 13.11 9.21 10.25 910936.0 93585000.0
27 Aug 16, 2017 10.26 10.38 9.14 9.44 511992.0 78736300.0
28 Aug 17, 2017 9.49 10.48 8.78 8.93 360790.0 72804200.0
29 Aug 18, 2017 8.94 9.62 7.87 8.14 414517.0 68589100.0
30 Aug 19, 2017 8.14 8.62 6.93 8.14 312599.0 62437100.0
31 Aug 20, 2017 8.08 9.0 7.43 7.75 296757.0 62040000.0
32 Aug 21, 2017 8.01 8.04 6.69 6.99 396110.0 61522000.0
33 Aug 22, 2017 7.0 8.07 6.02 7.78 658849.0 53752300.0
34 Aug 23, 2017 7.76 8.86 7.75 8.01 273039.0 59629400.0
35 Aug 24, 2017 8.01 8.31 7.77 8.05 124812.0 61528400.0
36 Aug 25, 2017 8.04 8.49 7.99 8.35 97324.1 61772800.0
37 Aug 26, 2017 8.38 8.67 8.08 8.27 174800.0 64351100.0
38 Aug 27, 2017 8.26 9.85 8.22 9.69 436408.0 63493700.0
39 Aug 28, 2017 9.7 10.17 8.85 10.09 249024.0 74525500.0
40 Aug 29, 2017 10.25 10.83 9.19 9.75 509384.0 78828700.0
41 Aug 30, 2017 9.75 11.49 9.64 10.18 710423.0 74932000.0
42 Aug 31, 2017 10.16 11.61 10.15 11.61 885794.0 78152000.0
43 Sep 01, 2017 11.65 13.67 11.31 13.67 671737.0 89581900.0
44 Sep 02, 2017 13.68 13.78 11.42 12.09 340407.0 105249000.0
45 Sep 03, 2017 12.09 12.45 11.32 12.02 186201.0 93047800.0
46 Sep 04, 2017 12.02 12.04 9.36 10.22 349726.0 92526400.0
47 Sep 05, 2017 10.19 11.66 8.98 11.47 297952.0 78417100.0
48 Sep 06, 2017 11.49 12.52 10.87 11.32 363552.0 88458600.0
49 Sep 07, 2017 11.32 11.39 10.63 11.33 213756.0 87170900.0
50 Sep 08, 2017 11.33 11.33 9.17 9.76 285640.0 87220900.0
51 Sep 09, 2017 9.78 9.92 8.76 9.51 205266.0 75259500.0
52 Sep 10, 2017 9.34 9.59 8.38 8.94 121121.0 71867000.0
53 Sep 11, 2017 8.97 9.22 8.5 8.68 136508.0 69044000.0
54 Sep 12, 2017 8.68 9.44 7.88 8.13 219707.0 66805300.0
55 Sep 13, 2017 7.95 8.55 7.2 7.95 191499.0 61214600.0
56 Sep 14, 2017 7.95 8.17 5.94 6.14 268359.0 61236700.0
57 Sep 15, 2017 6.19 8.59 5.7 7.66 279721.0 47706700.0
58 Sep 16, 2017 7.73 8.39 7.2 7.92 122942.0 59556700.0
59 Sep 17, 2017 7.92 8.49 7.71 8.13 145366.0 61024300.0
60 Sep 18, 2017 8.12 8.85 7.96 8.16 209294.0 62549800.0
61 Sep 19, 2017 8.18 8.51 7.63 7.63 180497.0 63067900.0
62 Sep 20, 2017 7.89 8.35 7.43 8.19 106929.0 60812300.0
63 Sep 21, 2017 8.14 8.2 6.79 6.85 117333.0 62807500.0
64 Sep 22, 2017 6.85 7.22 6.26 6.95 161949.0 52795000.0
65 Sep 23, 2017 6.88 7.58 6.84 7.58 42375.4 53033100.0
66 Sep 24, 2017 7.57 7.61 6.93 7.11 62151.9 58369000.0
67 Sep 25, 2017 7.1 7.61 6.9 7.4 156981.0 54791400.0
68 Sep 26, 2017 7.4 7.63 6.61 7.19 464401.0 57110000.0
69 Sep 27, 2017 7.08 8.05 7.05 7.85 295910.0 54637100.0
70 Sep 28, 2017 7.85 8.72 7.46 7.93 451862.0 60570700.0
71 Sep 29, 2017 7.93 7.98 7.37 7.58 100653.0 61188200.0
72 Sep 30, 2017 7.58 8.22 7.57 8.2 107468.0 58498900.0
73 Oct 01, 2017 8.2 8.4 7.67 7.83 122148.0 63332300.0
74 Oct 02, 2017 7.82 8.06 7.67 7.93 114720.0 60405200.0
75 Oct 03, 2017 7.93 7.96 7.21 7.39 161971.0 61294000.0
76 Oct 04, 2017 7.41 7.76 6.83 6.94 85665.9 57215800.0
77 Oct 05, 2017 6.95 6.95 6.46 6.7 110697.0 53680200.0
78 Oct 06, 2017 6.7 7.0 6.31 6.53 196643.0 51778200.0
79 Oct 07, 2017 6.49 6.71 5.93 6.02 167033.0 50142300.0
80 Oct 08, 2017 6.0 6.43 5.44 5.71 223593.0 46406300.0
81 Oct 09, 2017 5.71 6.16 5.19 5.38 228049.0 44150700.0
82 Oct 10, 2017 5.38 6.23 5.38 5.6 124775.0 41573000.0
83 Oct 11, 2017 5.69 6.19 5.45 5.98 144450.0 44005000.0
84 Oct 12, 2017 5.99 6.4 5.66 5.7 205892.0 46300100.0
85 Oct 13, 2017 5.72 6.47 5.0 6.25 194443.0 44242600.0
86 Oct 14, 2017 6.25 6.67 5.76 5.9 96582.1 48342700.0
87 Oct 15, 2017 5.97 7.09 5.54 6.47 148868.0 46180800.0
88 Oct 16, 2017 6.49 6.79 5.71 6.04 65688.1 50198200.0
89 Oct 17, 2017 6.04 6.17 5.4 5.78 50439.7 46784600.0
90 Oct 18, 2017 5.79 7.03 5.56 6.31 176780.0 44779800.0
91 Oct 19, 2017 6.32 9.52 6.1 6.63 846248.0 48890200.0
92 Oct 20, 2017 6.55 7.05 6.32 6.5 119424.0 50685300.0
93 Oct 21, 2017 6.49 6.62 5.81 6.07 51987.2 50240900.0
94 Oct 22, 2017 6.07 7.65 6.07 6.68 162201.0 47037500.0
95 Oct 23, 2017 6.67 7.71 6.22 6.3 164132.0 51687000.0
96 Oct 24, 2017 6.29 7.38 6.12 7.0 153510.0 48732700.0
97 >Oct 25, 201 7.0 7.15 6.58 6.98 73024.5 54270400.0
98 Oct 26, 2017 6.98 6.98 6.17 6.53 89242.7 54071800.0
99 Oct 27, 2017 6.51 7.09 6.26 6.74 66725.3 50436600.0
100 Oct 28, 2017 6.76 6.85 6.24 6.47 46589.3 52394800.0
101 Oct 29, 2017 6.46 8.04 6.44 7.06 319171.0 50110000.0
102 Oct 30, 2017 7.02 7.45 6.53 7.24 155682.0 54438900.0
103 Oct 31, 2017 7.21 7.5 6.76 6.83 138544.0 55921300.0
104 Nov 01, 2017 6.83 7.8 6.74 7.13 282037.0 52976900.0
105 Nov 02, 2017 7.14 7.69 6.88 7.11 196113.0 55364900.0
106 Nov 03, 2017 7.03 7.62 6.95 7.05 136992.0 54510400.0
107 Nov 04, 2017 7.03 8.25 6.92 7.73 174866.0 54537500.0
108 Nov 05, 2017 7.71 8.93 7.67 8.64 305721.0 59855300.0
109 Nov 06, 2017 8.66 8.69 7.8 7.8 126051.0 67240700.0
110 Nov 07, 2017 7.84 8.95 7.84 8.35 230313.0 60854600.0
111 Nov 08, 2017 8.32 9.42 8.15 9.02 483150.0 64632200.0
112 Nov 09, 2017 9.01 10.31 8.79 9.68 460262.0 69978400.0
113 Nov 10, 2017 9.7 10.14 7.74 8.13 473936.0 75359800.0
114 Nov 11, 2017 8.1 8.89 7.25 7.54 229853.0 62900300.0
115 Nov 12, 2017 7.52 7.63 6.39 7.04 130657.0 58426400.0
116 Nov 13, 2017 7.04 8.04 6.92 7.31 220659.0 54740800.0
117 Nov 14, 2017 7.32 8.78 7.08 8.47 900242.0 56904300.0
118 Nov 15, 2017 8.52 9.06 8.08 8.27 351664.0 66238300.0
119 Nov 16, 2017 8.31 9.92 8.11 9.46 399060.0 64614900.0
120 Nov 17, 2017 9.44 9.81 8.74 8.92 149509.0 73401500.0
121 Nov 18, 2017 8.89 8.98 8.5 8.84 98204.3 69111000.0
122 Nov 19, 2017 8.83 8.87 8.4 8.67 102813.0 68637200.0
123 Nov 20, 2017 8.67 9.03 8.36 8.49 136727.0 67424500.0
124 Nov 21, 2017 8.49 8.65 8.0 8.11 152537.0 66058500.0
125 Nov 22, 2017 8.12 8.9 8.09 8.47 158943.0 63159000.0
126 Nov 23, 2017 8.47 8.51 8.13 8.21 86303.9 65913300.0
127 Nov 24, 2017 8.11 8.5 7.96 8.48 114786.0 63109700.0
128 Nov 25, 2017 8.46 8.98 8.35 8.88 190361.0 65841300.0
129 Nov 26, 2017 8.85 9.75 8.76 9.51 305239.0 68864300.0
130 Nov 27, 2017 9.51 10.24 8.83 10.24 689402.0 74075600.0
131 Nov 28, 2017 10.27 10.27 9.18 9.24 419395.0 79990100.0
132 Nov 29, 2017 9.23 11.06 7.34 9.31 1123630.0 71909600.0
133 Nov 30, 2017 9.22 9.24 7.47 8.6 222621.0 71786600.0
134 Dec 01, 2017 8.41 9.45 7.63 9.24 183550.0 65512800.0
135 Dec 02, 2017 9.23 9.31 8.43 8.68 155451.0 71926200.0
136 Dec 03, 2017 8.69 9.46 8.31 8.83 250619.0 67730000.0
137 Dec 04, 2017 8.7 9.64 8.46 9.11 582323.0 67790600.0
138 Dec 05, 2017 9.22 9.9 9.1 9.51 660269.0 71850700.0
139 Dec 06, 2017 9.48 18.7 9.13 11.43 8677560.0 73895100.0
140 Dec 07, 2017 12.02 16.12 10.8 11.25 5297810.0 93773200.0
141 Dec 08, 2017 11.28 12.75 7.31 10.58 2026020.0 87958200.0
142 Dec 09, 2017 10.56 11.02 8.12 9.31 511586.0 82428400.0
143 Dec 10, 2017 9.35 9.87 7.75 7.79 486493.0 72943200.0
144 Dec 11, 2017 7.87 9.93 7.69 8.83 810465.0 61410200.0
145 Dec 12, 2017 8.87 10.43 8.63 9.17 724723.0 69176400.0
146 Dec 13, 2017 9.3 11.08 8.97 9.98 1666680.0 72555200.0
147 Dec 14, 2017 9.98 10.46 9.27 9.75 623584.0 77884200.0
148 Dec 15, 2017 9.97 11.44 9.39 9.59 1130850.0 77848000.0
149 Dec 16, 2017 9.6 10.56 9.4 10.08 828247.0 74951900.0
150 Dec 17, 2017 10.04 11.14 9.89 10.49 624617.0 78432900.0
151 Dec 18, 2017 10.24 12.93 9.87 12.06 1364450.0 80034500.0
152 Dec 19, 2017 12.27 13.53 10.85 11.89 1914730.0 95887800.0
153 Dec 20, 2017 11.87 12.54 10.32 11.05 786151.0 92795700.0
154 Dec 21, 2017 10.91 13.17 10.74 12.33 1089990.0 85306200.0
155 Dec 22, 2017 12.53 12.53 8.41 10.25 1357760.0 97921600.0
156 Dec 23, 2017 10.21 20.94 10.21 16.4 8681800.0 79802600.0
157 Dec 24, 2017 16.58 17.12 13.82 16.51 2329360.0 129603000.0
158 Dec 25, 2017 16.2 19.97 15.17 18.32 1409820.0 126638000.0
159 Dec 26, 2017 18.31 23.72 16.97 18.2 2140910.0 143203000.0
160 Dec 27, 2017 18.25 21.54 17.58 19.76 2065240.0 142709000.0
161 Dec 28, 2017 19.72 23.31 18.9 20.26 3010960.0 154247000.0
162 Dec 29, 2017 20.5 27.5 19.31 25.33 2477050.0 160348000.0
163 Dec 30, 2017 25.1 25.59 17.54 18.07 3932580.0 196363000.0
164 Dec 31, 2017 17.97 22.24 17.26 21.13 1436220.0 140597000.0
165 Jan 01, 2018 21.36 21.91 19.07 21.45 649019.0 167201000.0
166 Jan 02, 2018 21.45 23.67 19.86 21.01 1513320.0 167877000.0
167 Jan 03, 2018 20.94 21.46 19.41 20.18 1062180.0 163952000.0
168 Jan 04, 2018 20.29 22.04 18.72 20.69 982713.0 158863000.0
169 Jan 05, 2018 20.7 21.57 19.24 20.03 672333.0 162073000.0
170 Jan 06, 2018 20.05 22.43 19.82 21.24 433964.0 157034000.0
171 Jan 07, 2018 21.22 24.47 20.29 24.43 904976.0 166198000.0
172 Jan 08, 2018 24.41 25.45 19.69 22.08 1112080.0 191201000.0
173 Jan 09, 2018 22.01 38.09 21.81 29.2 12062000.0 172450000.0
174 Jan 10, 2018 29.2 31.44 25.75 30.85 4283650.0 257941000.0
175 Jan 11, 2018 30.8 30.8 23.22 26.17 1197380.0 272070000.0
176 Jan 12, 2018 26.34 30.66 25.26 30.66 1179480.0 206457000.0
177 Jan 13, 2018 30.69 49.37 30.15 44.23 17150900.0 240578000.0
178 Jan 14, 2018 44.12 52.39 41.26 48.26 7105040.0 345897000.0
179 Jan 15, 2018 47.05 48.26 41.0 41.05 2822920.0 368909000.0
180 Jan 16, 2018 41.1 41.48 26.38 31.54 1854530.0 363272000.0
181 Jan 17, 2018 31.49 33.43 23.95 32.05 1070570.0 278334000.0
182 Jan 18, 2018 31.42 36.17 31.42 32.41 771630.0 277834000.0
183 Jan 19, 2018 32.07 34.38 31.06 31.74 426365.0 283571000.0
184 Jan 20, 2018 31.97 34.77 31.77 33.02 815790.0 282703000.0
185 Jan 21, 2018 33.11 33.11 27.03 27.76 456839.0 292806000.0
186 Jan 22, 2018 28.14 28.17 22.79 24.97 510731.0 248954000.0
187 Jan 23, 2018 25.28 29.25 22.69 27.7 581661.0 223679000.0
188 Jan 24, 2018 27.75 40.75 25.14 40.39 8189120.0 245562000.0
189 Jan 25, 2018 40.38 41.96 32.74 34.19 3254430.0 357304000.0
190 Jan 26, 2018 34.1 35.59 30.77 32.73 643317.0 301802000.0
191 Jan 27, 2018 32.36 35.25 31.24 33.44 364636.0 286462000.0
192 Jan 28, 2018 33.27 36.42 31.8 32.05 2360450.0 294493000.0
193 Jan 29, 2018 31.89 34.94 28.93 31.68 2963410.0 282370000.0
194 Jan 30, 2018 31.49 31.74 24.56 26.29 720115.0 278812000.0
195 Jan 31, 2018 26.17 27.57 24.57 27.57 415055.0 231794000.0
196 Feb 01, 2018 27.7 27.74 19.44 23.33 791866.0 245306000.0
197 Feb 02, 2018 23.0 24.91 17.38 22.4 771619.0 203709000.0
198 Feb 03, 2018 22.47 25.18 20.83 24.08 377975.0 199110000.0
199 Feb 04, 2018 24.05 24.13 19.91 20.18 147190.0 213074000.0
200 Feb 05, 2018 19.93 20.44 12.96 14.27 508581.0 176637000.0
201 Feb 06, 2018 14.61 21.01 12.0 19.68 1722720.0 129463000.0
202 Feb 07, 2018 19.49 23.42 18.06 18.52 803938.0 172741000.0
203 Feb 08, 2018 18.44 21.26 18.44 20.55 214667.0 163488000.0
204 Feb 09, 2018 20.73 24.06 19.5 23.15 435716.0 183806000.0
205 Feb 10, 2018 23.17 26.39 22.63 25.2 676612.0 205434000.0
206 Feb 11, 2018 25.57 25.57 21.36 22.01 410388.0 226775000.0
207 Feb 12, 2018 22.14 24.83 22.14 23.92 171892.0 196418000.0
208 Feb 13, 2018 23.99 24.12 21.37 22.17 290706.0 212826000.0
209 Feb 14, 2018 21.96 23.79 21.22 22.93 183120.0 194846000.0
210 Feb 15, 2018 22.95 25.6 22.44 24.62 281561.0 203688000.0
211 Feb 16, 2018 24.84 25.18 21.95 24.27 305524.0 220451000.0
212 Feb 17, 2018 24.26 27.81 23.23 27.09 427664.0 215350000.0
213 Feb 18, 2018 27.17 28.0 25.08 25.39 291300.0 241204000.0
214 Feb 19, 2018 24.93 27.65 24.85 26.99 275892.0 221305000.0
215 Feb 20, 2018 27.02 27.24 22.56 22.8 819852.0 239808000.0
216 Feb 21, 2018 22.77 23.52 19.96 21.02 180161.0 202189000.0
217 Feb 22, 2018 21.0 22.43 19.69 20.03 164808.0 186435000.0
218 Feb 23, 2018 20.01 24.84 19.52 23.36 509011.0 177715000.0
219 Feb 24, 2018 23.33 24.62 21.77 22.52 80752.6 207257000.0
220 Feb 25, 2018 22.49 22.58 21.08 21.29 180539.0 199806000.0
221 Feb 26, 2018 21.32 22.25 20.38 20.55 268917.0 189459000.0
222 Feb 27, 2018 20.62 23.12 19.2 22.98 206127.0 183232000.0
223 Feb 28, 2018 22.94 24.28 20.21 20.57 152582.0 203870000.0
224 Mar 01, 2018 20.68 33.08 20.28 27.3 15591800.0 183748000.0
225 Mar 02, 2018 27.27 29.61 24.32 26.82 2343510.0 242291000.0
226 Mar 03, 2018 26.78 30.35 25.44 28.79 2746900.0 238055000.0
227 Mar 04, 2018 28.6 29.96 27.25 27.38 969867.0 254232000.0
228 Mar 05, 2018 27.33 35.35 26.78 32.02 7831710.0 242972000.0
229 Mar 06, 2018 30.98 32.06 28.4 29.16 868336.0 275358000.0
230 Mar 07, 2018 29.14 30.91 25.01 25.79 685298.0 259188000.0
231 Mar 08, 2018 25.75 26.5 21.94 22.07 424994.0 229049000.0
232 Mar 09, 2018 22.3 26.1 19.43 21.8 1703730.0 198379000.0
233 Mar 10, 2018 21.81 22.93 20.47 20.76 224565.0 193971000.0
234 Mar 11, 2018 20.7 22.39 18.94 22.11 298113.0 184082000.0
235 Mar 12, 2018 22.04 22.2 18.36 19.31 479789.0 196018000.0
236 Mar 13, 2018 19.21 20.05 17.06 17.72 527090.0 171003000.0
237 Mar 14, 2018 17.48 18.12 14.44 15.01 412180.0 155596000.0
238 Mar 15, 2018 15.0 15.09 12.47 14.47 488865.0 133521000.0
239 Mar 16, 2018 14.47 16.16 13.79 15.5 211723.0 128782000.0
240 Mar 17, 2018 15.28 15.51 12.86 13.41 173025.0 135990000.0
241 Mar 18, 2018 13.38 15.2 11.89 15.2 262679.0 119095000.0
242 Mar 19, 2018 14.59 15.39 12.87 14.4 327859.0 129853000.0
243 Mar 20, 2018 14.56 16.05 14.21 15.01 311261.0 129737000.0
244 Mar 21, 2018 15.04 15.74 14.3 14.57 237275.0 134026000.0
245 Mar 22, 2018 14.55 14.8 12.96 14.03 112690.0 129651000.0
246 Mar 23, 2018 14.11 14.11 13.08 13.39 249645.0 125749000.0
247 Mar 24, 2018 13.72 13.96 13.13 13.43 92880.9 122299000.0
248 Mar 25, 2018 13.06 13.84 12.39 13.03 248600.0 116446000.0
249 Mar 26, 2018 13.02 13.08 11.35 11.79 153414.0 116140000.0
250 Mar 27, 2018 11.77 12.11 10.48 10.9 97906.6 105012000.0
