0 Feb 10, 2016 0.95 1.24 0.72 0.97 127149.0 0.0
1 Feb 11, 2016 0.99 1.28 0.86 1.21 44528.9 0.0
2 Feb 12, 2016 1.22 1.53 1.15 1.31 41598.5 0.0
3 Feb 13, 2016 1.31 1.38 1.03 1.13 37094.4 0.0
4 Feb 14, 2016 1.13 1.21 1.08 1.18 15138.0 0.0
5 Feb 15, 2016 1.18 1.45 1.13 1.36 45922.4 0.0
6 Feb 16, 2016 1.36 1.66 1.28 1.5 59302.7 0.0
7 Feb 17, 2016 1.48 1.71 1.48 1.57 41294.5 0.0
8 Feb 18, 2016 1.57 1.58 1.25 1.42 31430.9 0.0
9 Feb 19, 2016 1.43 1.54 1.36 1.45 17999.5 0.0
10 Feb 20, 2016 1.45 1.63 1.45 1.55 23921.5 0.0
11 Feb 21, 2016 1.55 1.68 1.5 1.64 27627.3 0.0
12 Feb 22, 2016 1.66 1.92 1.58 1.74 61298.2 0.0
13 Feb 23, 2016 1.74 2.23 1.71 1.91 90550.4 1629160.0
14 Feb 24, 2016 1.91 2.89 1.9 2.67 133621.0 1804250.0
15 Feb 25, 2016 2.67 2.83 2.06 2.39 138725.0 2554480.0
16 Feb 26, 2016 2.43 2.65 2.13 2.43 48829.0 2339830.0
17 Feb 27, 2016 2.43 2.43 1.93 2.17 46765.4 2361910.0
18 Feb 28, 2016 2.17 2.31 2.07 2.24 29046.6 2121660.0
19 Feb 29, 2016 2.24 2.29 1.97 2.06 39207.5 2211740.0
20 Mar 01, 2016 2.06 2.11 1.34 1.72 69219.0 2056790.0
21 Mar 02, 2016 1.7 1.87 1.57 1.7 40583.2 1708010.0
22 Mar 03, 2016 1.7 1.92 1.65 1.74 37620.9 1719390.0
23 Mar 04, 2016 1.72 1.86 1.71 1.74 17232.5 1764430.0
24 Mar 05, 2016 1.74 1.77 1.63 1.69 27322.9 1791290.0
25 Mar 06, 2016 1.71 2.05 1.67 2.03 37125.9 1778700.0
26 Mar 07, 2016 2.04 2.19 1.97 2.16 34233.9 2143660.0
27 Mar 08, 2016 2.17 2.34 2.17 2.33 29222.3 2292010.0
28 Mar 09, 2016 2.31 2.6 2.25 2.48 82286.3 2460340.0
29 Mar 10, 2016 2.48 2.6 2.32 2.32 35049.8 2663650.0
30 Mar 11, 2016 2.32 2.58 2.11 2.4 51700.6 2517010.0
31 Mar 12, 2016 2.29 2.57 2.25 2.28 51006.4 2505580.0
32 Mar 13, 2016 2.28 2.39 2.21 2.38 22474.3 2512840.0
33 Mar 14, 2016 2.38 2.54 2.34 2.42 48534.1 2642520.0
34 Mar 15, 2016 2.42 2.64 2.37 2.59 41795.1 2709920.0
35 Mar 16, 2016 2.42 2.67 2.42 2.62 38185.9 2727830.0
36 Mar 17, 2016 2.63 2.63 2.43 2.49 23704.3 2979350.0
37 Mar 18, 2016 2.51 2.56 2.33 2.43 20666.5 2868020.0
38 Mar 19, 2016 2.43 2.45 2.27 2.31 21944.8 2804530.0
39 Mar 20, 2016 2.31 2.36 2.16 2.18 20628.4 2676350.0
40 Mar 21, 2016 2.18 2.27 2.1 2.19 14562.3 2551440.0
41 Mar 22, 2016 2.19 2.28 2.08 2.13 19899.2 2582630.0
42 Mar 23, 2016 2.13 2.14 1.99 2.04 15242.4 2530960.0
43 Mar 24, 2016 2.04 2.05 1.87 1.92 17729.6 2442810.0
44 Mar 25, 2016 1.92 2.19 1.88 2.05 14749.5 2311280.0
45 Mar 26, 2016 2.05 2.34 2.04 2.31 25083.6 2487230.0
46 Mar 27, 2016 2.31 2.36 1.96 2.07 25734.3 2821080.0
47 Mar 28, 2016 2.07 2.17 1.96 2.06 17491.5 2552280.0
48 Mar 29, 2016 2.06 2.33 2.02 2.06 17296.7 2549430.0
49 Mar 30, 2016 2.08 2.17 1.97 2.16 10260.8 2593780.0
50 Mar 31, 2016 2.16 2.16 1.95 1.97 18321.5 2717130.0
51 Apr 01, 2016 1.97 2.08 1.93 1.93 10215.3 2493460.0
52 Apr 02, 2016 1.93 2.02 1.9 1.96 11825.2 2464570.0
53 Apr 03, 2016 1.96 1.98 1.9 1.94 11889.8 2513210.0
54 Apr 04, 2016 1.96 1.99 1.88 1.91 14313.8 2527700.0
55 Apr 05, 2016 1.88 1.9 1.74 1.75 25091.8 2447100.0
56 Apr 06, 2016 1.75 1.84 1.7 1.75 14643.1 2287820.0
57 Apr 07, 2016 1.75 1.89 1.73 1.74 13286.1 2301380.0
58 Apr 08, 2016 1.74 1.83 1.71 1.75 12918.4 2312480.0
59 Apr 09, 2016 1.76 1.79 1.6 1.61 18126.4 2351500.0
60 Apr 10, 2016 1.61 1.68 1.47 1.55 20143.6 2160940.0
61 Apr 11, 2016 1.47 1.57 1.43 1.47 13226.2 1989440.0
62 Apr 12, 2016 1.47 1.66 1.4 1.63 17347.5 1994280.0
63 Apr 13, 2016 1.58 1.67 1.47 1.53 9427.75 2158110.0
64 Apr 14, 2016 1.53 1.71 1.49 1.52 7486.23 2113850.0
65 Apr 15, 2016 1.52 1.52 1.38 1.39 9293.69 2114230.0
66 Apr 16, 2016 1.38 1.46 1.31 1.37 14851.5 1929170.0
67 Apr 17, 2016 1.37 1.4 1.33 1.34 7936.34 1921900.0
68 Apr 18, 2016 1.34 1.71 1.32 1.66 23796.6 1896850.0
69 Apr 19, 2016 1.66 1.73 1.5 1.51 21691.3 2351550.0
70 Apr 20, 2016 1.51 1.54 1.5 1.53 7500.96 2162910.0
71 Apr 21, 2016 1.53 1.67 1.51 1.56 11050.6 2203160.0
72 Apr 22, 2016 1.56 1.68 1.53 1.56 8971.93 2259880.0
73 Apr 23, 2016 1.56 1.64 1.55 1.57 8728.09 2268050.0
74 Apr 24, 2016 1.58 1.66 1.51 1.55 17801.6 2306120.0
75 Apr 25, 2016 1.55 1.58 1.53 1.54 13338.9 2289380.0
76 Apr 26, 2016 1.54 1.61 1.52 1.52 14299.3 2282450.0
77 Apr 27, 2016 1.52 1.56 1.47 1.48 12204.3 2265000.0
78 Apr 28, 2016 1.48 1.52 1.45 1.51 9091.13 2218750.0
79 Apr 29, 2016 1.51 1.58 1.51 1.52 12578.3 2280200.0
80 Apr 30, 2016 1.52 1.63 1.5 1.57 19795.9 2306610.0
81 May 01, 2016 1.57 1.61 1.53 1.54 13658.6 2393930.0
82 May 02, 2016 1.54 1.59 1.49 1.51 13512.8 2358990.0
83 May 03, 2016 1.52 1.56 1.49 1.53 10195.0 2342820.0
84 May 04, 2016 1.55 1.56 1.5 1.5 9992.55 2408290.0
85 May 05, 2016 1.5 1.55 1.5 1.51 5906.79 2343520.0
86 May 06, 2016 1.51 1.54 1.51 1.52 6274.14 2372200.0
87 May 07, 2016 1.52 1.59 1.51 1.58 15547.0 2394420.0
88 May 08, 2016 1.58 1.61 1.47 1.48 28101.3 2495660.0
89 May 09, 2016 1.48 1.56 1.45 1.45 10183.5 2360400.0
90 May 10, 2016 1.45 1.47 1.4 1.41 9627.06 2322060.0
91 May 11, 2016 1.41 1.43 1.29 1.37 21920.6 2259500.0
92 May 12, 2016 1.35 1.36 1.28 1.29 9646.08 2185690.0
93 May 13, 2016 1.29 1.32 1.27 1.27 11198.8 2088820.0
94 May 14, 2016 1.27 1.45 1.25 1.32 18408.0 2074460.0
95 May 15, 2016 1.32 1.41 1.3 1.33 9977.64 2165550.0
96 May 16, 2016 1.33 2.35 1.33 1.99 116107.0 2195000.0
97 May 17, 2016 1.98 1.99 1.73 1.74 67421.8 3286610.0
98 May 18, 2016 1.69 1.76 1.48 1.59 69528.1 2816510.0
99 May 19, 2016 1.59 1.74 1.55 1.55 41198.9 2658330.0
100 May 20, 2016 1.57 1.57 1.45 1.46 66155.3 2638300.0
101 May 21, 2016 1.46 1.54 1.43 1.54 21175.5 2470310.0
102 May 22, 2016 1.53 1.54 1.44 1.45 21063.3 2607310.0
103 May 23, 2016 1.45 1.63 1.45 1.52 40225.9 2473330.0
104 May 24, 2016 1.53 1.64 1.44 1.44 35044.0 2633890.0
105 May 25, 2016 1.44 1.53 1.36 1.39 26726.5 2484830.0
106 May 26, 2016 1.38 1.41 1.27 1.33 39358.2 2390850.0
107 May 27, 2016 1.33 1.4 1.3 1.34 33076.1 2318620.0
108 May 28, 2016 1.34 1.61 1.34 1.61 41688.9 2340690.0
109 May 29, 2016 1.58 1.58 1.43 1.46 12335.6 2774270.0
110 May 30, 2016 1.47 1.55 1.46 1.48 11309.1 2584030.0
111 May 31, 2016 1.48 1.59 1.44 1.51 20532.6 2618070.0
112 Jun 01, 2016 1.51 1.83 1.51 1.78 53835.6 2690760.0
113 Jun 02, 2016 1.75 1.86 1.61 1.76 32681.1 3131990.0
114 Jun 03, 2016 1.76 1.81 1.71 1.73 28368.2 3162340.0
115 Jun 04, 2016 1.73 1.83 1.72 1.75 17330.5 3124600.0
116 Jun 05, 2016 1.75 1.81 1.6 1.64 17062.8 3171150.0
117 Jun 06, 2016 1.64 1.7 1.63 1.66 17433.0 2978920.0
118 Jun 07, 2016 1.66 1.73 1.51 1.68 19334.5 3046990.0
119 Jun 08, 2016 1.68 1.73 1.49 1.65 34527.0 3087850.0
120 Jun 09, 2016 1.65 1.7 1.61 1.64 14238.7 3043720.0
121 Jun 10, 2016 1.64 1.7 1.61 1.65 10577.0 3042740.0
122 Jun 11, 2016 1.65 1.68 1.62 1.67 16851.2 3069490.0
123 Jun 12, 2016 1.67 1.7 1.55 1.61 40325.8 3131070.0
124 Jun 13, 2016 1.61 1.76 1.58 1.63 44252.1 3023120.0
125 Jun 14, 2016 1.63 1.72 1.57 1.64 18274.1 3086090.0
126 Jun 15, 2016 1.64 1.75 1.62 1.68 20701.6 3104940.0
127 Jun 16, 2016 1.68 2.01 1.68 1.99 40434.0 3203200.0
128 Jun 17, 2016 1.99 2.02 1.65 1.72 49841.6 3797360.0
129 Jun 18, 2016 1.7 1.96 1.68 1.89 26733.1 3260110.0
130 Jun 19, 2016 1.89 2.12 1.8 1.97 40839.7 3648020.0
131 Jun 20, 2016 1.97 2.18 1.79 1.97 36050.3 3819780.0
132 Jun 21, 2016 1.94 1.94 1.62 1.69 25714.5 3773610.0
133 Jun 22, 2016 1.69 1.78 1.54 1.57 23941.2 3299110.0
134 Jun 23, 2016 1.57 1.62 1.42 1.61 10019.8 3077750.0
135 Jun 24, 2016 1.61 1.78 1.59 1.67 15277.2 3184610.0
136 Jun 25, 2016 1.67 1.75 1.57 1.65 14449.0 3313830.0
137 Jun 26, 2016 1.65 1.7 1.51 1.52 10782.5 3281970.0
138 Jun 27, 2016 1.52 1.99 1.5 1.89 133737.0 3030580.0
139 Jun 28, 2016 1.86 2.02 1.71 1.92 38047.4 3730770.0
140 Jun 29, 2016 1.93 2.13 1.78 2.08 79289.9 3878360.0
141 Jun 30, 2016 2.08 2.44 2.01 2.08 187842.0 4211100.0
142 Jul 01, 2016 2.08 2.17 1.96 1.97 23880.3 4214360.0
143 Jul 02, 2016 1.97 2.14 1.95 2.02 24282.8 4005290.0
144 Jul 03, 2016 2.0 2.04 1.83 1.96 28904.5 4090170.0
145 Jul 04, 2016 1.96 2.02 1.91 1.97 20097.0 4014760.0
146 Jul 05, 2016 1.98 2.03 1.85 1.94 28274.8 4077400.0
147 Jul 06, 2016 1.96 2.01 1.86 1.89 17637.5 4052220.0
148 Jul 07, 2016 1.89 1.93 1.57 1.67 28197.8 3919700.0
149 Jul 08, 2016 1.67 1.89 1.54 1.84 44829.8 3482880.0
150 Jul 09, 2016 1.85 1.85 1.62 1.64 13859.7 3869740.0
151 Jul 10, 2016 1.64 1.83 1.61 1.72 13935.8 3441260.0
152 Jul 11, 2016 1.72 1.82 1.67 1.7 15064.7 3635640.0
153 Jul 12, 2016 1.7 1.79 1.67 1.68 19565.5 3591000.0
154 Jul 13, 2016 1.67 1.76 1.67 1.69 17696.9 3559000.0
155 Jul 14, 2016 1.69 1.79 1.67 1.79 13206.9 3606830.0
156 Jul 15, 2016 1.82 1.99 1.76 1.8 52672.8 3887590.0
157 Jul 16, 2016 1.8 1.87 1.71 1.71 22706.4 3869890.0
158 Jul 17, 2016 1.7 1.86 1.7 1.82 20332.7 3678220.0
159 Jul 18, 2016 1.82 1.86 1.77 1.78 9537.5 3940150.0
160 Jul 19, 2016 1.77 1.91 1.76 1.78 18861.6 3861090.0
161 Jul 20, 2016 1.78 1.86 1.72 1.73 17470.4 3878200.0
162 Jul 21, 2016 1.73 1.82 1.71 1.73 25652.4 3784800.0
163 Jul 22, 2016 1.73 1.82 1.7 1.74 19712.5 3802060.0
164 Jul 23, 2016 1.74 1.76 1.7 1.74 16588.6 3830930.0
165 Jul 24, 2016 1.73 1.76 1.68 1.69 21025.2 3842410.0
166 Jul 25, 2016 1.69 1.93 1.64 1.84 109722.0 3750640.0
167 Jul 26, 2016 1.87 1.87 1.65 1.72 75944.2 4167400.0
168 Jul 27, 2016 1.68 1.78 1.68 1.69 36913.0 3760280.0
169 Jul 28, 2016 1.69 1.72 1.65 1.7 17258.1 3805420.0
170 Jul 29, 2016 1.68 1.7 1.65 1.68 9402.11 3794130.0
171 Jul 30, 2016 1.68 1.75 1.65 1.72 17237.0 3786910.0
172 >Jul 31, 201 1.72 2.18 1.67 1.82 175481.0 3892140.0
173 Aug 01, 2016 1.82 1.83 1.69 1.7 32333.5 4138170.0
174 Aug 02, 2016 1.7 1.8 1.43 1.49 39770.6 3876720.0
175 Aug 03, 2016 1.5 1.59 1.43 1.56 25136.6 3446580.0
176 Aug 04, 2016 1.56 1.66 1.53 1.61 15108.4 3580510.0
177 Aug 05, 2016 1.61 1.67 1.58 1.61 11668.7 3721670.0
178 >Aug 06, 201 1.61 1.66 1.57 1.64 14502.6 3731830.0
179 Aug 07, 2016 1.63 1.65 1.52 1.54 30114.6 3776420.0
180 Aug 08, 2016 1.54 1.61 1.53 1.55 14059.6 3605800.0
181 Aug 09, 2016 1.55 1.62 1.53 1.6 17294.8 3618400.0
182 Aug 10, 2016 1.6 1.63 1.55 1.57 21101.1 3765900.0
183 Aug 11, 2016 1.57 1.69 1.57 1.66 25016.8 3695280.0
184 >Aug 12, 201 1.66 1.79 1.61 1.72 61207.4 3935530.0
185 Aug 13, 2016 1.75 1.94 1.72 1.77 74315.1 4151100.0
186 Aug 14, 2016 1.77 1.77 1.62 1.64 27612.0 4214410.0
187 Aug 15, 2016 1.64 1.79 1.58 1.59 45272.4 3929290.0
188 Aug 16, 2016 1.59 1.65 1.55 1.6 33543.7 3808210.0
189 Aug 17, 2016 1.6 1.63 1.58 1.61 11551.8 3851850.0
190 >Aug 18, 201 1.61 1.62 1.58 1.61 10035.8 3877850.0
191 Aug 19, 2016 1.59 1.61 1.56 1.6 14134.9 3866760.0
192 Aug 20, 2016 1.6 1.6 1.55 1.56 12980.0 3874980.0
193 Aug 21, 2016 1.56 1.58 1.54 1.56 12639.3 3797890.0
194 Aug 22, 2016 1.56 1.57 1.52 1.54 24499.5 3804200.0
195 Aug 23, 2016 1.54 1.58 1.48 1.49 20944.5 3763860.0
196 Aug 24, 2016 1.48 1.61 1.46 1.52 16569.8 3641880.0
197 Aug 25, 2016 1.53 1.58 1.49 1.51 10063.2 3776630.0
198 Aug 26, 2016 1.51 1.66 1.5 1.51 41102.4 3749780.0
199 Aug 27, 2016 1.51 1.53 1.47 1.48 6301.94 3739710.0
200 Aug 28, 2016 1.47 1.51 1.47 1.5 12229.7 3679290.0
201 Aug 29, 2016 1.5 1.54 1.48 1.48 21481.4 3764200.0
202 Aug 30, 2016 1.5 1.51 1.46 1.47 26439.4 3750860.0
203 Aug 31, 2016 1.47 1.49 1.42 1.43 18758.0 3711980.0
204 Sep 01, 2016 1.43 1.51 1.42 1.46 29262.0 3607470.0
205 Sep 02, 2016 1.46 1.47 1.43 1.45 18694.6 3696240.0
206 Sep 03, 2016 1.43 1.52 1.43 1.5 24291.6 3644210.0
207 Sep 04, 2016 1.5 1.54 1.45 1.52 34400.3 3821160.0
208 Sep 05, 2016 1.52 1.55 1.45 1.52 27482.1 3889440.0
209 Sep 06, 2016 1.52 1.55 1.46 1.5 56948.3 3898130.0
210 Sep 07, 2016 1.5 1.55 1.47 1.51 21606.3 3863950.0
211 Sep 08, 2016 1.51 1.53 1.48 1.53 21369.5 3905160.0
212 Sep 09, 2016 1.53 1.55 1.48 1.54 27070.2 3951470.0
213 Sep 10, 2016 1.54 1.57 1.49 1.53 23328.3 3977580.0
214 Sep 11, 2016 1.53 1.54 1.44 1.47 8700.44 3983000.0
215 Sep 12, 2016 1.46 1.5 1.44 1.44 15434.4 3810660.0
216 Sep 13, 2016 1.44 1.48 1.41 1.47 32531.2 3780370.0
217 Sep 14, 2016 1.47 1.49 1.44 1.47 27837.6 3857330.0
218 Sep 15, 2016 1.47 1.48 1.44 1.44 17388.7 3873460.0
219 Sep 16, 2016 1.44 1.49 1.44 1.45 17668.0 3797060.0
220 Sep 17, 2016 1.45 1.46 1.4 1.41 19228.7 3836320.0
221 Sep 18, 2016 1.4 1.43 1.23 1.3 58521.5 3728900.0
222 Sep 19, 2016 1.28 1.34 1.24 1.24 33712.6 3429290.0
223 Sep 20, 2016 1.24 1.33 1.23 1.31 41153.8 3328660.0
224 Sep 21, 2016 1.31 1.31 1.16 1.18 30537.4 3513010.0
225 Sep 22, 2016 1.18 1.23 1.17 1.2 12077.3 3162100.0
226 Sep 23, 2016 1.2 1.23 1.17 1.21 17920.1 3251990.0
227 Sep 24, 2016 1.21 1.26 1.2 1.22 11178.4 3261830.0
228 Sep 25, 2016 1.22 1.24 1.19 1.2 10849.6 3318120.0
229 Sep 26, 2016 1.2 1.23 0.85 1.14 85566.4 3262830.0
230 Sep 27, 2016 1.16 1.17 1.03 1.08 17972.2 3158470.0
231 Sep 28, 2016 1.08 1.08 1.03 1.05 9612.27 2956620.0
232 Sep 29, 2016 1.05 1.08 1.02 1.03 12670.9 2887520.0
233 Sep 30, 2016 1.02 1.05 0.96 0.98 18632.6 2826060.0
234 Oct 01, 2016 0.97 1.04 0.96 1.01 21779.2 2671470.0
235 Oct 02, 2016 1.01 1.04 0.94 0.98 17194.1 2803930.0
236 Oct 03, 2016 0.98 1.18 0.98 1.07 32081.3 2715130.0
237 Oct 04, 2016 1.07 1.07 0.98 1.02 16290.8 2982670.0
238 Oct 05, 2016 1.02 1.13 1.0 1.08 21078.4 2841730.0
239 Oct 06, 2016 1.08 1.14 1.01 1.08 38003.9 3034690.0
240 Oct 07, 2016 1.11 1.17 1.08 1.09 17695.9 3124430.0
241 Oct 08, 2016 1.09 1.12 1.01 1.05 25996.7 3060650.0
242 Oct 09, 2016 1.05 1.1 1.02 1.03 7711.27 2982680.0
243 Oct 10, 2016 1.03 1.05 0.93 0.98 31604.0 2918340.0
244 >Oct 11, 201 0.99 1.01 0.94 0.98 32653.5 2809820.0
245 Oct 12, 2016 0.96 0.98 0.94 0.95 19760.6 2728930.0
246 Oct 13, 2016 0.94 0.98 0.94 0.95 15566.5 2704850.0
247 Oct 14, 2016 0.95 0.98 0.93 0.98 16042.5 2735400.0
248 Oct 15, 2016 0.97 0.97 0.94 0.95 6992.55 2792050.0
249 Oct 16, 2016 0.95 0.95 0.9 0.91 18820.3 2734630.0
250 Oct 17, 2016 0.91 0.98 0.87 0.97 20754.6 2622540.0
251 Oct 18, 2016 1.01 1.01 0.87 0.88 20889.2 2917000.0
252 Oct 19, 2016 0.89 0.9 0.86 0.87 9305.41 2573400.0
253 Oct 20, 2016 0.87 0.91 0.87 0.89 10010.0 2527080.0
254 Oct 21, 2016 0.89 0.91 0.88 0.89 6316.13 2594980.0
255 Oct 22, 2016 0.89 0.94 0.89 0.91 12952.9 2607830.0
256 Oct 23, 2016 0.91 0.92 0.9 0.9 5165.86 2666280.0
257 Oct 24, 2016 0.91 0.91 0.88 0.88 9578.77 2665730.0
258 Oct 25, 2016 0.88 0.89 0.86 0.86 13618.5 2592020.0
259 Oct 26, 2016 0.86 0.89 0.85 0.86 12435.5 2541850.0
260 Oct 27, 2016 0.85 0.87 0.83 0.84 15285.7 2540640.0
261 Oct 28, 2016 0.84 0.84 0.78 0.78 23059.8 2490830.0
262 Oct 29, 2016 0.79 1.01 0.48 0.77 104171.0 2350800.0
263 Oct 30, 2016 0.76 0.89 0.74 0.78 12727.6 2272040.0
264 Oct 31, 2016 0.78 0.85 0.69 0.69 30687.2 2341310.0
265 Nov 01, 2016 0.69 0.75 0.69 0.71 11065.2 2083200.0
266 Nov 02, 2016 0.71 0.73 0.66 0.71 8322.41 2146890.0
267 Nov 03, 2016 0.71 0.74 0.63 0.66 7741.85 2135510.0
268 Nov 04, 2016 0.66 0.69 0.64 0.65 6727.16 1987750.0
269 Nov 05, 2016 0.65 0.67 0.63 0.63 10349.1 1969620.0
270 Nov 06, 2016 0.63 0.65 0.61 0.63 8395.19 1933780.0
271 Nov 07, 2016 0.63 0.66 0.6 0.63 12028.6 1913600.0
272 Nov 08, 2016 0.63 0.67 0.61 0.62 6975.18 1936310.0
273 Nov 09, 2016 0.62 0.88 0.61 0.73 25735.6 1901400.0
274 Nov 10, 2016 0.74 0.78 0.65 0.71 26311.5 2278340.0
275 Nov 11, 2016 0.71 0.73 0.64 0.65 10221.2 2202070.0
276 Nov 12, 2016 0.65 0.67 0.64 0.66 7450.7 1995400.0
277 Nov 13, 2016 0.65 0.68 0.64 0.67 4673.03 2018480.0
278 Nov 14, 2016 0.67 0.67 0.63 0.64 8291.54 2071970.0
279 Nov 15, 2016 0.64 0.75 0.64 0.71 21550.2 2009340.0
280 Nov 16, 2016 0.69 0.79 0.67 0.73 28104.2 2142600.0
281 Nov 17, 2016 0.74 0.77 0.7 0.72 10090.9 2320700.0
282 Nov 18, 2016 0.72 0.75 0.71 0.75 10783.1 2273120.0
283 Nov 19, 2016 0.73 0.84 0.73 0.75 14161.1 2314420.0
284 Nov 20, 2016 0.75 0.75 0.69 0.7 14295.7 2354960.0
285 Nov 21, 2016 0.7 0.73 0.69 0.71 9012.89 2228980.0
286 Nov 22, 2016 0.71 0.72 0.66 0.68 19620.6 2257250.0
287 Nov 23, 2016 0.66 0.68 0.65 0.66 4659.44 2112510.0
288 Nov 24, 2016 0.66 0.66 0.58 0.63 15976.7 2110640.0
289 Nov 25, 2016 0.63 0.65 0.58 0.61 6319.97 2011130.0
290 Nov 26, 2016 0.61 0.63 0.56 0.59 16814.5 1941560.0
291 Nov 27, 2016 0.59 0.6 0.58 0.58 3508.34 1891400.0
292 Nov 28, 2016 0.58 0.64 0.58 0.59 9103.94 1874410.0
293 Nov 29, 2016 0.59 0.61 0.58 0.6 6112.14 1903810.0
294 Nov 30, 2016 0.6 0.66 0.59 0.6 22713.3 1928430.0
295 Dec 01, 2016 0.6 0.61 0.6 0.61 5488.52 1945910.0
296 Dec 02, 2016 0.6 0.62 0.59 0.6 7494.4 1962600.0
297 Dec 03, 2016 0.6 0.62 0.52 0.56 11230.6 1941890.0
298 Dec 04, 2016 0.58 0.58 0.55 0.56 5668.98 1891780.0
299 Dec 05, 2016 0.56 0.56 0.52 0.53 5324.87 1848210.0
300 Dec 06, 2016 0.53 0.53 0.49 0.5 8916.21 1740670.0
301 Dec 07, 2016 0.5 0.54 0.48 0.49 6578.75 1642010.0
302 Dec 08, 2016 0.49 0.52 0.48 0.5 5263.93 1621020.0
303 Dec 09, 2016 0.51 0.55 0.49 0.51 6650.11 1669230.0
304 Dec 10, 2016 0.52 0.56 0.5 0.53 12385.5 1725640.0
305 Dec 11, 2016 0.52 0.53 0.5 0.5 4676.24 1713860.0
306 Dec 12, 2016 0.5 0.57 0.5 0.54 21355.4 1658570.0
307 Dec 13, 2016 0.54 0.6 0.53 0.56 10300.0 1813540.0
308 Dec 14, 2016 0.55 0.56 0.54 0.54 2725.41 1843690.0
309 Dec 15, 2016 0.54 0.55 0.52 0.53 4440.75 1800600.0
310 Dec 16, 2016 0.53 0.54 0.52 0.53 4254.79 1765910.0
311 Dec 17, 2016 0.53 0.55 0.53 0.54 3447.42 1778220.0
312 Dec 18, 2016 0.54 0.55 0.49 0.5 14765.5 1831000.0
313 Dec 19, 2016 0.5 0.54 0.49 0.49 6464.95 1697170.0
314 Dec 20, 2016 0.49 0.52 0.49 0.5 10982.1 1674370.0
315 Dec 21, 2016 0.5 0.52 0.46 0.49 11189.4 1684920.0
316 Dec 22, 2016 0.49 0.49 0.46 0.46 10397.1 1665770.0
317 Dec 23, 2016 0.46 0.48 0.44 0.46 9336.83 1572650.0
318 Dec 24, 2016 0.45 0.75 0.43 0.46 4531.2 1552080.0
319 Dec 25, 2016 0.46 0.46 0.41 0.44 7157.64 1566450.0
320 Dec 26, 2016 0.44 0.46 0.43 0.43 6358.73 1511120.0
321 Dec 27, 2016 0.43 0.46 0.42 0.42 11433.8 1486200.0
322 Dec 28, 2016 0.42 0.51 0.39 0.5 11859.1 1451560.0
323 Dec 29, 2016 0.5 0.53 0.48 0.49 9909.9 1723740.0
324 Dec 30, 2016 0.49 0.49 0.47 0.47 3582.48 1681130.0
325 Dec 31, 2016 0.47 0.48 0.46 0.47 8112.78 1617190.0
326 Jan 01, 2017 0.48 0.52 0.47 0.49 3213.77 1680250.0
327 Jan 02, 2017 0.49 0.5 0.44 0.47 8168.82 1706590.0
328 Jan 03, 2017 0.47 0.49 0.45 0.46 5035.73 1647480.0
329 Jan 04, 2017 0.46 0.7 0.46 0.66 35529.9 1612730.0
330 Jan 05, 2017 0.63 0.71 0.5 0.55 13244.0 2194980.0
331 Jan 06, 2017 0.55 0.57 0.48 0.55 13185.8 1942000.0
332 Jan 07, 2017 0.55 0.82 0.5 0.67 48404.8 1950040.0
333 Jan 08, 2017 0.67 0.84 0.67 0.82 45713.8 2372740.0
334 Jan 09, 2017 0.82 0.89 0.77 0.81 52721.3 2894870.0
335 Jan 10, 2017 0.83 0.86 0.7 0.7 31965.5 2935980.0
336 Jan 11, 2017 0.7 0.76 0.6 0.7 30366.5 2502040.0
337 Jan 12, 2017 0.7 0.84 0.67 0.84 22705.5 2489440.0
338 Jan 13, 2017 0.83 1.15 0.76 1.1 95935.5 2976980.0
339 Jan 14, 2017 1.11 1.25 0.96 1.04 101834.0 3951920.0
340 Jan 15, 2017 1.04 1.07 0.96 0.98 47474.4 3744110.0
341 Jan 16, 2017 0.98 1.0 0.91 0.96 41929.6 3502420.0
342 Jan 17, 2017 0.95 0.97 0.84 0.88 51464.6 3426420.0
343 Jan 18, 2017 0.89 0.92 0.79 0.86 29944.1 3189520.0
344 Jan 19, 2017 0.87 1.08 0.86 1.04 40488.6 3153600.0
345 Jan 20, 2017 1.04 1.08 0.9 0.91 30691.5 3754430.0
346 Jan 21, 2017 0.9 0.95 0.87 0.87 19964.7 3273920.0
347 Jan 22, 2017 0.87 0.98 0.85 0.92 11358.7 3172360.0
348 Jan 23, 2017 0.92 1.02 0.9 0.98 21028.1 3345390.0
349 Jan 24, 2017 0.97 1.05 0.94 1.01 20333.8 3544670.0
350 Jan 25, 2017 1.02 1.05 0.89 1.01 49183.2 3718770.0
351 Jan 26, 2017 1.02 1.66 1.02 1.56 614441.0 3724990.0
352 Jan 27, 2017 1.6 1.67 1.34 1.34 151059.0 5881160.0
353 Jan 28, 2017 1.35 1.62 1.33 1.53 72100.4 4981630.0
354 Jan 29, 2017 1.53 2.21 1.52 1.95 322541.0 5626670.0
355 Jan 30, 2017 1.88 2.13 1.84 1.84 140668.0 6925250.0
356 Jan 31, 2017 1.84 2.41 1.77 2.29 318261.0 6802470.0
357 Feb 01, 2017 2.23 2.76 2.04 2.46 386941.0 8288660.0
358 Feb 02, 2017 2.51 2.69 2.39 2.6 132901.0 9325390.0
359 Feb 03, 2017 2.59 2.71 2.52 2.61 133515.0 9659720.0
360 Feb 04, 2017 2.63 3.47 2.62 3.37 726595.0 9812420.0
361 Feb 05, 2017 3.35 3.48 2.49 3.06 568651.0 12544800.0
362 Feb 06, 2017 3.03 3.1 2.58 2.6 178837.0 11352700.0
363 Feb 07, 2017 2.58 2.65 2.4 2.6 183596.0 9701580.0
364 Feb 08, 2017 2.59 2.99 2.56 2.57 115129.0 9754980.0
365 Feb 09, 2017 2.57 2.86 2.38 2.77 189010.0 9695360.0
366 Feb 10, 2017 2.8 2.8 2.46 2.57 133894.0 10568500.0
367 Feb 11, 2017 2.58 2.71 2.38 2.5 53482.9 9781950.0
368 Feb 12, 2017 2.49 2.51 2.35 2.39 57501.0 9442600.0
369 Feb 13, 2017 2.39 2.68 2.36 2.67 139972.0 9074080.0
370 Feb 14, 2017 2.62 2.68 2.2 2.42 210760.0 9974470.0
371 Feb 15, 2017 2.4 2.61 2.3 2.38 158941.0 9141590.0
372 Feb 16, 2017 2.42 2.47 2.11 2.2 118378.0 9256170.0
373 Feb 17, 2017 2.19 2.2 2.07 2.08 86611.7 8402380.0
374 Feb 18, 2017 2.08 2.12 1.8 1.84 108718.0 7997430.0
375 Feb 19, 2017 1.84 2.14 1.83 2.01 83589.7 7093410.0
376 Feb 20, 2017 2.0 2.02 1.81 1.88 51661.8 7714650.0
377 Feb 21, 2017 1.87 1.94 1.74 1.74 73990.4 7202220.0
378 Feb 22, 2017 1.77 2.18 1.68 2.12 126632.0 6863120.0
379 Feb 23, 2017 2.1 2.34 2.06 2.06 81706.4 8129910.0
380 Feb 24, 2017 2.05 2.38 1.94 2.29 94785.8 7974190.0
381 Feb 25, 2017 2.28 2.43 2.14 2.29 41894.4 8880020.0
382 Feb 26, 2017 2.28 2.56 2.25 2.4 63893.4 8875570.0
383 Feb 27, 2017 2.33 2.48 2.3 2.31 61474.2 9093080.0
384 Feb 28, 2017 2.31 2.34 2.15 2.15 40291.0 9031420.0
385 Mar 01, 2017 2.15 2.21 2.0 2.02 58226.0 8412630.0
386 Mar 02, 2017 2.03 2.1 1.9 2.09 76329.3 7953900.0
387 Mar 03, 2017 2.09 2.27 2.04 2.06 59526.6 8220470.0
388 Mar 04, 2017 2.07 2.18 1.98 2.15 42303.2 8152800.0
389 Mar 05, 2017 2.14 2.16 2.03 2.08 32295.6 8451920.0
390 Mar 06, 2017 2.08 2.35 2.07 2.29 68214.5 8245290.0
391 Mar 07, 2017 2.27 3.58 2.26 3.31 722346.0 9009560.0
392 Mar 08, 2017 3.3 3.48 2.66 2.79 478957.0 13102700.0
393 Mar 09, 2017 2.81 3.27 2.73 3.09 237597.0 11179700.0
394 Mar 10, 2017 3.1 3.53 2.85 3.13 483867.0 12349800.0
395 Mar 11, 2017 3.12 3.42 3.12 3.27 233518.0 12450600.0
396 Mar 12, 2017 3.28 5.01 3.27 4.62 1388970.0 13110100.0
397 Mar 13, 2017 4.97 5.87 4.59 5.06 2123340.0 19933900.0
398 Mar 14, 2017 5.05 5.34 4.34 4.63 980972.0 20299800.0
399 Mar 15, 2017 4.63 5.65 4.4 5.34 925039.0 18614300.0
400 Mar 16, 2017 5.3 6.14 4.93 5.18 945455.0 21379400.0
401 Mar 17, 2017 5.14 5.2 4.39 4.83 642384.0 20773400.0
402 Mar 18, 2017 4.86 6.23 4.34 6.23 1052730.0 19672000.0
403 Mar 19, 2017 6.3 7.38 5.57 6.38 1300370.0 25517900.0
404 Mar 20, 2017 6.33 6.58 5.74 6.14 616274.0 25696900.0
405 Mar 21, 2017 6.14 6.29 5.33 5.76 577491.0 24969500.0
406 Mar 22, 2017 5.76 6.07 5.46 5.91 334899.0 23476000.0
407 Mar 23, 2017 5.97 8.35 5.9 7.81 1580610.0 24379400.0
408 Mar 24, 2017 7.67 7.8 7.0 7.3 746802.0 31348600.0
409 Mar 25, 2017 7.43 10.32 7.12 10.02 1465100.0 30441500.0
410 Mar 26, 2017 10.28 21.22 10.28 15.19 15340800.0 42224800.0
411 Mar 27, 2017 14.9 17.98 9.85 10.79 7036740.0 61324700.0
412 Mar 28, 2017 10.93 14.96 10.53 12.8 2885050.0 45080700.0
413 Mar 29, 2017 12.99 13.27 11.34 12.24 1123390.0 53626700.0
414 Mar 30, 2017 12.37 13.98 10.88 12.24 1617450.0 51143700.0
415 Mar 31, 2017 12.11 13.3 11.32 12.66 1004920.0 55277700.0
416 Apr 01, 2017 12.66 13.3 12.2 12.8 612191.0 57887700.0
417 Apr 02, 2017 12.86 13.18 9.57 11.08 1259490.0 58887100.0
418 Apr 03, 2017 11.06 12.33 9.04 10.82 1468930.0 50723600.0
419 Apr 04, 2017 10.84 11.27 9.36 10.01 1042790.0 49787600.0
420 Apr 05, 2017 10.0 10.65 8.7 10.3 1240980.0 46009800.0
421 >Apr 06, 201 10.29 10.54 9.34 9.69 801588.0 47454900.0
422 Apr 07, 2017 9.74 9.74 8.68 8.86 664892.0 44938800.0
423 Apr 08, 2017 8.87 12.3 8.7 11.17 2052440.0 40994700.0
424 Apr 09, 2017 11.27 13.6 10.49 11.99 2464150.0 52201500.0
425 Apr 10, 2017 11.98 13.47 11.38 11.51 1106340.0 55567300.0
426 Apr 11, 2017 11.55 12.27 11.1 11.4 832124.0 53672100.0
427 Apr 12, 2017 11.4 11.58 10.7 11.51 664216.0 53028900.0
428 Apr 13, 2017 11.52 11.8 10.74 10.98 698967.0 53712000.0
429 Apr 14, 2017 11.1 11.45 10.81 11.04 449000.0 51830200.0
430 Apr 15, 2017 11.04 12.83 10.97 12.15 705586.0 51613100.0
431 Apr 16, 2017 12.15 12.72 11.53 12.17 635036.0 56916900.0
432 Apr 17, 2017 12.16 12.49 11.65 12.03 851312.0 57037200.0
433 Apr 18, 2017 12.08 12.32 11.85 12.13 684640.0 56726800.0
434 Apr 19, 2017 12.12 15.75 12.0 13.43 3399220.0 57014000.0
435 Apr 20, 2017 13.42 15.15 12.45 14.22 1689860.0 63237700.0
436 Apr 21, 2017 14.2 14.84 13.18 14.84 803308.0 67042300.0
437 Apr 22, 2017 14.88 15.06 13.66 14.77 1183560.0 70369300.0
438 Apr 23, 2017 14.77 16.93 14.23 16.51 2618160.0 69918500.0
439 Apr 24, 2017 16.59 18.33 16.41 16.56 2835990.0 78587300.0
440 Apr 25, 2017 16.44 17.94 15.03 15.2 2007810.0 77983700.0
441 Apr 26, 2017 14.91 17.4 14.91 16.47 1997200.0 70895400.0
442 Apr 27, 2017 16.28 16.53 14.29 14.55 1658670.0 77547500.0
443 Apr 28, 2017 14.55 16.03 13.53 15.27 1756280.0 69382900.0
444 Apr 29, 2017 15.33 15.92 14.47 15.64 960592.0 73202100.0
445 Apr 30, 2017 15.66 16.63 14.95 15.85 1326060.0 74906700.0
446 May 01, 2017 15.77 16.04 13.89 15.15 1895940.0 75566600.0
447 May 02, 2017 14.93 15.98 13.15 13.79 1660500.0 71644400.0
448 May 03, 2017 13.76 15.28 13.68 14.36 1610890.0 66135900.0
449 May 04, 2017 14.39 15.66 14.36 15.25 1313140.0 69259600.0
450 May 05, 2017 15.33 17.24 15.08 15.95 1630340.0 73881300.0
451 May 06, 2017 15.95 17.01 15.76 17.01 1476430.0 76993500.0
452 May 07, 2017 17.03 19.29 16.47 17.05 2927270.0 82327700.0
453 May 08, 2017 17.24 19.19 16.22 17.23 2088860.0 83456300.0
454 May 09, 2017 17.23 17.81 14.55 15.46 1562010.0 83549800.0
455 May 10, 2017 15.65 16.6 15.1 16.52 988746.0 75973900.0
456 May 11, 2017 16.54 16.54 15.13 15.34 831284.0 80420700.0
457 May 12, 2017 15.25 16.31 14.87 15.24 709425.0 74261500.0
458 May 13, 2017 15.21 20.19 14.93 18.79 2811300.0 74203300.0
459 May 14, 2017 18.86 18.86 17.09 17.15 1453890.0 92138000.0
460 May 15, 2017 17.13 17.42 15.09 15.55 1317300.0 83805300.0
461 May 16, 2017 15.58 15.75 14.26 15.26 1115020.0 76315800.0
462 May 17, 2017 15.34 27.48 14.54 21.14 7469700.0 75257100.0
463 May 18, 2017 21.42 23.2 17.73 21.1 3308570.0 105225000.0
464 May 19, 2017 20.95 21.1 18.72 20.01 1416190.0 103110000.0
465 May 20, 2017 19.8 21.54 19.61 20.24 1158210.0 97566500.0
466 May 21, 2017 20.22 21.36 20.11 20.33 1269580.0 99768100.0
467 May 22, 2017 20.39 21.44 18.24 20.04 2165250.0 100785000.0
468 May 23, 2017 19.89 22.85 19.89 22.31 1827550.0 98437000.0
469 May 24, 2017 22.57 27.92 22.57 24.37 3857870.0 111877000.0
470 May 25, 2017 24.04 27.18 21.34 21.92 1814930.0 119296000.0
471 May 26, 2017 21.89 26.08 19.44 21.39 1221450.0 108815000.0
472 May 27, 2017 21.46 21.83 16.6 18.9 1063380.0 106838000.0
473 May 28, 2017 19.01 21.95 18.9 20.04 963530.0 94770500.0
474 May 29, 2017 20.0 21.31 19.38 20.82 781367.0 99860900.0
475 May 30, 2017 20.85 22.94 19.97 20.29 1323570.0 104238000.0
476 May 31, 2017 20.37 22.45 19.98 21.8 995100.0 101976000.0
477 Jun 01, 2017 21.97 26.38 21.7 24.95 2886770.0 110146000.0
478 Jun 02, 2017 24.99 31.29 24.78 30.7 3739400.0 125482000.0
479 Jun 03, 2017 30.68 37.89 29.43 35.2 6865010.0 154295000.0
480 Jun 04, 2017 35.25 35.29 28.86 32.1 3468980.0 177458000.0
481 Jun 05, 2017 32.14 35.39 30.21 35.04 2868100.0 162002000.0
482 Jun 06, 2017 35.03 36.28 30.97 34.58 2657680.0 176868000.0
483 Jun 07, 2017 34.61 38.93 32.21 32.62 3270310.0 174967000.0
484 Jun 08, 2017 32.77 35.73 31.85 34.66 2388670.0 165901000.0
485 Jun 09, 2017 34.6 42.11 34.14 42.11 4390150.0 175431000.0
486 Jun 10, 2017 42.43 45.04 37.41 41.08 5631520.0 215444000.0
487 Jun 11, 2017 41.05 43.98 36.87 41.05 5497050.0 208689000.0
488 Jun 12, 2017 40.86 43.04 32.06 33.72 3761090.0 208041000.0
489 Jun 13, 2017 33.42 37.54 33.03 36.87 2086310.0 170407000.0
490 Jun 14, 2017 36.73 37.56 30.21 31.22 1413710.0 187546000.0
491 Jun 15, 2017 31.06 31.7 25.56 30.17 1402140.0 158782000.0
492 >Jun 16, 201 30.15 32.94 28.52 32.56 1267190.0 154382000.0
493 Jun 17, 2017 32.51 32.51 30.88 31.82 1336480.0 166673000.0
494 Jun 18, 2017 32.03 45.71 31.78 41.94 11185200.0 164444000.0
495 Jun 19, 2017 42.08 42.08 38.75 40.05 5853420.0 216323000.0
496 Jun 20, 2017 40.17 40.6 34.38 35.71 3106890.0 206818000.0
497 Jun 21, 2017 35.68 38.73 34.6 37.03 2080240.0 183928000.0
498 Jun 22, 2017 36.87 44.8 36.74 43.11 5629680.0 190323000.0
499 Jun 23, 2017 42.82 47.34 42.43 45.54 3936480.0 221303000.0
500 Jun 24, 2017 46.17 48.53 41.35 43.28 2074380.0 238976000.0
501 Jun 25, 2017 43.13 43.44 35.89 38.81 2068440.0 223596000.0
502 Jun 26, 2017 38.65 40.85 29.57 35.26 3233030.0 200625000.0
503 Jun 27, 2017 35.26 36.25 29.13 36.25 2134180.0 183242000.0
504 Jun 28, 2017 36.61 37.37 34.22 36.08 1453690.0 190554000.0
505 Jun 29, 2017 36.02 37.1 33.05 34.19 1066580.0 187711000.0
506 Jun 30, 2017 34.26 34.51 31.68 32.25 1922690.0 178839000.0
507 Jul 01, 2017 32.35 34.87 27.63 29.21 2355220.0 169093000.0
508 Jul 02, 2017 29.33 30.69 27.47 29.79 1261070.0 153510000.0
509 Jul 03, 2017 29.72 32.63 28.73 31.85 1183960.0 155746000.0
510 Jul 04, 2017 31.8 36.89 31.8 36.25 1909980.0 166912000.0
511 Jul 05, 2017 36.32 39.35 33.99 37.33 3216940.0 190855000.0
512 Jul 06, 2017 37.27 37.27 34.89 35.16 905811.0 196079000.0
513 Jul 07, 2017 35.18 36.99 29.61 29.88 1441280.0 185385000.0
514 Jul 08, 2017 29.81 37.62 29.48 36.87 2927310.0 157260000.0
515 Jul 09, 2017 36.57 36.96 32.73 33.11 2005270.0 193186000.0
516 Jul 10, 2017 33.22 33.95 24.0 24.58 2196480.0 175724000.0
517 Jul 11, 2017 24.57 31.31 24.57 25.44 2338340.0 130152000.0
518 Jul 12, 2017 25.43 28.48 23.01 28.19 1542700.0 134895000.0
519 Jul 13, 2017 28.25 28.7 25.12 25.67 806704.0 150033000.0
520 Jul 14, 2017 25.6 25.66 21.18 22.55 1280400.0 136178000.0
521 Jul 15, 2017 22.36 22.83 19.03 20.21 788266.0 119067000.0
522 Jul 16, 2017 19.92 21.05 17.51 19.13 884628.0 106193000.0
523 Jul 17, 2017 18.8 24.66 18.8 24.41 1098540.0 100370000.0
524 Jul 18, 2017 24.61 26.29 22.76 24.71 1384330.0 131571000.0
525 Jul 19, 2017 24.9 25.91 22.95 23.3 813883.0 133317000.0
526 Jul 20, 2017 23.05 27.91 23.05 26.85 1274350.0 123563000.0
527 Jul 21, 2017 26.78 28.92 25.86 26.86 720384.0 143707000.0
528 Jul 22, 2017 26.77 30.28 26.6 30.02 1070060.0 143869000.0
529 Jul 23, 2017 30.1 30.69 25.73 28.47 828897.0 161983000.0
530 Jul 24, 2017 28.13 29.23 27.1 28.41 853258.0 151585000.0
531 Jul 25, 2017 28.26 29.63 23.58 25.9 1679880.0 152478000.0
532 Jul 26, 2017 25.76 26.56 23.45 25.82 519526.0 139150000.0
533 Jul 27, 2017 25.89 25.96 24.48 25.17 444541.0 140044000.0
534 Jul 28, 2017 25.24 25.89 21.71 23.19 1466680.0 136730000.0
535 Jul 29, 2017 23.17 30.64 22.58 30.01 2558920.0 125663000.0
536 Jul 30, 2017 30.33 31.48 26.26 26.29 1908450.0 164663000.0
537 Jul 31, 2017 26.29 29.83 25.25 28.73 1306050.0 142923000.0
538 Aug 01, 2017 28.98 31.44 26.66 29.34 1189560.0 157743000.0
539 Aug 02, 2017 29.26 31.12 28.7 29.29 692111.0 159476000.0
540 Aug 03, 2017 29.17 29.56 28.15 28.58 626260.0 159211000.0
541 Aug 04, 2017 28.69 29.68 28.32 28.32 545456.0 156776000.0
542 Aug 05, 2017 28.3 31.49 28.28 30.49 959859.0 154871000.0
543 Aug 06, 2017 30.37 31.35 30.09 30.57 659951.0 166393000.0
544 Aug 07, 2017 30.51 31.23 28.71 30.51 958877.0 167328000.0
545 Aug 08, 2017 30.66 32.42 29.3 31.67 978874.0 168415000.0
546 Aug 09, 2017 31.72 32.33 28.25 29.47 1420520.0 174444000.0
547 Aug 10, 2017 29.46 30.5 28.19 28.19 862145.0 162243000.0
548 Aug 11, 2017 28.19 29.0 26.17 26.73 1910380.0 155440000.0
549 Aug 12, 2017 26.74 29.14 25.05 26.59 1688200.0 147601000.0
550 Aug 13, 2017 26.36 27.72 22.94 25.59 1232020.0 145710000.0
551 Aug 14, 2017 25.37 26.56 21.47 23.32 1706170.0 140380000.0
552 Aug 15, 2017 23.32 31.01 22.66 30.01 1976850.0 129238000.0
553 Aug 16, 2017 30.05 30.2 24.5 26.26 1203980.0 166699000.0
554 Aug 17, 2017 26.2 27.56 23.81 24.47 975883.0 145531000.0
555 Aug 18, 2017 24.38 26.71 23.3 23.87 794764.0 135614000.0
556 Aug 19, 2017 23.74 27.91 22.27 27.91 1297340.0 132181000.0
557 Aug 20, 2017 27.14 27.29 24.76 26.28 976831.0 151313000.0
558 Aug 21, 2017 26.26 28.05 25.12 27.4 934142.0 146632000.0
559 Aug 22, 2017 27.4 27.73 24.4 25.95 1131900.0 153117000.0
560 Aug 23, 2017 25.96 27.99 25.06 26.31 876055.0 145282000.0
561 Aug 24, 2017 26.41 31.87 26.31 31.16 2852650.0 147963000.0
562 Aug 25, 2017 31.09 34.54 29.91 34.53 1982100.0 174411000.0
563 Aug 26, 2017 34.64 42.07 33.12 38.52 4209060.0 194536000.0
564 Aug 27, 2017 38.38 43.28 35.96 41.21 3136050.0 215803000.0
565 Aug 28, 2017 40.69 42.18 37.66 39.82 2252980.0 229128000.0
566 Aug 29, 2017 39.59 39.93 35.22 35.39 2636660.0 223165000.0
567 Aug 30, 2017 35.37 39.67 35.01 38.4 1773310.0 199655000.0
568 Aug 31, 2017 38.32 38.93 36.14 38.08 1380050.0 216516000.0
569 Sep 01, 2017 38.09 41.73 36.86 41.34 1876320.0 215536000.0
570 Sep 02, 2017 41.05 42.35 34.64 36.32 1128560.0 232566000.0
571 Sep 03, 2017 36.28 39.3 34.83 36.63 646132.0 205793000.0
572 Sep 04, 2017 36.44 36.86 29.59 32.27 1541850.0 206928000.0
573 Sep 05, 2017 32.23 34.56 28.92 34.08 1176300.0 183293000.0
574 Sep 06, 2017 33.79 35.44 32.55 34.73 918098.0 192361000.0
575 Sep 07, 2017 34.5 34.9 32.86 33.93 726765.0 196639000.0
576 Sep 08, 2017 33.9 36.59 29.84 31.53 1296220.0 193444000.0
577 Sep 09, 2017 31.53 31.89 29.39 30.4 788176.0 180165000.0
578 Sep 10, 2017 30.72 31.26 27.28 28.69 906475.0 175700000.0
579 Sep 11, 2017 28.66 30.02 27.28 29.0 998634.0 164109000.0
580 Sep 12, 2017 28.92 30.61 26.5 27.72 847669.0 165834000.0
581 Sep 13, 2017 27.5 29.22 24.52 26.73 1649640.0 157889000.0
582 Sep 14, 2017 26.22 27.26 22.12 23.82 1921540.0 150699000.0
583 Sep 15, 2017 24.1 31.18 21.85 29.69 2353720.0 138667000.0
584 Sep 16, 2017 29.58 33.39 28.77 30.89 1029260.0 170410000.0
585 Sep 17, 2017 30.88 31.38 28.62 29.78 706172.0 178125000.0
586 Sep 18, 2017 29.48 32.47 29.48 30.94 1157730.0 170259000.0
587 Sep 19, 2017 31.01 33.95 29.33 32.39 1782770.0 179257000.0
588 Sep 20, 2017 32.41 40.07 32.15 36.06 5887380.0 187570000.0
589 Sep 21, 2017 35.99 38.33 31.59 31.97 3104750.0 208604000.0
590 Sep 22, 2017 31.93 35.6 31.12 31.12 1478070.0 185250000.0
591 Sep 23, 2017 30.78 38.14 30.78 37.53 1658140.0 178795000.0
592 Sep 24, 2017 37.22 37.68 33.35 33.72 1230700.0 216445000.0
593 Sep 25, 2017 33.75 35.72 33.21 34.96 1251560.0 196539000.0
594 Sep 26, 2017 34.96 35.27 33.46 33.46 955503.0 203777000.0
595 Sep 27, 2017 33.74 37.37 33.36 36.1 1591530.0 196921000.0
596 Sep 28, 2017 36.2 36.37 33.53 34.66 1082720.0 211480000.0
597 Sep 29, 2017 34.64 34.88 32.87 34.13 636638.0 202656000.0
598 Sep 30, 2017 34.19 35.47 33.35 34.58 577705.0 200263000.0
599 Oct 01, 2017 34.48 34.68 32.44 33.09 769357.0 202154000.0
600 Oct 02, 2017 33.1 36.4 32.2 34.2 1346750.0 194309000.0
601 Oct 03, 2017 34.11 34.11 30.36 31.66 756207.0 200443000.0
602 Oct 04, 2017 31.58 33.52 30.32 30.78 583156.0 185787000.0
603 Oct 05, 2017 30.84 32.26 29.49 30.33 535107.0 181640000.0
604 Oct 06, 2017 30.33 30.72 29.37 30.5 579396.0 178854000.0
605 Oct 07, 2017 30.67 31.41 29.09 29.88 450194.0 181077000.0
606 Oct 08, 2017 29.8 30.09 26.8 27.22 890223.0 176166000.0
607 Oct 09, 2017 27.4 28.98 24.69 26.59 1145220.0 162116000.0
608 Oct 10, 2017 26.46 29.49 25.15 27.83 855310.0 156740000.0
609 Oct 11, 2017 27.82 28.89 27.03 27.84 530678.0 164998000.0
610 Oct 12, 2017 27.7 28.91 26.99 28.86 814095.0 164484000.0
611 Oct 13, 2017 28.73 29.09 25.98 27.58 820954.0 170806000.0
612 Oct 14, 2017 27.59 29.45 27.26 28.14 530962.0 164193000.0
613 Oct 15, 2017 28.26 29.19 26.1 27.74 430738.0 168369000.0
614 Oct 16, 2017 27.72 28.23 26.29 27.22 509012.0 165330000.0
615 Oct 17, 2017 27.22 29.57 26.3 28.84 582969.0 162532000.0
616 Oct 18, 2017 28.74 28.81 25.52 27.4 515494.0 171811000.0
617 Oct 19, 2017 27.41 27.61 26.54 26.96 296157.0 164046000.0
618 Oct 20, 2017 27.36 29.1 24.73 24.81 717252.0 163937000.0
619 Oct 21, 2017 24.66 26.94 23.04 24.78 813369.0 147917000.0
620 Oct 22, 2017 24.84 26.27 23.59 26.1 399806.0 149159000.0
621 Oct 23, 2017 26.26 26.32 23.17 23.48 599996.0 157850000.0
622 Oct 24, 2017 23.48 28.53 22.84 27.59 1110740.0 141305000.0
623 Oct 25, 2017 27.5 36.85 26.79 34.99 2207130.0 165660000.0
624 Oct 26, 2017 34.67 35.19 28.96 30.21 1918150.0 209077000.0
625 Oct 27, 2017 30.17 32.17 29.03 29.72 731325.0 182148000.0
626 Oct 28, 2017 29.69 32.15 29.4 30.96 874341.0 179462000.0
627 Oct 29, 2017 30.59 33.72 29.31 29.35 1562360.0 185115000.0
628 Oct 30, 2017 29.23 30.46 28.13 30.24 725660.0 177022000.0
629 Oct 31, 2017 30.15 30.22 27.06 28.39 827355.0 182804000.0
630 Nov 01, 2017 28.53 28.53 26.35 26.88 674856.0 173173000.0
631 Nov 02, 2017 26.96 27.21 24.03 24.8 1047120.0 163871000.0
632 Nov 03, 2017 24.77 28.22 24.39 27.6 868381.0 150680000.0
633 Nov 04, 2017 27.65 31.11 27.28 28.92 1261680.0 168366000.0
634 Nov 05, 2017 29.16 30.56 27.33 29.03 663890.0 177812000.0
635 Nov 06, 2017 28.7 30.13 27.42 28.79 765875.0 175152000.0
636 Nov 07, 2017 28.77 29.8 27.71 29.33 719772.0 175780000.0
637 Nov 08, 2017 29.25 32.46 28.21 31.57 1376420.0 178933000.0
638 Nov 09, 2017 31.54 33.67 29.76 33.06 1319970.0 193102000.0
639 Nov 10, 2017 33.21 34.48 29.52 30.27 1915030.0 203552000.0
640 Nov 11, 2017 30.16 31.38 28.48 30.71 1123000.0 185105000.0
641 Nov 12, 2017 30.48 31.43 26.58 29.42 1481680.0 187209000.0
642 Nov 13, 2017 29.52 33.66 29.25 31.78 1190620.0 181499000.0
643 Nov 14, 2017 31.89 34.31 31.51 34.31 598313.0 196289000.0
644 Nov 15, 2017 34.23 35.73 33.04 34.35 1392810.0 210956000.0
645 Nov 16, 2017 34.36 34.57 32.33 32.63 930075.0 211980000.0
646 Nov 17, 2017 32.55 34.85 31.97 32.03 774417.0 201045000.0
647 Nov 18, 2017 32.05 35.58 31.45 34.82 889428.0 198149000.0
648 Nov 19, 2017 35.54 36.2 33.59 35.06 1314670.0 219909000.0
649 Nov 20, 2017 35.04 35.29 33.36 34.04 1003650.0 217053000.0
650 Nov 21, 2017 33.67 35.05 32.06 34.14 1105250.0 208798000.0
651 Nov 22, 2017 34.1 40.73 33.48 40.41 2837990.0 211720000.0
652 Nov 23, 2017 40.38 45.36 38.67 42.96 5145980.0 250978000.0
653 Nov 24, 2017 43.33 50.24 40.05 48.18 7656400.0 269568000.0
654 Nov 25, 2017 47.71 50.94 44.8 49.95 5058140.0 297129000.0
655 Nov 26, 2017 49.69 63.5 46.79 61.72 16942800.0 309762000.0
656 Nov 27, 2017 61.49 68.51 53.73 60.03 11913600.0 383774000.0
657 Nov 28, 2017 58.74 58.92 51.32 55.99 7372390.0 366970000.0
658 Nov 29, 2017 55.84 69.93 45.86 48.93 10574400.0 349196000.0
659 Nov 30, 2017 49.68 67.36 45.1 56.63 9936510.0 311003000.0
660 Dec 01, 2017 56.84 58.4 50.88 58.4 3625560.0 356206000.0
661 Dec 02, 2017 58.17 58.89 54.21 55.41 3053320.0 364935000.0
662 Dec 03, 2017 55.78 58.9 50.42 53.74 3757050.0 350282000.0
663 Dec 04, 2017 54.13 58.3 51.99 58.27 2959120.0 340275000.0
664 Dec 05, 2017 58.81 60.54 54.77 56.06 3611860.0 370074000.0
665 Dec 06, 2017 56.06 57.28 48.07 50.4 5100420.0 353151000.0
666 Dec 07, 2017 50.2 52.37 43.71 50.28 5119330.0 316535000.0
667 Dec 08, 2017 50.12 57.47 46.47 56.87 5471720.0 316353000.0
668 Dec 09, 2017 56.39 58.14 50.98 53.53 2095120.0 356309000.0
669 Dec 10, 2017 53.74 62.62 47.07 56.19 4826340.0 339925000.0
670 Dec 11, 2017 56.16 64.5 55.72 57.79 2280320.0 355557000.0
671 Dec 12, 2017 58.25 72.7 56.45 71.61 4423800.0 369218000.0
672 Dec 13, 2017 72.8 82.57 66.48 72.98 7515370.0 461910000.0
673 Dec 14, 2017 73.4 74.26 67.61 73.72 3369950.0 466232000.0
674 Dec 15, 2017 73.95 74.44 64.04 71.9 3811390.0 470097000.0
675 Dec 16, 2017 70.97 90.81 70.97 83.96 6277910.0 451653000.0
676 Dec 17, 2017 83.33 94.13 83.06 85.45 6839700.0 530861000.0
677 Dec 18, 2017 85.71 93.35 79.21 92.64 6894280.0 546632000.0
678 Dec 19, 2017 93.26 96.13 82.32 91.44 8885100.0 595268000.0
679 Dec 20, 2017 92.2 97.64 79.6 95.51 6906580.0 589168000.0
680 Dec 21, 2017 95.95 109.6 90.84 93.81 7503270.0 613739000.0
681 Dec 22, 2017 93.75 95.05 58.12 76.62 5163150.0 600220000.0
682 Dec 23, 2017 77.33 90.22 75.12 85.39 3755830.0 495610000.0
683 Dec 24, 2017 87.56 89.71 74.58 89.71 4731560.0 561755000.0
684 Dec 25, 2017 90.74 95.07 84.81 91.38 3238670.0 582760000.0
685 Dec 26, 2017 91.69 98.29 88.23 94.74 5635200.0 589418000.0
686 Dec 27, 2017 94.45 105.5 92.1 95.87 4378580.0 607800000.0
687 Dec 28, 2017 95.89 96.49 82.88 89.19 3197220.0 617624000.0
688 Dec 29, 2017 96.52 100.9 87.92 99.72 4725950.0 622322000.0
689 Dec 30, 2017 98.94 99.58 79.63 84.94 4067150.0 638593000.0
690 Dec 31, 2017 84.05 99.91 82.92 95.95 3204200.0 543063000.0
691 Jan 01, 2018 96.3 109.5 93.56 109.0 3794590.0 622804000.0
692 Jan 02, 2018 108.3 114.4 104.4 108.3 6666070.0 701308000.0
693 Jan 03, 2018 107.5 110.8 99.51 107.1 6508350.0 696885000.0
694 Jan 04, 2018 107.1 112.3 98.39 110.7 5116920.0 695098000.0
695 Jan 05, 2018 114.5 118.0 107.3 109.9 6006190.0 743643000.0
696 Jan 06, 2018 112.0 118.8 108.3 114.5 3359940.0 728572000.0
697 Jan 07, 2018 113.7 120.6 107.4 114.3 5956510.0 740164000.0
698 Jan 08, 2018 111.7 112.4 98.12 111.9 5565010.0 727897000.0
699 Jan 09, 2018 111.9 126.8 110.5 116.7 6454540.0 729859000.0
700 Jan 10, 2018 116.7 117.6 103.0 113.6 3557950.0 761937000.0
701 Jan 11, 2018 113.8 114.4 92.08 102.2 4731780.0 743886000.0
702 Jan 12, 2018 102.8 116.8 98.34 116.1 3361030.0 672739000.0
703 Jan 13, 2018 116.9 126.1 116.9 122.7 4179010.0 765207000.0
704 Jan 14, 2018 122.4 123.9 106.5 111.9 3883150.0 801910000.0
705 Jan 15, 2018 110.3 113.5 104.6 104.6 3211450.0 723840000.0
706 Jan 16, 2018 104.9 105.9 73.48 83.13 5137380.0 688934000.0
707 Jan 17, 2018 83.12 87.52 65.98 86.12 2774880.0 546118000.0
708 Jan 18, 2018 85.58 95.21 80.56 83.76 3014690.0 562874000.0
709 Jan 19, 2018 82.62 112.0 81.36 103.8 10034400.0 543970000.0
710 Jan 20, 2018 104.9 119.8 104.9 118.8 2699830.0 691758000.0
711 Jan 21, 2018 118.5 118.5 97.09 101.1 1261630.0 782277000.0
712 Jan 22, 2018 102.1 107.4 85.08 90.53 1532190.0 674194000.0
713 Jan 23, 2018 90.57 96.22 81.52 92.36 1098310.0 598622000.0
714 Jan 24, 2018 91.79 98.27 89.24 94.56 946761.0 607251000.0
715 Jan 25, 2018 96.7 98.92 90.13 91.04 1075030.0 640414000.0
716 Jan 26, 2018 91.24 97.29 83.06 90.33 2048920.0 604873000.0
717 Jan 27, 2018 90.83 94.92 87.86 92.12 1407310.0 602601000.0
718 Jan 28, 2018 92.43 96.19 90.87 93.24 1520330.0 613974000.0
719 Jan 29, 2018 93.14 98.73 88.1 98.73 4818180.0 619241000.0
720 Jan 30, 2018 98.16 102.8 88.59 89.27 7570670.0 653214000.0
721 Jan 31, 2018 89.9 100.3 88.21 97.82 4526180.0 598813000.0
722 Feb 01, 2018 97.82 99.05 78.81 83.38 2265020.0 652279000.0
723 Feb 02, 2018 83.57 85.79 66.95 80.28 3148590.0 557808000.0
724 Feb 03, 2018 79.95 90.42 74.06 88.9 1370310.0 534168000.0
725 Feb 04, 2018 88.8 90.36 70.7 73.88 1309740.0 593827000.0
726 Feb 05, 2018 73.08 74.84 56.75 58.98 1315890.0 489213000.0
727 Feb 06, 2018 59.03 74.39 47.55 72.73 2456810.0 395518000.0
728 Feb 07, 2018 71.97 78.73 64.23 68.51 1017250.0 482685000.0
729 Feb 08, 2018 68.01 79.14 68.01 72.51 998346.0 456585000.0
730 Feb 09, 2018 73.55 82.01 70.52 81.48 1841070.0 494228000.0
731 Feb 10, 2018 80.51 83.57 71.62 76.97 1344870.0 541484000.0
732 Feb 11, 2018 76.88 76.88 68.89 69.02 633865.0 517635000.0
733 Feb 12, 2018 69.16 79.53 69.16 77.35 927667.0 466070000.0
734 Feb 13, 2018 77.65 77.95 71.73 73.24 930951.0 523692000.0
735 Feb 14, 2018 73.03 81.28 72.48 81.28 888925.0 493098000.0
736 Feb 15, 2018 81.32 90.23 80.66 87.52 1264440.0 549575000.0
737 Feb 16, 2018 87.12 90.69 83.61 90.41 992508.0 589279000.0
738 Feb 17, 2018 90.0 98.05 88.95 96.25 1790480.0 609368000.0
739 Feb 18, 2018 96.9 97.23 84.93 84.93 1290070.0 656682000.0
740 Feb 19, 2018 84.56 93.31 84.45 88.2 1142280.0 573613000.0
741 Feb 20, 2018 88.28 90.76 77.51 80.92 1869820.0 599421000.0
742 Feb 21, 2018 80.49 82.99 74.28 75.54 1335400.0 546976000.0
743 Feb 22, 2018 74.76 78.86 70.77 72.35 809800.0 508513000.0
744 Feb 23, 2018 72.33 78.74 70.03 76.1 723820.0 492533000.0
745 Feb 24, 2018 76.0 78.28 69.32 71.84 744244.0 517955000.0
746 Feb 25, 2018 71.73 82.9 69.46 72.04 2970440.0 489310000.0
747 Feb 26, 2018 72.07 76.68 70.21 75.54 904745.0 492089000.0
748 Feb 27, 2018 75.43 79.22 74.63 77.9 699347.0 515474000.0
749 Feb 28, 2018 77.81 81.17 72.86 74.41 2436670.0 532293000.0
750 Mar 01, 2018 74.57 80.78 73.81 79.54 1298860.0 510536000.0
751 Mar 02, 2018 78.89 83.75 77.6 80.65 1502120.0 540622000.0
752 Mar 03, 2018 80.61 83.02 79.6 80.67 1137500.0 552892000.0
753 Mar 04, 2018 80.25 82.2 77.88 80.63 1230430.0 550953000.0
754 Mar 05, 2018 80.78 83.63 79.24 82.38 1433830.0 555098000.0
755 Mar 06, 2018 81.8 81.8 71.18 72.89 907286.0 562566000.0
756 Mar 07, 2018 72.81 76.07 59.95 66.77 1668380.0 501230000.0
757 Mar 08, 2018 66.44 68.22 58.47 58.66 976633.0 457780000.0
758 Mar 09, 2018 58.39 61.64 52.21 61.12 1061970.0 402729000.0
759 Mar 10, 2018 61.41 65.31 60.37 60.9 616342.0 423898000.0
760 Mar 11, 2018 60.69 65.36 58.33 63.61 770623.0 419326000.0
761 Mar 12, 2018 63.48 66.13 56.74 59.77 554842.0 439016000.0
762 Mar 13, 2018 59.98 62.23 57.88 59.58 503090.0 415265000.0
763 Mar 14, 2018 59.58 61.57 51.09 52.17 529811.0 412908000.0
764 Mar 15, 2018 52.3 56.11 46.35 54.82 1949070.0 362766000.0
765 Mar 16, 2018 55.9 56.19 53.76 54.25 613356.0 388092000.0
766 Mar 17, 2018 54.35 54.82 48.16 48.48 434109.0 377647000.0
767 Mar 18, 2018 48.41 51.81 44.22 50.7 705667.0 336692000.0
768 Mar 19, 2018 50.19 53.64 49.24 52.37 514038.0 349350000.0
769 Mar 20, 2018 52.95 54.5 50.21 52.56 465414.0 368911000.0
770 Mar 21, 2018 52.63 54.63 51.29 51.8 453314.0 367042000.0
771 Mar 22, 2018 51.9 54.08 49.37 50.67 418405.0 362260000.0
772 Mar 23, 2018 50.63 52.76 48.85 52.76 579637.0 353739000.0
773 >Mar 24, 201 53.72 55.46 51.18 51.6 483691.0 375576000.0
774 Mar 25, 2018 50.89 53.73 50.34 50.55 437620.0 356164000.0
775 Mar 26, 2018 50.55 51.22 46.33 48.23 607113.0 354055000.0
776 Mar 27, 2018 48.13 48.79 45.72 45.94 303660.0 337412000.0
