0 Mar 22, 2017 0.03 0.04 0.03 0.03 133793.0 0.0
1 Mar 23, 2017 0.03 0.08 0.03 0.06 825848.0 3230870.0
2 Mar 24, 2017 0.06 0.07 0.05 0.07 316039.0 5469380.0
3 Mar 25, 2017 0.07 0.09 0.06 0.09 864838.0 6219660.0
4 Mar 26, 2017 0.09 0.09 0.06 0.07 576079.0 8487710.0
5 Mar 27, 2017 0.07 0.08 0.06 0.06 301428.0 7023410.0
6 Mar 28, 2017 0.06 0.07 0.06 0.07 181843.0 5779690.0
7 Mar 29, 2017 0.07 0.07 0.06 0.07 168230.0 6657590.0
8 Mar 30, 2017 0.07 0.07 0.06 0.06 177795.0 6420600.0
9 Mar 31, 2017 0.06 0.07 0.06 0.07 101836.0 5602260.0
10 Apr 01, 2017 0.07 0.07 0.06 0.06 89888.2 6142850.0
11 Apr 02, 2017 0.06 0.06 0.05 0.06 108428.0 5829780.0
12 Apr 03, 2017 0.06 0.06 0.05 0.06 71778.1 5203690.0
13 Apr 04, 2017 0.06 0.06 0.05 0.05 55893.2 5420480.0
14 Apr 05, 2017 0.05 0.06 0.05 0.06 54115.9 4965150.0
15 Apr 06, 2017 0.06 0.08 0.06 0.07 251569.0 5618600.0
16 Apr 07, 2017 0.07 0.07 0.07 0.07 57981.2 6750130.0
17 Apr 08, 2017 0.07 0.07 0.07 0.07 43573.4 6447810.0
18 Apr 09, 2017 0.07 0.08 0.07 0.08 88376.6 6952270.0
19 Apr 10, 2017 0.08 0.08 0.07 0.08 84426.4 7160940.0
20 Apr 11, 2017 0.08 0.09 0.07 0.09 114827.0 7163270.0
21 Apr 12, 2017 0.09 0.1 0.08 0.1 173944.0 8038420.0
22 Apr 13, 2017 0.1 0.13 0.1 0.13 421108.0 9193380.0
23 Apr 14, 2017 0.13 0.18 0.13 0.14 868914.0 12072800.0
24 Apr 15, 2017 0.14 0.27 0.13 0.24 1361360.0 13124700.0
25 Apr 16, 2017 0.25 0.38 0.23 0.28 3172750.0 23076300.0
26 Apr 17, 2017 0.27 0.29 0.21 0.25 2678840.0 25520300.0
27 Apr 18, 2017 0.25 0.26 0.21 0.21 586113.0 23483800.0
28 Apr 19, 2017 0.22 0.26 0.22 0.26 574558.0 20454300.0
29 Apr 20, 2017 0.26 0.26 0.22 0.23 398075.0 24144400.0
30 Apr 21, 2017 0.24 0.25 0.23 0.24 192799.0 22782000.0
31 Apr 22, 2017 0.24 0.24 0.2 0.2 362429.0 22691700.0
32 Apr 23, 2017 0.2 0.21 0.19 0.19 168056.0 18703500.0
33 Apr 24, 2017 0.18 0.2 0.15 0.2 452674.0 17246100.0
34 Apr 25, 2017 0.2 0.21 0.17 0.18 294670.0 18735800.0
35 Apr 26, 2017 0.18 0.19 0.17 0.17 334756.0 16874800.0
36 Apr 27, 2017 0.17 0.18 0.15 0.17 291969.0 15630800.0
37 Apr 28, 2017 0.17 0.21 0.17 0.2 351287.0 16065500.0
38 Apr 29, 2017 0.2 0.21 0.18 0.2 326622.0 18930600.0
39 Apr 30, 2017 0.2 0.2 0.18 0.19 245268.0 18865800.0
40 May 01, 2017 0.19 0.2 0.17 0.19 207712.0 17644000.0
41 May 02, 2017 0.19 0.23 0.18 0.22 209417.0 18215900.0
42 May 03, 2017 0.22 0.24 0.21 0.23 175582.0 20629900.0
43 May 04, 2017 0.23 0.23 0.2 0.23 254841.0 21740400.0
44 May 05, 2017 0.23 1.46 0.22 0.25 541310.0 21612500.0
45 May 06, 2017 0.26 0.27 0.24 0.26 245266.0 24339600.0
46 May 07, 2017 0.25 0.26 0.23 0.24 261827.0 24032800.0
47 May 08, 2017 0.23 0.26 0.22 0.26 257530.0 22171500.0
48 May 09, 2017 0.24 0.27 0.22 0.23 208813.0 23064600.0
49 May 10, 2017 0.23 0.23 0.21 0.22 174829.0 21375500.0
50 May 11, 2017 0.22 0.25 0.21 0.22 136370.0 21210600.0
51 May 12, 2017 0.22 0.23 0.19 0.2 217923.0 21190600.0
52 May 13, 2017 0.2 0.24 0.19 0.23 152665.0 19289300.0
53 May 14, 2017 0.23 0.25 0.22 0.22 98639.5 21482700.0
54 May 15, 2017 0.23 0.24 0.2 0.21 102750.0 21363600.0
55 May 16, 2017 0.21 0.22 0.17 0.18 203477.0 19815400.0
56 May 17, 2017 0.18 0.22 0.16 0.2 312106.0 17562400.0
57 May 18, 2017 0.2 0.22 0.19 0.2 181591.0 19328700.0
58 May 19, 2017 0.2 0.23 0.19 0.23 230202.0 19276700.0
59 May 20, 2017 0.23 0.23 0.18 0.21 309731.0 21568300.0
60 May 21, 2017 0.21 0.23 0.19 0.23 394715.0 19737400.0
61 May 22, 2017 0.23 0.24 0.2 0.23 244907.0 21406500.0
62 May 23, 2017 0.23 0.27 0.23 0.26 247689.0 22040400.0
63 May 24, 2017 0.26 0.35 0.26 0.32 501980.0 24734800.0
64 May 25, 2017 0.32 0.34 0.23 0.25 337841.0 30443000.0
65 May 26, 2017 0.24 0.29 0.23 0.28 156192.0 23250200.0
66 May 27, 2017 0.28 0.28 0.19 0.21 146234.0 26328400.0
67 May 28, 2017 0.21 0.26 0.21 0.23 192770.0 20134300.0
68 May 29, 2017 0.23 0.26 0.22 0.23 215288.0 22418700.0
69 May 30, 2017 0.23 0.25 0.22 0.23 133268.0 22219800.0
70 May 31, 2017 0.23 0.27 0.22 0.26 316892.0 21777100.0
71 Jun 01, 2017 0.26 0.32 0.26 0.3 375718.0 24759400.0
72 Jun 02, 2017 0.3 0.39 0.3 0.39 666940.0 28676200.0
73 Jun 03, 2017 0.39 0.49 0.38 0.42 1354590.0 37480100.0
74 Jun 04, 2017 0.43 0.53 0.4 0.5 821792.0 41377500.0
75 Jun 05, 2017 0.5 0.74 0.47 0.69 1403630.0 47988900.0
76 Jun 06, 2017 0.7 0.86 0.53 0.8 2902360.0 66900600.0
77 Jun 07, 2017 0.8 1.24 0.77 0.98 5115610.0 76726600.0
78 Jun 08, 2017 0.96 1.2 0.93 0.98 2639960.0 91286100.0
79 Jun 09, 2017 0.96 1.09 0.9 1.06 1746520.0 91494200.0
80 Jun 10, 2017 1.06 1.1 0.9 0.9 1334880.0 100934000.0
81 Jun 11, 2017 0.9 1.03 0.8 0.9 930274.0 85851500.0
82 Jun 12, 2017 0.9 0.92 0.69 0.73 1064460.0 86214300.0
83 Jun 13, 2017 0.73 0.97 0.71 0.91 1071710.0 69841000.0
84 Jun 14, 2017 0.9 0.95 0.68 0.74 904505.0 86288000.0
85 Jun 15, 2017 0.74 0.77 0.6 0.69 1010360.0 70900300.0
86 Jun 16, 2017 0.71 0.84 0.67 0.79 640541.0 68186300.0
87 Jun 17, 2017 0.78 0.83 0.75 0.78 617325.0 74675000.0
88 Jun 18, 2017 0.77 0.78 0.71 0.73 339220.0 74076500.0
89 Jun 19, 2017 0.72 0.76 0.7 0.72 624466.0 69221800.0
90 Jun 20, 2017 0.73 0.73 0.67 0.69 483794.0 69617000.0
91 Jun 21, 2017 0.69 0.72 0.6 0.66 554921.0 65777500.0
92 Jun 22, 2017 0.64 0.72 0.59 0.7 489304.0 61203800.0
93 Jun 23, 2017 0.7 0.93 0.7 0.79 1611880.0 67448500.0
94 Jun 24, 2017 0.8 0.81 0.68 0.7 721702.0 76480000.0
95 Jun 25, 2017 0.7 0.73 0.65 0.68 297387.0 67345100.0
96 Jun 26, 2017 0.68 0.7 0.53 0.59 579463.0 64719000.0
97 Jun 27, 2017 0.61 0.63 0.51 0.62 314722.0 58607000.0
98 Jun 28, 2017 0.63 0.64 0.56 0.64 537452.0 60208300.0
99 Jun 29, 2017 0.64 0.66 0.57 0.6 422360.0 61080400.0
100 Jun 30, 2017 0.6 0.61 0.5 0.54 490715.0 57894100.0
101 Jul 01, 2017 0.54 0.61 0.51 0.52 245246.0 51598000.0
102 Jul 02, 2017 0.52 0.54 0.49 0.53 255691.0 49887300.0
103 Jul 03, 2017 0.53 0.54 0.5 0.51 192313.0 50882600.0
104 Jul 04, 2017 0.51 0.61 0.51 0.59 309673.0 49236000.0
105 Jul 05, 2017 0.59 0.78 0.59 0.74 888938.0 56424700.0
106 Jul 06, 2017 0.74 0.82 0.69 0.69 1066380.0 70741000.0
107 Jul 07, 2017 0.69 0.75 0.55 0.59 589408.0 66692200.0
108 Jul 08, 2017 0.59 0.64 0.52 0.63 330703.0 57071300.0
109 Jul 09, 2017 0.63 0.63 0.56 0.56 167588.0 60488100.0
110 Jul 10, 2017 0.56 0.58 0.37 0.4 468959.0 54238500.0
111 Jul 11, 2017 0.4 0.43 0.36 0.38 326674.0 38404900.0
112 Jul 12, 2017 0.38 0.45 0.35 0.44 226778.0 36121400.0
113 Jul 13, 2017 0.44 0.48 0.41 0.46 217575.0 42561900.0
114 Jul 14, 2017 0.46 0.51 0.41 0.42 383376.0 43801300.0
115 Jul 15, 2017 0.42 0.42 0.34 0.35 173544.0 40150200.0
116 Jul 16, 2017 0.35 0.38 0.3 0.33 153520.0 33962900.0
117 Jul 17, 2017 0.33 0.43 0.33 0.42 155599.0 31905800.0
118 Jul 18, 2017 0.42 0.51 0.41 0.46 255701.0 40630200.0
119 Jul 19, 2017 0.46 0.51 0.42 0.44 200076.0 44747400.0
120 Jul 20, 2017 0.44 0.57 0.44 0.55 220995.0 42005400.0
121 Jul 21, 2017 0.56 0.56 0.5 0.53 207671.0 53773000.0
122 Jul 22, 2017 0.53 0.68 0.52 0.67 344713.0 51096400.0
123 Jul 23, 2017 0.67 0.7 0.61 0.62 205923.0 64167300.0
124 Jul 24, 2017 0.62 0.62 0.56 0.58 185587.0 59675600.0
125 Jul 25, 2017 0.58 0.59 0.45 0.49 347289.0 56469100.0
126 Jul 26, 2017 0.5 0.52 0.45 0.47 150950.0 48288900.0
127 Jul 27, 2017 0.47 0.49 0.46 0.48 177029.0 45627100.0
128 Jul 28, 2017 0.48 0.48 0.42 0.43 254754.0 46221200.0
129 Jul 29, 2017 0.43 0.48 0.42 0.48 127761.0 41754100.0
130 Jul 30, 2017 0.47 0.52 0.47 0.49 156471.0 45051700.0
131 Jul 31, 2017 0.48 0.52 0.45 0.5 124974.0 46525900.0
132 Aug 01, 2017 0.5 0.65 0.47 0.6 361058.0 48149500.0
133 Aug 02, 2017 0.6 0.63 0.52 0.57 333578.0 57900700.0
134 Aug 03, 2017 0.57 0.68 0.54 0.64 501667.0 55426300.0
135 Aug 04, 2017 0.65 0.75 0.63 0.71 770619.0 62469600.0
136 Aug 05, 2017 0.71 0.9 0.69 0.9 587640.0 68369900.0
137 Aug 06, 2017 0.87 1.0 0.84 0.95 1355320.0 84595000.0
138 Aug 07, 2017 0.95 1.02 0.83 0.9 1315710.0 91613300.0
139 Aug 08, 2017 0.91 0.96 0.78 0.82 724982.0 88491100.0
140 Aug 09, 2017 0.82 0.91 0.78 0.83 509720.0 79677500.0
141 Aug 10, 2017 0.84 0.93 0.82 0.91 662916.0 81566400.0
142 Aug 11, 2017 0.9 0.93 0.76 0.86 775624.0 86785700.0
143 Aug 12, 2017 0.87 0.98 0.84 0.93 573574.0 84360600.0
144 Aug 13, 2017 0.93 0.95 0.82 0.86 624307.0 90444900.0
145 Aug 14, 2017 0.87 1.66 0.87 1.65 10106400.0 83950300.0
146 Aug 15, 2017 1.67 2.64 1.27 1.74 44657100.0 161368000.0
147 Aug 16, 2017 1.74 1.85 1.41 1.56 8270920.0 168867000.0
148 Aug 17, 2017 1.58 1.59 1.3 1.3 4363670.0 153109000.0
149 Aug 18, 2017 1.31 1.91 1.26 1.54 7336600.0 127431000.0
150 Aug 19, 2017 1.56 1.73 1.42 1.6 3278870.0 151443000.0
151 Aug 20, 2017 1.59 1.76 1.49 1.66 2744590.0 154318000.0
152 Aug 21, 2017 1.65 1.95 1.63 1.8 4416240.0 160382000.0
153 Aug 22, 2017 1.81 1.84 1.57 1.75 2036910.0 175589000.0
154 Aug 23, 2017 1.75 1.78 1.56 1.64 1996690.0 170034000.0
155 Aug 24, 2017 1.63 1.75 1.51 1.61 1954910.0 158393000.0
156 Aug 25, 2017 1.59 1.69 1.51 1.6 1069310.0 154079000.0
157 Aug 26, 2017 1.58 1.72 1.51 1.7 1618050.0 153282000.0
158 Aug 27, 2017 1.71 1.98 1.64 1.98 2884300.0 166477000.0
159 Aug 28, 2017 1.94 2.59 1.86 2.58 7556820.0 188150000.0
160 Aug 29, 2017 2.63 2.92 2.39 2.58 13205400.0 255482000.0
161 Aug 30, 2017 2.57 2.67 2.19 2.35 5004070.0 250075000.0
162 Aug 31, 2017 2.35 2.51 2.27 2.4 4318150.0 228274000.0
163 Sep 01, 2017 2.41 2.82 2.32 2.54 4122500.0 234085000.0
164 Sep 02, 2017 2.54 2.67 2.27 2.37 2303840.0 246884000.0
165 Sep 03, 2017 2.38 2.63 2.35 2.56 2255030.0 231789000.0
166 Sep 04, 2017 2.59 2.7 2.06 2.25 5453960.0 251850000.0
167 Sep 05, 2017 2.26 2.57 2.08 2.52 1776050.0 220314000.0
168 Sep 06, 2017 2.51 2.84 2.45 2.62 3244380.0 244010000.0
169 Sep 07, 2017 2.62 2.78 2.49 2.64 2700250.0 254693000.0
170 Sep 08, 2017 2.66 2.9 2.38 2.56 4326790.0 259524000.0
171 Sep 09, 2017 2.57 3.54 2.45 2.8 9962400.0 250099000.0
172 Sep 10, 2017 2.83 3.01 2.65 2.97 4196090.0 275644000.0
173 Sep 11, 2017 2.98 3.76 2.93 3.7 12146100.0 290064000.0
174 Sep 12, 2017 3.71 4.19 3.36 3.71 20188100.0 362191000.0
175 Sep 13, 2017 3.68 3.76 2.93 3.56 9608180.0 358740000.0
176 Sep 14, 2017 3.56 4.6 3.4 3.49 22013700.0 346794000.0
177 Sep 15, 2017 3.54 4.19 2.33 3.92 20170900.0 345368000.0
178 Sep 16, 2017 3.91 4.12 3.51 3.61 5267280.0 381266000.0
179 Sep 17, 2017 3.57 3.64 3.25 3.29 4469220.0 348108000.0
180 Sep 18, 2017 3.33 3.87 3.33 3.69 4924670.0 324668000.0
181 Sep 19, 2017 3.69 3.69 3.15 3.25 5472230.0 360621000.0
182 Sep 20, 2017 3.25 3.5 3.04 3.12 3563660.0 317822000.0
183 Sep 21, 2017 3.12 3.41 2.71 2.76 4539530.0 304477000.0
184 Sep 22, 2017 2.72 3.04 2.61 2.82 3362870.0 265756000.0
185 Sep 23, 2017 2.81 3.3 2.72 3.16 3176420.0 274618000.0
186 Sep 24, 2017 3.15 3.17 2.96 3.02 1384150.0 308487000.0
187 Sep 25, 2017 3.01 3.18 2.94 3.18 2507850.0 294241000.0
188 Sep 26, 2017 3.13 3.18 2.92 2.92 2302960.0 306336000.0
189 Sep 27, 2017 2.92 3.37 2.87 3.2 6734210.0 285733000.0
190 Sep 28, 2017 3.25 3.25 2.8 2.96 3979250.0 317658000.0
191 Sep 29, 2017 2.96 2.97 2.63 2.76 2004570.0 290145000.0
192 Sep 30, 2017 2.75 3.19 2.72 2.98 3649480.0 269579000.0
193 Oct 01, 2017 2.98 3.06 2.84 2.9 2113520.0 291895000.0
194 Oct 02, 2017 2.89 2.94 2.72 2.79 2233400.0 282910000.0
195 Oct 03, 2017 2.79 2.79 2.56 2.79 2010710.0 273586000.0
196 Oct 04, 2017 2.77 2.77 2.44 2.47 2097010.0 271565000.0
197 Oct 05, 2017 2.47 2.77 2.38 2.74 2616290.0 241938000.0
198 Oct 06, 2017 2.74 2.75 2.53 2.58 1589490.0 268501000.0
199 Oct 07, 2017 2.59 2.63 2.48 2.56 1069940.0 254126000.0
200 Oct 08, 2017 2.53 2.56 2.16 2.23 3053070.0 247979000.0
201 Oct 09, 2017 2.2 2.5 2.1 2.37 2929330.0 215519000.0
202 Oct 10, 2017 2.38 2.72 2.22 2.57 3457060.0 233759000.0
203 Oct 11, 2017 2.59 3.0 2.59 2.81 3257040.0 253874000.0
204 Oct 12, 2017 2.83 2.94 2.49 2.67 2966810.0 277730000.0
205 Oct 13, 2017 2.65 2.88 2.55 2.64 2875550.0 259790000.0
206 Oct 14, 2017 2.64 3.15 2.58 2.85 2979080.0 258565000.0
207 Oct 15, 2017 2.84 3.01 2.7 2.86 1642730.0 278360000.0
208 Oct 16, 2017 2.86 2.91 2.62 2.78 1688650.0 280615000.0
209 Oct 17, 2017 2.75 2.88 2.64 2.81 1798310.0 269901000.0
210 Oct 18, 2017 2.79 2.96 2.57 2.83 1743560.0 273833000.0
211 Oct 19, 2017 2.83 2.95 2.7 2.83 1640660.0 276951000.0
212 Oct 20, 2017 2.85 3.0 2.76 2.79 2512890.0 279466000.0
213 Oct 21, 2017 2.78 2.79 2.41 2.57 2184140.0 272226000.0
214 Oct 22, 2017 2.57 2.75 2.51 2.64 1550000.0 251521000.0
215 Oct 23, 2017 2.64 2.65 2.39 2.49 1257450.0 258841000.0
216 Oct 24, 2017 2.48 2.97 2.38 2.86 3729760.0 243104000.0
217 Oct 25, 2017 2.86 2.86 2.42 2.55 1943620.0 280614000.0
218 Oct 26, 2017 2.59 2.68 2.48 2.52 1397000.0 253433000.0
219 Oct 27, 2017 2.52 2.62 2.45 2.51 1555670.0 247450000.0
220 Oct 28, 2017 2.52 2.56 2.42 2.44 884997.0 247095000.0
221 Oct 29, 2017 2.43 2.54 2.35 2.46 1971910.0 238334000.0
222 Oct 30, 2017 2.44 2.52 2.36 2.43 1091420.0 239287000.0
223 Oct 31, 2017 2.44 2.62 2.39 2.45 2396030.0 238722000.0
224 Nov 01, 2017 2.44 2.74 2.1 2.11 4846850.0 239177000.0
225 Nov 02, 2017 2.1 2.44 1.86 2.12 4508180.0 205802000.0
226 Nov 03, 2017 2.06 2.62 2.03 2.5 4311070.0 202038000.0
227 Nov 04, 2017 2.48 2.6 2.33 2.33 3785590.0 243361000.0
228 Nov 05, 2017 2.34 2.53 2.24 2.35 2731690.0 229169000.0
229 Nov 06, 2017 2.38 2.62 2.32 2.56 5170100.0 232885000.0
230 Nov 07, 2017 2.57 2.71 2.43 2.57 3867380.0 252297000.0
231 Nov 08, 2017 2.56 3.36 2.47 2.93 7670070.0 250582000.0
232 Nov 09, 2017 2.92 3.69 2.84 3.28 10849400.0 286368000.0
233 Nov 10, 2017 3.24 3.54 2.68 2.88 6912780.0 317243000.0
234 Nov 11, 2017 2.89 3.15 2.8 2.89 4706850.0 282786000.0
235 Nov 12, 2017 2.89 2.89 2.35 2.56 4588840.0 283281000.0
236 Nov 13, 2017 2.55 3.02 2.55 2.92 4343960.0 250323000.0
237 Nov 14, 2017 2.92 3.27 2.92 3.2 5482700.0 286335000.0
238 Nov 15, 2017 3.22 3.34 3.05 3.17 6393910.0 315227000.0
239 Nov 16, 2017 3.2 3.38 3.04 3.12 6284450.0 313749000.0
240 Nov 17, 2017 3.14 3.22 2.81 3.02 5244370.0 308108000.0
241 Nov 18, 2017 2.92 3.5 2.87 3.22 7024050.0 286411000.0
242 Nov 19, 2017 3.22 3.38 3.05 3.18 5664570.0 315223000.0
243 Nov 20, 2017 3.14 3.22 3.09 3.13 4333500.0 307463000.0
244 Nov 21, 2017 3.14 3.16 2.93 3.09 4817970.0 307452000.0
245 Nov 22, 2017 3.1 3.15 3.02 3.1 4599140.0 303546000.0
246 Nov 23, 2017 3.11 3.14 2.9 2.99 4745500.0 304618000.0
247 Nov 24, 2017 3.0 3.12 2.88 3.07 4458740.0 293677000.0
248 Nov 25, 2017 3.06 3.24 3.02 3.18 5464570.0 299964000.0
249 Nov 26, 2017 3.17 3.61 3.16 3.5 8287350.0 311069000.0
250 Nov 27, 2017 3.5 4.04 3.39 3.8 11968500.0 343170000.0
251 Nov 28, 2017 3.79 3.82 3.44 3.44 8862270.0 370914000.0
252 Nov 29, 2017 3.43 3.48 2.82 2.88 8716500.0 336292000.0
253 Nov 30, 2017 2.93 3.23 2.76 3.1 5214380.0 287214000.0
254 Dec 01, 2017 3.08 3.44 2.99 3.44 5403540.0 302340000.0
255 Dec 02, 2017 3.45 3.65 3.27 3.65 7644860.0 338418000.0
256 Dec 03, 2017 3.66 4.44 3.66 4.04 17631100.0 358291000.0
257 Dec 04, 2017 4.07 4.21 3.74 4.19 11746700.0 398689000.0
258 Dec 05, 2017 4.17 4.93 4.11 4.64 19105600.0 408746000.0
259 Dec 06, 2017 4.69 4.82 3.96 4.19 19105200.0 459564000.0
260 Dec 07, 2017 4.16 4.44 3.62 3.7 15282900.0 407261000.0
261 Dec 08, 2017 3.65 4.31 3.28 3.96 11599200.0 357834000.0
262 Dec 09, 2017 4.04 4.13 3.5 3.8 8255300.0 395911000.0
263 Dec 10, 2017 3.81 3.81 3.22 3.49 7807360.0 372977000.0
264 Dec 11, 2017 3.48 3.89 3.45 3.78 8713230.0 340507000.0
265 Dec 12, 2017 3.8 4.39 3.71 4.32 13228600.0 371980000.0
266 Dec 13, 2017 4.34 4.86 4.06 4.45 11614400.0 425266000.0
267 Dec 14, 2017 4.43 4.8 4.27 4.53 9579810.0 433807000.0
268 Dec 15, 2017 4.55 4.63 4.03 4.28 9253540.0 446392000.0
269 Dec 16, 2017 4.27 5.12 4.27 5.04 13104400.0 418403000.0
270 Dec 17, 2017 5.02 6.45 4.97 5.99 29273600.0 491969000.0
271 Dec 18, 2017 6.05 6.93 5.64 6.93 17147600.0 593180000.0
272 Dec 19, 2017 6.88 7.25 5.88 6.34 16029900.0 674691000.0
273 Dec 20, 2017 6.33 8.64 5.41 7.4 43849700.0 620382000.0
274 Dec 21, 2017 7.43 9.11 7.33 7.89 20930800.0 728526000.0
275 Dec 22, 2017 7.89 8.2 4.23 5.81 14696000.0 773220000.0
276 Dec 23, 2017 5.89 7.43 5.84 6.62 11832700.0 576833000.0
277 Dec 24, 2017 6.71 6.83 5.46 6.36 13022700.0 657132000.0
278 Dec 25, 2017 6.38 7.69 6.11 7.16 23011600.0 625699000.0
279 Dec 26, 2017 7.23 8.52 7.16 7.85 23922600.0 708818000.0
280 Dec 27, 2017 7.72 7.84 7.1 7.41 16932900.0 756505000.0
281 Dec 28, 2017 7.5 7.7 6.1 6.85 12237300.0 734666000.0
282 Dec 29, 2017 6.92 7.95 6.7 7.88 20619200.0 677831000.0
283 Dec 30, 2017 7.93 7.93 6.17 6.64 11589400.0 776676000.0
284 Dec 31, 2017 6.74 7.21 6.36 7.04 12313300.0 659951000.0
285 Jan 01, 2018 7.04 7.79 6.74 7.61 19811000.0 689511000.0
286 Jan 02, 2018 7.58 8.47 6.99 7.87 27221700.0 743014000.0
287 Jan 03, 2018 7.87 8.03 7.14 7.59 18263600.0 771084000.0
288 Jan 04, 2018 7.6 7.66 6.85 7.12 22264600.0 744548000.0
289 Jan 05, 2018 7.03 7.75 6.41 6.81 22767100.0 689209000.0
290 Jan 06, 2018 6.85 7.94 6.37 7.86 16974400.0 671605000.0
291 Jan 07, 2018 7.82 8.54 7.6 8.05 21368600.0 765967000.0
292 Jan 08, 2018 8.05 8.31 6.7 7.98 18495700.0 788470000.0
293 Jan 09, 2018 7.96 10.91 7.94 9.42 63507700.0 780198000.0
294 Jan 10, 2018 9.47 10.77 8.79 10.28 47874500.0 927796000.0
295 Jan 11, 2018 10.26 10.33 7.61 8.09 26056400.0 1005740000.0
296 Jan 12, 2018 8.19 9.13 7.84 9.0 10073300.0 802602000.0
297 Jan 13, 2018 8.95 9.4 8.7 9.03 9598570.0 876738000.0
298 Jan 14, 2018 9.02 9.09 7.61 8.2 6470570.0 883965000.0
299 Jan 15, 2018 8.01 8.39 7.61 7.79 16063700.0 785212000.0
300 Jan 16, 2018 7.81 7.81 4.42 5.71 16284500.0 765231000.0
301 Jan 17, 2018 5.64 6.46 4.2 6.17 10234900.0 552392000.0
302 Jan 18, 2018 6.2 6.84 5.66 6.4 9283420.0 607938000.0
303 Jan 19, 2018 6.38 6.95 6.01 6.5 13964200.0 625559000.0
304 Jan 20, 2018 6.52 7.37 6.52 7.1 18371200.0 638987000.0
305 Jan 21, 2018 7.24 7.46 5.75 5.9 14205300.0 709006000.0
306 Jan 22, 2018 5.99 6.26 5.09 5.44 6297530.0 586849000.0
307 Jan 23, 2018 5.39 6.63 5.06 6.04 18838800.0 528549000.0
308 Jan 24, 2018 6.02 6.72 5.82 6.64 17489200.0 589579000.0
309 Jan 25, 2018 6.69 7.56 6.68 7.38 17249700.0 655317000.0
310 Jan 26, 2018 7.34 7.39 6.08 6.8 7686920.0 719085000.0
311 Jan 27, 2018 6.79 6.84 6.43 6.58 3968320.0 665486000.0
312 Jan 28, 2018 6.6 6.79 6.55 6.64 4881880.0 646497000.0
313 Jan 29, 2018 6.63 6.71 6.16 6.69 6356180.0 649538000.0
314 Jan 30, 2018 6.67 6.74 5.32 5.47 6822120.0 653965000.0
315 Jan 31, 2018 5.44 6.23 5.12 5.68 10352200.0 533381000.0
316 Feb 01, 2018 5.66 5.74 4.49 4.82 4782920.0 554944000.0
317 Feb 02, 2018 4.78 4.78 3.71 4.53 5250790.0 468386000.0
318 Feb 03, 2018 4.56 5.11 4.26 4.95 3978910.0 446654000.0
319 Feb 04, 2018 4.95 5.07 3.9 4.22 2017790.0 484985000.0
320 Feb 05, 2018 4.21 4.29 2.98 3.15 4496080.0 412879000.0
321 Feb 06, 2018 3.2 3.82 2.53 3.8 4501820.0 314007000.0
322 Feb 07, 2018 3.79 3.99 3.38 3.53 3512190.0 371668000.0
323 Feb 08, 2018 3.52 4.0 3.52 3.87 3197890.0 354296000.0
324 Feb 09, 2018 3.86 4.38 3.72 4.33 8354370.0 388083000.0
325 Feb 10, 2018 4.31 4.72 3.83 4.11 5238780.0 433729000.0
326 Feb 11, 2018 4.14 4.14 3.61 3.83 2183820.0 416738000.0
327 Feb 12, 2018 3.85 4.18 3.84 4.09 1926800.0 386962000.0
328 Feb 13, 2018 4.1 4.17 3.93 4.16 3751020.0 412325000.0
329 Feb 14, 2018 4.15 4.5 4.08 4.48 4680770.0 417331000.0
330 Feb 15, 2018 4.49 5.09 4.47 5.07 11593800.0 451535000.0
331 Feb 16, 2018 5.03 5.03 4.74 4.91 3728800.0 506127000.0
332 Feb 17, 2018 4.92 5.24 4.86 5.06 7697380.0 495299000.0
333 Feb 18, 2018 5.09 5.13 4.53 4.67 3792090.0 513059000.0
334 Feb 19, 2018 4.63 4.79 4.61 4.71 3288740.0 466504000.0
335 Feb 20, 2018 4.72 4.74 4.19 4.22 4660170.0 475758000.0
336 Feb 21, 2018 4.25 4.36 4.01 4.21 3060810.0 427970000.0
337 Feb 22, 2018 4.17 4.23 3.61 3.78 1720080.0 420489000.0
338 Feb 23, 2018 3.77 4.04 3.7 3.99 2478910.0 380150000.0
339 Feb 24, 2018 4.0 4.1 3.53 3.66 1508880.0 403162000.0
340 Feb 25, 2018 3.69 3.76 3.57 3.71 1212330.0 371720000.0
341 Feb 26, 2018 3.73 3.88 3.67 3.78 2098460.0 375807000.0
342 Feb 27, 2018 3.78 3.96 3.71 3.81 2417360.0 381120000.0
343 Feb 28, 2018 3.81 3.86 3.5 3.6 2011650.0 384179000.0
344 Mar 01, 2018 3.6 3.8 3.5 3.7 2309910.0 363057000.0
345 Mar 02, 2018 3.69 4.24 3.66 4.0 4826680.0 373088000.0
346 Mar 03, 2018 3.99 4.73 3.99 4.42 11713200.0 403122000.0
347 Mar 04, 2018 4.41 4.41 4.05 4.2 2644750.0 445880000.0
348 >Mar 05, 201 4.17 4.18 3.97 4.07 2508350.0 421357000.0
349 Mar 06, 2018 4.05 4.25 3.69 3.75 3037090.0 409256000.0
350 Mar 07, 2018 3.75 3.94 3.22 3.5 2534420.0 378784000.0
351 Mar 08, 2018 3.48 3.6 3.22 3.28 1437370.0 352321000.0
352 Mar 09, 2018 3.25 3.29 2.86 3.26 1226940.0 328642000.0
353 Mar 10, 2018 3.25 3.37 3.06 3.09 1060780.0 328923000.0
354 Mar 11, 2018 3.07 3.3 2.98 3.29 996603.0 310791000.0
355 Mar 12, 2018 3.28 3.58 3.13 3.27 2119140.0 332150000.0
356 Mar 13, 2018 3.26 3.59 3.23 3.45 2640490.0 329808000.0
357 Mar 14, 2018 3.45 3.57 2.78 2.84 2258130.0 349681000.0
358 Mar 15, 2018 2.84 2.93 2.63 2.84 1529390.0 287472000.0
359 Mar 16, 2018 3.13 3.13 2.78 2.83 3355380.0 317356000.0
360 Mar 17, 2018 2.84 2.84 2.48 2.53 1025370.0 287236000.0
361 Mar 18, 2018 2.52 2.52 2.02 2.43 2976970.0 255642000.0
362 Mar 19, 2018 2.42 2.88 2.37 2.75 3362100.0 245057000.0
363 Mar 20, 2018 2.76 2.92 2.58 2.85 2436060.0 280091000.0
364 Mar 21, 2018 2.85 2.97 2.71 2.76 1867640.0 289414000.0
365 Mar 22, 2018 2.77 2.92 2.6 2.83 1598740.0 280522000.0
366 Mar 23, 2018 2.84 2.9 2.64 2.74 2096540.0 288026000.0
367 Mar 24, 2018 2.78 2.95 2.69 2.87 3099510.0 281774000.0
368 Mar 25, 2018 2.83 2.91 2.74 2.86 1266690.0 287390000.0
369 Mar 26, 2018 2.86 3.04 2.46 2.71 2995180.0 290168000.0
370 Mar 27, 2018 2.7 2.7 2.41 2.49 1041550.0 274460000.0
