0 Jun 13, 2017 0.64 0.65 0.53 0.59 25425600.0 1774740000.0
1 Jun 14, 2017 0.59 0.61 0.49 0.53 14194900.0 1646450000.0
2 Jun 15, 2017 0.53 0.54 0.3 0.36 10300400.0 1468380000.0
3 Jun 16, 2017 0.35 0.45 0.31 0.41 6920690.0 981966000.0
4 >Jun 17, 201 0.43 0.44 0.41 0.42 3100660.0 1186200000.0
5 Jun 18, 2017 0.42 0.43 0.39 0.41 2514450.0 1169060000.0
6 Jun 19, 2017 0.41 0.42 0.39 0.41 3543640.0 1126980000.0
7 Jun 20, 2017 0.41 0.42 0.4 0.42 3755470.0 1151560000.0
8 Jun 21, 2017 0.42 0.44 0.41 0.41 3999810.0 1165840000.0
9 Jun 22, 2017 0.41 0.43 0.41 0.42 2343320.0 1148980000.0
10 Jun 23, 2017 0.42 0.48 0.41 0.48 3768560.0 1161200000.0
11 Jun 24, 2017 0.48 0.64 0.48 0.51 19215500.0 1341870000.0
12 Jun 25, 2017 0.51 0.53 0.45 0.47 5012890.0 1429190000.0
13 Jun 26, 2017 0.47 0.47 0.35 0.4 9101080.0 1306910000.0
14 Jun 27, 2017 0.41 0.42 0.35 0.39 4411090.0 1145140000.0
15 Jun 28, 2017 0.4 0.4 0.36 0.38 4704400.0 1111460000.0
16 Jun 29, 2017 0.38 0.46 0.36 0.42 5324020.0 1044460000.0
17 Jun 30, 2017 0.42 0.45 0.4 0.4 5044270.0 1159530000.0
18 Jul 01, 2017 0.4 0.41 0.38 0.39 2334640.0 1118190000.0
19 Jul 02, 2017 0.39 0.4 0.37 0.38 2971770.0 1089240000.0
20 Jul 03, 2017 0.38 0.38 0.36 0.38 3873180.0 1053600000.0
21 Jul 04, 2017 0.37 0.41 0.37 0.4 3933710.0 1042050000.0
22 Jul 05, 2017 0.4 0.4 0.37 0.38 3061100.0 1101450000.0
23 Jul 06, 2017 0.38 0.38 0.32 0.35 8218370.0 1056920000.0
24 Jul 07, 2017 0.35 0.35 0.27 0.28 8804780.0 988966000.0
25 Jul 08, 2017 0.29 0.32 0.28 0.3 3273950.0 795402000.0
26 Jul 09, 2017 0.3 0.31 0.28 0.3 2474500.0 826569000.0
27 >Jul 10, 201 0.3 0.3 0.19 0.22 8233640.0 846301000.0
28 Jul 11, 2017 0.21 0.23 0.18 0.19 6946200.0 596881000.0
29 Jul 12, 2017 0.19 0.24 0.18 0.23 4646480.0 531237000.0
30 Jul 13, 2017 0.23 0.24 0.19 0.21 4129150.0 636787000.0
31 Jul 14, 2017 0.21 0.21 0.16 0.17 3347860.0 592038000.0
32 Jul 15, 2017 0.17 0.18 0.15 0.16 3913220.0 487076000.0
33 Jul 16, 2017 0.16 0.18 0.15 0.18 4178170.0 439057000.0
34 Jul 17, 2017 0.18 0.28 0.18 0.26 15254300.0 502309000.0
35 Jul 18, 2017 0.26 0.31 0.25 0.27 11433600.0 735378000.0
36 Jul 19, 2017 0.27 0.28 0.23 0.23 6339730.0 745365000.0
37 Jul 20, 2017 0.23 0.3 0.23 0.29 10332500.0 649028000.0
38 Jul 21, 2017 0.29 0.3 0.26 0.26 6344870.0 819295000.0
39 Jul 22, 2017 0.26 0.28 0.25 0.27 4107430.0 732099000.0
40 Jul 23, 2017 0.27 0.28 0.26 0.27 3065860.0 760738000.0
41 Jul 24, 2017 0.27 0.27 0.24 0.27 4502060.0 736952000.0
42 Jul 25, 2017 0.27 0.27 0.24 0.25 2917500.0 741654000.0
43 Jul 26, 2017 0.25 0.28 0.24 0.27 4626790.0 696469000.0
44 Jul 27, 2017 0.28 0.28 0.28 0.28 3343540.0 769512000.0
45 Jul 28, 2017 0.27 0.28 0.26 0.27 2884740.0 764026000.0
46 Jul 29, 2017 0.27 0.28 0.24 0.28 2788270.0 740931000.0
47 Jul 30, 2017 0.28 0.28 0.25 0.25 3165840.0 770872000.0
48 Jul 31, 2017 0.26 0.26 0.24 0.25 2563820.0 708959000.0
49 Aug 01, 2017 0.26 0.3 0.25 0.29 5169910.0 713408000.0
50 Aug 02, 2017 0.29 0.29 0.27 0.29 3439800.0 806440000.0
51 Aug 03, 2017 0.29 0.34 0.28 0.33 8239810.0 796552000.0
52 Aug 04, 2017 0.33 0.42 0.33 0.39 20179000.0 923468000.0
53 Aug 05, 2017 0.39 0.43 0.36 0.41 9091140.0 1092850000.0
54 Aug 06, 2017 0.41 0.44 0.4 0.43 6276510.0 1133190000.0
55 Aug 07, 2017 0.43 0.49 0.42 0.47 14717700.0 1197430000.0
56 Aug 08, 2017 0.47 0.55 0.46 0.55 21988500.0 1317150000.0
57 Aug 09, 2017 0.55 0.56 0.51 0.54 13294400.0 1520740000.0
58 Aug 10, 2017 0.54 0.59 0.51 0.57 16602500.0 1489290000.0
59 Aug 11, 2017 0.56 0.71 0.56 0.65 43618800.0 1571890000.0
60 Aug 12, 2017 0.66 0.73 0.63 0.72 20358000.0 1821120000.0
61 Aug 13, 2017 0.72 0.83 0.71 0.81 41198400.0 2007290000.0
62 Aug 14, 2017 0.81 0.98 0.79 0.98 54630900.0 2256250000.0
63 Aug 15, 2017 0.98 0.99 0.77 0.92 84698300.0 2716490000.0
64 Aug 16, 2017 0.91 1.05 0.88 1.04 52081500.0 2542510000.0
65 Aug 17, 2017 1.04 1.1 1.0 1.02 58209300.0 2904020000.0
66 Aug 18, 2017 1.01 1.03 0.77 0.87 58053400.0 2819080000.0
67 Aug 19, 2017 0.87 0.98 0.78 0.98 39975500.0 2422580000.0
68 Aug 20, 2017 0.97 1.02 0.94 0.94 29447600.0 2699540000.0
69 Aug 21, 2017 0.91 0.94 0.84 0.91 32558600.0 2522210000.0
70 Aug 22, 2017 0.9 0.9 0.79 0.84 26333800.0 2506520000.0
71 Aug 23, 2017 0.84 0.94 0.83 0.85 27418300.0 2341800000.0
72 Aug 24, 2017 0.85 0.9 0.81 0.9 17132900.0 2373840000.0
73 Aug 25, 2017 0.89 0.93 0.84 0.92 18226300.0 2486940000.0
74 Aug 26, 2017 0.92 0.97 0.88 0.96 16623100.0 2545840000.0
75 Aug 27, 2017 0.96 0.98 0.89 0.92 17816000.0 2674070000.0
76 Aug 28, 2017 0.92 0.93 0.78 0.88 24288200.0 2564020000.0
77 Aug 29, 2017 0.88 0.88 0.75 0.81 28538500.0 2437350000.0
78 Aug 30, 2017 0.81 0.88 0.79 0.87 17428100.0 2259140000.0
79 Aug 31, 2017 0.87 0.9 0.83 0.84 15194300.0 2416950000.0
80 Sep 01, 2017 0.84 0.88 0.77 0.81 28047000.0 2342770000.0
81 Sep 02, 2017 0.8 0.8 0.66 0.69 39333900.0 2214060000.0
82 Sep 03, 2017 0.7 0.78 0.67 0.74 29504600.0 1942490000.0
83 Sep 04, 2017 0.74 0.74 0.41 0.57 74601300.0 2068680000.0
84 Sep 05, 2017 0.54 0.65 0.47 0.61 45817500.0 1512430000.0
85 Sep 06, 2017 0.61 0.75 0.6 0.74 33093300.0 1705320000.0
86 Sep 07, 2017 0.74 0.74 0.62 0.65 31377000.0 2055930000.0
87 Sep 08, 2017 0.65 0.66 0.49 0.54 48691600.0 1801830000.0
88 Sep 09, 2017 0.53 0.58 0.52 0.56 15317400.0 1461860000.0
89 Sep 10, 2017 0.56 0.57 0.46 0.49 32733100.0 1560160000.0
90 Sep 11, 2017 0.5 0.56 0.48 0.56 23660500.0 1385260000.0
91 Sep 12, 2017 0.56 0.65 0.56 0.59 43345900.0 1561250000.0
92 Sep 13, 2017 0.59 0.59 0.48 0.56 31807500.0 1646910000.0
93 Sep 14, 2017 0.56 0.57 0.45 0.45 25946400.0 1572770000.0
94 Sep 15, 2017 0.45 0.51 0.37 0.48 41983100.0 1238840000.0
95 Sep 16, 2017 0.48 0.51 0.45 0.49 13452000.0 1332470000.0
96 Sep 17, 2017 0.48 0.51 0.46 0.5 7574760.0 1347400000.0
97 Sep 18, 2017 0.5 0.61 0.5 0.61 28609000.0 1380860000.0
98 Sep 19, 2017 0.61 0.61 0.56 0.56 12972000.0 1690720000.0
99 Sep 20, 2017 0.56 0.58 0.54 0.57 8802430.0 1556120000.0
100 Sep 21, 2017 0.57 0.57 0.47 0.5 18553300.0 1577620000.0
101 Sep 22, 2017 0.5 0.52 0.48 0.51 8860800.0 1387500000.0
102 Sep 23, 2017 0.51 0.55 0.49 0.54 8486720.0 1410930000.0
103 Sep 24, 2017 0.54 0.54 0.51 0.52 9199830.0 1502440000.0
104 Sep 25, 2017 0.52 0.57 0.52 0.56 10506400.0 1457720000.0
105 Sep 26, 2017 0.56 0.56 0.51 0.52 14671500.0 1547280000.0
106 Sep 27, 2017 0.51 0.55 0.51 0.55 12188400.0 1429300000.0
107 Sep 28, 2017 0.55 0.61 0.53 0.59 23776300.0 1527800000.0
108 Sep 29, 2017 0.59 0.61 0.54 0.58 16689800.0 1654220000.0
109 Sep 30, 2017 0.58 0.65 0.58 0.62 21825700.0 1624130000.0
110 Oct 01, 2017 0.62 0.63 0.59 0.61 8576220.0 1728170000.0
111 Oct 02, 2017 0.62 0.62 0.56 0.57 13928300.0 1718250000.0
112 Oct 03, 2017 0.58 0.58 0.52 0.56 13709400.0 1604290000.0
113 Oct 04, 2017 0.56 0.57 0.52 0.55 9152780.0 1558910000.0
114 Oct 05, 2017 0.55 0.57 0.52 0.54 7592760.0 1521500000.0
115 Oct 06, 2017 0.54 0.56 0.49 0.5 12478500.0 1509890000.0
116 Oct 07, 2017 0.5 0.55 0.49 0.54 9848850.0 1402240000.0
117 Oct 08, 2017 0.53 0.54 0.49 0.5 9637830.0 1486070000.0
118 Oct 09, 2017 0.5 0.5 0.44 0.47 18097100.0 1390760000.0
119 Oct 10, 2017 0.47 0.49 0.45 0.48 7401800.0 1296520000.0
120 Oct 11, 2017 0.48 0.49 0.46 0.48 6996130.0 1325920000.0
121 Oct 12, 2017 0.48 0.49 0.39 0.41 16792100.0 1338990000.0
122 Oct 13, 2017 0.41 0.45 0.4 0.44 14821100.0 1147540000.0
123 Oct 14, 2017 0.44 0.48 0.43 0.46 11493700.0 1228020000.0
124 Oct 15, 2017 0.46 0.46 0.41 0.44 8256490.0 1274830000.0
125 Oct 16, 2017 0.44 0.46 0.42 0.45 8128940.0 1222160000.0
126 Oct 17, 2017 0.45 0.5 0.43 0.47 12590200.0 1256490000.0
127 Oct 18, 2017 0.47 0.48 0.43 0.45 12433700.0 1319220000.0
128 Oct 19, 2017 0.46 0.47 0.41 0.43 12250600.0 1270790000.0
129 Oct 20, 2017 0.43 0.43 0.39 0.4 17771900.0 1203160000.0
130 Oct 21, 2017 0.4 0.41 0.32 0.39 20120500.0 1122530000.0
131 Oct 22, 2017 0.39 0.41 0.38 0.39 9322400.0 1086340000.0
132 Oct 23, 2017 0.39 0.4 0.36 0.39 12380800.0 1087830000.0
133 Oct 24, 2017 0.39 0.5 0.38 0.45 47178400.0 1081640000.0
134 Oct 25, 2017 0.46 0.47 0.43 0.44 14379600.0 1265680000.0
135 Oct 26, 2017 0.44 0.46 0.41 0.42 10747100.0 1233180000.0
136 Oct 27, 2017 0.42 0.44 0.4 0.42 8963410.0 1158350000.0
137 Oct 28, 2017 0.42 0.43 0.39 0.4 9075000.0 1179720000.0
138 Oct 29, 2017 0.4 0.41 0.37 0.4 15972200.0 1100550000.0
139 Oct 30, 2017 0.4 0.41 0.39 0.41 9124580.0 1120440000.0
140 Oct 31, 2017 0.41 0.41 0.39 0.39 7839910.0 1133800000.0
141 Nov 01, 2017 0.39 0.39 0.36 0.36 11944600.0 1086410000.0
142 Nov 02, 2017 0.37 0.38 0.32 0.37 20942000.0 1031110000.0
143 Nov 03, 2017 0.36 0.4 0.36 0.39 11427900.0 1008890000.0
144 Nov 04, 2017 0.39 0.39 0.36 0.37 8568260.0 1087700000.0
145 Nov 05, 2017 0.37 0.37 0.34 0.35 12950500.0 1022630000.0
146 Nov 06, 2017 0.35 0.38 0.34 0.37 13258400.0 975647000.0
147 Nov 07, 2017 0.37 0.4 0.36 0.38 15415700.0 1032620000.0
148 Nov 08, 2017 0.38 0.49 0.38 0.47 44738600.0 1068180000.0
149 Nov 09, 2017 0.47 0.59 0.47 0.54 69996800.0 1322960000.0
150 Nov 10, 2017 0.53 0.56 0.46 0.5 44756700.0 1470620000.0
151 Nov 11, 2017 0.5 0.62 0.5 0.62 42375200.0 1395280000.0
152 Nov 12, 2017 0.63 0.64 0.51 0.59 44517800.0 1740210000.0
153 Nov 13, 2017 0.59 0.65 0.57 0.59 37718000.0 1651070000.0
154 Nov 14, 2017 0.59 0.62 0.54 0.61 33932000.0 1628970000.0
155 Nov 15, 2017 0.61 0.79 0.61 0.79 87041500.0 1695970000.0
156 Nov 16, 2017 0.79 0.89 0.71 0.82 132320000.0 2203300000.0
157 Nov 17, 2017 0.83 0.88 0.73 0.79 102001000.0 2309500000.0
158 Nov 18, 2017 0.79 0.85 0.75 0.82 57802400.0 2199170000.0
159 Nov 19, 2017 0.82 0.88 0.81 0.86 61681300.0 2269880000.0
160 Nov 20, 2017 0.86 0.99 0.86 0.97 92042900.0 2397820000.0
161 Nov 21, 2017 0.96 0.98 0.78 0.89 123514000.0 2683940000.0
162 Nov 22, 2017 0.89 0.96 0.85 0.9 69568700.0 2471570000.0
163 Nov 23, 2017 0.9 0.92 0.79 0.79 64619700.0 2494420000.0
164 Nov 24, 2017 0.79 0.8 0.69 0.79 113159000.0 2205530000.0
165 Nov 25, 2017 0.79 0.85 0.72 0.81 64910500.0 2189520000.0
166 Nov 26, 2017 0.8 0.84 0.76 0.84 47779300.0 2236470000.0
167 Nov 27, 2017 0.84 1.1 0.8 1.04 174455000.0 2348230000.0
168 Nov 28, 2017 1.04 1.5 1.03 1.5 465727000.0 2904130000.0
169 Nov 29, 2017 1.48 1.56 1.13 1.25 294702000.0 4117010000.0
170 Nov 30, 2017 1.27 1.39 1.13 1.33 179224000.0 3540700000.0
171 Dec 01, 2017 1.31 1.49 1.23 1.45 141192000.0 3639440000.0
172 Dec 02, 2017 1.42 1.45 1.35 1.44 115656000.0 3948800000.0
173 Dec 03, 2017 1.44 2.02 1.43 1.88 401418000.0 4004200000.0
174 Dec 04, 2017 1.89 2.98 1.89 2.76 1090620000.0 5265070000.0
175 Dec 05, 2017 2.8 3.97 2.44 3.84 1417380000.0 7778170000.0
176 Dec 06, 2017 3.81 5.54 3.65 4.36 2126970000.0 10593600000.0
177 Dec 07, 2017 4.47 4.54 3.1 4.14 1260950000.0 12416200000.0
178 Dec 08, 2017 4.14 5.01 3.63 5.01 928042000.0 11512800000.0
179 Dec 09, 2017 5.05 5.28 4.25 4.68 674566000.0 14029600000.0
180 Dec 10, 2017 4.66 4.66 3.77 4.13 601040000.0 12946400000.0
181 Dec 11, 2017 4.14 4.58 4.12 4.27 409780000.0 11512900000.0
182 Dec 12, 2017 4.26 5.03 4.18 4.71 679346000.0 11852900000.0
183 Dec 13, 2017 4.72 4.75 3.77 4.09 498435000.0 13112600000.0
184 Dec 14, 2017 4.06 4.24 3.38 3.78 568923000.0 11280900000.0
185 Dec 15, 2017 3.77 4.06 3.37 3.9 427330000.0 10489600000.0
186 Dec 16, 2017 3.91 4.07 3.48 3.63 285374000.0 10876100000.0
187 Dec 17, 2017 3.65 4.04 3.48 3.93 354390000.0 10138000000.0
188 Dec 18, 2017 3.95 4.36 3.65 4.24 447675000.0 10977400000.0
189 Dec 19, 2017 4.24 5.69 3.88 5.37 1117890000.0 11796300000.0
190 Dec 20, 2017 5.37 5.52 4.69 5.09 611582000.0 14929000000.0
191 Dec 21, 2017 5.08 5.51 4.86 5.03 434568000.0 14120900000.0
192 Dec 22, 2017 5.08 5.11 2.8 3.45 826429000.0 14109700000.0
193 Dec 23, 2017 3.51 4.21 3.39 3.61 236435000.0 9763930000.0
194 Dec 24, 2017 3.61 3.64 2.95 3.48 278148000.0 10046100000.0
195 Dec 25, 2017 3.49 3.81 3.29 3.5 172138000.0 9704640000.0
196 Dec 26, 2017 3.49 3.82 3.49 3.8 178890000.0 9703070000.0
197 Dec 27, 2017 3.81 4.48 3.62 3.74 297053000.0 10593200000.0
198 Dec 28, 2017 3.72 3.75 3.33 3.68 217902000.0 10346000000.0
199 Dec 29, 2017 3.69 3.89 3.49 3.69 187729000.0 10270500000.0
200 Dec 30, 2017 3.7 3.72 3.0 3.34 245624000.0 10279700000.0
201 Dec 31, 2017 3.3 3.66 3.3 3.55 167521000.0 9182840000.0
202 Jan 01, 2018 3.56 4.36 3.42 3.97 256630000.0 9883750000.0
203 Jan 02, 2018 4.09 4.31 3.84 4.0 269750000.0 11363400000.0
204 Jan 03, 2018 4.0 4.18 3.9 4.13 203783000.0 11109700000.0
205 Jan 04, 2018 4.13 4.5 3.75 4.08 376974000.0 11466400000.0
206 Jan 05, 2018 4.06 4.2 3.66 3.75 219320000.0 11286600000.0
207 Jan 06, 2018 3.75 4.19 3.75 3.94 161228000.0 10436900000.0
208 Jan 07, 2018 3.95 4.58 3.93 4.07 249833000.0 10968300000.0
209 Jan 08, 2018 4.07 4.19 3.36 3.85 317248000.0 11314500000.0
210 Jan 09, 2018 3.84 3.92 3.45 3.54 200086000.0 10680500000.0
211 Jan 10, 2018 3.56 3.78 3.21 3.78 235594000.0 9883000000.0
212 Jan 11, 2018 3.78 3.82 3.18 3.37 245028000.0 10496300000.0
213 Jan 12, 2018 3.38 3.73 3.29 3.69 129802000.0 9393390000.0
214 Jan 13, 2018 3.7 4.1 3.7 3.94 198149000.0 10284600000.0
215 Jan 14, 2018 3.93 3.98 3.58 3.73 130318000.0 10937000000.0
216 Jan 15, 2018 3.72 3.76 3.48 3.48 94966600.0 10334400000.0
217 Jan 16, 2018 3.47 3.47 2.0 2.6 256703000.0 9646500000.0
218 Jan 17, 2018 2.6 2.92 1.99 2.72 239578000.0 7235510000.0
219 Jan 18, 2018 2.72 3.03 2.6 2.75 125440000.0 7559510000.0
220 Jan 19, 2018 2.75 2.93 2.56 2.7 103437000.0 7630760000.0
221 Jan 20, 2018 2.71 3.14 2.71 3.0 140378000.0 7530230000.0
222 Jan 21, 2018 3.01 3.01 2.64 2.77 94697300.0 8358740000.0
223 Jan 22, 2018 2.78 2.9 2.18 2.47 125555000.0 7738110000.0
224 Jan 23, 2018 2.47 2.62 2.24 2.5 81217500.0 6861570000.0
225 Jan 24, 2018 2.52 2.57 2.37 2.43 73441600.0 6998060000.0
226 Jan 25, 2018 2.46 2.59 2.34 2.37 56586500.0 6845150000.0
227 Jan 26, 2018 2.36 2.45 2.2 2.37 62216500.0 6558110000.0
228 Jan 27, 2018 2.38 2.49 2.37 2.45 43333600.0 6607670000.0
229 Jan 28, 2018 2.46 2.56 2.46 2.52 47752200.0 6830550000.0
230 Jan 29, 2018 2.52 2.58 2.4 2.58 60210600.0 7007530000.0
231 Jan 30, 2018 2.59 2.64 2.2 2.22 94218100.0 7195220000.0
232 Jan 31, 2018 2.22 2.34 2.18 2.31 48505200.0 6162980000.0
233 Feb 01, 2018 2.31 2.33 1.75 1.91 108876000.0 6419970000.0
234 Feb 02, 2018 1.9 1.92 1.41 1.81 118068000.0 5280740000.0
235 Feb 03, 2018 1.81 2.02 1.63 1.99 64062000.0 5023050000.0
236 Feb 04, 2018 1.98 2.07 1.64 1.74 59380900.0 5503780000.0
237 Feb 05, 2018 1.75 1.77 1.35 1.45 69213800.0 4867820000.0
238 Feb 06, 2018 1.48 1.7 1.2 1.62 101327000.0 4104810000.0
239 Feb 07, 2018 1.61 1.88 1.53 1.6 65922600.0 4491550000.0
240 Feb 08, 2018 1.61 1.85 1.61 1.78 51576300.0 4475690000.0
241 Feb 09, 2018 1.78 1.97 1.7 1.96 45992000.0 4953720000.0
242 Feb 10, 2018 1.96 2.13 1.78 1.86 68051900.0 5437920000.0
243 Feb 11, 2018 1.86 1.86 1.62 1.7 45356200.0 5165180000.0
244 Feb 12, 2018 1.71 1.91 1.71 1.87 36974300.0 4763780000.0
245 Feb 13, 2018 1.87 1.87 1.75 1.81 30056900.0 5211600000.0
246 Feb 14, 2018 1.82 2.03 1.79 2.03 53007600.0 5052450000.0
247 Feb 15, 2018 2.03 2.17 2.0 2.13 65315300.0 5635360000.0
248 Feb 16, 2018 2.12 2.18 2.0 2.1 44770200.0 5894520000.0
249 Feb 17, 2018 2.1 2.21 2.08 2.2 42149700.0 5842140000.0
250 Feb 18, 2018 2.2 2.21 1.98 1.98 43653800.0 6121620000.0
251 Feb 19, 2018 1.99 2.14 1.99 2.08 32581400.0 5521610000.0
252 Feb 20, 2018 2.09 2.12 1.88 1.91 49930400.0 5800510000.0
253 Feb 21, 2018 1.9 1.96 1.74 1.76 50765900.0 5270980000.0
254 Feb 22, 2018 1.75 1.86 1.58 1.62 53125800.0 4865110000.0
255 Feb 23, 2018 1.61 1.81 1.58 1.75 39323100.0 4480180000.0
256 Feb 24, 2018 1.75 1.8 1.65 1.78 41594100.0 4867920000.0
257 Feb 25, 2018 1.77 1.98 1.75 1.81 103799000.0 4916700000.0
258 Feb 26, 2018 1.82 1.9 1.77 1.87 43478500.0 5049480000.0
259 Feb 27, 2018 1.88 2.08 1.82 1.97 63311700.0 5217570000.0
260 Feb 28, 2018 1.97 2.02 1.85 1.86 39190300.0 5478340000.0
261 Mar 01, 2018 1.85 2.01 1.84 1.97 41523600.0 5152710000.0
262 Mar 02, 2018 1.98 2.01 1.86 1.92 27602600.0 5507790000.0
263 Mar 03, 2018 1.91 1.96 1.85 1.86 25861200.0 5305170000.0
264 Mar 04, 2018 1.86 1.91 1.81 1.89 28452300.0 5179190000.0
265 Mar 05, 2018 1.9 1.9 1.85 1.88 24413600.0 5272230000.0
266 Mar 06, 2018 1.87 1.89 1.66 1.7 61796200.0 5201320000.0
267 Mar 07, 2018 1.7 1.71 1.38 1.53 68445500.0 4721900000.0
268 Mar 08, 2018 1.53 1.55 1.39 1.4 35024800.0 4256700000.0
269 Mar 09, 2018 1.4 1.41 1.2 1.39 58591300.0 3881080000.0
270 Mar 10, 2018 1.4 1.47 1.29 1.31 31847500.0 3892330000.0
271 Mar 11, 2018 1.3 1.43 1.27 1.39 31315700.0 3629610000.0
272 Mar 12, 2018 1.39 1.42 1.28 1.34 27739400.0 3863920000.0
273 Mar 13, 2018 1.33 1.35 1.29 1.31 22675600.0 3712760000.0
274 Mar 14, 2018 1.31 1.36 1.11 1.12 45727000.0 3640500000.0
275 Mar 15, 2018 1.12 1.14 1.04 1.09 43235400.0 3119630000.0
276 Mar 16, 2018 1.1 1.15 1.03 1.1 29977700.0 3061520000.0
277 Mar 17, 2018 1.1 1.15 1.07 1.14 38853100.0 3066750000.0
278 Mar 18, 2018 1.14 1.29 1.06 1.23 111700000.0 3168980000.0
279 Mar 19, 2018 1.24 1.34 1.19 1.33 55966600.0 3437690000.0
280 Mar 20, 2018 1.33 1.52 1.3 1.44 67039500.0 3697640000.0
281 Mar 21, 2018 1.45 1.49 1.34 1.37 57554800.0 4037020000.0
282 Mar 22, 2018 1.37 1.41 1.27 1.33 35665500.0 3807750000.0
283 Mar 23, 2018 1.32 1.34 1.25 1.34 30507500.0 3684080000.0
284 Mar 24, 2018 1.35 1.41 1.32 1.32 29655100.0 3762660000.0
285 Mar 25, 2018 1.31 1.35 1.28 1.32 26291200.0 3654020000.0
286 Mar 26, 2018 1.32 1.33 1.18 1.24 32849900.0 3675430000.0
287 Mar 27, 2018 1.23 1.24 1.16 1.17 29726700.0 3431480000.0
