0 Sep 20, 2017 0.16 0.19 0.15 0.19 2718640.0 54773000.0
1 Sep 21, 2017 0.19 0.21 0.15 0.17 2126270.0 66196100.0
2 Sep 22, 2017 0.17 0.18 0.14 0.15 1423220.0 59438900.0
3 Sep 23, 2017 0.15 0.16 0.13 0.13 1186670.0 52346600.0
4 Sep 24, 2017 0.13 0.19 0.13 0.17 1025740.0 45888600.0
5 Sep 25, 2017 0.17 0.18 0.16 0.18 1021370.0 59722600.0
6 Sep 26, 2017 0.18 0.22 0.18 0.19 1319050.0 63713600.0
7 Sep 27, 2017 0.19 0.21 0.19 0.19 1097010.0 68158000.0
8 Sep 28, 2017 0.19 0.28 0.19 0.24 8113680.0 67681900.0
9 Sep 29, 2017 0.24 0.33 0.21 0.31 8896430.0 85903000.0
10 Sep 30, 2017 0.31 0.47 0.3 0.45 23440700.0 109374000.0
11 Oct 01, 2017 0.45 0.45 0.38 0.44 10005100.0 158041000.0
12 Oct 02, 2017 0.44 0.44 0.36 0.36 7101340.0 153183000.0
13 Oct 03, 2017 0.37 0.37 0.29 0.34 8211990.0 128539000.0
14 Oct 04, 2017 0.34 0.4 0.34 0.4 7604930.0 120115000.0
15 Oct 05, 2017 0.4 0.42 0.38 0.41 6291110.0 138960000.0
16 Oct 06, 2017 0.41 0.48 0.4 0.47 12167500.0 142212000.0
17 Oct 07, 2017 0.47 0.48 0.42 0.46 7408570.0 165286000.0
18 Oct 08, 2017 0.46 0.47 0.36 0.4 7203350.0 161870000.0
19 Oct 09, 2017 0.4 0.44 0.36 0.38 6781680.0 141577000.0
20 Oct 10, 2017 0.38 0.43 0.36 0.41 7138890.0 133140000.0
21 Oct 11, 2017 0.42 0.45 0.41 0.45 5477860.0 145721000.0
22 Oct 12, 2017 0.45 0.47 0.42 0.44 8959280.0 158510000.0
23 Oct 13, 2017 0.44 0.47 0.41 0.43 7521630.0 154573000.0
24 Oct 14, 2017 0.43 0.46 0.39 0.39 4219350.0 152197000.0
25 Oct 15, 2017 0.39 0.42 0.37 0.41 5135330.0 136897000.0
26 Oct 16, 2017 0.41 0.53 0.39 0.42 12123000.0 145434000.0
27 Oct 17, 2017 0.42 0.42 0.36 0.4 6321060.0 147834000.0
28 Oct 18, 2017 0.4 0.4 0.33 0.37 5336930.0 140956000.0
29 Oct 19, 2017 0.37 0.38 0.29 0.3 5812480.0 128733000.0
30 Oct 20, 2017 0.3 0.32 0.22 0.22 7715660.0 104618000.0
31 Oct 21, 2017 0.22 0.27 0.2 0.25 5154740.0 78201800.0
32 Oct 22, 2017 0.26 0.28 0.25 0.26 4038780.0 90365200.0
33 Oct 23, 2017 0.26 0.28 0.23 0.25 2972470.0 92349700.0
34 Oct 24, 2017 0.24 0.29 0.24 0.25 3665750.0 85667600.0
35 Oct 25, 2017 0.26 0.26 0.23 0.25 2161880.0 89338400.0
36 Oct 26, 2017 0.25 0.25 0.22 0.23 1681240.0 88911700.0
37 Oct 27, 2017 0.23 0.23 0.22 0.22 1419580.0 79660300.0
38 Oct 28, 2017 0.22 0.23 0.2 0.21 1522820.0 78613400.0
39 Oct 29, 2017 0.2 0.22 0.18 0.2 2352990.0 71964600.0
40 Oct 30, 2017 0.2 0.21 0.2 0.21 1492410.0 69736100.0
41 Oct 31, 2017 0.21 0.22 0.18 0.19 2251570.0 74010000.0
42 Nov 01, 2017 0.19 0.19 0.15 0.16 3130450.0 66630200.0
43 Nov 02, 2017 0.16 0.19 0.14 0.17 3643740.0 54879700.0
44 Nov 03, 2017 0.16 0.19 0.16 0.17 2411460.0 56400000.0
45 Nov 04, 2017 0.17 0.18 0.16 0.18 1757130.0 59603300.0
46 Nov 05, 2017 0.18 0.18 0.17 0.17 1080670.0 61922500.0
47 Nov 06, 2017 0.17 0.17 0.16 0.17 1599470.0 60679600.0
48 Nov 07, 2017 0.17 0.18 0.16 0.18 1267510.0 58742700.0
49 Nov 08, 2017 0.18 0.26 0.17 0.21 5493180.0 62064900.0
50 Nov 09, 2017 0.22 0.25 0.2 0.22 3347920.0 75849700.0
51 Nov 10, 2017 0.22 0.23 0.18 0.19 2125460.0 78645100.0
52 Nov 11, 2017 0.19 0.2 0.17 0.18 2238980.0 65239300.0
53 Nov 12, 2017 0.18 0.2 0.14 0.17 5455200.0 62883400.0
54 Nov 13, 2017 0.17 0.2 0.17 0.18 2992650.0 59191100.0
55 Nov 14, 2017 0.18 0.2 0.17 0.19 2203410.0 64685100.0
56 Nov 15, 2017 0.19 0.19 0.18 0.19 1689780.0 65664700.0
57 Nov 16, 2017 0.19 0.19 0.16 0.17 1766160.0 65618600.0
58 Nov 17, 2017 0.17 0.17 0.15 0.16 2547360.0 59309100.0
59 Nov 18, 2017 0.15 0.18 0.15 0.17 1948470.0 54253000.0
60 Nov 19, 2017 0.17 0.17 0.16 0.16 1646620.0 59779400.0
61 Nov 20, 2017 0.16 0.17 0.16 0.16 1916880.0 56827900.0
62 Nov 21, 2017 0.16 0.17 0.15 0.15 1952710.0 57216700.0
63 Nov 22, 2017 0.16 0.17 0.15 0.17 2709660.0 54942900.0
64 Nov 23, 2017 0.17 0.19 0.16 0.16 3325760.0 59379300.0
65 Nov 24, 2017 0.17 0.19 0.15 0.19 3763260.0 57860800.0
66 Nov 25, 2017 0.19 0.19 0.17 0.18 2292830.0 67483800.0
67 Nov 26, 2017 0.18 0.18 0.17 0.18 1860700.0 64222100.0
68 Nov 27, 2017 0.18 0.18 0.17 0.18 4242550.0 64010900.0
69 Nov 28, 2017 0.19 0.19 0.17 0.18 5251760.0 65387300.0
70 Nov 29, 2017 0.18 0.18 0.14 0.14 5052720.0 61798300.0
71 Nov 30, 2017 0.15 0.18 0.14 0.17 4621870.0 51575900.0
72 Dec 01, 2017 0.17 0.18 0.16 0.18 4352980.0 59334900.0
73 Dec 02, 2017 0.18 0.22 0.17 0.21 7396790.0 62279400.0
74 Dec 03, 2017 0.21 0.26 0.19 0.23 8765840.0 72799200.0
75 Dec 04, 2017 0.23 0.25 0.21 0.23 6981590.0 81408100.0
76 Dec 05, 2017 0.23 0.31 0.22 0.31 12459200.0 80244600.0
77 Dec 06, 2017 0.31 0.35 0.27 0.29 12387900.0 109325000.0
78 Dec 07, 2017 0.28 0.31 0.23 0.26 6697780.0 99291400.0
79 Dec 08, 2017 0.26 0.27 0.21 0.24 4528570.0 91001400.0
80 Dec 09, 2017 0.24 0.27 0.23 0.24 3173600.0 85744800.0
81 Dec 10, 2017 0.24 0.27 0.21 0.25 3142570.0 84369300.0
82 Dec 11, 2017 0.26 0.29 0.24 0.26 7534170.0 89277800.0
83 Dec 12, 2017 0.25 0.27 0.21 0.23 10320200.0 88940000.0
84 Dec 13, 2017 0.23 0.29 0.22 0.26 10439800.0 80999700.0
85 Dec 14, 2017 0.26 0.37 0.25 0.31 16021700.0 91461900.0
86 Dec 15, 2017 0.31 0.35 0.26 0.32 13211800.0 109412000.0
87 Dec 16, 2017 0.32 0.35 0.29 0.34 13859700.0 111369000.0
88 Dec 17, 2017 0.34 0.44 0.34 0.42 20035600.0 119647000.0
89 Dec 18, 2017 0.42 0.43 0.36 0.43 18220400.0 146394000.0
90 Dec 19, 2017 0.43 0.51 0.41 0.44 13254800.0 150876000.0
91 Dec 20, 2017 0.44 0.44 0.35 0.37 10481200.0 153555000.0
92 Dec 21, 2017 0.38 0.47 0.37 0.42 12030600.0 132497000.0
93 Dec 22, 2017 0.43 0.46 0.28 0.43 14979800.0 149677000.0
94 Dec 23, 2017 0.44 0.72 0.44 0.58 24055000.0 153745000.0
95 Dec 24, 2017 0.58 0.6 0.44 0.54 15183200.0 204597000.0
96 Dec 25, 2017 0.55 0.58 0.49 0.5 7740550.0 192268000.0
97 Dec 26, 2017 0.51 0.55 0.43 0.52 10452900.0 177201000.0
98 Dec 27, 2017 0.52 0.53 0.46 0.51 6065390.0 180498000.0
99 Dec 28, 2017 0.5 0.51 0.44 0.51 5458410.0 175974000.0
100 Dec 29, 2017 0.51 0.52 0.46 0.49 5757530.0 177856000.0
101 Dec 30, 2017 0.49 0.59 0.43 0.59 9126190.0 170801000.0
102 Dec 31, 2017 0.56 0.61 0.52 0.6 9962080.0 195583000.0
103 Jan 01, 2018 0.6 0.74 0.57 0.73 11506300.0 210145000.0
104 Jan 02, 2018 0.73 0.76 0.58 0.67 12671100.0 255179000.0
105 Jan 03, 2018 0.67 0.7 0.63 0.68 8620400.0 234430000.0
106 Jan 04, 2018 0.68 1.02 0.68 0.98 24679000.0 238033000.0
107 Jan 05, 2018 0.96 1.26 0.85 0.91 23599300.0 335557000.0
108 Jan 06, 2018 0.96 1.19 0.94 1.06 16319300.0 337679000.0
109 Jan 07, 2018 1.09 1.32 1.01 1.27 23308800.0 380912000.0
110 Jan 08, 2018 1.27 1.44 1.05 1.38 25545400.0 445086000.0
111 Jan 09, 2018 1.38 1.42 1.18 1.23 14301200.0 482408000.0
112 Jan 10, 2018 1.24 1.26 1.09 1.19 11260700.0 433396000.0
113 Jan 11, 2018 1.18 1.29 0.97 1.01 10009300.0 414294000.0
114 Jan 12, 2018 1.03 1.14 0.99 1.05 9231200.0 360412000.0
115 Jan 13, 2018 1.05 1.28 1.05 1.1 12319900.0 368709000.0
116 Jan 14, 2018 1.11 1.15 0.94 1.01 5844480.0 387253000.0
117 Jan 15, 2018 1.01 1.04 0.85 0.88 8351260.0 352434000.0
118 Jan 16, 2018 0.88 0.88 0.52 0.76 8988860.0 308620000.0
119 Jan 17, 2018 0.75 0.77 0.48 0.7 7658770.0 263146000.0
120 Jan 18, 2018 0.7 0.82 0.69 0.74 5953820.0 245859000.0
121 Jan 19, 2018 0.74 0.91 0.7 0.81 7383730.0 258709000.0
122 Jan 20, 2018 0.82 1.22 0.81 1.22 13848900.0 287236000.0
123 Jan 21, 2018 1.2 1.2 0.84 0.89 22703900.0 418474000.0
124 Jan 22, 2018 0.91 1.01 0.73 0.8 12408600.0 317028000.0
125 Jan 23, 2018 0.8 0.86 0.72 0.8 7552930.0 280782000.0
126 Jan 24, 2018 0.8 0.83 0.77 0.79 6451640.0 279597000.0
127 Jan 25, 2018 0.8 0.83 0.72 0.76 6271900.0 280134000.0
128 Jan 26, 2018 0.76 0.79 0.68 0.71 5618280.0 264884000.0
129 Jan 27, 2018 0.71 0.85 0.69 0.78 14915400.0 248836000.0
130 Jan 28, 2018 0.79 0.85 0.75 0.76 9034380.0 276335000.0
131 Jan 29, 2018 0.76 0.76 0.69 0.7 5220320.0 264879000.0
132 Jan 30, 2018 0.7 0.7 0.56 0.6 5598540.0 245002000.0
133 Jan 31, 2018 0.6 0.62 0.56 0.62 6957010.0 209605000.0
134 Feb 01, 2018 0.62 0.62 0.48 0.52 6605630.0 216986000.0
135 Feb 02, 2018 0.52 0.52 0.35 0.49 7123780.0 181454000.0
136 Feb 03, 2018 0.5 0.54 0.45 0.52 5826330.0 175041000.0
137 Feb 04, 2018 0.52 0.53 0.4 0.43 5171480.0 181514000.0
138 Feb 05, 2018 0.43 0.44 0.31 0.34 4347320.0 150555000.0
139 Feb 06, 2018 0.34 0.44 0.27 0.42 6105750.0 120298000.0
140 Feb 07, 2018 0.42 0.44 0.37 0.38 5201810.0 149035000.0
141 Feb 08, 2018 0.38 0.43 0.38 0.41 5285960.0 131433000.0
142 Feb 09, 2018 0.41 0.44 0.39 0.43 3047610.0 144210000.0
143 Feb 10, 2018 0.43 0.48 0.4 0.42 3474900.0 152426000.0
144 Feb 11, 2018 0.42 0.43 0.38 0.42 2544010.0 146901000.0
145 Feb 12, 2018 0.42 0.52 0.41 0.49 7646360.0 146139000.0
146 Feb 13, 2018 0.49 0.62 0.48 0.57 30283200.0 171125000.0
147 Feb 14, 2018 0.56 0.59 0.53 0.57 11953100.0 197472000.0
148 Feb 15, 2018 0.57 0.58 0.53 0.56 7288970.0 198886000.0
149 Feb 16, 2018 0.56 0.67 0.56 0.64 9385160.0 196631000.0
150 Feb 17, 2018 0.64 0.68 0.64 0.67 8038940.0 225519000.0
151 Feb 18, 2018 0.68 0.78 0.59 0.76 15946800.0 236832000.0
152 Feb 19, 2018 0.76 0.88 0.71 0.77 29965000.0 266022000.0
153 Feb 20, 2018 0.77 0.82 0.7 0.7 11664800.0 269941000.0
154 Feb 21, 2018 0.69 0.73 0.62 0.65 7049450.0 243377000.0
155 Feb 22, 2018 0.65 0.71 0.58 0.6 5678200.0 229178000.0
156 Feb 23, 2018 0.6 0.68 0.57 0.67 6902820.0 210425000.0
157 Feb 24, 2018 0.68 0.72 0.62 0.65 5582380.0 236609000.0
158 Feb 25, 2018 0.65 0.7 0.64 0.68 5793540.0 226104000.0
159 Feb 26, 2018 0.67 0.7 0.64 0.69 4113690.0 235463000.0
160 Feb 27, 2018 0.69 0.73 0.68 0.72 5426840.0 242151000.0
161 Feb 28, 2018 0.72 0.74 0.66 0.66 4943770.0 253450000.0
162 Mar 01, 2018 0.66 0.68 0.65 0.66 3992240.0 231802000.0
163 Mar 02, 2018 0.66 0.67 0.65 0.65 3763040.0 231582000.0
164 Mar 03, 2018 0.65 0.67 0.61 0.63 3547810.0 228254000.0
165 Mar 04, 2018 0.63 0.64 0.57 0.59 4243320.0 220226000.0
166 Mar 05, 2018 0.59 0.61 0.58 0.59 4530590.0 207965000.0
167 Mar 06, 2018 0.58 0.58 0.53 0.53 3218950.0 204292000.0
168 >Mar 07, 201 0.53 0.57 0.46 0.52 5364650.0 186842000.0
169 Mar 08, 2018 0.52 0.52 0.46 0.49 3397200.0 181115000.0
170 Mar 09, 2018 0.48 0.49 0.43 0.48 3412130.0 169899000.0
171 Mar 10, 2018 0.48 0.51 0.47 0.47 2491710.0 167545000.0
172 Mar 11, 2018 0.47 0.52 0.45 0.51 2527380.0 162984000.0
173 Mar 12, 2018 0.51 0.56 0.5 0.51 5513180.0 178847000.0
174 Mar 13, 2018 0.51 0.56 0.5 0.56 4227540.0 177627000.0
175 Mar 14, 2018 0.57 0.58 0.43 0.44 5288160.0 198170000.0
176 Mar 15, 2018 0.44 0.44 0.4 0.42 8460960.0 154923000.0
177 Mar 16, 2018 0.42 0.44 0.42 0.42 10271100.0 146300000.0
178 Mar 17, 2018 0.42 0.42 0.37 0.37 9340520.0 148398000.0
179 Mar 18, 2018 0.37 0.38 0.28 0.37 9742300.0 130316000.0
180 Mar 19, 2018 0.37 0.39 0.35 0.38 8994920.0 129886000.0
181 Mar 20, 2018 0.39 0.4 0.36 0.39 8897510.0 135596000.0
182 Mar 21, 2018 0.39 0.46 0.39 0.45 12823600.0 137361000.0
183 Mar 22, 2018 0.44 0.46 0.39 0.42 10720800.0 155626000.0
184 Mar 23, 2018 0.42 0.43 0.38 0.41 9846940.0 146961000.0
185 Mar 24, 2018 0.41 0.43 0.4 0.42 8999810.0 145020000.0
186 Mar 25, 2018 0.41 0.42 0.39 0.41 8585700.0 143621000.0
187 Mar 26, 2018 0.41 0.41 0.35 0.37 9116330.0 142011000.0
188 Mar 27, 2018 0.37 0.37 0.34 0.34 6654480.0 129930000.0
