0 Oct 27, 2015 1.47 1.48 1.46 1.47 728.45 0.0
1 Oct 28, 2015 1.47 1.55 1.47 1.52 4282.83 0.0
2 Oct 29, 2015 1.55 1.62 1.52 1.62 4211.34 0.0
3 Oct 30, 2015 1.62 1.72 1.59 1.69 5655.38 0.0
4 Oct 31, 2015 1.7 1.72 1.55 1.57 3770.18 0.0
5 Nov 01, 2015 1.57 1.69 1.56 1.68 3331.5 0.0
6 Nov 02, 2015 1.68 1.89 1.64 1.84 4418.29 0.0
7 Nov 03, 2015 1.84 2.16 1.82 2.08 6807.88 0.0
8 Nov 04, 2015 2.08 2.55 1.93 2.09 9165.78 0.0
9 Nov 05, 2015 2.07 2.27 1.9 1.96 855.0 0.0
10 Nov 06, 2015 1.97 1.97 1.82 1.82 73.24 0.0
11 Nov 07, 2015 1.95 2.01 1.94 1.99 753.01 0.0
12 Nov 08, 2015 1.98 2.01 1.9 1.92 1092.28 0.0
13 Nov 09, 2015 1.93 1.98 1.82 1.94 4313.29 0.0
14 Nov 10, 2015 1.94 1.97 1.65 1.74 2086.55 0.0
15 Nov 11, 2015 1.75 1.75 1.46 1.65 6070.61 0.0
16 Nov 12, 2015 1.66 1.77 1.49 1.62 2957.78 0.0
17 Nov 13, 2015 1.62 1.66 1.57 1.61 819.69 0.0
18 Nov 14, 2015 1.61 1.64 1.53 1.6 518.22 0.0
19 Nov 15, 2015 1.6 1.61 1.5 1.56 60.47 0.0
20 Nov 16, 2015 1.56 1.62 1.5 1.62 478.0 0.0
21 Nov 17, 2015 1.62 1.65 1.6 1.64 699.67 0.0
22 Nov 18, 2015 1.64 1.65 1.62 1.64 44.1 0.0
23 Nov 19, 2015 1.64 1.64 1.59 1.59 66.89 0.0
24 Nov 20, 2015 1.59 1.6 1.5 1.57 207.03 0.0
25 Nov 21, 2015 1.57 1.61 1.56 1.59 83.75 0.0
26 Nov 22, 2015 1.59 1.6 1.54 1.59 185.0 0.0
27 Nov 23, 2015 1.59 1.59 1.52 1.53 297.83 0.0
28 Nov 24, 2015 1.53 1.53 1.51 1.51 19.76 0.0
29 >Nov 25, 201 1.53 1.59 1.53 1.59 83.11 0.0
30 Nov 26, 2015 1.58 1.75 1.58 1.67 170.27 0.0
31 Nov 27, 2015 1.66 1.77 1.66 1.72 165.16 0.0
32 Nov 28, 2015 1.71 1.76 1.68 1.74 509.65 0.0
33 Nov 29, 2015 1.74 1.78 1.72 1.78 371.49 0.0
34 Nov 30, 2015 1.78 1.86 1.48 1.5 510.44 0.0
35 Dec 01, 2015 1.5 1.67 1.5 1.56 444.92 0.0
36 Dec 02, 2015 1.56 1.61 1.46 1.54 86.49 0.0
37 Dec 03, 2015 1.54 1.63 1.54 1.56 186.86 0.0
38 Dec 04, 2015 1.56 1.63 1.55 1.63 230.11 0.0
39 Dec 05, 2015 1.63 1.84 1.63 1.83 611.6 0.0
40 Dec 06, 2015 1.84 1.9 1.82 1.83 548.18 0.0
41 Dec 07, 2015 1.83 1.88 1.64 1.66 35.96 0.0
42 Dec 08, 2015 1.66 1.88 1.64 1.88 154.54 0.0
43 Dec 09, 2015 1.87 2.0 1.67 1.67 129.05 0.0
44 Dec 10, 2015 1.67 2.1 1.67 1.89 579.69 0.0
45 Dec 11, 2015 1.89 2.17 1.89 2.17 207.8 0.0
46 Dec 12, 2015 2.17 2.25 1.98 2.11 512.48 0.0
47 Dec 13, 2015 2.11 2.21 2.07 2.17 1.81 0.0
48 Dec 14, 2015 2.17 2.23 2.15 2.23 1.86 0.0
49 Dec 15, 2015 2.13 2.29 2.13 2.29 258.81 0.0
50 Dec 16, 2015 2.29 2.32 2.19 2.3 236.22 0.0
51 Dec 17, 2015 2.3 2.3 2.17 2.19 112.77 0.0
52 Dec 18, 2015 2.19 2.23 2.18 2.2 113.45 0.0
53 Dec 19, 2015 2.34 2.6 2.34 2.39 1881.9 0.0
54 Dec 20, 2015 2.39 2.63 2.02 2.06 514.36 0.0
55 Dec 21, 2015 2.06 2.49 1.99 2.05 360.53 0.0
56 Dec 22, 2015 2.04 2.53 1.99 1.99 372.03 0.0
57 Dec 23, 2015 1.99 2.18 1.75 2.1 859.66 0.0
58 Dec 24, 2015 2.1 2.3 2.04 2.23 440.6 0.0
59 Dec 25, 2015 2.23 2.52 2.23 2.52 685.99 0.0
60 Dec 26, 2015 2.52 2.58 2.3 2.37 148.33 0.0
61 Dec 27, 2015 2.37 2.37 2.32 2.34 146.63 0.0
62 Dec 28, 2015 2.09 2.42 2.07 2.35 281.05 0.0
63 Dec 29, 2015 2.35 2.36 1.96 1.97 298.94 0.0
64 Dec 30, 2015 1.98 2.15 1.92 2.09 216.02 0.0
65 Dec 31, 2015 2.09 2.19 2.08 2.18 117.42 0.0
66 Jan 01, 2016 2.18 2.21 2.03 2.17 1364.25 0.0
67 Jan 02, 2016 2.17 2.22 1.73 2.21 149.24 0.0
68 Jan 03, 2016 2.21 2.21 2.04 2.06 365.7 0.0
69 Jan 04, 2016 2.06 2.39 2.06 2.38 449.38 0.0
70 Jan 05, 2016 2.38 2.46 2.01 2.01 730.82 0.0
71 Jan 06, 2016 2.01 2.12 1.95 2.03 389.83 0.0
72 Jan 07, 2016 2.04 2.26 1.96 1.97 925.24 0.0
73 Jan 08, 2016 1.97 2.4 1.95 2.4 287.76 0.0
74 Jan 09, 2016 2.4 2.4 2.16 2.17 878.95 0.0
75 Jan 10, 2016 2.17 2.29 2.15 2.29 244.34 0.0
76 Jan 11, 2016 2.29 2.31 2.27 2.31 89.32 0.0
77 Jan 12, 2016 2.31 2.37 2.05 2.31 336.53 0.0
78 Jan 13, 2016 2.3 2.31 2.25 2.29 309.89 0.0
79 Jan 14, 2016 2.29 2.29 2.27 2.29 45.78 0.0
80 Jan 15, 2016 2.17 2.18 1.93 1.93 691.48 0.0
81 Jan 16, 2016 1.93 2.07 1.88 2.05 700.29 0.0
82 Jan 17, 2016 2.05 2.07 2.01 2.02 66.81 0.0
83 Jan 18, 2016 2.02 2.09 1.99 2.06 460.15 0.0
84 Jan 19, 2016 2.09 2.2 2.07 2.17 808.93 0.0
85 Jan 20, 2016 2.16 2.51 2.15 2.48 1379.65 0.0
86 Jan 21, 2016 2.48 2.49 2.4 2.42 302.06 0.0
87 Jan 22, 2016 2.42 2.42 2.29 2.32 24.0 0.0
88 Jan 24, 2016 2.3 2.39 2.25 2.26 92.79 0.0
89 Jan 25, 2016 2.26 2.29 2.14 2.15 219.76 0.0
90 Jan 26, 2016 2.16 2.4 2.15 2.35 1891.47 0.0
91 Jan 27, 2016 2.35 2.85 2.25 2.84 4222.73 0.0
92 Jan 28, 2016 2.85 2.85 2.4 2.66 1184.29 0.0
93 Jan 29, 2016 2.66 2.66 2.29 2.58 2188.91 0.0
94 Jan 30, 2016 2.58 2.81 2.21 2.38 1734.8 0.0
95 Jan 31, 2016 2.38 2.42 1.79 2.14 478.7 0.0
96 Feb 01, 2016 2.14 2.65 1.73 2.37 2033.24 0.0
97 Feb 02, 2016 2.37 2.59 2.17 2.25 943.18 0.0
98 Feb 03, 2016 2.25 2.6 1.68 2.48 2326.12 0.0
99 Feb 04, 2016 2.48 2.67 2.32 2.49 919.83 0.0
100 Feb 05, 2016 2.49 2.88 2.45 2.88 1048.4 0.0
101 Feb 06, 2016 2.88 2.88 2.77 2.8 1050.25 0.0
102 Feb 07, 2016 2.8 2.83 2.79 2.8 404.3 0.0
103 Feb 08, 2016 2.8 2.84 2.78 2.78 2111.58 0.0
104 Feb 09, 2016 2.78 2.83 2.78 2.81 781.13 0.0
105 Feb 10, 2016 2.78 2.81 2.78 2.81 1551.53 0.0
106 Feb 11, 2016 7.09 7.09 3.03 3.19 2121.58 0.0
107 Feb 12, 2016 3.19 3.79 3.02 3.54 10571.9 0.0
108 Feb 13, 2016 3.54 3.76 3.26 3.76 4839.64 0.0
109 Feb 14, 2016 3.76 3.84 3.33 3.46 1873.41 0.0
110 Feb 15, 2016 3.46 4.0 3.46 3.76 16199.9 0.0
111 Feb 16, 2016 3.77 4.06 3.77 3.87 4135.19 0.0
112 Feb 17, 2016 3.87 4.25 3.86 4.16 6217.61 0.0
113 Feb 18, 2016 4.17 4.37 3.82 4.1 2745.54 0.0
114 Feb 19, 2016 4.1 4.27 3.88 4.18 4839.56 0.0
115 Feb 20, 2016 4.19 4.41 4.05 4.33 4381.62 0.0
116 Feb 21, 2016 4.33 4.45 3.95 4.25 5238.46 0.0
117 Feb 22, 2016 4.25 4.38 3.28 4.38 3574.15 0.0
118 Feb 23, 2016 4.38 4.42 4.23 4.25 3159.04 0.0
119 Feb 24, 2016 4.25 4.8 3.59 4.8 11470.1 0.0
120 Feb 25, 2016 4.8 4.92 4.21 4.63 14119.4 0.0
121 Feb 26, 2016 4.63 4.96 4.19 4.88 3907.67 0.0
122 Feb 27, 2016 4.89 4.99 4.38 4.39 3923.85 0.0
123 Feb 28, 2016 4.39 4.43 4.31 4.41 8.82 0.0
124 Feb 29, 2016 5.08 5.17 4.59 5.17 5831.56 0.0
125 Mar 01, 2016 5.16 5.22 4.97 5.17 13614.7 0.0
126 Mar 02, 2016 5.17 7.32 5.16 7.21 30134.2 0.0
127 Mar 03, 2016 7.21 8.03 6.04 8.01 57119.7 0.0
128 Mar 04, 2016 8.01 8.14 7.21 7.89 20309.5 0.0
129 Mar 05, 2016 7.89 8.07 7.15 7.21 28457.2 0.0
130 Mar 06, 2016 7.21 8.28 7.13 8.19 18326.1 0.0
131 Mar 07, 2016 8.19 8.53 7.04 8.49 19486.7 0.0
132 Mar 08, 2016 8.5 8.52 7.56 8.28 25264.1 0.0
133 Mar 09, 2016 8.28 8.51 7.0 8.17 22373.6 0.0
134 Mar 10, 2016 8.17 9.17 7.73 9.16 43685.8 0.0
135 Mar 11, 2016 9.16 9.31 8.34 9.3 29441.3 0.0
136 Mar 12, 2016 9.3 10.3 8.36 10.29 65511.9 0.0
137 Mar 13, 2016 10.29 10.36 8.57 10.16 5435.52 0.0
138 Mar 14, 2016 10.16 10.39 8.7 10.3 20413.2 0.0
139 Mar 15, 2016 10.3 12.93 10.0 12.92 48919.4 0.0
140 Mar 16, 2016 12.92 16.35 11.76 15.02 127764.0 0.0
141 Mar 17, 2016 15.05 16.48 10.92 12.66 31183.5 0.0
142 Mar 18, 2016 12.65 16.37 12.42 12.53 8312.19 0.0
143 Mar 19, 2016 12.52 14.76 12.5 14.36 1720.82 0.0
144 Mar 20, 2016 14.36 14.44 11.52 12.78 3101.53 0.0
145 Mar 21, 2016 12.77 12.77 9.5 11.6 47335.4 0.0
146 Mar 22, 2016 11.59 13.78 10.06 13.5 46246.4 0.0
147 Mar 23, 2016 13.5 13.51 10.1 12.12 14209.7 0.0
148 Mar 24, 2016 12.13 12.14 11.3 11.63 17800.2 0.0
149 Mar 25, 2016 11.62 11.67 11.09 11.51 36710.4 0.0
150 Mar 26, 2016 11.51 11.69 9.58 10.64 60487.2 0.0
151 Mar 27, 2016 10.65 11.73 10.56 11.09 29160.5 0.0
152 Mar 28, 2016 11.09 11.84 11.08 11.4 56555.4 0.0
153 Mar 29, 2016 11.4 12.47 9.38 9.39 15625.5 0.0
154 Mar 30, 2016 9.4 11.62 9.37 10.73 2913.16 0.0
155 Mar 31, 2016 10.74 11.68 8.39 9.96 11650.9 0.0
156 Apr 01, 2016 9.96 10.33 7.59 9.5 16540.6 0.0
157 Apr 02, 2016 9.51 9.6 7.67 9.51 16641.9 0.0
158 Apr 03, 2016 9.52 9.52 9.33 9.45 25516.5 0.0
159 Apr 04, 2016 9.46 9.53 8.17 9.27 35979.9 0.0
160 Apr 05, 2016 9.03 9.56 8.47 9.48 31210.6 0.0
161 Apr 06, 2016 9.48 9.49 8.91 9.39 66403.5 0.0
162 Apr 07, 2016 9.39 9.55 8.47 9.09 78918.4 0.0
163 Apr 08, 2016 9.09 9.56 8.4 8.41 17254.1 0.0
164 Apr 09, 2016 8.42 9.23 8.05 8.06 6090.69 0.0
165 Apr 10, 2016 8.06 8.87 6.33 7.67 9346.85 0.0
166 Apr 11, 2016 7.68 8.8 6.52 7.87 19203.2 0.0
167 Apr 12, 2016 7.87 8.08 5.99 6.84 13931.0 0.0
168 Apr 13, 2016 6.84 7.25 5.64 7.14 2958.69 0.0
169 Apr 14, 2016 7.15 7.23 6.73 6.92 4023.67 0.0
170 Apr 15, 2016 6.92 8.55 6.92 7.91 1642.87 0.0
171 Apr 16, 2016 7.91 8.0 5.83 7.19 11407.2 0.0
172 Apr 17, 2016 7.19 7.96 5.63 6.84 10380.0 0.0
173 Apr 18, 2016 6.84 8.58 6.84 8.14 8141.24 0.0
174 Apr 19, 2016 8.14 9.01 7.82 8.16 20129.1 0.0
175 Apr 20, 2016 8.16 8.98 7.94 7.95 5595.23 0.0
176 Apr 21, 2016 7.95 8.32 6.24 8.28 4259.68 0.0
177 Apr 22, 2016 8.28 8.34 6.44 7.21 5405.04 0.0
178 Apr 23, 2016 7.21 7.51 6.45 7.51 6765.25 0.0
179 Apr 24, 2016 7.52 8.41 6.33 7.48 7497.88 0.0
180 Apr 25, 2016 7.48 7.72 4.24 7.38 11460.4 0.0
181 Apr 26, 2016 7.39 7.4 4.25 6.92 4762.7 0.0
182 Apr 27, 2016 6.92 6.93 4.65 5.02 4800.45 0.0
183 Apr 28, 2016 5.03 7.43 4.93 6.94 5157.94 0.0
184 Apr 29, 2016 6.94 7.33 4.62 5.07 5571.19 0.0
185 Apr 30, 2016 5.07 7.03 4.77 5.24 3814.59 0.0
186 May 01, 2016 5.25 7.0 5.24 6.45 8049.75 0.0
187 May 02, 2016 6.45 7.11 5.22 7.03 6882.35 0.0
188 May 03, 2016 7.04 7.04 5.55 5.81 5379.65 0.0
189 May 04, 2016 5.81 6.86 5.76 6.49 8935.07 0.0
190 May 05, 2016 6.48 6.98 5.53 6.94 4370.64 0.0
191 May 06, 2016 6.94 6.99 5.74 5.74 4974.79 0.0
192 May 07, 2016 5.74 6.89 5.73 6.62 8401.07 0.0
193 May 08, 2016 6.62 6.63 5.94 5.96 6474.58 0.0
194 May 09, 2016 5.96 6.4 5.93 6.37 3185.39 0.0
195 May 10, 2016 6.37 9.23 2.76 7.17 7261.71 0.0
196 May 11, 2016 7.17 7.18 4.53 5.93 6197.61 0.0
197 May 12, 2016 5.93 6.69 5.01 6.68 4455.25 0.0
198 May 13, 2016 6.68 6.74 5.28 6.6 3315.44 0.0
199 May 14, 2016 6.6 6.61 6.58 6.59 3312.73 0.0
200 Aug 22, 2016 14.1 14.12 9.68 9.68 4270.2 0.0
201 Aug 23, 2016 9.68 12.95 9.68 10.15 1425.59 0.0
202 Aug 24, 2016 10.15 12.22 10.14 10.61 4245.89 0.0
203 Aug 25, 2016 10.61 11.53 10.53 10.63 1282.98 0.0
204 Aug 26, 2016 10.63 12.59 10.61 12.57 1818.5 0.0
205 Aug 27, 2016 12.57 12.57 10.99 12.36 402.66 0.0
206 Aug 28, 2016 12.35 12.44 9.73 9.76 224.39 0.0
207 Aug 29, 2016 9.76 11.52 9.76 11.48 1.09 0.0
208 Aug 30, 2016 11.48 11.49 9.81 9.81 1122.59 0.0
209 Aug 31, 2016 9.82 10.92 9.18 9.21 516.54 0.0
210 Sep 01, 2016 9.21 9.22 9.15 9.16 262.88 0.0
211 Sep 02, 2016 9.16 9.21 8.58 9.21 709.29 0.0
212 Sep 03, 2016 9.21 9.21 6.47 6.58 801.54 0.0
213 Sep 04, 2016 6.58 11.5 0.78 10.34 104.76 0.0
214 Sep 05, 2016 10.34 10.35 10.23 10.31 932.59 0.0
215 Sep 06, 2016 10.31 11.9 1.03 11.9 5134.59 0.0
216 Sep 07, 2016 11.9 11.91 10.47 10.57 1849.42 0.0
217 Sep 08, 2016 10.57 10.76 4.92 4.95 2026.29 0.0
218 Sep 09, 2016 4.95 9.97 4.9 9.97 772.42 0.0
219 Sep 10, 2016 9.96 10.0 9.96 9.98 220.0 0.0
220 Sep 11, 2016 9.98 11.65 9.61 9.71 198.46 0.0
221 Sep 12, 2016 9.71 11.67 9.69 11.67 6478.19 0.0
222 Sep 13, 2016 11.67 11.71 11.3 11.32 892.6 0.0
223 Sep 14, 2016 11.33 11.37 9.89 9.89 530.94 0.0
224 Sep 15, 2016 9.89 12.21 9.87 12.14 185.33 0.0
225 Sep 16, 2016 12.14 12.68 10.92 10.92 765.29 0.0
226 Sep 17, 2016 10.92 10.94 9.81 9.82 439.37 0.0
227 Sep 18, 2016 9.82 9.88 9.82 9.88 244.36 0.0
228 Sep 19, 2016 9.95 12.14 9.92 12.12 55.49 0.0
229 Sep 20, 2016 12.12 12.12 12.1 12.11 55.04 0.0
230 Sep 21, 2016 10.29 10.29 10.24 10.26 120.24 0.0
231 Sep 22, 2016 10.27 11.66 10.27 11.62 3488.05 0.0
232 Sep 23, 2016 11.62 11.94 11.61 11.93 602.86 0.0
233 Sep 24, 2016 11.93 11.97 10.36 10.36 1057.88 0.0
234 Sep 25, 2016 10.36 11.76 10.36 11.71 1.2 0.0
235 Sep 26, 2016 11.71 11.71 10.55 10.59 561.25 0.0
236 Sep 27, 2016 10.59 12.14 10.58 10.66 2557.76 0.0
237 Sep 28, 2016 10.66 10.67 10.28 10.28 0.18 0.0
238 Sep 29, 2016 10.28 13.46 10.28 11.26 1731.7 0.0
239 Sep 30, 2016 11.26 12.73 11.23 12.19 1706.06 0.0
240 Oct 01, 2016 12.19 12.3 12.19 12.27 592.64 0.0
241 Oct 02, 2016 12.27 13.43 12.23 13.42 1408.88 0.0
242 Oct 03, 2016 13.42 18.36 13.15 18.36 70973.4 0.0
243 Oct 04, 2016 18.36 18.36 8.05 14.33 36267.2 0.0
244 Oct 05, 2016 14.33 14.34 8.05 9.0 12065200.0 0.0
245 Oct 06, 2016 9.0 9.09 6.26 7.31 9462610.0 99024700.0
246 Oct 07, 2016 7.33 8.01 6.5 6.71 3666620.0 80687300.0
247 Oct 08, 2016 6.71 7.24 6.07 6.86 2552960.0 73760700.0
248 Oct 09, 2016 6.85 7.5 6.46 7.06 2654660.0 75343700.0
249 Oct 10, 2016 7.08 7.41 6.55 6.59 2121650.0 77912100.0
250 Oct 11, 2016 6.64 6.73 5.73 5.75 2559300.0 73011000.0
251 Oct 12, 2016 5.76 6.0 5.49 5.9 1257480.0 63391500.0
252 Oct 13, 2016 5.91 6.5 5.78 6.14 1464160.0 65057900.0
253 Oct 14, 2016 6.14 6.14 5.58 5.78 1119820.0 67574500.0
254 Oct 15, 2016 5.77 5.83 5.61 5.79 595304.0 63481300.0
255 Oct 16, 2016 5.8 5.8 5.69 5.7 262490.0 63772700.0
256 Oct 17, 2016 5.72 5.72 5.04 5.04 1065750.0 62895000.0
257 Oct 18, 2016 5.04 5.75 5.0 5.45 1201840.0 55487400.0
258 Oct 19, 2016 5.45 5.52 5.17 5.24 371488.0 59970100.0
259 Oct 20, 2016 5.24 5.27 5.05 5.11 237343.0 57679200.0
260 Oct 21, 2016 5.13 5.51 5.1 5.41 353304.0 56375000.0
261 Oct 22, 2016 5.44 5.44 5.17 5.33 348124.0 59801900.0
262 Oct 23, 2016 5.32 5.46 5.23 5.29 143175.0 58536200.0
263 Oct 24, 2016 5.28 5.33 5.12 5.13 229791.0 58084100.0
264 Oct 25, 2016 5.13 5.17 4.55 4.8 542001.0 56396800.0
265 Oct 26, 2016 4.83 5.32 4.72 5.1 734443.0 53162800.0
266 Oct 27, 2016 5.1 5.3 4.95 5.01 544258.0 56128200.0
267 >Oct 28, 201 5.01 5.02 4.42 4.42 415732.0 55134700.0
268 Oct 29, 2016 4.42 4.7 3.82 4.11 751009.0 48682400.0
269 Oct 30, 2016 4.16 4.7 4.12 4.65 346497.0 45800700.0
270 Oct 31, 2016 4.63 4.65 4.32 4.45 306438.0 50949600.0
271 Nov 01, 2016 4.45 4.45 3.59 4.05 957072.0 49002000.0
272 Nov 02, 2016 4.0 4.54 3.96 4.4 373719.0 43977100.0
273 >Nov 03, 201 4.41 4.5 4.31 4.5 463674.0 48460600.0
274 Nov 04, 2016 4.5 4.62 4.31 4.38 563631.0 49482300.0
275 Nov 05, 2016 4.38 5.78 4.37 5.38 713930.0 48130300.0
276 Nov 06, 2016 5.38 5.42 4.92 4.96 490816.0 59237300.0
277 Nov 07, 2016 4.95 5.18 4.63 4.86 562070.0 54497600.0
278 Nov 08, 2016 4.86 4.86 4.69 4.73 218784.0 53443900.0
279 Nov 09, 2016 4.72 4.79 4.14 4.46 925290.0 51975100.0
280 Nov 10, 2016 4.46 5.0 4.38 4.91 450393.0 49061400.0
281 Nov 11, 2016 4.92 5.08 4.69 4.84 268521.0 54109300.0
282 Nov 12, 2016 4.84 5.07 4.75 4.88 263426.0 53297100.0
283 Nov 13, 2016 4.88 5.01 4.65 4.66 129047.0 53640100.0
284 Nov 14, 2016 4.66 4.7 4.35 4.36 119725.0 51288700.0
285 Nov 15, 2016 4.36 4.6 4.36 4.6 242285.0 47907900.0
286 Nov 16, 2016 4.59 4.64 4.49 4.55 223103.0 50489200.0
287 Nov 17, 2016 4.55 4.59 4.42 4.48 290490.0 50086500.0
288 Nov 18, 2016 4.48 4.51 4.03 4.13 523043.0 49275900.0
289 Nov 19, 2016 4.19 4.74 4.14 4.63 3192770.0 46095400.0
290 Nov 20, 2016 4.6 4.73 4.29 4.53 295331.0 50603400.0
291 Nov 21, 2016 4.52 4.68 4.36 4.68 128983.0 49716700.0
292 Nov 22, 2016 4.68 4.7 4.34 4.52 176003.0 51484900.0
293 Nov 23, 2016 4.52 4.52 4.32 4.37 93338.5 49709100.0
294 Nov 24, 2016 4.37 4.43 4.12 4.22 166250.0 48110800.0
295 Nov 25, 2016 4.24 4.28 4.09 4.22 85457.4 46669500.0
296 Nov 26, 2016 4.18 4.36 4.05 4.16 133827.0 46032300.0
297 Nov 27, 2016 4.16 4.51 4.06 4.31 58510.3 45728300.0
298 Nov 28, 2016 4.31 4.32 3.59 3.7 461672.0 47403600.0
299 Nov 29, 2016 3.7 3.82 3.62 3.63 179441.0 40667300.0
300 Nov 30, 2016 3.63 3.72 3.62 3.69 120388.0 39962500.0
301 Dec 01, 2016 3.67 3.69 3.51 3.6 148843.0 40407900.0
302 Dec 02, 2016 3.58 3.59 3.23 3.33 209470.0 39419600.0
303 Dec 03, 2016 3.33 3.48 3.2 3.47 78469.4 36688400.0
304 Dec 04, 2016 3.46 3.47 3.26 3.31 36292.0 38074100.0
305 Dec 05, 2016 3.31 3.32 2.78 2.79 158124.0 36474000.0
306 Dec 06, 2016 2.81 3.08 2.03 3.04 1504100.0 30951200.0
307 Dec 07, 2016 3.03 3.46 2.81 3.22 365404.0 33359900.0
308 Dec 08, 2016 3.22 3.49 3.19 3.22 169892.0 35421000.0
309 Dec 09, 2016 3.21 3.5 3.15 3.35 205857.0 35356100.0
310 Dec 10, 2016 3.24 3.43 2.92 3.08 379640.0 35608500.0
311 Dec 11, 2016 3.06 3.23 3.06 3.19 66432.8 33616300.0
312 Dec 12, 2016 3.19 3.23 3.04 3.15 66192.6 35048500.0
313 Dec 13, 2016 3.16 3.18 3.01 3.1 65075.7 34718000.0
314 Dec 14, 2016 3.09 3.15 3.08 3.12 37148.6 34031700.0
315 Dec 15, 2016 3.12 3.13 2.95 2.96 52682.3 34370700.0
316 Dec 16, 2016 2.96 2.98 2.87 2.93 136916.0 32564600.0
317 Dec 17, 2016 2.93 2.93 2.77 2.8 135501.0 32237200.0
318 Dec 18, 2016 2.8 3.13 2.79 3.1 178476.0 30783700.0
319 Dec 19, 2016 3.09 3.12 2.95 2.95 72203.9 34018600.0
320 Dec 20, 2016 2.95 3.04 2.87 2.9 97303.8 32425000.0
321 Dec 21, 2016 2.81 2.93 2.72 2.88 208222.0 30863400.0
322 Dec 22, 2016 2.88 2.95 2.65 2.75 242067.0 31674700.0
323 Dec 23, 2016 2.76 2.9 2.48 2.54 350671.0 30355800.0
324 Dec 24, 2016 2.54 2.88 2.5 2.77 112675.0 27937400.0
325 Dec 25, 2016 2.77 3.14 2.66 2.76 210210.0 30454900.0
326 Dec 26, 2016 2.76 3.43 2.75 3.3 225805.0 30405900.0
327 Dec 27, 2016 3.3 3.52 3.27 3.47 247769.0 36302900.0
328 Dec 28, 2016 3.46 3.78 3.19 3.25 409937.0 38060800.0
329 Dec 29, 2016 3.25 3.78 3.22 3.5 258671.0 35719400.0
330 Dec 30, 2016 3.49 3.9 3.34 3.69 244089.0 38412100.0
331 Dec 31, 2016 3.68 4.13 3.65 3.77 206882.0 40521600.0
332 Jan 01, 2017 3.75 4.0 3.65 4.0 230517.0 41266900.0
333 Jan 02, 2017 3.99 4.21 3.86 4.19 266753.0 43852100.0
334 Jan 03, 2017 4.17 4.57 3.94 4.27 437238.0 45843100.0
335 Jan 04, 2017 4.29 5.03 4.27 4.94 411248.0 47206200.0
336 Jan 05, 2017 4.92 5.78 4.13 5.1 834470.0 54089100.0
337 Jan 06, 2017 5.06 5.38 4.44 5.11 567851.0 55685000.0
338 Jan 07, 2017 5.13 5.24 4.3 4.68 336699.0 56481600.0
339 Jan 08, 2017 4.69 4.82 4.39 4.56 182558.0 51572700.0
340 Jan 09, 2017 4.62 4.68 4.12 4.22 298534.0 50844100.0
341 Jan 10, 2017 4.22 4.35 4.15 4.21 154430.0 46474600.0
342 Jan 11, 2017 4.17 4.27 3.63 3.78 205051.0 45826100.0
343 Jan 12, 2017 3.78 4.11 3.61 4.1 93900.2 41548600.0
344 Jan 13, 2017 4.06 4.33 4.04 4.32 120206.0 44684000.0
345 Jan 14, 2017 4.31 4.43 4.21 4.29 220127.0 47429700.0
346 Jan 15, 2017 4.27 4.32 4.05 4.12 90877.7 47000200.0
347 Jan 16, 2017 4.11 4.21 3.99 4.0 80999.6 45224400.0
348 Jan 17, 2017 4.02 4.42 4.0 4.34 156941.0 44203200.0
349 Jan 18, 2017 4.34 4.43 4.08 4.4 177271.0 47721700.0
350 Jan 19, 2017 4.42 4.56 4.34 4.49 90338.2 48626200.0
351 Jan 20, 2017 4.49 4.54 4.41 4.43 111644.0 49400500.0
352 Jan 21, 2017 4.43 4.66 4.4 4.56 109464.0 48708900.0
353 Jan 22, 2017 4.59 4.69 4.46 4.66 148974.0 50452900.0
354 Jan 23, 2017 4.66 4.71 4.52 4.58 127108.0 51253400.0
355 Jan 24, 2017 4.56 4.61 4.2 4.33 241846.0 50152300.0
356 Jan 25, 2017 4.33 4.42 4.28 4.33 116659.0 47637800.0
357 Jan 26, 2017 4.29 4.47 4.14 4.14 259692.0 47174800.0
358 Jan 27, 2017 4.12 4.45 4.04 4.32 228350.0 45329800.0
359 Jan 28, 2017 4.32 4.37 4.0 4.26 255334.0 47518700.0
360 Jan 29, 2017 4.26 4.34 4.2 4.34 113178.0 46842600.0
361 Jan 30, 2017 4.32 4.35 4.19 4.22 68843.9 47543900.0
362 Jan 31, 2017 4.2 4.3 4.11 4.29 96346.4 46196100.0
363 Feb 01, 2017 4.29 4.32 4.09 4.21 164978.0 47226300.0
364 Feb 02, 2017 4.21 4.3 4.05 4.11 136148.0 46364600.0
365 Feb 03, 2017 4.09 4.31 4.0 4.1 276453.0 44990700.0
366 Feb 04, 2017 4.15 4.31 4.09 4.22 175939.0 45664600.0
367 Feb 05, 2017 4.23 4.29 4.14 4.15 72615.4 46507000.0
368 Feb 06, 2017 4.15 4.29 4.09 4.24 190404.0 45650000.0
369 Feb 07, 2017 4.25 4.37 4.18 4.31 150490.0 46714100.0
370 Feb 08, 2017 4.31 4.61 4.24 4.58 332664.0 47400500.0
371 Feb 09, 2017 4.58 4.86 4.21 4.33 300312.0 50385200.0
372 Feb 10, 2017 4.34 4.34 4.11 4.2 169611.0 47782200.0
373 Feb 11, 2017 4.2 4.45 4.17 4.31 91267.6 46215100.0
374 Feb 12, 2017 4.32 4.52 4.29 4.47 82760.9 47567400.0
375 Feb 13, 2017 4.51 4.7 4.28 4.31 210008.0 49668400.0
376 Feb 14, 2017 4.32 5.18 4.32 4.76 518341.0 47500300.0
377 Feb 15, 2017 4.77 4.91 4.68 4.85 282551.0 52427600.0
378 Feb 16, 2017 4.85 5.13 4.84 4.95 219938.0 53349100.0
379 Feb 17, 2017 4.94 5.13 4.91 4.92 144989.0 54372800.0
380 Feb 18, 2017 4.93 5.06 4.92 5.06 80607.6 54251100.0
381 Feb 19, 2017 5.07 5.21 5.07 5.19 124221.0 55728700.0
382 Feb 20, 2017 5.2 5.2 5.03 5.05 167989.0 57148100.0
383 Feb 21, 2017 5.03 5.09 4.63 4.64 363361.0 55318100.0
384 Feb 22, 2017 4.63 4.78 4.55 4.73 171787.0 50981300.0
385 Feb 23, 2017 4.73 4.99 4.69 4.87 99599.4 52004200.0
386 Feb 24, 2017 4.91 4.93 4.44 4.72 390417.0 53965000.0
387 Feb 25, 2017 4.71 4.93 4.7 4.74 121758.0 51821800.0
388 Feb 26, 2017 4.76 4.95 4.72 4.91 114914.0 52367000.0
389 Feb 27, 2017 4.92 4.94 4.75 4.79 113106.0 54077500.0
390 Feb 28, 2017 4.81 4.86 4.43 4.54 277464.0 52962500.0
391 Mar 01, 2017 4.54 5.11 4.47 5.11 497785.0 49936500.0
392 Mar 02, 2017 5.04 6.45 5.01 5.78 1447440.0 55504000.0
393 Mar 03, 2017 5.79 6.02 5.28 5.74 291826.0 63735900.0
394 Mar 04, 2017 5.72 6.13 5.54 5.57 182986.0 62951500.0
395 Mar 05, 2017 5.53 6.16 5.4 6.11 391595.0 60853000.0
396 Mar 06, 2017 6.14 6.17 5.8 5.97 252442.0 67518300.0
397 Mar 07, 2017 5.99 6.0 5.7 5.76 227350.0 65878200.0
398 Mar 08, 2017 5.73 5.79 5.3 5.3 137622.0 63082800.0
399 Mar 09, 2017 5.3 5.56 5.21 5.47 213755.0 58300900.0
400 Mar 10, 2017 5.46 5.98 5.09 5.98 622053.0 60049300.0
401 Mar 11, 2017 5.95 6.19 5.72 6.01 561870.0 65468200.0
402 Mar 12, 2017 6.01 7.32 6.01 7.32 953843.0 66170400.0
403 Mar 13, 2017 7.34 8.51 7.26 7.75 2331790.0 80740000.0
404 Mar 14, 2017 7.74 8.55 7.54 8.37 1309670.0 85096200.0
405 Mar 15, 2017 8.35 10.0 7.97 10.0 1723790.0 91848100.0
406 Mar 16, 2017 10.11 10.48 8.59 9.6 4754740.0 111246000.0
407 Mar 17, 2017 9.58 9.84 7.8 8.08 3309910.0 105406000.0
408 Mar 18, 2017 8.03 8.24 6.75 6.9 1466830.0 88360200.0
409 Mar 19, 2017 6.86 8.79 6.86 8.43 1571220.0 75431800.0
410 Mar 20, 2017 8.44 8.83 7.97 8.31 1111630.0 92849700.0
411 Mar 21, 2017 8.33 8.89 8.2 8.29 856129.0 91627700.0
412 Mar 22, 2017 8.31 9.45 7.86 9.18 1167340.0 91413000.0
413 Mar 23, 2017 9.07 9.35 8.18 9.33 1176020.0 99821700.0
414 Mar 24, 2017 9.33 9.63 8.63 9.03 1799520.0 102613000.0
415 Mar 25, 2017 8.95 9.28 8.29 8.88 1586840.0 98418500.0
416 Mar 26, 2017 8.83 8.97 8.32 8.73 1110610.0 97127400.0
417 Mar 27, 2017 8.77 9.22 8.73 9.04 584475.0 96499300.0
418 Mar 28, 2017 9.09 9.3 8.67 9.14 503268.0 99960100.0
419 Mar 29, 2017 9.13 9.53 8.9 9.29 794146.0 100474000.0
420 Mar 30, 2017 9.27 10.05 9.21 9.93 1274060.0 101940000.0
421 Mar 31, 2017 9.93 13.62 9.9 11.84 5266820.0 109176000.0
422 Apr 01, 2017 11.6 13.54 11.59 12.6 2141410.0 127658000.0
423 Apr 02, 2017 12.57 12.82 11.09 11.59 2509100.0 138362000.0
424 Apr 03, 2017 11.59 12.16 10.22 11.04 1912630.0 127547000.0
425 Apr 04, 2017 10.93 11.13 10.25 11.08 1433810.0 120251000.0
426 Apr 05, 2017 11.03 11.09 10.25 10.4 976258.0 121382000.0
427 Apr 06, 2017 10.41 10.96 9.32 10.41 1446370.0 114524000.0
428 Apr 07, 2017 10.4 10.48 9.54 9.55 566367.0 114426000.0
429 Apr 08, 2017 9.54 10.11 9.49 9.96 503616.0 104899000.0
430 Apr 09, 2017 9.94 10.57 9.91 10.03 658434.0 109342000.0
431 Apr 10, 2017 10.02 10.12 9.76 10.12 492711.0 110282000.0
432 Apr 11, 2017 10.12 10.59 10.05 10.07 490393.0 111400000.0
433 Apr 12, 2017 10.07 10.57 9.91 10.56 602269.0 110802000.0
434 Apr 13, 2017 10.59 11.06 10.55 10.58 650307.0 116507000.0
435 Apr 14, 2017 10.61 10.82 10.21 10.82 1100920.0 116741000.0
436 Apr 15, 2017 10.78 11.36 10.67 11.33 935138.0 118656000.0
437 Apr 16, 2017 11.3 12.85 11.12 11.92 1621120.0 124313000.0
438 Apr 17, 2017 11.93 12.47 11.5 11.81 1669100.0 131309000.0
439 Apr 18, 2017 11.73 12.68 11.7 12.5 628901.0 129073000.0
440 Apr 19, 2017 12.51 12.62 11.96 11.96 914477.0 137647000.0
441 Apr 20, 2017 11.94 12.43 11.05 11.33 1059140.0 131360000.0
442 Apr 21, 2017 11.34 11.49 10.96 11.11 881968.0 124750000.0
443 Apr 22, 2017 11.07 12.48 10.98 12.08 1260710.0 121792000.0
444 Apr 23, 2017 12.1 12.25 11.33 11.68 1410770.0 133209000.0
445 Apr 24, 2017 11.7 16.38 11.64 13.83 7030540.0 128705000.0
446 Apr 25, 2017 13.79 15.24 13.12 13.38 3633120.0 151760000.0
447 Apr 26, 2017 13.4 13.58 12.63 12.68 2371140.0 147497000.0
448 Apr 27, 2017 12.7 13.94 12.63 13.84 2369970.0 139741000.0
449 Apr 28, 2017 13.82 15.46 13.09 14.43 3362230.0 152060000.0
450 Apr 29, 2017 14.38 16.92 14.3 16.85 3735860.0 158270000.0
451 Apr 30, 2017 16.93 17.12 16.02 16.78 4509700.0 186280000.0
452 May 01, 2017 16.91 19.0 15.76 15.97 8058160.0 186107000.0
453 May 02, 2017 15.98 17.77 15.51 16.48 3487100.0 175808000.0
454 May 03, 2017 16.46 16.96 15.68 16.65 4014970.0 181139000.0
455 May 04, 2017 16.65 17.96 16.57 17.37 4134100.0 183249000.0
456 May 05, 2017 17.36 18.98 16.78 17.13 4107070.0 191050000.0
457 May 06, 2017 17.19 17.85 16.97 17.65 2035500.0 189163000.0
458 May 07, 2017 17.65 18.51 17.19 17.24 3649990.0 194157000.0
459 May 08, 2017 17.18 17.69 16.49 17.39 3917640.0 188987000.0
460 May 09, 2017 17.39 17.43 15.39 16.83 3846460.0 191388000.0
461 May 10, 2017 16.78 17.03 15.47 16.97 2365580.0 184582000.0
462 May 11, 2017 16.98 18.46 16.86 17.65 3103420.0 186856000.0
463 May 12, 2017 17.61 18.07 16.37 16.72 1707730.0 193789000.0
464 May 13, 2017 16.69 16.95 15.74 16.17 1309960.0 183621000.0
465 May 14, 2017 16.21 17.18 16.16 17.0 874532.0 178398000.0
466 May 15, 2017 17.02 17.13 15.93 15.95 1240320.0 187300000.0
467 May 16, 2017 15.99 16.09 14.23 14.23 2321290.0 175932000.0
468 May 17, 2017 14.22 15.5 13.34 15.43 2239180.0 156524000.0
469 May 18, 2017 15.43 16.76 15.28 15.94 1781730.0 169798000.0
470 May 19, 2017 15.9 16.96 15.53 16.96 3078290.0 174919000.0
471 May 20, 2017 16.95 18.19 16.51 17.55 2617600.0 186479000.0
472 May 21, 2017 17.51 18.4 17.01 17.35 3278600.0 192653000.0
473 May 22, 2017 17.35 21.69 17.12 19.79 6351000.0 190919000.0
474 May 23, 2017 19.69 32.32 19.69 29.04 25666500.0 216603000.0
475 May 24, 2017 29.13 32.2 26.42 27.17 11059100.0 320480000.0
476 May 25, 2017 27.04 31.72 22.89 23.53 9025780.0 297516000.0
477 May 26, 2017 23.64 27.96 21.1 22.01 4050870.0 260132000.0
478 May 27, 2017 22.04 22.34 16.1 20.31 5196210.0 242443000.0
479 May 28, 2017 20.41 23.7 19.52 20.33 6728600.0 224583000.0
480 May 29, 2017 20.46 21.97 20.06 21.1 4715440.0 225164000.0
481 May 30, 2017 21.12 24.03 20.31 20.31 4205910.0 232364000.0
482 May 31, 2017 20.27 22.75 20.18 21.83 3648110.0 223030000.0
483 Jun 01, 2017 21.97 25.05 21.92 23.86 4479050.0 241717000.0
484 Jun 02, 2017 23.6 26.31 23.26 24.79 4688710.0 259666000.0
485 Jun 03, 2017 24.87 26.25 24.77 26.21 4635790.0 273579000.0
486 Jun 04, 2017 26.18 28.97 25.99 28.95 4559000.0 288020000.0
487 Jun 05, 2017 29.12 31.85 28.25 28.79 8252820.0 320343000.0
488 Jun 06, 2017 28.66 33.79 28.14 33.4 6283340.0 315289000.0
489 Jun 07, 2017 33.67 38.92 32.44 34.16 12084200.0 370421000.0
490 Jun 08, 2017 34.37 36.66 32.81 35.53 4309520.0 378138000.0
491 Jun 09, 2017 35.72 36.28 33.67 34.17 4278080.0 392987000.0
492 Jun 10, 2017 34.49 34.62 32.24 33.75 6795880.0 379448000.0
493 Jun 11, 2017 33.66 35.01 32.43 33.77 4817660.0 370315000.0
494 Jun 12, 2017 33.72 34.86 27.83 31.46 6312970.0 370938000.0
495 Jun 13, 2017 31.48 33.81 31.18 33.02 4655540.0 346312000.0
496 Jun 14, 2017 33.07 37.19 29.21 30.57 5341830.0 363877000.0
497 Jun 15, 2017 30.64 31.46 24.42 28.15 6592890.0 337137000.0
498 Jun 16, 2017 28.08 30.05 27.37 28.75 4101540.0 308894000.0
499 Jun 17, 2017 28.71 31.21 28.6 31.08 3351620.0 315895000.0
500 Jun 18, 2017 31.11 31.68 29.58 30.02 2721270.0 342291000.0
501 Jun 19, 2017 30.02 32.93 29.94 32.78 4385850.0 330264000.0
502 Jun 20, 2017 32.77 33.34 29.93 30.12 4936620.0 360548000.0
503 Jun 21, 2017 30.07 30.63 28.13 28.97 3706710.0 330868000.0
504 Jun 22, 2017 28.99 31.4 28.5 30.11 3704940.0 318911000.0
505 Jun 23, 2017 30.12 33.52 29.68 31.26 5321540.0 331380000.0
506 Jun 24, 2017 31.25 31.74 28.82 29.42 2494470.0 343764000.0
507 Jun 25, 2017 29.22 31.29 26.68 27.98 3650130.0 321495000.0
508 Jun 26, 2017 27.96 28.39 21.66 25.16 5080110.0 307660000.0
509 Jun 27, 2017 25.16 25.59 21.46 25.59 3498930.0 276808000.0
510 Jun 28, 2017 25.86 28.3 25.12 28.07 3195240.0 284531000.0
511 Jun 29, 2017 28.09 28.62 26.57 26.73 2523550.0 309010000.0
512 Jun 30, 2017 26.84 30.46 26.39 28.1 5802360.0 295294000.0
513 Jul 01, 2017 28.15 28.51 24.38 24.74 2685960.0 309725000.0
514 Jul 02, 2017 24.73 26.39 23.85 26.22 2190010.0 272125000.0
515 Jul 03, 2017 26.15 29.29 25.68 28.77 3095940.0 287711000.0
516 Jul 04, 2017 28.67 28.99 27.15 27.55 3108570.0 315386000.0
517 Jul 05, 2017 27.44 27.45 26.25 26.87 1528700.0 301908000.0
518 Jul 06, 2017 26.9 27.63 26.7 27.5 1421290.0 295916000.0
519 Jul 07, 2017 27.72 28.47 22.09 23.05 6058040.0 304920000.0
520 Jul 08, 2017 23.09 24.26 21.2 23.44 6582240.0 254068000.0
521 Jul 09, 2017 23.5 25.23 22.27 22.27 2982550.0 258527000.0
522 Jul 10, 2017 22.29 22.44 15.79 16.76 7106180.0 245229000.0
523 Jul 11, 2017 16.57 18.15 14.77 16.47 5423900.0 182345000.0
524 Jul 12, 2017 16.47 21.22 16.26 21.08 4061640.0 181196000.0
525 Jul 13, 2017 21.19 23.2 20.21 20.5 5380170.0 233161000.0
526 Jul 14, 2017 20.46 21.09 18.74 19.45 3419960.0 225099000.0
527 Jul 15, 2017 19.39 19.93 18.34 18.34 2624840.0 213341000.0
528 Jul 16, 2017 18.32 18.44 14.21 16.04 3443290.0 201522000.0
529 Jul 17, 2017 16.01 18.34 16.01 18.14 2317970.0 176145000.0
530 Jul 18, 2017 18.19 20.2 17.3 19.51 3111420.0 200165000.0
531 Jul 19, 2017 19.55 19.81 16.76 16.9 3189000.0 215053000.0
532 Jul 20, 2017 16.92 19.92 16.92 19.53 2697430.0 186131000.0
533 Jul 21, 2017 19.65 20.67 19.17 20.18 2134590.0 216191000.0
534 Jul 22, 2017 20.23 21.61 19.68 21.49 2444950.0 222620000.0
535 Jul 23, 2017 21.47 22.02 20.49 21.04 1767280.0 236183000.0
536 Jul 24, 2017 20.97 21.68 20.8 21.68 1032420.0 230741000.0
537 Jul 25, 2017 21.6 21.78 17.86 18.03 2262860.0 237685000.0
538 Jul 26, 2017 17.97 18.4 17.5 18.14 2066290.0 197709000.0
539 Jul 27, 2017 18.21 18.48 18.0 18.17 1546590.0 200399000.0
540 Jul 28, 2017 18.19 18.29 17.02 17.19 2413390.0 200115000.0
541 Jul 29, 2017 17.16 17.61 16.63 17.61 1149140.0 188854000.0
542 Jul 30, 2017 17.52 18.23 17.2 17.2 593696.0 192822000.0
543 Jul 31, 2017 17.26 17.41 16.33 16.83 1464280.0 189913000.0
544 Aug 01, 2017 16.72 18.19 16.68 18.1 1379370.0 183937000.0
545 Aug 02, 2017 18.08 18.51 17.43 17.7 1332180.0 198942000.0
546 Aug 03, 2017 17.63 17.87 17.04 17.37 2725760.0 194029000.0
547 Aug 04, 2017 17.35 17.72 17.3 17.34 999053.0 190896000.0
548 Aug 05, 2017 17.39 19.39 17.33 19.07 2332570.0 191294000.0
549 Aug 06, 2017 19.13 19.43 18.53 18.96 1362730.0 210516000.0
550 Aug 07, 2017 18.91 19.25 18.39 18.96 1916400.0 208042000.0
551 Aug 08, 2017 18.85 21.42 18.73 21.18 3633500.0 207435000.0
552 Aug 09, 2017 21.22 23.3 21.17 22.7 4242530.0 233525000.0
553 Aug 10, 2017 22.72 24.64 22.62 22.72 5357330.0 250027000.0
554 Aug 11, 2017 22.65 22.75 22.01 22.43 2245780.0 249217000.0
555 Aug 12, 2017 22.37 24.06 21.51 22.65 3119760.0 246071000.0
556 Aug 13, 2017 22.62 22.73 20.61 20.64 2295810.0 248881000.0
557 Aug 14, 2017 20.67 20.88 19.45 19.95 1458730.0 227476000.0
558 Aug 15, 2017 19.92 23.04 19.51 21.02 3052560.0 219150000.0
559 Aug 16, 2017 21.1 21.39 20.3 21.39 1640180.0 232139000.0
560 Aug 17, 2017 21.4 21.95 20.08 20.12 1754790.0 235501000.0
561 Aug 18, 2017 20.1 20.53 18.8 19.13 2283780.0 221103000.0
562 Aug 19, 2017 19.15 19.69 18.41 19.66 1307160.0 210660000.0
563 Aug 20, 2017 19.56 21.29 19.28 20.55 1392230.0 215223000.0
564 Aug 21, 2017 20.45 23.11 20.33 21.96 3491570.0 225054000.0
565 Aug 22, 2017 22.04 22.26 19.82 21.27 2789520.0 242471000.0
566 Aug 23, 2017 21.24 23.44 21.04 21.99 2429740.0 233664000.0
567 Aug 24, 2017 22.08 23.07 21.9 23.02 1880160.0 242922000.0
568 Aug 25, 2017 23.01 27.59 22.98 25.36 6210960.0 253197000.0
569 Aug 26, 2017 25.42 31.04 25.0 29.5 11542300.0 279713000.0
570 Aug 27, 2017 29.72 30.85 27.75 27.97 4937900.0 326927000.0
571 Aug 28, 2017 28.06 28.11 23.29 26.14 12509800.0 308740000.0
572 Aug 29, 2017 26.38 26.96 23.15 25.08 4487220.0 290245000.0
573 Aug 30, 2017 25.05 25.5 23.75 25.14 3091340.0 275646000.0
574 Aug 31, 2017 25.09 26.62 24.85 26.36 3151520.0 276090000.0
575 Sep 01, 2017 26.23 28.59 26.23 28.59 3488820.0 288601000.0
576 Sep 02, 2017 28.49 29.04 23.56 24.23 3279910.0 313414000.0
577 Sep 03, 2017 24.3 26.39 23.59 24.91 2046420.0 267354000.0
578 Sep 04, 2017 24.93 24.93 20.75 21.81 3414020.0 274311000.0
579 Sep 05, 2017 21.87 23.28 20.6 22.94 1943400.0 240642000.0
580 Sep 06, 2017 22.89 24.15 22.82 23.78 1940990.0 251871000.0
581 Sep 07, 2017 23.64 24.01 22.97 23.78 1411680.0 260146000.0
582 Sep 08, 2017 23.78 24.97 21.28 22.26 2058090.0 261635000.0
583 Sep 09, 2017 22.29 22.57 21.78 22.28 880273.0 245276000.0
584 Sep 10, 2017 22.2 22.23 20.19 21.54 1326850.0 244231000.0
585 Sep 11, 2017 21.58 21.85 20.45 20.91 807297.0 237455000.0
586 Sep 12, 2017 20.94 21.9 20.67 21.23 962593.0 230430000.0
587 Sep 13, 2017 21.16 23.86 20.08 20.59 3667200.0 232844000.0
588 Sep 14, 2017 20.56 20.89 15.74 15.75 1800320.0 226176000.0
589 Sep 15, 2017 15.91 18.71 13.73 18.31 1844750.0 175047000.0
590 Sep 16, 2017 18.32 18.89 16.77 17.66 662667.0 201588000.0
591 Sep 17, 2017 17.61 17.81 15.77 17.63 2144090.0 193768000.0
592 Sep 18, 2017 17.6 19.11 17.6 19.02 1030230.0 193688000.0
593 Sep 19, 2017 19.04 19.19 17.89 18.45 768861.0 209508000.0
594 >Sep 20, 201 18.47 18.84 18.0 18.5 554121.0 203240000.0
595 Sep 21, 2017 18.4 18.48 16.25 17.13 1114830.0 202480000.0
596 Sep 22, 2017 17.12 17.6 16.39 17.0 340706.0 188348000.0
597 Sep 23, 2017 16.97 18.09 16.72 18.0 401046.0 186760000.0
598 Sep 24, 2017 18.0 18.48 17.83 17.83 545368.0 198006000.0
599 Sep 25, 2017 17.8 18.95 17.75 18.81 623948.0 195868000.0
600 Sep 26, 2017 18.79 18.95 18.48 18.81 397769.0 206788000.0
601 Sep 27, 2017 18.78 21.2 18.67 20.97 1632240.0 206643000.0
602 Sep 28, 2017 20.96 22.76 20.73 22.22 2030560.0 230602000.0
603 Sep 29, 2017 22.2 22.45 20.14 20.64 1184250.0 244249000.0
604 Sep 30, 2017 20.72 21.63 20.5 21.19 706371.0 227924000.0
605 Oct 01, 2017 21.22 21.33 20.16 20.65 496431.0 233421000.0
606 Oct 02, 2017 20.65 20.68 19.17 19.37 789547.0 227255000.0
607 Oct 03, 2017 19.37 19.48 18.99 19.43 786055.0 213088000.0
608 Oct 04, 2017 19.46 19.55 18.88 18.99 571388.0 214161000.0
609 Oct 05, 2017 19.0 19.26 18.6 19.02 657037.0 209079000.0
610 Oct 06, 2017 19.01 19.61 18.51 19.61 722235.0 209122000.0
611 Oct 07, 2017 19.65 20.59 19.65 20.13 1104820.0 216245000.0
612 Oct 08, 2017 20.1 20.1 19.11 19.11 723733.0 221123000.0
613 Oct 09, 2017 19.1 19.22 17.71 17.81 924576.0 210206000.0
614 Oct 10, 2017 17.8 19.21 17.49 18.77 692292.0 195823000.0
615 Oct 11, 2017 18.81 18.92 18.54 18.61 493703.0 206975000.0
616 Oct 12, 2017 18.61 19.09 18.17 18.22 1701010.0 204799000.0
617 Oct 13, 2017 18.24 18.93 17.94 18.38 1179910.0 200748000.0
618 Oct 14, 2017 18.38 18.95 18.25 18.95 653761.0 202279000.0
619 Oct 15, 2017 19.06 19.13 17.97 18.65 480545.0 209729000.0
620 Oct 16, 2017 18.71 19.23 18.48 19.08 930751.0 205872000.0
621 Oct 17, 2017 19.08 19.11 18.62 18.7 576251.0 209918000.0
622 Oct 18, 2017 18.72 18.73 17.7 18.33 779130.0 205969000.0
623 Oct 19, 2017 18.36 18.64 17.91 18.15 578350.0 202015000.0
624 Oct 20, 2017 18.12 18.39 17.36 17.55 950119.0 199335000.0
625 Oct 21, 2017 17.45 17.57 16.26 16.83 667841.0 191982000.0
626 Oct 22, 2017 16.85 17.17 16.38 16.84 526437.0 185419000.0
627 Oct 23, 2017 16.84 16.92 16.05 16.29 893583.0 185242000.0
628 Oct 24, 2017 16.11 18.48 15.98 17.65 1311980.0 177268000.0
629 Oct 25, 2017 17.74 18.1 17.12 17.94 730846.0 195181000.0
630 Oct 26, 2017 17.97 18.28 17.58 17.9 540067.0 197694000.0
631 Oct 27, 2017 17.92 18.01 17.22 17.53 482746.0 197200000.0
632 Oct 28, 2017 17.56 17.71 17.23 17.27 391903.0 193241000.0
633 Oct 29, 2017 17.26 18.27 17.22 17.7 634587.0 189897000.0
634 Oct 30, 2017 17.7 17.71 16.92 17.17 739091.0 194793000.0
635 Oct 31, 2017 17.13 17.79 17.07 17.58 949978.0 188467000.0
636 Nov 01, 2017 17.5 20.76 16.91 16.95 3938990.0 192526000.0
637 Nov 02, 2017 16.88 17.23 15.44 16.18 1498460.0 185770000.0
638 Nov 03, 2017 16.22 17.84 15.95 17.82 1476930.0 178443000.0
639 Nov 04, 2017 17.78 17.78 17.09 17.41 748167.0 195663000.0
640 Nov 05, 2017 17.39 19.16 16.17 16.61 2101850.0 191376000.0
641 Nov 06, 2017 16.71 17.13 16.32 16.88 907617.0 183862000.0
642 Nov 07, 2017 16.88 18.75 16.84 17.04 1457810.0 185779000.0
643 Nov 08, 2017 17.06 19.53 16.92 18.38 2138860.0 187683000.0
644 Nov 09, 2017 18.4 19.34 18.06 19.11 1837380.0 202416000.0
645 Nov 10, 2017 19.07 19.86 17.39 17.68 1754170.0 209835000.0
646 Nov 11, 2017 17.61 18.68 17.56 18.21 1330620.0 193728000.0
647 Nov 12, 2017 18.22 18.4 16.88 17.45 1919200.0 200461000.0
648 Nov 13, 2017 17.39 18.44 17.32 18.22 870775.0 191345000.0
649 Nov 14, 2017 18.28 19.01 18.07 18.86 1003900.0 201179000.0
650 Nov 15, 2017 18.93 19.36 18.65 19.21 1250130.0 208279000.0
651 Nov 16, 2017 19.37 20.17 19.05 19.77 1432180.0 213095000.0
652 Nov 17, 2017 19.79 19.99 19.09 19.25 1267730.0 217734000.0
653 Nov 18, 2017 19.21 19.85 18.88 19.73 815249.0 211375000.0
654 Nov 19, 2017 19.72 20.48 19.72 20.19 1138730.0 217027000.0
655 Nov 20, 2017 20.22 21.09 19.85 20.98 1176890.0 222498000.0
656 Nov 21, 2017 20.94 21.37 20.17 21.12 1387670.0 230382000.0
657 Nov 22, 2017 21.14 27.16 21.04 25.12 7935880.0 232584000.0
658 Nov 23, 2017 25.1 35.62 24.94 25.76 20368900.0 276160000.0
659 Nov 24, 2017 25.75 28.67 24.66 28.54 5688400.0 283259000.0
660 Nov 25, 2017 28.53 28.74 27.5 28.34 3557430.0 313932000.0
661 Nov 26, 2017 28.33 28.41 26.66 27.21 2298210.0 311664000.0
662 Nov 27, 2017 27.28 29.75 27.22 28.77 3464660.0 300121000.0
663 Nov 28, 2017 28.88 29.27 27.9 28.55 2991360.0 317692000.0
664 Nov 29, 2017 28.47 30.8 24.23 24.28 5518380.0 313279000.0
665 Nov 30, 2017 24.6 26.77 23.08 26.0 2354800.0 270708000.0
666 Dec 01, 2017 26.03 27.5 24.84 26.66 2904280.0 286346000.0
667 Dec 02, 2017 26.65 29.31 26.4 29.31 8999810.0 293173000.0
668 Dec 03, 2017 29.34 45.86 28.34 35.46 28187500.0 322825000.0
669 Dec 04, 2017 35.75 39.56 34.0 37.22 11056200.0 393257000.0
670 Dec 05, 2017 36.97 36.98 34.94 35.57 6389870.0 406714000.0
671 Dec 06, 2017 35.36 35.36 30.76 30.89 7273160.0 389032000.0
672 Dec 07, 2017 31.13 31.42 27.36 27.72 6730870.0 342480000.0
673 Dec 08, 2017 27.76 30.51 25.32 29.97 6533500.0 305387000.0
674 Dec 09, 2017 30.05 31.05 27.58 29.08 4137840.0 330588000.0
675 Dec 10, 2017 28.92 33.6 25.61 28.07 6284200.0 318144000.0
676 Dec 11, 2017 27.61 31.19 27.61 30.81 4222320.0 303759000.0
677 Dec 12, 2017 30.71 37.85 30.11 34.22 7942200.0 337897000.0
678 Dec 13, 2017 34.25 37.88 31.01 34.96 8921600.0 376763000.0
679 Dec 14, 2017 34.99 37.74 34.75 36.84 7700940.0 384946000.0
680 Dec 15, 2017 36.85 37.63 32.75 36.39 6285640.0 405448000.0
681 Dec 16, 2017 36.2 44.77 36.2 41.68 16212900.0 398257000.0
682 Dec 17, 2017 41.95 43.97 41.59 42.92 8806310.0 461452000.0
683 Dec 18, 2017 42.95 56.42 41.39 56.42 15746500.0 472507000.0
684 Dec 19, 2017 56.02 108.4 53.49 108.4 186429000.0 616225000.0
685 Dec 20, 2017 107.4 107.4 79.62 88.71 53708400.0 1182260000.0
686 Dec 21, 2017 93.02 101.3 78.11 83.98 36890200.0 1023330000.0
687 Dec 22, 2017 88.89 88.89 46.18 61.49 30124100.0 977851000.0
688 Dec 23, 2017 63.31 85.61 61.18 73.49 31415000.0 696464000.0
689 Dec 24, 2017 74.23 74.23 61.3 69.52 11342000.0 816549000.0
690 Dec 25, 2017 70.14 72.01 65.49 71.34 10936900.0 771626000.0
691 Dec 26, 2017 76.47 87.89 74.89 86.2 47416600.0 841274000.0
692 Dec 27, 2017 85.59 85.59 76.63 80.54 14184900.0 941539000.0
693 Dec 28, 2017 80.23 80.23 67.26 74.24 11699200.0 882535000.0
694 Dec 29, 2017 74.34 78.11 71.32 76.51 12299500.0 817845000.0
695 Dec 30, 2017 76.2 76.2 62.45 65.83 11058300.0 838231000.0
696 Dec 31, 2017 64.73 71.39 63.76 70.07 5779320.0 712114000.0
697 Jan 01, 2018 70.35 75.45 66.9 74.47 11556700.0 773852000.0
698 Jan 02, 2018 74.49 83.59 74.49 79.47 20448000.0 819448000.0
699 Jan 03, 2018 79.99 81.03 74.23 77.46 14320100.0 879939000.0
700 Jan 04, 2018 77.71 77.79 72.43 73.69 14502500.0 854903000.0
701 Jan 05, 2018 73.73 88.13 70.41 72.8 28863300.0 811038000.0
702 Jan 06, 2018 71.88 78.87 69.3 77.52 13080900.0 790784000.0
703 Jan 07, 2018 78.48 81.74 76.61 80.2 10406400.0 863331000.0
704 Jan 08, 2018 80.2 98.12 75.76 98.12 45292400.0 882260000.0
705 Jan 09, 2018 98.46 109.9 90.2 91.86 39081800.0 1083140000.0
706 Jan 10, 2018 92.31 117.9 77.27 102.9 56818400.0 1015450000.0
707 Jan 11, 2018 101.8 123.2 81.59 101.9 74019300.0 1120860000.0
708 Jan 12, 2018 103.3 115.7 99.91 105.4 14822500.0 1137180000.0
709 Jan 13, 2018 105.3 111.5 102.2 106.1 15664000.0 1159230000.0
710 Jan 14, 2018 106.3 106.3 91.99 94.86 13455800.0 1169960000.0
711 Jan 15, 2018 94.46 103.3 90.18 90.88 23443000.0 1039150000.0
712 Jan 16, 2018 90.99 90.99 54.12 67.61 28664800.0 1000970000.0
713 Jan 17, 2018 66.35 70.34 46.71 64.44 26860300.0 729886000.0
714 Jan 18, 2018 64.91 69.36 60.43 64.66 25775100.0 714077000.0
715 Jan 19, 2018 64.11 81.92 63.16 77.57 36063000.0 705223000.0
716 Jan 20, 2018 77.81 98.33 77.54 96.4 52915200.0 855913000.0
717 Jan 21, 2018 96.49 104.4 83.4 87.82 46791400.0 1061410000.0
718 Jan 22, 2018 88.23 91.03 77.35 84.75 16467100.0 970589000.0
719 Jan 23, 2018 84.88 93.19 77.45 88.24 25923200.0 933695000.0
720 Jan 24, 2018 87.86 95.16 84.81 89.64 20910000.0 966488000.0
721 Jan 25, 2018 90.83 93.81 85.26 88.23 12081300.0 999131000.0
722 Jan 26, 2018 87.74 90.64 77.44 84.07 13756300.0 965177000.0
723 Jan 27, 2018 84.23 85.93 81.12 83.67 10225900.0 926620000.0
724 Jan 28, 2018 84.04 86.73 83.41 85.13 7570840.0 924453000.0
725 Jan 29, 2018 85.07 85.45 78.26 79.45 12013200.0 935789000.0
726 Jan 30, 2018 79.65 79.75 66.74 68.16 10547800.0 876159000.0
727 Jan 31, 2018 68.02 70.63 64.23 68.34 8319600.0 748325000.0
728 Feb 01, 2018 68.37 70.58 60.37 65.01 10500800.0 752171000.0
729 Feb 02, 2018 64.91 64.91 43.69 58.4 14427000.0 714091000.0
730 Feb 03, 2018 58.67 61.97 50.9 61.0 5481660.0 645385000.0
731 Feb 04, 2018 60.78 60.78 48.44 51.08 6639070.0 668619000.0
732 Feb 05, 2018 50.39 53.03 41.82 42.8 9728740.0 554347000.0
733 Feb 06, 2018 43.1 47.9 34.47 47.69 10009800.0 474178000.0
734 Feb 07, 2018 47.12 51.86 43.01 47.37 6312240.0 518327000.0
735 Feb 08, 2018 47.27 53.84 46.89 51.99 4719340.0 519981000.0
736 Feb 09, 2018 52.23 57.56 49.67 57.56 6800400.0 574616000.0
737 Feb 10, 2018 57.26 60.46 52.33 55.02 5349320.0 629942000.0
738 Feb 11, 2018 55.04 56.79 47.99 49.21 4904270.0 605459000.0
739 Feb 12, 2018 49.33 57.21 49.33 54.13 11200400.0 542712000.0
740 Feb 13, 2018 54.23 54.23 49.45 49.88 5386840.0 596613000.0
741 Feb 14, 2018 49.64 53.32 48.4 52.79 9305520.0 546140000.0
742 Feb 15, 2018 52.71 55.16 52.17 54.55 7991920.0 579847000.0
743 Feb 16, 2018 54.51 55.94 51.63 54.44 5974500.0 599626000.0
744 Feb 17, 2018 54.26 55.73 53.71 55.26 6842890.0 596914000.0
745 Feb 18, 2018 55.45 59.69 53.44 54.14 17414900.0 609999000.0
746 Feb 19, 2018 54.09 54.93 53.4 54.26 4332280.0 594996000.0
747 Feb 20, 2018 54.21 54.71 50.51 50.64 6769600.0 596412000.0
748 Feb 21, 2018 50.69 50.69 45.83 47.01 4529810.0 557602000.0
749 Feb 22, 2018 46.93 48.58 43.02 43.54 3191340.0 516233000.0
750 Feb 23, 2018 43.45 46.55 42.38 44.51 2809910.0 477985000.0
751 Feb 24, 2018 44.38 46.25 42.31 43.36 3139080.0 488268000.0
752 Feb 25, 2018 43.28 44.17 42.53 44.04 1882900.0 476116000.0
753 Feb 26, 2018 44.21 47.03 42.39 46.43 5227830.0 486327000.0
754 Feb 27, 2018 46.53 52.15 46.31 48.43 5643820.0 511861000.0
755 Feb 28, 2018 48.5 50.29 45.46 45.85 4129890.0 533572000.0
756 Mar 01, 2018 45.86 47.23 44.26 47.01 3919940.0 504464000.0
757 Mar 02, 2018 46.98 47.96 45.08 45.18 3022380.0 516819000.0
758 Mar 03, 2018 45.14 48.76 45.14 47.25 3225040.0 496594000.0
759 Mar 04, 2018 47.24 47.28 45.13 46.52 2616020.0 519703000.0
760 Mar 05, 2018 46.6 46.88 46.15 46.42 2344600.0 512611000.0
761 Mar 06, 2018 46.14 46.14 43.21 43.45 1805870.0 507612000.0
762 Mar 07, 2018 43.55 43.8 38.31 39.2 2803190.0 479139000.0
763 Mar 08, 2018 39.17 41.41 37.86 38.52 2800740.0 430957000.0
764 Mar 09, 2018 38.54 38.73 34.09 36.84 3423080.0 423988000.0
765 Mar 10, 2018 36.83 37.92 33.2 33.33 2601440.0 405214000.0
766 Mar 11, 2018 33.34 36.97 32.4 36.17 3517790.0 366741000.0
767 Mar 12, 2018 36.26 37.51 33.95 34.93 1873620.0 398930000.0
768 Mar 13, 2018 34.84 38.43 34.34 38.14 3316910.0 383300000.0
769 Mar 14, 2018 38.06 39.28 30.43 31.22 5450020.0 418665000.0
770 Mar 15, 2018 31.39 32.91 29.84 32.0 3208130.0 345320000.0
771 Mar 16, 2018 31.96 34.44 30.92 33.11 2816490.0 351648000.0
772 Mar 17, 2018 33.07 33.07 30.18 30.6 2155120.0 363855000.0
773 Mar 18, 2018 30.47 30.47 25.69 29.7 3395650.0 335264000.0
774 Mar 19, 2018 29.65 38.33 29.38 33.19 6772720.0 326160000.0
775 Mar 20, 2018 33.39 36.16 32.76 35.43 2631030.0 367335000.0
776 Mar 21, 2018 35.53 37.07 35.36 36.15 1829720.0 390856000.0
777 Mar 22, 2018 36.0 36.67 34.16 35.18 2092790.0 396036000.0
778 Mar 23, 2018 35.14 35.26 32.87 35.18 2044590.0 386593000.0
779 Mar 24, 2018 35.45 36.22 34.75 34.75 1586080.0 390043000.0
780 Mar 25, 2018 34.7 35.05 33.83 34.22 1317420.0 381718000.0
781 Mar 26, 2018 34.21 35.82 31.49 34.46 2000870.0 376365000.0
782 Mar 27, 2018 34.59 34.93 31.56 32.5 1888530.0 380521000.0
