0 Oct 06, 2015 0.21 0.27 0.16 0.19 29946.9 0.0
1 Oct 07, 2015 0.19 0.19 0.13 0.15 20556.8 1666300.0
2 Oct 08, 2015 0.15 0.15 0.13 0.13 11048.8 1340970.0
3 Oct 09, 2015 0.13 0.14 0.1 0.13 16867.7 1146680.0
4 Oct 10, 2015 0.13 0.13 0.11 0.13 4545.52 1109870.0
5 Oct 11, 2015 0.13 0.13 0.12 0.12 1988.59 1114430.0
6 Oct 12, 2015 0.12 0.13 0.11 0.13 8223.38 1080970.0
7 Oct 13, 2015 0.13 0.13 0.11 0.13 5305.12 1095060.0
8 Oct 14, 2015 0.13 0.13 0.1 0.1 3804.02 1101630.0
9 Oct 15, 2015 0.1 0.12 0.1 0.11 3591.77 927202.0
10 Oct 16, 2015 0.11 0.12 0.11 0.11 1659.8 984111.0
11 Oct 17, 2015 0.11 0.19 0.11 0.17 31107.3 966607.0
12 Oct 18, 2015 0.17 0.17 0.14 0.15 10207.3 1506170.0
13 Oct 19, 2015 0.15 0.15 0.12 0.14 3506.93 1307030.0
14 Oct 20, 2015 0.14 0.14 0.12 0.13 2645.36 1251610.0
15 Oct 21, 2015 0.13 0.14 0.12 0.13 3700.78 1155530.0
16 Oct 22, 2015 0.13 0.14 0.11 0.12 4293.82 1133110.0
17 Oct 23, 2015 0.12 0.14 0.12 0.12 5728.24 1030440.0
18 Oct 24, 2015 0.13 0.14 0.1 0.14 33652.8 1141500.0
19 Oct 25, 2015 0.14 0.15 0.14 0.14 859.36 1217400.0
20 Oct 26, 2015 0.14 0.17 0.14 0.15 8528.88 1192140.0
21 Oct 27, 2015 0.15 0.15 0.11 0.13 19798.1 1278620.0
22 Oct 28, 2015 0.13 0.14 0.12 0.12 5977.38 1143170.0
23 Oct 29, 2015 0.12 0.13 0.11 0.13 2471.48 1042970.0
24 Oct 30, 2015 0.13 0.13 0.11 0.12 2778.81 1112340.0
25 Oct 31, 2015 0.12 0.13 0.11 0.12 816.62 1067650.0
26 Nov 01, 2015 0.12 0.14 0.11 0.13 1785.86 1048190.0
27 Nov 02, 2015 0.13 0.14 0.13 0.13 1757.81 1163960.0
28 Nov 03, 2015 0.13 0.16 0.07 0.11 7415.23 1109090.0
29 Nov 04, 2015 0.11 0.14 0.08 0.1 3628.46 989269.0
30 Nov 05, 2015 0.1 0.14 0.1 0.1 2063.34 902324.0
31 Nov 06, 2015 0.1 0.14 0.09 0.12 5009.01 849637.0
32 Nov 07, 2015 0.12 0.17 0.11 0.14 5415.76 1081530.0
33 Nov 08, 2015 0.14 0.15 0.12 0.12 5562.43 1233810.0
34 Nov 09, 2015 0.12 0.14 0.12 0.13 810.23 1048910.0
35 Nov 10, 2015 0.13 0.15 0.13 0.13 2671.22 1129660.0
36 Nov 11, 2015 0.13 0.13 0.09 0.11 3782.93 1156270.0
37 Nov 12, 2015 0.11 0.14 0.1 0.12 2408.46 990600.0
38 Nov 13, 2015 0.12 0.14 0.12 0.13 1721.4 1050540.0
39 Nov 14, 2015 0.13 0.14 0.11 0.11 1387.48 1178850.0
40 Nov 15, 2015 0.11 0.12 0.1 0.12 1778.63 989602.0
41 Nov 16, 2015 0.12 0.12 0.1 0.11 1337.4 1089860.0
42 Nov 17, 2015 0.11 0.12 0.11 0.11 110.25 941090.0
43 Nov 18, 2015 0.11 0.11 0.1 0.1 2464.6 991659.0
44 Nov 19, 2015 0.1 0.11 0.1 0.1 231.97 908541.0
45 Nov 20, 2015 0.1 0.11 0.1 0.1 1022.78 900388.0
46 Nov 21, 2015 0.1 0.12 0.1 0.11 944.98 902578.0
47 Nov 22, 2015 0.11 0.12 0.11 0.11 423.12 937018.0
48 Nov 23, 2015 0.11 0.12 0.1 0.11 642.58 957211.0
49 Nov 24, 2015 0.11 0.11 0.1 0.1 1200.4 982237.0
50 Nov 25, 2015 0.1 0.1 0.09 0.09 1866.78 896807.0
51 Nov 26, 2015 0.09 0.1 0.07 0.1 988.48 796562.0
52 Nov 27, 2015 0.1 0.1 0.09 0.09 430.64 874858.0
53 Nov 28, 2015 0.09 0.12 0.09 0.09 1075.7 792038.0
54 Nov 29, 2015 0.09 0.1 0.09 0.1 308.74 782567.0
55 Nov 30, 2015 0.1 0.11 0.09 0.11 1478.51 837599.0
56 Dec 01, 2015 0.11 0.11 0.08 0.09 5141.34 990810.0
57 Dec 02, 2015 0.09 0.09 0.09 0.09 135.21 800695.0
58 Dec 03, 2015 0.09 0.1 0.07 0.08 7979.26 769897.0
59 Dec 04, 2015 0.08 0.1 0.08 0.09 1138.91 687387.0
60 Dec 05, 2015 0.09 0.1 0.09 0.1 747.47 813733.0
61 Dec 06, 2015 0.1 0.1 0.09 0.09 1683.59 848538.0
62 Dec 07, 2015 0.09 0.1 0.09 0.09 2158.17 819579.0
63 Dec 08, 2015 0.09 0.1 0.09 0.1 441.44 792593.0
64 Dec 09, 2015 0.1 0.1 0.09 0.09 371.74 860213.0
65 Dec 10, 2015 0.09 0.1 0.09 0.1 888.26 806157.0
66 Dec 11, 2015 0.1 0.1 0.07 0.08 4907.18 836391.0
67 Dec 12, 2015 0.08 0.09 0.07 0.08 996.69 712457.0
68 Dec 13, 2015 0.08 0.09 0.07 0.07 12.79 699661.0
69 Dec 14, 2015 0.09 0.11 0.08 0.08 1039.86 769163.0
70 Dec 15, 2015 0.08 0.14 0.08 0.12 8564.27 699409.0
71 Dec 16, 2015 0.12 0.12 0.09 0.1 2730.12 1018420.0
72 Dec 17, 2015 0.1 0.1 0.09 0.1 910.68 876115.0
73 Dec 18, 2015 0.1 0.14 0.1 0.14 11363.1 865801.0
74 Dec 19, 2015 0.14 0.23 0.13 0.23 39077.0 1193400.0
75 Dec 20, 2015 0.22 0.32 0.18 0.3 170509.0 1949750.0
76 Dec 21, 2015 0.3 0.89 0.27 0.67 1579260.0 2598120.0
77 Dec 22, 2015 0.66 0.79 0.49 0.55 584884.0 5782910.0
78 Dec 23, 2015 0.57 0.62 0.4 0.47 390036.0 4982680.0
79 Dec 24, 2015 0.46 0.46 0.39 0.4 123094.0 3989620.0
80 Dec 25, 2015 0.4 0.44 0.36 0.41 137959.0 3506610.0
81 Dec 26, 2015 0.41 0.52 0.41 0.47 374602.0 3594590.0
82 Dec 27, 2015 0.47 0.48 0.44 0.45 104466.0 4082360.0
83 Dec 28, 2015 0.45 0.47 0.42 0.43 76528.4 3977300.0
84 Dec 29, 2015 0.43 0.44 0.4 0.41 111436.0 3730390.0
85 Dec 30, 2015 0.41 0.46 0.4 0.44 93603.7 3566980.0
86 Dec 31, 2015 0.44 0.46 0.41 0.45 59162.4 3861270.0
87 Jan 01, 2016 0.45 0.59 0.45 0.59 502538.0 3949980.0
88 Jan 02, 2016 0.63 0.71 0.59 0.65 766587.0 5511020.0
89 Jan 03, 2016 0.67 0.67 0.63 0.65 180685.0 5839720.0
90 Jan 04, 2016 0.65 0.65 0.56 0.59 275522.0 5647710.0
91 Jan 05, 2016 0.59 0.63 0.59 0.62 136015.0 5145990.0
92 Jan 06, 2016 0.62 0.64 0.61 0.62 112823.0 5429920.0
93 Jan 07, 2016 0.62 0.63 0.54 0.58 393266.0 5445560.0
94 Jan 08, 2016 0.58 0.84 0.57 0.73 1159720.0 5103520.0
95 Jan 09, 2016 0.73 0.81 0.69 0.77 663982.0 6404760.0
96 Jan 10, 2016 0.77 0.77 0.69 0.72 183865.0 6727890.0
97 Jan 11, 2016 0.72 0.79 0.69 0.76 301171.0 6287630.0
98 Jan 12, 2016 0.74 1.31 0.73 1.29 3360410.0 6524760.0
99 Jan 13, 2016 1.28 1.31 1.13 1.2 1280870.0 11234500.0
100 Jan 14, 2016 1.2 1.2 1.08 1.12 484656.0 10516000.0
101 Jan 15, 2016 1.12 1.13 0.95 0.95 567990.0 9831150.0
102 Jan 16, 2016 0.96 0.99 0.78 0.91 397249.0 8432430.0
103 Jan 17, 2016 0.91 1.01 0.88 0.97 240138.0 7942230.0
104 Jan 18, 2016 0.96 0.99 0.93 0.94 169240.0 8449680.0
105 Jan 19, 2016 0.94 0.95 0.88 0.9 167741.0 8266640.0
106 Jan 20, 2016 0.9 0.95 0.88 0.93 190567.0 7868320.0
107 Jan 21, 2016 0.93 1.04 0.92 0.99 499228.0 8154990.0
108 Jan 22, 2016 1.01 1.12 0.97 1.04 863273.0 8870950.0
109 Jan 23, 2016 1.03 1.1 0.96 1.04 548902.0 9063440.0
110 Jan 24, 2016 1.03 1.05 0.99 1.02 172906.0 9050920.0
111 Jan 25, 2016 1.02 1.03 0.97 0.97 239418.0 8960850.0
112 Jan 26, 2016 0.99 1.39 0.98 1.3 1682870.0 8713000.0
113 Jan 27, 2016 1.33 1.5 1.19 1.33 1768160.0 11648200.0
114 Jan 28, 2016 1.33 1.34 0.95 1.1 809263.0 11685300.0
115 Jan 29, 2016 1.08 1.08 0.96 1.01 176867.0 9491930.0
116 Jan 30, 2016 1.01 1.09 0.93 0.99 243151.0 8862100.0
117 Jan 31, 2016 0.99 1.0 0.85 0.87 282478.0 8659320.0
118 Feb 01, 2016 0.87 0.92 0.83 0.83 185127.0 7604030.0
119 Feb 02, 2016 0.83 0.85 0.7 0.79 313372.0 7284220.0
120 Feb 03, 2016 0.79 0.85 0.77 0.85 144365.0 6929120.0
121 Feb 04, 2016 0.84 1.03 0.83 1.03 353561.0 7354200.0
122 Feb 05, 2016 1.04 1.1 0.97 1.02 608347.0 9098700.0
123 Feb 06, 2016 1.02 1.03 0.97 0.98 158647.0 8932730.0
124 Feb 07, 2016 0.98 0.99 0.91 0.96 218178.0 8602130.0
125 Feb 08, 2016 0.95 1.03 0.95 0.98 182821.0 8340790.0
126 Feb 09, 2016 0.99 1.02 0.94 0.96 119320.0 8636640.0
127 Feb 10, 2016 0.96 1.2 0.95 1.12 780282.0 8393210.0
128 Feb 11, 2016 1.12 1.19 1.04 1.16 565058.0 9825610.0
129 Feb 12, 2016 1.16 1.17 1.08 1.14 262735.0 10195100.0
130 Feb 13, 2016 1.13 1.15 1.06 1.07 152928.0 9927410.0
131 Feb 14, 2016 1.08 1.13 1.05 1.11 155170.0 9432420.0
132 Feb 15, 2016 1.11 1.14 1.1 1.11 120476.0 9758050.0
133 Feb 16, 2016 1.11 1.23 1.01 1.16 617841.0 9735560.0
134 Feb 17, 2016 1.15 1.22 1.05 1.09 633210.0 10104800.0
135 Feb 18, 2016 1.09 1.11 1.02 1.08 251782.0 9562760.0
136 Feb 19, 2016 1.08 1.1 1.06 1.07 178217.0 9474180.0
137 Feb 20, 2016 1.07 1.08 1.0 1.03 182674.0 9362220.0
138 Feb 21, 2016 1.03 1.04 0.97 1.0 181682.0 9023640.0
139 Feb 22, 2016 1.0 1.04 0.96 0.99 172352.0 8747500.0
140 Feb 23, 2016 0.97 1.02 0.96 0.98 192514.0 8540920.0
141 Feb 24, 2016 0.97 1.13 0.96 1.07 507642.0 8511040.0
142 Feb 25, 2016 1.06 1.08 1.02 1.05 174497.0 9320030.0
143 Feb 26, 2016 1.04 1.05 0.97 1.0 168408.0 9117650.0
144 Feb 27, 2016 1.0 1.06 0.99 1.01 211754.0 8740340.0
145 Feb 28, 2016 1.0 1.05 0.99 1.05 169115.0 8800160.0
146 Feb 29, 2016 1.05 1.06 0.98 1.0 133614.0 9211570.0
147 Mar 01, 2016 0.99 1.01 0.95 0.97 109335.0 8688870.0
148 Mar 02, 2016 0.96 1.05 0.96 0.99 183636.0 8416420.0
149 Mar 03, 2016 0.99 1.1 0.97 1.08 217374.0 8710540.0
150 Mar 04, 2016 1.07 1.23 1.07 1.17 368855.0 9397000.0
151 Mar 05, 2016 1.16 1.78 1.12 1.53 1434760.0 10195300.0
152 Mar 06, 2016 1.58 2.4 1.58 1.89 8069700.0 13868600.0
153 Mar 07, 2016 1.89 2.58 1.81 2.11 2952790.0 16572900.0
154 Mar 08, 2016 2.1 3.14 1.98 2.88 4440030.0 18384200.0
155 Mar 09, 2016 2.83 3.02 2.49 2.76 11335500.0 24751400.0
156 Mar 10, 2016 2.76 2.92 2.3 2.41 3902640.0 24160900.0
157 Mar 11, 2016 2.4 2.49 2.07 2.37 3064650.0 21010800.0
158 Mar 12, 2016 2.37 2.59 2.15 2.36 1822640.0 20740900.0
159 Mar 13, 2016 2.35 2.61 2.33 2.46 1620820.0 20613800.0
160 Mar 14, 2016 2.47 2.47 2.04 2.06 1409260.0 21609400.0
161 Mar 15, 2016 2.04 2.22 1.87 2.1 1218370.0 17876500.0
162 Mar 16, 2016 2.13 2.17 1.89 1.92 926444.0 18609600.0
163 Mar 17, 2016 1.92 1.96 1.6 1.66 1100110.0 16831400.0
164 Mar 18, 2016 1.65 1.76 1.35 1.5 711644.0 14479900.0
165 Mar 19, 2016 1.48 1.94 1.48 1.75 916966.0 12975900.0
166 Mar 20, 2016 1.76 1.79 1.51 1.6 333194.0 15376600.0
167 Mar 21, 2016 1.6 1.77 1.49 1.73 532560.0 14003800.0
168 >Mar 22, 201 1.7 1.8 1.63 1.79 303168.0 14885100.0
169 Mar 23, 2016 1.79 2.06 1.78 1.88 1407200.0 15636800.0
170 Mar 24, 2016 1.88 1.93 1.74 1.8 504594.0 16488600.0
171 Mar 25, 2016 1.8 1.92 1.78 1.83 288682.0 15720900.0
172 Mar 26, 2016 1.83 1.85 1.78 1.84 155999.0 16020200.0
173 Mar 27, 2016 1.83 1.94 1.64 1.72 651032.0 16043600.0
174 Mar 28, 2016 1.71 1.82 1.66 1.73 419655.0 14964900.0
175 Mar 29, 2016 1.73 1.84 1.7 1.78 263261.0 15146000.0
176 Mar 30, 2016 1.78 1.81 1.71 1.72 150827.0 15584800.0
177 Mar 31, 2016 1.73 1.75 1.65 1.68 191238.0 15101000.0
178 Apr 01, 2016 1.68 1.7 1.61 1.65 219773.0 14742600.0
179 Apr 02, 2016 1.65 1.67 1.57 1.6 269299.0 14477300.0
180 Apr 03, 2016 1.61 1.68 1.6 1.66 160433.0 14065500.0
181 Apr 04, 2016 1.66 1.67 1.61 1.64 129380.0 14525700.0
182 Apr 05, 2016 1.64 1.7 1.59 1.62 176851.0 14378200.0
183 Apr 06, 2016 1.61 1.63 1.51 1.53 205901.0 14099500.0
184 Apr 07, 2016 1.53 1.63 1.5 1.51 181256.0 13417700.0
185 Apr 08, 2016 1.51 1.54 1.47 1.54 157974.0 13262700.0
186 Apr 09, 2016 1.54 1.54 1.47 1.49 83274.7 13459200.0
187 Apr 10, 2016 1.49 1.53 1.09 1.23 822587.0 13041700.0
188 Apr 11, 2016 1.23 1.25 1.11 1.17 227093.0 10810000.0
189 Apr 12, 2016 1.17 1.2 1.07 1.19 439412.0 10234600.0
190 Apr 13, 2016 1.19 1.32 1.19 1.28 433796.0 10403400.0
191 Apr 14, 2016 1.28 1.32 1.24 1.28 184099.0 11226600.0
192 Apr 15, 2016 1.28 1.28 1.21 1.24 155447.0 11172600.0
193 Apr 16, 2016 1.23 1.61 1.22 1.4 759016.0 10772000.0
194 Apr 17, 2016 1.39 1.52 1.36 1.44 378114.0 12200900.0
195 Apr 18, 2016 1.44 1.44 1.34 1.38 172058.0 12577400.0
196 Apr 19, 2016 1.37 1.44 1.36 1.39 102974.0 12001300.0
197 Apr 20, 2016 1.38 1.4 1.32 1.33 130794.0 12120800.0
198 Apr 21, 2016 1.33 1.36 1.23 1.26 161661.0 11659600.0
199 Apr 22, 2016 1.27 1.3 1.25 1.28 94254.0 11110700.0
200 Apr 23, 2016 1.28 1.32 1.28 1.32 64839.3 11213900.0
201 Apr 24, 2016 1.31 1.37 1.23 1.29 175467.0 11447400.0
202 Apr 25, 2016 1.29 1.33 1.2 1.22 183604.0 11334000.0
203 Apr 26, 2016 1.22 1.24 1.0 1.13 357242.0 10636700.0
204 Apr 27, 2016 1.13 1.2 1.08 1.13 522987.0 9868990.0
205 Apr 28, 2016 1.13 1.16 1.08 1.1 204327.0 9934640.0
206 Apr 29, 2016 1.1 1.13 1.08 1.09 131481.0 9676950.0
207 Apr 30, 2016 1.1 1.16 1.09 1.14 131736.0 9611470.0
208 May 01, 2016 1.14 1.27 1.09 1.2 300934.0 9975870.0
209 May 02, 2016 1.2 1.26 1.18 1.22 377958.0 10521700.0
210 May 03, 2016 1.22 1.24 1.11 1.11 171619.0 10679900.0
211 May 04, 2016 1.12 1.16 1.1 1.13 141891.0 9801770.0
212 May 05, 2016 1.13 1.16 1.11 1.16 140279.0 9868550.0
213 May 06, 2016 1.16 1.17 1.07 1.07 168844.0 10115400.0
214 May 07, 2016 1.07 1.11 1.06 1.09 139186.0 9391500.0
215 May 08, 2016 1.09 1.09 1.07 1.09 57031.6 9509580.0
216 May 09, 2016 1.09 1.09 1.01 1.01 134920.0 9507220.0
217 May 10, 2016 1.01 1.06 1.0 1.04 89540.5 8832170.0
218 May 11, 2016 1.04 1.06 1.02 1.06 74637.1 9113150.0
219 May 12, 2016 1.06 1.18 1.04 1.1 262341.0 9260730.0
220 May 13, 2016 1.1 1.14 1.08 1.09 144625.0 9661980.0
221 May 14, 2016 1.09 1.1 1.06 1.06 59113.5 9560700.0
222 May 15, 2016 1.06 1.07 1.03 1.05 58386.5 9324190.0
223 May 16, 2016 1.05 1.08 1.03 1.06 82048.5 9184840.0
224 May 17, 2016 1.06 1.11 1.04 1.08 244039.0 9325160.0
225 May 18, 2016 1.08 1.11 1.05 1.06 167541.0 9419690.0
226 May 19, 2016 1.06 1.13 1.03 1.11 174104.0 9318760.0
227 May 20, 2016 1.11 1.22 1.08 1.12 519422.0 9746270.0
228 May 21, 2016 1.13 1.13 1.07 1.09 160376.0 9847720.0
229 May 22, 2016 1.1 1.17 1.07 1.13 139985.0 9601230.0
230 May 23, 2016 1.13 1.16 1.06 1.07 167383.0 9875210.0
231 May 24, 2016 1.07 1.1 1.0 1.04 194710.0 9339070.0
232 May 25, 2016 1.03 1.03 0.84 0.96 682222.0 9048380.0
233 May 26, 2016 0.96 0.99 0.89 0.91 240780.0 8390810.0
234 May 27, 2016 0.91 0.91 0.7 0.83 582360.0 7965750.0
235 May 28, 2016 0.83 0.83 0.68 0.75 375798.0 7268540.0
236 May 29, 2016 0.75 0.84 0.74 0.82 285019.0 6573170.0
237 May 30, 2016 0.82 0.86 0.79 0.86 123119.0 7187070.0
238 May 31, 2016 0.86 0.88 0.79 0.83 163730.0 7510270.0
239 Jun 01, 2016 0.83 0.95 0.76 0.91 218990.0 7269540.0
240 Jun 02, 2016 0.9 1.04 0.87 1.01 775100.0 7879500.0
241 Jun 03, 2016 1.01 1.04 0.94 0.98 743789.0 8829810.0
242 Jun 04, 2016 0.98 0.99 0.9 0.96 272867.0 8549230.0
243 Jun 05, 2016 0.96 0.98 0.93 0.95 142772.0 8398940.0
244 Jun 06, 2016 0.96 1.02 0.93 0.97 239082.0 8378900.0
245 Jun 07, 2016 0.97 0.99 0.95 0.98 133913.0 8540790.0
246 Jun 08, 2016 0.98 0.99 0.93 0.97 108544.0 8562070.0
247 Jun 09, 2016 0.97 1.0 0.95 0.99 77113.6 8466230.0
248 Jun 10, 2016 0.99 1.01 0.97 0.98 93696.4 8707600.0
249 Jun 11, 2016 0.98 0.99 0.95 0.97 99452.0 8600610.0
250 Jun 12, 2016 0.97 1.0 0.92 0.98 412093.0 8468050.0
251 Jun 13, 2016 0.98 1.02 0.97 1.01 307252.0 8581460.0
252 Jun 14, 2016 1.0 1.09 0.98 1.07 354659.0 8771080.0
253 Jun 15, 2016 1.07 1.09 0.96 0.98 306952.0 9337410.0
254 Jun 16, 2016 0.99 1.12 0.98 0.99 324199.0 8667410.0
255 Jun 17, 2016 1.01 1.06 0.81 0.96 492040.0 8833660.0
256 Jun 18, 2016 0.98 1.55 0.91 1.51 3212610.0 8579180.0
257 Jun 19, 2016 1.5 1.5 1.17 1.19 1337130.0 13090000.0
258 Jun 20, 2016 1.18 1.25 1.02 1.17 1210230.0 10370600.0
259 Jun 21, 2016 1.17 1.18 1.06 1.08 608159.0 10216100.0
260 Jun 22, 2016 1.08 1.26 1.05 1.07 780079.0 9453650.0
261 Jun 23, 2016 1.09 1.1 0.95 1.01 434231.0 9509150.0
262 Jun 24, 2016 1.0 1.06 0.95 1.03 566548.0 8771600.0
263 Jun 25, 2016 1.02 1.06 0.97 1.06 373063.0 8978700.0
264 Jun 26, 2016 1.06 1.15 1.04 1.07 353668.0 9281300.0
265 Jun 27, 2016 1.08 1.17 1.03 1.16 357003.0 9427220.0
266 Jun 28, 2016 1.15 1.35 1.11 1.32 991175.0 10106900.0
267 Jun 29, 2016 1.31 1.49 1.18 1.48 1414610.0 11506500.0
268 Jun 30, 2016 1.46 1.68 1.37 1.42 2979690.0 12772500.0
269 Jul 01, 2016 1.41 1.54 1.34 1.48 728051.0 12309400.0
270 Jul 02, 2016 1.48 1.52 1.36 1.36 522276.0 12965000.0
271 Jul 03, 2016 1.37 1.49 1.34 1.45 829406.0 11971900.0
272 Jul 04, 2016 1.45 1.51 1.43 1.47 321500.0 12686300.0
273 Jul 05, 2016 1.49 1.53 1.42 1.44 285652.0 13017200.0
274 Jul 06, 2016 1.44 1.47 1.37 1.37 205304.0 12622900.0
275 Jul 07, 2016 1.37 1.39 1.29 1.3 222675.0 11973400.0
276 Jul 08, 2016 1.36 1.36 1.31 1.36 128870.0 11905800.0
277 Jul 09, 2016 1.35 1.4 1.29 1.34 150372.0 11859900.0
278 Jul 10, 2016 1.36 1.57 1.34 1.53 789739.0 11937800.0
279 Jul 11, 2016 1.5 1.53 1.38 1.4 362539.0 13127600.0
280 Jul 12, 2016 1.41 1.48 1.35 1.45 299950.0 12317000.0
281 Jul 13, 2016 1.45 1.49 1.4 1.45 90478.1 12730100.0
282 Jul 14, 2016 1.45 1.61 1.44 1.59 282908.0 12680200.0
283 Jul 15, 2016 1.57 1.67 1.53 1.63 457886.0 13736300.0
284 Jul 16, 2016 1.63 1.66 1.54 1.62 322086.0 14228600.0
285 Jul 17, 2016 1.6 1.7 1.59 1.68 408338.0 14005800.0
286 Jul 18, 2016 1.69 1.69 1.56 1.6 311203.0 14766900.0
287 Jul 19, 2016 1.6 1.61 1.57 1.6 117114.0 13985200.0
288 Jul 20, 2016 1.6 1.62 1.47 1.56 401226.0 14020900.0
289 Jul 21, 2016 1.56 1.56 1.51 1.52 113837.0 13651700.0
290 Jul 22, 2016 1.53 1.6 1.51 1.6 166886.0 13416200.0
291 Jul 23, 2016 1.6 1.6 1.53 1.57 131858.0 13983400.0
292 Jul 24, 2016 1.58 1.59 1.45 1.51 408504.0 13825800.0
293 Jul 25, 2016 1.52 1.54 1.44 1.5 143427.0 13309400.0
294 Jul 26, 2016 1.5 1.51 1.33 1.41 434469.0 13177500.0
295 Jul 27, 2016 1.4 1.52 1.37 1.42 246319.0 12284200.0
296 Jul 28, 2016 1.42 1.73 1.41 1.61 1188630.0 12409400.0
297 Jul 29, 2016 1.6 1.85 1.6 1.75 1542630.0 13986900.0
298 Jul 30, 2016 1.75 1.86 1.7 1.79 666070.0 15331300.0
299 Jul 31, 2016 1.79 1.81 1.66 1.7 668677.0 15688200.0
300 Aug 01, 2016 1.7 1.7 1.58 1.59 278416.0 14869400.0
301 Aug 02, 2016 1.59 1.61 1.28 1.43 802331.0 13942000.0
302 Aug 03, 2016 1.5 1.54 1.39 1.47 274454.0 13130900.0
303 Aug 04, 2016 1.47 1.58 1.45 1.54 214792.0 12885400.0
304 Aug 05, 2016 1.54 1.6 1.51 1.6 194692.0 13527800.0
305 Aug 06, 2016 1.6 1.6 1.52 1.58 162550.0 13977300.0
306 Aug 07, 2016 1.58 1.61 1.54 1.58 90454.0 13845800.0
307 Aug 08, 2016 1.58 2.01 1.54 1.93 2014750.0 13810800.0
308 Aug 09, 2016 1.93 2.52 1.87 2.33 4812200.0 16930900.0
309 Aug 10, 2016 2.32 2.68 2.27 2.48 4045260.0 20287800.0
310 Aug 11, 2016 2.48 2.49 2.21 2.4 2084160.0 21671800.0
311 Aug 12, 2016 2.38 2.38 2.18 2.25 1252860.0 20828300.0
312 Aug 13, 2016 2.27 2.46 2.05 2.14 1759950.0 19872600.0
313 Aug 14, 2016 2.14 2.21 2.05 2.18 718675.0 18774100.0
314 Aug 15, 2016 2.18 2.35 2.14 2.17 966752.0 19104700.0
315 Aug 16, 2016 2.17 2.2 2.08 2.16 276506.0 19034500.0
316 Aug 17, 2016 2.16 2.25 2.08 2.21 353876.0 18877500.0
317 Aug 18, 2016 2.23 2.27 2.15 2.18 237723.0 19484900.0
318 Aug 19, 2016 2.19 2.24 2.14 2.14 148002.0 19199700.0
319 Aug 20, 2016 2.14 2.3 2.1 2.23 348809.0 18710900.0
320 Aug 21, 2016 2.22 2.44 2.1 2.38 1546590.0 19461700.0
321 Aug 22, 2016 2.38 3.04 2.34 2.83 1870970.0 20853800.0
322 Aug 23, 2016 2.84 3.2 2.66 3.14 3229870.0 24836700.0
323 Aug 24, 2016 3.14 3.17 2.78 2.98 1700880.0 27487500.0
324 Aug 25, 2016 3.02 3.02 2.77 2.85 719864.0 26422600.0
325 Aug 26, 2016 2.84 2.97 2.74 2.78 613253.0 24902700.0
326 Aug 27, 2016 2.77 2.81 2.69 2.73 367040.0 24287100.0
327 Aug 28, 2016 2.73 3.03 2.61 2.97 1651150.0 23907100.0
328 Aug 29, 2016 2.98 3.91 2.98 3.57 7101100.0 26103400.0
329 Aug 30, 2016 3.61 3.67 2.94 3.23 3743480.0 31626000.0
330 Aug 31, 2016 3.25 3.6 3.09 3.32 2416420.0 28482800.0
331 Sep 01, 2016 3.34 3.47 3.23 3.38 1123750.0 29222400.0
332 Sep 02, 2016 3.37 3.49 3.06 3.18 1372460.0 29522700.0
333 Sep 03, 2016 3.22 3.25 2.67 2.8 3077530.0 28153400.0
334 Sep 04, 2016 2.76 2.93 2.34 2.83 2721860.0 24193500.0
335 Sep 05, 2016 2.9 3.21 2.81 2.97 1494850.0 25362300.0
336 Sep 06, 2016 2.97 3.17 2.74 2.9 1043340.0 25977500.0
337 Sep 07, 2016 2.9 2.94 2.66 2.86 797770.0 25365100.0
338 Sep 08, 2016 2.89 3.11 2.84 2.91 950116.0 25277500.0
339 Sep 09, 2016 2.91 3.01 2.82 2.89 389671.0 25460300.0
340 Sep 10, 2016 2.89 2.95 2.84 2.89 309819.0 25305900.0
341 Sep 11, 2016 2.88 3.31 2.87 3.25 1698400.0 25238200.0
342 Sep 12, 2016 3.23 3.85 3.19 3.78 3940010.0 28291000.0
343 Sep 13, 2016 3.82 3.89 3.26 3.52 4184740.0 33419100.0
344 Sep 14, 2016 3.5 3.63 3.38 3.5 833969.0 30624600.0
345 Sep 15, 2016 3.5 3.56 3.25 3.3 856242.0 30667400.0
346 Sep 16, 2016 3.29 3.52 3.2 3.24 700126.0 28836000.0
347 Sep 17, 2016 3.27 3.42 3.19 3.39 505521.0 28591600.0
348 Sep 18, 2016 3.38 3.5 3.28 3.3 624712.0 29576300.0
349 Sep 19, 2016 3.31 3.38 3.25 3.3 300414.0 28992800.0
350 Sep 20, 2016 3.29 3.31 3.01 3.04 1109560.0 28772600.0
351 Sep 21, 2016 3.18 3.29 3.03 3.1 1236670.0 27808500.0
352 Sep 22, 2016 3.09 3.2 2.99 3.05 681429.0 27067900.0
353 Sep 23, 2016 3.05 3.07 2.71 2.99 1516260.0 26703400.0
354 Sep 24, 2016 2.98 3.23 2.94 3.21 1265730.0 26077300.0
355 Sep 25, 2016 3.19 3.21 3.0 3.05 657078.0 27911800.0
356 Sep 26, 2016 3.04 3.09 2.9 2.94 598824.0 26569800.0
357 Sep 27, 2016 2.94 3.09 2.94 3.06 384595.0 25714200.0
358 Sep 28, 2016 3.07 3.1 2.87 2.99 693774.0 26850200.0
359 Sep 29, 2016 2.97 3.05 2.86 2.92 482353.0 26040300.0
360 Sep 30, 2016 2.91 2.95 2.83 2.86 450570.0 25474800.0
361 Oct 01, 2016 2.86 2.88 2.03 2.38 3772980.0 25075100.0
362 Oct 02, 2016 2.38 2.49 2.29 2.34 1118610.0 20841200.0
363 Oct 03, 2016 2.35 2.41 2.17 2.28 606347.0 20558200.0
364 Oct 04, 2016 2.28 2.7 2.1 2.58 2946480.0 19964100.0
365 Oct 05, 2016 2.59 2.85 2.42 2.57 2970070.0 22656000.0
366 Oct 06, 2016 2.57 2.69 2.5 2.56 714662.0 22519800.0
367 Oct 07, 2016 2.54 2.63 2.29 2.38 1081170.0 22236900.0
368 Oct 08, 2016 2.38 2.45 2.32 2.42 384250.0 20798000.0
369 Oct 09, 2016 2.42 2.45 2.34 2.35 287182.0 21181800.0
370 Oct 10, 2016 2.35 2.58 2.3 2.44 689324.0 20577200.0
371 Oct 11, 2016 2.44 2.67 2.37 2.5 816515.0 21341500.0
372 Oct 12, 2016 2.5 2.58 2.46 2.54 314995.0 21885300.0
373 Oct 13, 2016 2.54 2.79 2.51 2.72 738631.0 22196600.0
374 Oct 14, 2016 2.73 2.74 2.61 2.63 292291.0 23887900.0
375 Oct 15, 2016 2.63 2.63 2.52 2.58 229738.0 23004100.0
376 Oct 16, 2016 2.56 2.58 2.5 2.51 119856.0 22413000.0
377 Oct 17, 2016 2.51 2.56 2.33 2.39 492082.0 22010600.0
378 Oct 18, 2016 2.35 2.61 2.34 2.58 440529.0 20568100.0
379 Oct 19, 2016 2.59 2.6 2.48 2.53 199324.0 22641200.0
380 Oct 20, 2016 2.53 2.72 2.51 2.62 446969.0 22141500.0
381 Oct 21, 2016 2.62 2.71 2.59 2.66 263271.0 22898200.0
382 Oct 22, 2016 2.66 2.67 2.53 2.62 425035.0 23255000.0
383 Oct 23, 2016 2.63 2.69 2.57 2.69 214031.0 22979500.0
384 Oct 24, 2016 2.69 2.75 2.63 2.73 324046.0 23546700.0
385 Oct 25, 2016 2.75 2.79 2.62 2.62 691709.0 24065200.0
386 Oct 26, 2016 2.62 2.69 2.55 2.66 384455.0 22912700.0
387 Oct 27, 2016 2.65 2.68 2.54 2.6 425502.0 23167300.0
388 Oct 28, 2016 2.6 2.64 2.19 2.31 1122820.0 22767800.0
389 Oct 29, 2016 2.31 2.35 1.66 2.09 3052070.0 20239100.0
390 Oct 30, 2016 2.07 2.24 1.95 2.22 1774420.0 18157900.0
391 Oct 31, 2016 2.21 2.22 2.05 2.14 833364.0 19395800.0
392 Nov 01, 2016 2.14 2.15 1.91 2.01 993907.0 18735700.0
393 Nov 02, 2016 2.01 2.09 1.93 1.93 440766.0 17571600.0
394 Nov 03, 2016 1.93 2.16 1.92 2.02 1138860.0 16869500.0
395 Nov 04, 2016 2.02 2.11 1.98 2.05 423337.0 17648600.0
396 Nov 05, 2016 2.05 2.11 2.04 2.07 154008.0 17977400.0
397 Nov 06, 2016 2.07 2.1 1.97 2.0 347638.0 18151000.0
398 Nov 07, 2016 2.01 2.71 1.99 2.56 1294940.0 17597300.0
399 Nov 08, 2016 2.6 2.69 2.31 2.55 2054040.0 22727300.0
400 Nov 09, 2016 2.55 2.55 1.95 2.32 2053310.0 22342000.0
401 Nov 10, 2016 2.32 2.41 2.08 2.16 681244.0 20280300.0
402 Nov 11, 2016 2.18 2.28 2.09 2.23 580716.0 19062300.0
403 Nov 12, 2016 2.24 2.35 2.19 2.24 546629.0 19599400.0
404 Nov 13, 2016 2.23 2.33 2.11 2.14 458583.0 19509300.0
405 Nov 14, 2016 2.13 2.25 2.1 2.18 312579.0 18679400.0
406 Nov 15, 2016 2.18 2.2 2.08 2.12 368075.0 19113600.0
407 >Nov 16, 201 2.12 2.18 2.01 2.1 783500.0 18539600.0
408 Nov 17, 2016 2.1 2.25 2.0 2.15 507364.0 18373100.0
409 Nov 18, 2016 2.14 2.45 2.05 2.28 1428090.0 18729400.0
410 Nov 19, 2016 2.27 2.35 2.21 2.27 477355.0 19913200.0
411 Nov 20, 2016 2.27 2.3 2.14 2.21 600545.0 19854300.0
412 Nov 21, 2016 2.21 2.31 2.19 2.24 270968.0 19355100.0
413 Nov 22, 2016 2.23 2.35 2.18 2.24 540028.0 19536600.0
414 Nov 23, 2016 2.24 2.31 2.19 2.3 308140.0 19621300.0
415 Nov 24, 2016 2.3 2.31 2.19 2.22 166064.0 20104000.0
416 Nov 25, 2016 2.23 2.25 2.18 2.23 116455.0 19524900.0
417 Nov 26, 2016 2.22 2.24 2.17 2.21 105444.0 19426300.0
418 Nov 27, 2016 2.2 2.23 2.18 2.19 128595.0 19298600.0
419 Nov 28, 2016 2.18 2.35 2.18 2.22 414449.0 19103000.0
420 Nov 29, 2016 2.23 2.32 2.2 2.29 162513.0 19479200.0
421 Nov 30, 2016 2.29 2.3 2.14 2.19 483278.0 20030700.0
422 Dec 01, 2016 2.16 2.19 2.07 2.09 371364.0 18944800.0
423 Dec 02, 2016 2.15 2.17 2.05 2.08 487177.0 18800300.0
424 Dec 03, 2016 2.11 2.13 2.07 2.13 125058.0 18438900.0
425 Dec 04, 2016 2.13 2.14 1.97 1.98 234448.0 18621400.0
426 Dec 05, 2016 1.98 2.05 1.9 1.92 308175.0 17369000.0
427 Dec 06, 2016 1.92 1.98 1.57 1.87 1162960.0 16811400.0
428 Dec 07, 2016 1.88 1.91 1.79 1.9 314695.0 16416600.0
429 Dec 08, 2016 1.9 2.07 1.88 1.91 442609.0 16639700.0
430 Dec 09, 2016 1.91 1.97 1.88 1.92 310577.0 16679900.0
431 Dec 10, 2016 1.92 1.94 1.86 1.89 121385.0 16842900.0
432 Dec 11, 2016 1.9 2.1 1.88 2.07 664098.0 16604700.0
433 Dec 12, 2016 2.06 2.12 1.98 2.11 399789.0 18017200.0
434 Dec 13, 2016 2.11 2.44 2.05 2.43 1577040.0 18475600.0
435 Dec 14, 2016 2.45 2.49 2.33 2.43 1935660.0 21472500.0
436 Dec 15, 2016 2.44 2.5 2.38 2.43 559991.0 21363800.0
437 Dec 16, 2016 2.43 2.47 2.38 2.44 351813.0 21248000.0
438 Dec 17, 2016 2.44 2.49 2.35 2.47 489850.0 21334600.0
439 Dec 18, 2016 2.49 2.88 2.47 2.7 1497310.0 21774900.0
440 Dec 19, 2016 2.7 3.1 2.67 3.03 1100620.0 23651600.0
441 Dec 20, 2016 3.04 3.39 2.88 2.93 4572530.0 26610500.0
442 Dec 21, 2016 2.86 3.07 2.55 2.64 4197290.0 25035600.0
443 Dec 22, 2016 2.63 2.71 2.2 2.49 3847430.0 23006200.0
444 Dec 23, 2016 2.45 2.59 2.26 2.42 3020430.0 21480900.0
445 Dec 24, 2016 2.41 2.58 2.37 2.54 911628.0 21087200.0
446 Dec 25, 2016 2.54 2.55 2.43 2.49 560025.0 22222300.0
447 Dec 26, 2016 2.49 2.51 2.38 2.43 413268.0 21833900.0
448 Dec 27, 2016 2.45 2.54 2.34 2.46 1374200.0 21456400.0
449 Dec 28, 2016 2.46 2.63 2.39 2.52 1019470.0 21507800.0
450 Dec 29, 2016 2.54 2.94 2.51 2.71 1775650.0 22217900.0
451 Dec 30, 2016 2.75 2.84 2.71 2.75 1089080.0 24065300.0
452 Dec 31, 2016 2.75 3.14 2.74 3.01 1731380.0 24091600.0
453 Jan 01, 2017 3.03 3.04 2.8 2.9 1062020.0 26490000.0
454 Jan 02, 2017 2.9 3.04 2.78 2.98 1061570.0 25414300.0
455 Jan 03, 2017 2.98 3.28 2.95 3.13 1634040.0 26078500.0
456 Jan 04, 2017 3.11 3.7 3.09 3.66 2403490.0 27259400.0
457 Jan 05, 2017 3.66 3.9 2.93 3.23 1275590.0 32023800.0
458 Jan 06, 2017 3.26 3.36 2.83 2.89 486927.0 28539000.0
459 Jan 07, 2017 2.9 2.9 2.62 2.85 561897.0 25362600.0
460 Jan 08, 2017 2.85 2.98 2.8 2.94 387175.0 24946400.0
461 Jan 09, 2017 2.94 2.99 2.81 2.9 298527.0 25771300.0
462 Jan 10, 2017 2.92 2.96 2.85 2.89 237099.0 25577300.0
463 Jan 11, 2017 2.89 2.93 2.45 2.49 332487.0 25327000.0
464 Jan 12, 2017 2.5 2.88 2.41 2.82 1046110.0 21866600.0
465 Jan 13, 2017 2.8 2.87 2.69 2.75 623038.0 24506500.0
466 Jan 14, 2017 2.76 2.86 2.74 2.78 142539.0 24147300.0
467 Jan 15, 2017 2.79 2.87 2.72 2.79 239441.0 24471300.0
468 Jan 16, 2017 2.79 3.06 2.79 3.0 673580.0 24458500.0
469 Jan 17, 2017 2.99 3.14 2.9 3.08 576683.0 26187700.0
470 Jan 18, 2017 3.07 3.13 2.91 3.02 369298.0 26894400.0
471 Jan 19, 2017 3.03 3.07 2.94 2.99 271217.0 26524400.0
472 Jan 20, 2017 2.99 3.04 2.78 2.83 499619.0 26156600.0
473 Jan 21, 2017 2.86 2.96 2.8 2.9 384246.0 25000500.0
474 Jan 22, 2017 2.9 3.21 2.9 3.15 652750.0 25422600.0
475 Jan 23, 2017 3.15 3.48 3.08 3.36 1650170.0 27542100.0
476 Jan 24, 2017 3.36 3.42 3.21 3.24 385630.0 29406800.0
477 Jan 25, 2017 3.25 3.39 3.22 3.24 441173.0 28478300.0
478 Jan 26, 2017 3.24 3.39 3.24 3.27 386225.0 28387300.0
479 Jan 27, 2017 3.27 3.39 3.22 3.27 395910.0 28658800.0
480 Jan 28, 2017 3.27 3.39 3.22 3.34 221648.0 28648200.0
481 Jan 29, 2017 3.34 3.45 3.28 3.44 201686.0 29212900.0
482 Jan 30, 2017 3.4 3.56 3.38 3.46 544027.0 29780000.0
483 Jan 31, 2017 3.45 3.54 3.27 3.41 831052.0 30233800.0
484 Feb 01, 2017 3.41 3.53 3.41 3.43 321094.0 29852200.0
485 Feb 02, 2017 3.44 3.5 3.33 3.38 308509.0 30118900.0
486 Feb 03, 2017 3.39 3.61 3.34 3.58 383471.0 29716200.0
487 Feb 04, 2017 3.55 3.59 3.48 3.48 280142.0 31067700.0
488 Feb 05, 2017 3.5 3.65 3.44 3.55 280290.0 30613800.0
489 Feb 06, 2017 3.57 3.65 3.5 3.58 121732.0 31272000.0
490 Feb 07, 2017 3.58 4.01 3.47 3.83 1202710.0 31380600.0
491 Feb 08, 2017 3.85 3.99 3.61 3.66 1412280.0 33736300.0
492 Feb 09, 2017 3.66 3.71 3.27 3.38 1231910.0 32071900.0
493 Feb 10, 2017 3.37 3.4 3.11 3.25 541594.0 29530600.0
494 Feb 11, 2017 3.24 3.43 3.23 3.4 242932.0 28377800.0
495 Feb 12, 2017 3.4 3.42 3.31 3.32 118260.0 29804200.0
496 Feb 13, 2017 3.32 3.33 3.2 3.27 128969.0 29051800.0
497 Feb 14, 2017 3.27 3.48 3.19 3.39 683432.0 28579700.0
498 Feb 15, 2017 3.39 3.52 3.36 3.47 358349.0 29681400.0
499 Feb 16, 2017 3.38 3.47 3.21 3.23 763338.0 29602700.0
500 Feb 17, 2017 3.22 3.33 3.22 3.32 197720.0 28163900.0
501 Feb 18, 2017 3.33 3.33 3.14 3.23 408967.0 29144600.0
502 Feb 19, 2017 3.25 3.34 3.2 3.27 253823.0 28417400.0
503 Feb 20, 2017 3.28 3.28 2.89 2.94 642136.0 28701900.0
504 Feb 21, 2017 2.95 3.14 2.83 3.01 1597510.0 25864400.0
505 Feb 22, 2017 3.02 3.06 2.82 2.96 601584.0 26411300.0
506 Feb 23, 2017 2.94 3.08 2.86 2.87 631788.0 25785800.0
507 Feb 24, 2017 2.92 2.97 2.68 2.87 1457340.0 25521800.0
508 Feb 25, 2017 2.86 3.02 2.81 2.9 695151.0 25014200.0
509 Feb 26, 2017 2.92 3.0 2.82 2.91 360383.0 25529400.0
510 Feb 27, 2017 2.92 2.97 2.8 2.89 296818.0 25538400.0
511 Feb 28, 2017 2.89 3.12 2.82 2.94 482954.0 25331000.0
512 Mar 01, 2017 2.94 3.29 2.9 3.2 1716870.0 25779500.0
513 Mar 02, 2017 3.21 3.31 2.93 2.99 853937.0 28086500.0
514 Mar 03, 2017 2.99 3.14 2.98 3.05 707683.0 26169800.0
515 Mar 04, 2017 3.05 3.12 3.0 3.04 327970.0 26689300.0
516 Mar 05, 2017 3.06 3.14 3.02 3.11 238042.0 26754300.0
517 Mar 06, 2017 3.11 3.21 3.07 3.18 401172.0 27216100.0
518 Mar 07, 2017 3.18 3.33 3.06 3.07 485800.0 27874500.0
519 Mar 08, 2017 3.05 3.15 2.84 2.85 437721.0 26717100.0
520 Mar 09, 2017 2.84 2.96 2.73 2.86 529385.0 24861200.0
521 Mar 10, 2017 2.84 2.93 2.58 2.74 1800530.0 24900100.0
522 Mar 11, 2017 2.75 3.08 2.75 3.08 1018790.0 24053300.0
523 Mar 12, 2017 3.05 3.48 3.02 3.48 1318990.0 26726000.0
524 Mar 13, 2017 3.44 4.27 3.4 3.99 4627760.0 30117200.0
525 Mar 14, 2017 4.0 4.01 3.52 3.75 1240190.0 35015900.0
526 Mar 15, 2017 3.74 3.96 3.48 3.91 1718790.0 32727100.0
527 Mar 16, 2017 3.94 4.47 3.81 4.36 3066570.0 34455900.0
528 Mar 17, 2017 4.32 4.38 3.65 3.86 2648940.0 37799900.0
529 Mar 18, 2017 3.79 3.85 3.13 3.39 2201440.0 33220500.0
530 Mar 19, 2017 3.38 3.68 3.31 3.6 1034690.0 29608800.0
531 Mar 20, 2017 3.55 3.66 3.45 3.56 888803.0 31108400.0
532 Mar 21, 2017 3.56 3.73 3.47 3.62 776578.0 31153600.0
533 Mar 22, 2017 3.63 3.65 3.4 3.5 1180500.0 31737300.0
534 Mar 23, 2017 3.52 3.83 3.38 3.76 1289870.0 30836100.0
535 Mar 24, 2017 3.77 4.08 3.59 3.74 2732730.0 33005900.0
536 Mar 25, 2017 3.67 3.87 3.48 3.5 1827140.0 32143500.0
537 Mar 26, 2017 3.49 3.67 3.27 3.54 1804930.0 30574600.0
538 Mar 27, 2017 3.56 3.78 3.46 3.62 1384850.0 31199900.0
539 Mar 28, 2017 3.62 4.01 3.58 4.01 930385.0 31707800.0
540 Mar 29, 2017 4.12 4.45 3.98 4.19 2950520.0 36058100.0
541 Mar 30, 2017 4.2 4.63 3.74 3.81 3165590.0 36776900.0
542 Mar 31, 2017 3.85 4.18 3.6 3.83 2245170.0 33727200.0
543 Apr 01, 2017 3.79 4.13 3.74 3.98 933991.0 33177800.0
544 Apr 02, 2017 3.99 4.29 3.96 4.01 1281200.0 34935100.0
545 Apr 03, 2017 4.03 4.28 3.96 4.26 1481530.0 35245600.0
546 Apr 04, 2017 4.22 4.25 4.02 4.17 619979.0 36906800.0
547 >Apr 05, 201 4.19 4.34 4.11 4.3 810544.0 36668300.0
548 Apr 06, 2017 4.28 5.32 4.08 4.41 5898260.0 37483900.0
549 Apr 07, 2017 4.39 4.73 4.17 4.28 1371990.0 38465900.0
550 Apr 08, 2017 4.24 4.82 4.19 4.6 975380.0 37095300.0
551 Apr 09, 2017 4.54 4.7 4.34 4.43 726731.0 39776500.0
552 Apr 10, 2017 4.47 4.77 4.43 4.7 410384.0 39141600.0
553 Apr 11, 2017 4.67 4.83 4.59 4.65 790855.0 40851600.0
554 Apr 12, 2017 4.67 4.94 4.59 4.87 610365.0 40871200.0
555 Apr 13, 2017 4.89 5.0 4.76 4.81 907215.0 42840400.0
556 Apr 14, 2017 4.81 5.02 4.77 4.77 451514.0 42076100.0
557 Apr 15, 2017 4.77 5.49 4.77 5.45 1684360.0 41723700.0
558 Apr 16, 2017 5.46 7.01 5.43 6.3 11799300.0 47777500.0
559 Apr 17, 2017 6.21 6.67 6.03 6.13 3851790.0 54371900.0
560 Apr 18, 2017 6.12 7.58 5.86 7.16 8484100.0 53588300.0
561 Apr 19, 2017 7.15 7.43 6.54 6.72 5755630.0 62622100.0
562 Apr 20, 2017 6.85 7.24 6.37 6.55 4474040.0 59955700.0
563 Apr 21, 2017 6.56 6.83 6.19 6.51 2471200.0 57422100.0
564 Apr 22, 2017 6.5 6.69 6.34 6.37 1191320.0 56940200.0
565 Apr 23, 2017 6.38 7.01 6.09 6.61 2944860.0 55860800.0
566 Apr 24, 2017 6.64 6.81 6.39 6.72 1665640.0 58103000.0
567 Apr 25, 2017 6.72 7.1 6.55 6.77 2425260.0 58854300.0
568 Apr 26, 2017 6.78 6.96 6.54 6.69 1222310.0 59310800.0
569 Apr 27, 2017 6.65 7.19 6.51 7.16 1420250.0 58201600.0
570 Apr 28, 2017 7.16 7.71 6.92 7.43 2969020.0 62642100.0
571 Apr 29, 2017 7.51 8.19 7.34 8.18 2614160.0 65762800.0
572 Apr 30, 2017 8.03 8.32 7.77 8.08 2639500.0 70330500.0
573 May 01, 2017 8.07 8.33 7.58 7.82 3675540.0 70614400.0
574 May 02, 2017 7.75 7.89 6.8 7.47 3686740.0 67857700.0
575 May 03, 2017 7.47 7.8 7.2 7.45 2188510.0 65392700.0
576 May 04, 2017 7.52 8.55 7.51 8.28 3216770.0 65800100.0
577 May 05, 2017 8.28 9.82 8.18 8.53 5282420.0 72466000.0
578 May 06, 2017 8.55 10.42 8.51 9.77 5793480.0 74862200.0
579 May 07, 2017 9.77 11.23 9.14 9.85 9072880.0 85477800.0
580 May 08, 2017 9.96 10.86 9.52 9.91 4747730.0 87231000.0
581 May 09, 2017 9.89 10.42 7.17 8.88 7234170.0 86577400.0
582 May 10, 2017 8.79 9.53 7.96 8.47 3775270.0 76939000.0
583 May 11, 2017 8.51 9.38 7.91 9.05 2519000.0 74531000.0
584 May 12, 2017 9.1 9.51 8.75 8.89 2040170.0 79629300.0
585 May 13, 2017 8.88 9.15 8.32 8.5 1168510.0 77742200.0
586 May 14, 2017 8.53 9.04 8.53 8.73 1360170.0 74628100.0
587 May 15, 2017 8.78 9.44 8.46 8.86 2254640.0 76873000.0
588 May 16, 2017 8.94 8.94 8.15 8.18 1943400.0 78287900.0
589 May 17, 2017 8.17 8.84 7.94 8.82 1415960.0 71535800.0
590 May 18, 2017 8.76 9.22 8.63 9.05 1764050.0 76683000.0
591 May 19, 2017 9.03 10.39 8.92 10.31 2606190.0 79072700.0
592 May 20, 2017 10.29 10.53 9.86 10.04 1483050.0 90119600.0
593 May 21, 2017 9.96 10.93 9.92 10.81 2250710.0 87205900.0
594 May 22, 2017 10.79 13.37 10.23 11.59 6297310.0 94503300.0
595 May 23, 2017 11.51 14.07 11.11 13.97 6377940.0 100826000.0
596 May 24, 2017 13.99 17.44 13.99 15.17 10628500.0 122465000.0
597 May 25, 2017 15.61 16.52 12.13 12.24 6252410.0 136714000.0
598 May 26, 2017 12.15 15.83 11.1 11.91 3120110.0 106399000.0
599 May 27, 2017 11.94 12.61 8.87 11.79 3635830.0 104567000.0
600 May 28, 2017 11.95 13.11 11.23 12.62 3316460.0 104650000.0
601 May 29, 2017 12.5 13.36 11.6 12.75 1820790.0 109473000.0
602 May 30, 2017 12.83 13.57 11.47 11.53 1864840.0 112387000.0
603 May 31, 2017 11.6 12.35 11.14 12.32 1631020.0 101603000.0
604 Jun 01, 2017 12.35 13.54 12.35 12.89 1360750.0 108120000.0
605 Jun 02, 2017 12.89 14.82 12.8 14.64 2337610.0 112837000.0
606 Jun 03, 2017 14.62 15.96 14.32 15.86 3661030.0 128006000.0
607 Jun 04, 2017 15.77 17.65 15.0 17.56 4783920.0 138067000.0
608 Jun 05, 2017 17.37 25.87 17.37 24.43 31647000.0 152100000.0
609 Jun 06, 2017 24.55 34.78 20.65 32.54 72220400.0 214914000.0
610 Jun 07, 2017 31.93 37.06 26.55 27.33 40988800.0 279559000.0
611 Jun 08, 2017 27.72 30.06 25.88 27.71 14435300.0 242704000.0
612 Jun 09, 2017 27.87 31.69 27.19 31.69 11330500.0 243953000.0
613 Jun 10, 2017 32.14 32.14 24.64 24.72 11449100.0 281410000.0
614 Jun 11, 2017 24.61 30.59 24.61 27.52 9682100.0 215493000.0
615 Jun 12, 2017 27.87 29.97 23.23 25.17 7083680.0 244021000.0
616 Jun 13, 2017 24.96 32.53 24.96 30.46 16705400.0 218494000.0
617 Jun 14, 2017 30.97 33.56 25.55 27.01 11141600.0 271174000.0
618 Jun 15, 2017 26.87 27.48 20.66 26.97 7891690.0 235224000.0
619 Jun 16, 2017 26.61 28.0 24.69 28.0 4836350.0 232935000.0
620 Jun 17, 2017 27.81 33.15 27.55 31.84 12702600.0 243459000.0
621 Jun 18, 2017 31.8 31.8 29.25 31.37 6077040.0 278410000.0
622 Jun 19, 2017 31.41 36.35 31.37 33.44 17409300.0 275005000.0
623 Jun 20, 2017 33.56 36.21 31.09 32.64 9158100.0 293796000.0
624 Jun 21, 2017 32.71 34.19 28.09 29.45 7937990.0 286348000.0
625 Jun 22, 2017 29.7 32.27 28.04 32.25 5892960.0 260026000.0
626 Jun 23, 2017 31.38 36.31 31.19 33.31 7239310.0 274717000.0
627 Jun 24, 2017 33.3 34.57 30.57 31.09 3149050.0 291536000.0
628 Jun 25, 2017 31.28 31.53 24.58 28.02 7089170.0 273854000.0
629 Jun 26, 2017 27.68 29.52 21.7 25.34 8962600.0 242371000.0
630 Jun 27, 2017 25.34 26.19 21.22 26.15 5141850.0 221878000.0
631 Jun 28, 2017 26.33 28.2 24.7 27.09 4795800.0 230476000.0
632 Jun 29, 2017 26.97 27.93 24.82 25.2 3172030.0 236139000.0
633 Jun 30, 2017 25.08 25.93 23.43 23.51 2684430.0 219584000.0
634 Jul 01, 2017 23.69 24.33 20.76 21.47 2792890.0 207415000.0
635 Jul 02, 2017 21.65 24.58 20.55 23.84 3848540.0 189542000.0
636 Jul 03, 2017 23.75 24.3 22.36 23.63 2003880.0 207961000.0
637 Jul 04, 2017 23.51 26.62 23.51 24.76 3684920.0 205835000.0
638 Jul 05, 2017 24.68 27.14 23.83 26.46 2865830.0 216108000.0
639 Jul 06, 2017 26.48 27.51 25.45 25.9 3343980.0 231810000.0
640 Jul 07, 2017 25.99 26.5 21.75 22.55 3083140.0 227577000.0
641 Jul 08, 2017 22.58 23.28 20.54 23.28 3125800.0 197702000.0
642 Jul 09, 2017 23.31 24.07 20.79 20.84 1903860.0 204043000.0
643 Jul 10, 2017 20.84 21.33 14.63 15.92 6049120.0 182475000.0
644 Jul 11, 2017 15.3 16.93 12.24 14.67 8804620.0 133930000.0
645 Jul 12, 2017 14.39 17.74 13.51 17.74 4514800.0 126030000.0
646 Jul 13, 2017 18.58 18.63 14.67 16.84 4507770.0 162642000.0
647 Jul 14, 2017 16.99 17.18 13.72 14.85 3703520.0 148788000.0
648 Jul 15, 2017 15.0 15.09 12.88 13.23 2364770.0 131361000.0
649 Jul 16, 2017 13.12 13.43 11.45 13.23 2342440.0 114844000.0
650 Jul 17, 2017 13.22 16.13 12.64 15.73 2834510.0 115764000.0
651 Jul 18, 2017 15.8 16.5 14.61 15.92 4628260.0 138372000.0
652 Jul 19, 2017 15.99 16.6 14.04 14.51 2406070.0 140019000.0
653 Jul 20, 2017 14.44 17.11 14.44 15.79 4178390.0 126460000.0
654 Jul 21, 2017 15.99 17.65 15.99 17.0 2512080.0 139967000.0
655 Jul 22, 2017 17.06 22.82 16.92 21.28 6532530.0 149333000.0
656 Jul 23, 2017 21.44 23.61 19.58 22.67 5269690.0 187713000.0
657 Jul 24, 2017 22.49 23.36 21.26 22.74 3420740.0 196906000.0
658 Jul 25, 2017 22.81 23.06 17.82 18.67 5684980.0 199680000.0
659 Jul 26, 2017 18.66 19.31 17.47 18.3 1745280.0 163413000.0
660 Jul 27, 2017 18.48 18.91 17.14 17.69 1992980.0 161818000.0
661 Jul 28, 2017 17.76 18.46 16.65 17.69 3036260.0 155507000.0
662 Jul 29, 2017 17.62 18.77 15.99 18.48 1974870.0 154276000.0
663 Jul 30, 2017 18.48 18.55 16.39 16.92 1934940.0 161778000.0
664 Jul 31, 2017 16.94 17.22 15.65 15.73 2688140.0 148321000.0
665 Aug 01, 2017 16.25 20.11 16.07 19.12 4904440.0 142281000.0
666 Aug 02, 2017 19.12 20.15 18.8 19.57 3347300.0 167394000.0
667 Aug 03, 2017 19.41 19.43 18.68 18.76 1740220.0 169940000.0
668 Aug 04, 2017 18.74 19.74 18.16 18.94 2416820.0 164084000.0
669 Aug 05, 2017 18.77 21.58 18.46 21.54 3033400.0 164305000.0
670 Aug 06, 2017 21.29 21.72 19.98 20.41 1627170.0 186407000.0
671 Aug 07, 2017 20.36 21.32 19.14 21.32 3011810.0 178236000.0
672 Aug 08, 2017 21.04 21.26 19.93 20.77 2529660.0 184199000.0
673 Aug 09, 2017 20.75 21.2 19.46 20.69 2950020.0 181699000.0
674 Aug 10, 2017 20.81 21.03 19.41 19.41 2478460.0 182172000.0
675 Aug 11, 2017 19.51 20.69 18.86 19.35 4122470.0 170781000.0
676 Aug 12, 2017 19.45 19.92 18.72 19.72 4171490.0 170266000.0
677 Aug 13, 2017 19.76 19.76 16.16 17.15 7621270.0 173014000.0
678 Aug 14, 2017 17.15 18.21 16.46 17.31 4334200.0 150152000.0
679 Aug 15, 2017 17.33 18.93 16.57 17.61 4403210.0 151567000.0
680 Aug 16, 2017 17.63 19.42 16.91 19.34 3078360.0 154213000.0
681 Aug 17, 2017 19.4 20.78 18.51 19.95 3424580.0 169690000.0
682 Aug 18, 2017 19.99 24.82 19.13 21.71 12079700.0 174831000.0
683 >Aug 19, 201 21.73 25.49 20.91 20.91 12330700.0 190089000.0
684 Aug 20, 2017 20.8 23.51 20.19 22.69 4714330.0 181924000.0
685 Aug 21, 2017 22.42 26.08 22.42 24.05 9106090.0 196067000.0
686 Aug 22, 2017 24.28 24.53 21.86 23.73 4896740.0 212347000.0
687 Aug 23, 2017 23.67 25.02 22.89 23.87 3491500.0 207082000.0
688 Aug 24, 2017 24.04 27.67 23.66 27.27 5336720.0 210255000.0
689 Aug 25, 2017 26.99 30.35 26.99 28.65 8596460.0 236045000.0
690 Aug 26, 2017 28.58 32.5 27.49 31.94 5481720.0 249989000.0
691 Aug 27, 2017 31.66 31.66 28.49 28.87 4088800.0 276919000.0
692 Aug 28, 2017 28.88 31.95 28.79 30.74 4693520.0 252611000.0
693 Aug 29, 2017 30.79 32.2 29.47 29.47 5131350.0 269290000.0
694 Aug 30, 2017 29.53 30.77 28.12 30.29 4303180.0 258328000.0
695 Aug 31, 2017 30.3 30.3 28.64 29.64 3316700.0 264994000.0
696 Sep 01, 2017 29.71 32.68 29.43 32.68 2788860.0 259897000.0
697 Sep 02, 2017 32.78 33.37 25.99 27.19 4886380.0 286682000.0
698 Sep 03, 2017 27.25 29.55 25.92 27.63 2736900.0 238326000.0
699 Sep 04, 2017 27.64 27.7 21.8 24.3 3814510.0 241764000.0
700 Sep 05, 2017 24.46 26.84 21.7 25.29 3089900.0 213955000.0
701 Sep 06, 2017 25.31 28.13 25.3 26.46 1522070.0 221353000.0
702 Sep 07, 2017 26.41 28.36 25.67 27.97 2729340.0 230995000.0
703 Sep 08, 2017 27.82 30.05 23.32 26.27 6644870.0 243363000.0
704 Sep 09, 2017 26.48 26.58 24.21 25.06 1276300.0 231623000.0
705 Sep 10, 2017 24.99 25.01 21.67 23.5 2014510.0 218613000.0
706 Sep 11, 2017 23.56 24.62 22.77 23.37 1249790.0 206040000.0
707 Sep 12, 2017 23.4 24.56 21.98 22.09 1204890.0 204657000.0
708 Sep 13, 2017 22.14 22.21 18.48 20.37 2796610.0 193629000.0
709 Sep 14, 2017 20.44 21.13 15.14 15.14 2348240.0 178804000.0
710 Sep 15, 2017 15.12 18.45 12.62 18.05 3178720.0 132227000.0
711 Sep 16, 2017 18.14 19.4 16.41 17.88 1275190.0 158638000.0
712 Sep 17, 2017 17.9 17.9 15.61 17.35 912591.0 156547000.0
713 Sep 18, 2017 17.35 19.91 17.35 19.62 1526230.0 151750000.0
714 Sep 19, 2017 19.83 19.83 18.13 18.55 594451.0 173446000.0
715 Sep 20, 2017 18.58 18.98 17.49 17.49 884523.0 162518000.0
716 Sep 21, 2017 17.39 17.57 14.08 14.83 2096320.0 152109000.0
717 Sep 22, 2017 14.88 16.08 14.87 15.56 1151450.0 130213000.0
718 Sep 23, 2017 15.59 17.07 15.43 17.07 457919.0 136404000.0
719 Sep 24, 2017 17.08 17.51 16.15 16.53 496915.0 149433000.0
720 Sep 25, 2017 16.51 17.59 16.14 17.3 536718.0 144396000.0
721 Sep 26, 2017 17.3 17.96 17.13 17.6 2491610.0 151341000.0
722 Sep 27, 2017 17.6 20.13 17.49 19.8 3594630.0 153949000.0
723 Sep 28, 2017 19.8 19.91 19.05 19.19 1825390.0 173214000.0
724 Sep 29, 2017 19.16 19.23 17.71 18.33 1962570.0 167637000.0
725 Sep 30, 2017 18.33 19.15 18.27 18.46 2177150.0 160380000.0
726 Oct 01, 2017 18.45 18.6 17.77 17.95 2310450.0 161432000.0
727 Oct 02, 2017 17.95 18.14 16.81 17.07 2593250.0 157005000.0
728 Oct 03, 2017 17.11 17.65 15.56 16.82 2876690.0 149648000.0
729 Oct 04, 2017 16.83 18.69 16.83 17.05 2927170.0 147201000.0
730 Oct 05, 2017 17.05 18.1 16.32 18.1 1840770.0 149130000.0
731 Oct 06, 2017 18.14 18.27 17.02 17.61 2179890.0 158662000.0
732 Oct 07, 2017 17.6 18.84 17.45 18.52 2089070.0 153921000.0
733 Oct 08, 2017 18.44 18.49 16.29 16.47 2321920.0 161347000.0
734 Oct 09, 2017 16.58 17.55 15.38 15.44 3143110.0 145062000.0
735 Oct 10, 2017 15.48 16.18 15.19 15.96 2628550.0 135435000.0
736 Oct 11, 2017 15.99 17.33 15.8 16.67 1942360.0 139850000.0
737 Oct 12, 2017 16.69 17.24 15.82 16.37 2457100.0 145995000.0
738 Oct 13, 2017 16.41 17.06 15.36 16.9 2706360.0 143576000.0
739 Oct 14, 2017 16.95 16.99 15.87 16.45 1554970.0 148268000.0
740 Oct 15, 2017 16.47 17.73 15.8 17.08 2751450.0 144077000.0
741 Oct 16, 2017 17.12 17.46 15.77 16.55 2233920.0 149802000.0
742 Oct 17, 2017 16.54 16.71 15.74 15.81 1647080.0 144712000.0
743 Oct 18, 2017 15.86 16.83 15.41 16.7 2206280.0 138712000.0
744 Oct 19, 2017 16.67 16.75 15.36 15.92 1828120.0 145837000.0
745 Oct 20, 2017 15.93 16.07 14.97 15.33 2499680.0 139326000.0
746 Oct 21, 2017 15.3 15.64 14.19 15.21 2034400.0 133866000.0
747 Oct 22, 2017 15.22 15.69 14.73 15.2 1348230.0 133157000.0
748 Oct 23, 2017 15.18 15.26 14.33 15.03 1481280.0 132805000.0
749 Oct 24, 2017 15.01 16.64 14.37 15.94 3946660.0 131288000.0
750 Oct 25, 2017 16.05 16.16 14.94 15.47 1137840.0 140434000.0
751 Oct 26, 2017 15.47 15.55 14.69 15.09 2521090.0 135342000.0
752 Oct 27, 2017 15.08 15.61 14.45 15.47 3593930.0 131908000.0
753 Oct 28, 2017 15.49 15.99 14.87 14.88 3879950.0 135503000.0
754 Oct 29, 2017 14.87 15.84 14.61 14.66 3778790.0 130120000.0
755 Oct 30, 2017 14.6 16.12 14.6 15.29 3978210.0 127756000.0
756 Oct 31, 2017 15.33 15.55 14.19 14.57 3827220.0 134134000.0
757 Nov 01, 2017 14.51 14.54 12.41 12.57 4924490.0 126928000.0
758 Nov 02, 2017 12.54 13.19 11.46 11.63 6274120.0 109707000.0
759 Nov 03, 2017 11.64 16.33 11.41 14.53 11658900.0 101848000.0
760 Nov 04, 2017 14.51 14.65 13.32 14.14 5342760.0 126925000.0
761 Nov 05, 2017 14.26 14.55 13.57 14.3 4823260.0 124708000.0
762 Nov 06, 2017 14.41 16.29 13.93 16.09 5425720.0 126073000.0
763 Nov 07, 2017 15.94 16.91 15.06 16.53 5096930.0 139441000.0
764 Nov 08, 2017 16.51 17.85 15.24 16.99 5323950.0 144464000.0
765 Nov 09, 2017 16.99 22.92 16.85 21.28 9168790.0 148644000.0
766 Nov 10, 2017 21.45 22.56 16.52 17.54 9689210.0 187610000.0
767 Nov 11, 2017 17.5 19.97 17.19 19.97 5825590.0 153055000.0
768 Nov 12, 2017 20.29 21.07 15.7 16.17 6862910.0 177486000.0
769 Nov 13, 2017 16.24 18.3 16.18 16.81 4780390.0 142029000.0
770 Nov 14, 2017 16.87 18.2 16.86 17.86 2772270.0 147603000.0
771 Nov 15, 2017 17.91 21.45 17.09 19.36 7185410.0 156634000.0
772 Nov 16, 2017 19.34 21.6 18.66 19.04 10068500.0 169157000.0
773 Nov 17, 2017 18.78 19.21 17.34 18.38 6094750.0 164263000.0
774 Nov 18, 2017 18.46 19.36 17.91 18.55 3659840.0 161516000.0
775 Nov 19, 2017 18.55 19.91 18.52 18.88 3214330.0 162287000.0
776 Nov 20, 2017 18.81 19.78 18.43 19.39 3939130.0 164502000.0
777 Nov 21, 2017 19.5 20.94 18.21 19.79 3982040.0 170572000.0
778 Nov 22, 2017 19.93 23.14 19.74 22.91 7285730.0 174334000.0
779 Nov 23, 2017 22.74 24.1 21.84 21.84 6263550.0 198873000.0
780 Nov 24, 2017 21.93 22.44 21.0 22.12 4548280.0 191788000.0
781 Nov 25, 2017 22.12 23.64 22.12 23.33 4208370.0 193521000.0
782 Nov 26, 2017 23.43 23.46 21.77 22.91 4562490.0 204909000.0
783 Nov 27, 2017 22.75 23.51 21.89 22.88 4196830.0 199001000.0
784 Nov 28, 2017 22.94 25.13 22.78 23.66 6776520.0 200637000.0
785 Nov 29, 2017 23.55 25.35 19.0 19.57 9147160.0 206015000.0
786 Nov 30, 2017 20.24 23.6 18.57 23.39 6917800.0 177046000.0
787 Dec 01, 2017 23.19 23.24 20.96 23.22 4852030.0 202810000.0
788 Dec 02, 2017 23.17 23.34 21.67 22.43 3068200.0 202640000.0
789 Dec 03, 2017 22.25 24.6 21.35 23.1 5475510.0 194654000.0
790 Dec 04, 2017 23.05 24.45 22.74 23.88 6554430.0 201603000.0
791 Dec 05, 2017 23.82 25.59 23.72 25.5 7338800.0 208365000.0
792 Dec 06, 2017 25.49 25.95 21.45 22.61 10704200.0 222978000.0
793 Dec 07, 2017 23.02 25.46 19.29 19.48 13384500.0 201335000.0
794 Dec 08, 2017 19.34 22.37 18.11 20.36 11227700.0 169133000.0
795 Dec 09, 2017 20.2 22.33 20.01 22.05 9043360.0 176714000.0
796 Dec 10, 2017 21.59 21.59 18.81 19.65 6611590.0 188866000.0
797 Dec 11, 2017 19.23 25.25 19.23 23.63 9127790.0 168222000.0
798 Dec 12, 2017 23.66 27.95 22.96 27.24 11137400.0 206965000.0
799 Dec 13, 2017 27.03 29.23 24.86 26.36 12217400.0 236393000.0
800 Dec 14, 2017 25.88 35.82 25.72 32.28 34603300.0 226380000.0
801 Dec 15, 2017 32.41 32.88 26.15 31.66 19675900.0 283513000.0
802 Dec 16, 2017 31.71 32.09 29.74 30.95 12512500.0 277307000.0
803 Dec 17, 2017 31.7 44.93 31.16 38.59 28270400.0 277291000.0
804 Dec 18, 2017 38.43 44.68 36.75 42.26 20930600.0 336081000.0
805 Dec 19, 2017 42.34 46.44 38.42 41.38 21900300.0 370347000.0
806 Dec 20, 2017 41.67 46.07 35.48 43.74 22740800.0 364453000.0
807 Dec 21, 2017 43.95 46.89 38.49 41.69 29188800.0 384374000.0
808 Dec 22, 2017 41.79 43.1 23.47 32.0 22498500.0 365478000.0
809 Dec 23, 2017 32.4 41.36 31.85 36.85 17790400.0 283391000.0
810 Dec 24, 2017 37.09 37.29 29.72 35.56 13755700.0 324430000.0
811 Dec 25, 2017 35.61 47.84 34.15 47.46 36559000.0 311425000.0
812 Dec 26, 2017 47.9 48.01 40.56 47.85 35829800.0 418940000.0
813 Dec 27, 2017 48.09 48.09 42.4 44.39 22010600.0 420603000.0
814 Dec 28, 2017 44.31 44.94 37.96 41.56 15198000.0 387534000.0
815 Dec 29, 2017 41.98 49.05 41.35 47.1 20666300.0 367167000.0
816 Dec 30, 2017 47.01 47.33 38.03 42.18 19579400.0 411153000.0
817 Dec 31, 2017 41.4 57.71 40.71 57.71 32330900.0 362128000.0
818 Jan 01, 2018 58.31 78.07 52.0 64.8 104632000.0 509929000.0
819 Jan 02, 2018 64.85 70.29 56.38 60.35 67878600.0 567190000.0
820 Jan 03, 2018 61.83 71.64 58.52 66.37 47762500.0 540791000.0
821 Jan 04, 2018 66.77 72.04 63.86 66.62 36659400.0 583930000.0
822 Jan 05, 2018 66.55 69.71 58.49 62.73 36607800.0 582013000.0
823 Jan 06, 2018 63.03 68.22 58.72 63.85 28218000.0 551284000.0
824 Jan 07, 2018 63.65 87.16 63.25 71.37 52211000.0 556637000.0
825 Jan 08, 2018 71.61 78.58 63.78 76.07 43430600.0 626257000.0
826 Jan 09, 2018 75.77 79.46 66.23 68.58 31292400.0 662696000.0
827 Jan 10, 2018 68.99 70.48 59.81 66.61 25423000.0 603396000.0
828 Jan 11, 2018 66.61 67.2 56.97 57.38 18147200.0 582577000.0
829 Jan 12, 2018 57.5 62.7 52.08 62.39 23812300.0 502870000.0
830 Jan 13, 2018 62.57 65.19 60.99 62.23 17156200.0 547248000.0
831 Jan 14, 2018 62.32 69.1 61.28 64.33 24864200.0 545046000.0
832 Jan 15, 2018 64.01 66.26 57.75 58.89 20503800.0 559801000.0
833 Jan 16, 2018 58.82 58.82 32.75 42.83 22837500.0 514402000.0
834 Jan 17, 2018 42.34 46.28 32.22 43.2 20257600.0 370344000.0
835 Jan 18, 2018 43.54 50.56 40.61 45.93 13511800.0 380786000.0
836 Jan 19, 2018 45.71 52.64 44.22 51.18 15272900.0 399799000.0
837 Jan 20, 2018 51.76 60.2 51.76 58.72 17234600.0 452653000.0
838 Jan 21, 2018 59.06 59.35 46.11 47.49 12904400.0 516506000.0
839 Jan 22, 2018 48.8 51.17 41.13 45.06 11446300.0 426823000.0
840 Jan 23, 2018 44.71 49.57 41.34 46.94 9407480.0 391068000.0
841 Jan 24, 2018 47.18 49.56 45.7 47.82 9471610.0 412643000.0
842 Jan 25, 2018 48.52 49.99 44.04 47.16 6394650.0 424393000.0
843 Jan 26, 2018 47.01 48.22 39.76 44.3 5479060.0 411191000.0
844 Jan 27, 2018 44.29 46.47 43.76 44.93 6871510.0 387407000.0
845 Jan 28, 2018 45.17 47.79 45.17 46.59 5132220.0 395045000.0
846 Jan 29, 2018 46.56 47.29 43.62 44.19 3634000.0 407185000.0
847 Jan 30, 2018 44.32 44.57 36.79 38.37 6051400.0 387597000.0
848 Jan 31, 2018 38.43 39.57 36.37 38.77 5642280.0 336110000.0
849 Feb 01, 2018 38.87 39.38 29.42 31.12 11955300.0 339948000.0
850 Feb 02, 2018 31.06 31.06 22.39 29.46 9135540.0 271702000.0
851 Feb 03, 2018 29.6 33.34 26.48 31.95 6790260.0 258879000.0
852 Feb 04, 2018 31.97 32.85 24.05 27.11 5343820.0 279617000.0
853 Feb 05, 2018 26.68 27.36 20.11 21.54 4912880.0 233379000.0
854 Feb 06, 2018 21.59 27.09 18.19 26.58 6158420.0 188832000.0
855 Feb 07, 2018 26.39 26.58 22.77 23.36 5791760.0 230867000.0
856 Feb 08, 2018 23.41 26.63 23.41 25.69 6199920.0 204726000.0
857 Feb 09, 2018 25.78 28.77 24.58 28.19 5621940.0 225472000.0
858 Feb 10, 2018 28.18 29.91 25.97 27.04 5989860.0 246463000.0
859 Feb 11, 2018 27.08 27.08 24.23 25.63 4492130.0 236834000.0
860 Feb 12, 2018 25.89 29.52 25.85 28.62 4064320.0 226466000.0
861 Feb 13, 2018 28.6 30.79 27.54 29.85 8404720.0 250147000.0
862 Feb 14, 2018 29.68 31.63 29.5 31.24 6311520.0 259618000.0
863 Feb 15, 2018 31.19 33.15 30.72 32.63 5114490.0 272784000.0
864 Feb 16, 2018 32.5 33.58 31.51 33.34 4480170.0 284274000.0
865 Feb 17, 2018 33.33 36.17 32.88 35.48 4010330.0 291479000.0
866 Feb 18, 2018 35.55 36.12 32.36 32.43 1711760.0 310949000.0
867 Feb 19, 2018 32.31 33.76 31.99 32.87 4675180.0 282579000.0
868 Feb 20, 2018 32.84 33.99 28.7 29.01 6206210.0 287194000.0
869 Feb 21, 2018 28.98 32.09 27.3 27.9 5509830.0 253461000.0
870 Feb 22, 2018 27.85 29.68 26.4 28.18 4018360.0 243585000.0
871 Feb 23, 2018 28.19 29.88 26.77 29.3 4114120.0 246572000.0
872 Feb 24, 2018 29.37 29.77 26.79 27.79 3329380.0 256921000.0
873 Feb 25, 2018 27.77 29.89 27.46 29.75 2446120.0 242883000.0
874 Feb 26, 2018 29.81 33.33 29.58 32.77 3961660.0 260704000.0
875 Feb 27, 2018 32.86 36.05 31.65 34.64 6152090.0 287394000.0
876 Feb 28, 2018 34.38 36.1 31.4 31.44 5085970.0 300735000.0
877 Mar 01, 2018 31.44 34.23 31.15 33.99 4560120.0 274975000.0
878 Mar 02, 2018 33.84 36.57 33.26 36.15 6293850.0 295977000.0
879 Mar 03, 2018 36.35 36.95 35.12 35.29 5004520.0 317894000.0
880 Mar 04, 2018 35.36 35.78 33.27 35.78 4308390.0 309235000.0
881 Mar 05, 2018 35.79 36.41 34.95 35.17 4304470.0 312995000.0
882 Mar 06, 2018 35.05 35.05 29.3 29.66 1860980.0 306550000.0
883 Mar 07, 2018 29.63 36.48 25.61 28.1 2408720.0 259158000.0
884 Mar 08, 2018 28.01 33.91 25.15 25.66 2554400.0 244969000.0
885 Mar 09, 2018 25.54 26.05 22.9 26.04 2685180.0 223373000.0
886 Mar 10, 2018 26.01 27.3 25.08 25.53 2169200.0 227517000.0
887 Mar 11, 2018 25.33 28.55 24.28 27.02 1852290.0 221558000.0
888 Mar 12, 2018 27.31 28.59 25.37 26.34 1532070.0 238895000.0
889 Mar 13, 2018 26.38 27.7 25.52 26.37 1464130.0 230700000.0
890 Mar 14, 2018 26.51 27.62 22.51 23.11 1718490.0 231877000.0
891 Mar 15, 2018 23.48 23.62 20.85 22.31 3241480.0 205392000.0
892 Mar 16, 2018 22.39 29.15 20.88 27.36 2216640.0 195809000.0
893 Mar 17, 2018 27.47 27.47 20.98 21.25 2103490.0 240299000.0
894 Mar 18, 2018 21.58 22.24 16.2 21.27 3715790.0 188749000.0
895 Mar 19, 2018 21.43 26.19 20.8 25.79 1455190.0 187465000.0
896 Mar 20, 2018 26.16 26.39 21.3 23.35 1281650.0 228797000.0
897 Mar 21, 2018 23.41 27.16 23.41 26.18 2896710.0 204801000.0
898 Mar 22, 2018 26.29 26.71 23.0 25.32 2709180.0 229961000.0
899 Mar 23, 2018 25.34 25.34 21.63 23.14 1773230.0 221617000.0
900 Mar 24, 2018 23.44 24.61 22.6 22.71 1225170.0 205047000.0
901 Mar 25, 2018 22.4 24.5 22.4 23.77 1164790.0 195935000.0
902 Mar 26, 2018 23.64 27.05 22.73 24.27 4806480.0 206781000.0
903 Mar 27, 2018 24.29 25.46 22.72 23.6 2248550.0 212438000.0
