0 Nov 01, 2017 0.09 0.09 0.08 0.08 107140.0 0.0
1 Nov 02, 2017 0.07 0.1 0.07 0.07 72377.1 0.0
2 Nov 03, 2017 0.07 0.11 0.04 0.09 91172.5 0.0
3 Nov 04, 2017 0.09 0.1 0.06 0.09 74033.6 17190200.0
4 Nov 05, 2017 0.09 0.1 0.08 0.1 75066.6 15760700.0
5 Nov 06, 2017 0.1 0.1 0.07 0.08 45650.4 17619000.0
6 Nov 07, 2017 0.08 0.09 0.08 0.08 31220.5 14928000.0
7 Nov 08, 2017 0.08 0.09 0.07 0.09 78791.0 15415900.0
8 Nov 09, 2017 0.09 0.09 0.07 0.08 48738.1 16988300.0
9 Nov 10, 2017 0.08 0.12 0.07 0.11 88747.0 14649100.0
10 Nov 11, 2017 0.11 0.11 0.05 0.07 18530.6 19706700.0
11 Nov 12, 2017 0.07 0.09 0.06 0.07 49252.8 13059200.0
12 Nov 13, 2017 0.07 0.09 0.07 0.08 124921.0 13008500.0
13 Nov 14, 2017 0.08 0.09 0.08 0.09 115823.0 15174800.0
14 Nov 15, 2017 0.09 0.12 0.09 0.11 293291.0 15754500.0
15 Nov 16, 2017 0.11 0.23 0.11 0.14 355310.0 20285300.0
16 Nov 17, 2017 0.14 0.17 0.13 0.15 467642.0 26209200.0
17 Nov 18, 2017 0.16 0.17 0.15 0.16 472386.0 28793300.0
18 Nov 19, 2017 0.17 0.18 0.16 0.18 414461.0 31206200.0
19 Nov 20, 2017 0.18 0.18 0.15 0.16 517577.0 32963600.0
20 Nov 21, 2017 0.16 0.17 0.15 0.16 358998.0 30179900.0
21 Nov 22, 2017 0.16 0.19 0.15 0.19 425440.0 30078000.0
22 Nov 23, 2017 0.19 0.19 0.17 0.17 348209.0 34688700.0
23 Nov 24, 2017 0.17 0.19 0.17 0.18 147897.0 32360800.0
24 Nov 25, 2017 0.18 0.2 0.18 0.2 282245.0 33821800.0
25 Nov 26, 2017 0.2 0.21 0.2 0.21 313451.0 36146200.0
26 Nov 27, 2017 0.21 0.22 0.2 0.21 15611.7 38315600.0
27 Nov 28, 2017 0.21 0.22 0.17 0.22 581905.0 39459100.0
28 Nov 29, 2017 0.22 0.25 0.21 0.22 499632.0 41032600.0
29 Nov 30, 2017 0.22 0.23 0.17 0.21 496711.0 40418300.0
30 Dec 01, 2017 0.21 0.23 0.2 0.22 520054.0 38782400.0
31 Dec 02, 2017 0.22 0.23 0.2 0.23 484415.0 41330800.0
32 Dec 03, 2017 0.23 0.24 0.21 0.23 266704.0 41583400.0
33 Dec 04, 2017 0.23 0.28 0.22 0.25 848678.0 42199000.0
34 Dec 05, 2017 0.25 0.32 0.24 0.32 919279.0 47009600.0
35 Dec 06, 2017 0.32 0.36 0.32 0.36 1031540.0 58203800.0
36 Dec 07, 2017 0.36 0.45 0.36 0.45 952561.0 66929400.0
37 Dec 08, 2017 0.45 0.47 0.38 0.43 495557.0 83724100.0
38 Dec 09, 2017 0.43 0.43 0.38 0.42 602023.0 79202200.0
39 Dec 10, 2017 0.42 0.44 0.38 0.41 612072.0 77019900.0
40 Dec 11, 2017 0.42 0.51 0.41 0.49 914265.0 76872100.0
41 Dec 12, 2017 0.49 0.55 0.46 0.54 806686.0 91142700.0
42 Dec 13, 2017 0.54 0.55 0.48 0.52 767549.0 100138000.0
43 Dec 14, 2017 0.52 0.55 0.49 0.55 880079.0 95050100.0
44 Dec 15, 2017 0.56 0.67 0.55 0.67 915668.0 102557000.0
45 Dec 16, 2017 0.67 0.75 0.64 0.74 827732.0 123257000.0
46 Dec 17, 2017 0.74 0.75 0.68 0.71 864352.0 136241000.0
47 Dec 18, 2017 0.71 0.73 0.67 0.71 849406.0 131978000.0
48 Dec 19, 2017 0.7 0.77 0.65 0.66 884860.0 130214000.0
49 Dec 20, 2017 0.66 0.66 0.57 0.59 835685.0 121874000.0
50 Dec 21, 2017 0.59 0.62 0.45 0.47 748658.0 109466000.0
51 Dec 22, 2017 0.47 0.51 0.37 0.46 841001.0 87681700.0
52 Dec 23, 2017 0.47 0.57 0.45 0.52 596928.0 85946800.0
53 Dec 24, 2017 0.53 0.53 0.45 0.53 1042470.0 97532900.0
54 Dec 25, 2017 0.53 0.58 0.5 0.57 842390.0 97948800.0
55 Dec 26, 2017 0.58 0.69 0.56 0.63 885051.0 107435000.0
56 Dec 27, 2017 0.63 0.7 0.6 0.66 862720.0 117069000.0
57 Dec 28, 2017 0.66 0.75 0.58 0.71 839668.0 121992000.0
58 Dec 29, 2017 0.72 0.95 0.7 0.88 800007.0 132477000.0
59 Dec 30, 2017 0.88 0.88 0.69 0.77 903735.0 161814000.0
60 Dec 31, 2017 0.76 0.92 0.75 0.89 703694.0 139992000.0
61 Jan 01, 2018 0.9 0.92 0.83 0.91 1042040.0 166264000.0
62 Jan 02, 2018 0.9 1.14 0.86 1.1 903735.0 166185000.0
63 Jan 03, 2018 1.1 1.29 1.08 1.29 1490230.0 202926000.0
64 Jan 04, 2018 1.3 1.34 1.25 1.27 695258.0 239493000.0
65 Jan 05, 2018 1.28 1.4 1.22 1.36 1223310.0 235480000.0
66 Jan 06, 2018 1.36 1.41 1.32 1.41 1030500.0 251474000.0
67 Jan 07, 2018 1.41 1.43 1.31 1.37 1583970.0 260117000.0
68 Jan 08, 2018 1.37 1.37 1.12 1.24 1258850.0 252167000.0
69 Jan 09, 2018 1.23 1.25 1.1 1.13 1000540.0 226525000.0
70 Jan 10, 2018 1.13 1.25 1.06 1.25 3434700.0 208679000.0
71 Jan 11, 2018 1.24 1.25 1.09 1.12 2511060.0 229243000.0
72 Jan 12, 2018 1.13 1.17 1.1 1.14 3106650.0 208879000.0
73 Jan 13, 2018 1.14 1.19 1.14 1.15 2275780.0 210628000.0
74 Jan 14, 2018 1.15 1.16 1.04 1.06 2016620.0 212089000.0
75 Jan 15, 2018 1.05 1.17 1.03 1.09 1973850.0 194139000.0
76 Jan 16, 2018 1.09 1.09 0.8 0.88 1560500.0 200850000.0
77 Jan 17, 2018 0.88 0.9 0.65 0.81 2338200.0 162038000.0
78 Jan 18, 2018 0.81 0.89 0.77 0.84 1989240.0 148922000.0
79 Jan 19, 2018 0.83 0.85 0.77 0.8 3309370.0 153185000.0
80 Jan 20, 2018 0.81 0.91 0.8 0.88 2406730.0 149855000.0
81 Jan 21, 2018 0.88 0.88 0.77 0.8 2476400.0 162335000.0
82 Jan 22, 2018 0.82 0.85 0.72 0.77 2719930.0 151501000.0
83 Jan 23, 2018 0.77 0.8 0.7 0.75 2006270.0 141896000.0
84 Jan 24, 2018 0.75 0.81 0.73 0.73 1833720.0 137941000.0
85 Jan 25, 2018 0.73 0.8 0.72 0.78 2546910.0 135373000.0
86 Jan 26, 2018 0.78 0.81 0.66 0.71 1453820.0 143053000.0
87 Jan 27, 2018 0.71 0.72 0.66 0.68 2009000.0 131276000.0
88 Jan 28, 2018 0.69 0.82 0.68 0.8 1817180.0 126796000.0
89 Jan 29, 2018 0.8 1.31 0.77 1.11 5329130.0 147813000.0
90 Jan 30, 2018 1.11 1.75 1.05 1.6 7961140.0 204506000.0
91 Jan 31, 2018 1.59 2.77 1.5 1.95 9967260.0 293182000.0
92 Feb 01, 2018 1.99 2.25 1.38 1.47 3699570.0 366257000.0
93 Feb 02, 2018 1.48 1.71 1.27 1.43 5709550.0 272820000.0
94 Feb 03, 2018 1.44 1.7 1.33 1.54 4667890.0 265229000.0
95 Feb 04, 2018 1.55 1.97 1.47 1.62 6036520.0 286566000.0
96 Feb 05, 2018 1.62 1.68 1.2 1.29 4275670.0 299208000.0
97 Feb 06, 2018 1.29 1.86 1.15 1.74 4679520.0 237620000.0
98 Feb 07, 2018 1.73 2.1 1.62 1.9 3828630.0 319305000.0
99 Feb 08, 2018 1.9 2.24 1.87 1.98 2617040.0 350159000.0
100 Feb 09, 2018 1.99 2.48 1.79 2.45 5684530.0 367311000.0
101 Feb 10, 2018 2.47 2.67 2.32 2.5 16386100.0 454917000.0
102 Feb 11, 2018 2.49 2.55 2.27 2.47 17442800.0 458758000.0
103 Feb 12, 2018 2.49 3.1 2.49 3.1 21913200.0 459017000.0
104 Feb 13, 2018 3.15 3.62 2.95 3.39 34030400.0 581325000.0
105 Feb 14, 2018 3.38 3.54 2.39 2.42 32664600.0 623298000.0
106 Feb 15, 2018 2.44 3.35 2.38 3.07 26750000.0 449488000.0
107 Feb 16, 2018 3.05 3.19 2.76 2.82 20006100.0 562790000.0
108 Feb 17, 2018 2.82 4.07 2.56 4.07 27954500.0 520092000.0
109 Feb 18, 2018 4.1 4.49 3.13 3.16 29905700.0 755908000.0
110 Feb 19, 2018 3.15 3.39 3.15 3.3 29908600.0 581659000.0
111 Feb 20, 2018 3.3 3.36 2.77 2.79 16192500.0 609011000.0
112 Feb 21, 2018 2.8 3.06 2.64 2.67 29122000.0 515849000.0
113 Feb 22, 2018 2.67 2.72 2.29 2.42 18863000.0 492774000.0
114 Feb 23, 2018 2.38 2.63 2.27 2.36 21864400.0 439284000.0
115 Feb 24, 2018 2.34 2.47 2.21 2.29 21562400.0 431074000.0
116 Feb 25, 2018 2.29 2.38 2.23 2.28 19473300.0 422856000.0
117 Feb 26, 2018 2.28 2.42 2.15 2.35 19613500.0 420004000.0
118 Feb 27, 2018 2.35 2.45 2.31 2.41 12616800.0 433365000.0
119 Feb 28, 2018 2.41 2.5 2.29 2.29 13621500.0 444172000.0
120 Mar 01, 2018 2.31 2.32 2.11 2.16 11185900.0 425208000.0
121 Mar 02, 2018 2.16 2.17 1.72 1.83 14566100.0 398197000.0
122 Mar 03, 2018 1.83 1.86 1.65 1.68 10827200.0 337463000.0
123 Mar 04, 2018 1.68 1.8 1.52 1.62 5975830.0 309865000.0
124 Mar 05, 2018 1.63 1.65 1.39 1.39 6689010.0 300488000.0
125 Mar 06, 2018 1.39 1.45 1.27 1.28 6965800.0 256670000.0
126 Mar 07, 2018 1.28 1.3 1.02 1.11 4913490.0 236256000.0
127 Mar 08, 2018 1.1 1.23 1.06 1.12 3398920.0 203632000.0
128 Mar 09, 2018 1.12 1.13 1.03 1.1 3183560.0 206402000.0
129 Mar 10, 2018 1.11 1.13 1.01 1.02 6253690.0 204540000.0
130 Mar 11, 2018 1.02 1.11 0.97 1.09 7340570.0 187632000.0
131 Mar 12, 2018 1.08 1.16 1.02 1.11 8183160.0 199951000.0
132 Mar 13, 2018 1.11 1.24 1.07 1.24 5567880.0 205275000.0
133 Mar 14, 2018 1.24 1.25 1.03 1.08 6206220.0 229488000.0
134 Mar 15, 2018 1.08 1.08 1.01 1.06 5955390.0 199157000.0
135 Mar 16, 2018 1.06 1.11 1.01 1.04 6633400.0 196422000.0
136 Mar 17, 2018 1.04 1.12 0.95 0.96 2707500.0 191744000.0
137 Mar 18, 2018 0.96 1.01 0.85 0.99 6189720.0 177818000.0
138 Mar 19, 2018 0.99 1.11 0.97 1.1 9012650.0 182062000.0
139 Mar 20, 2018 1.11 1.12 1.03 1.09 5623370.0 204094000.0
140 Mar 21, 2018 1.1 1.2 1.08 1.09 4392180.0 202615000.0
141 Mar 22, 2018 1.09 1.13 1.0 1.04 4210990.0 201291000.0
142 Mar 23, 2018 1.04 1.05 0.94 1.03 4223010.0 191991000.0
143 Mar 24, 2018 1.05 1.05 0.98 0.99 3073830.0 193362000.0
144 Mar 25, 2018 0.97 0.98 0.93 0.97 4122600.0 179326000.0
145 Mar 26, 2018 0.96 1.02 0.88 0.94 4502770.0 178137000.0
146 Mar 27, 2018 0.94 0.94 0.82 0.86 4320340.0 173370000.0
