0 Mar 07, 2017 0.01 0.01 0.01 0.01 23599.8 0.0
1 Mar 08, 2017 0.01 0.01 0.01 0.01 26158.4 351931.0
2 Mar 09, 2017 0.01 0.01 0.01 0.01 27586.7 365399.0
3 Mar 10, 2017 0.01 0.01 0.01 0.01 27404.7 345494.0
4 Mar 11, 2017 0.01 0.01 0.01 0.01 7099.27 304571.0
5 Mar 12, 2017 0.01 0.01 0.01 0.01 7882.31 317834.0
6 Mar 13, 2017 0.01 0.01 0.01 0.01 7569.8 338303.0
7 Mar 14, 2017 0.01 0.01 0.01 0.01 7559.36 344781.0
8 Mar 30, 2017 0.01 0.01 0.01 0.01 662.98 514290.0
9 Mar 31, 2017 0.01 0.01 0.01 0.01 7032.84 523142.0
10 Apr 01, 2017 0.01 0.02 0.01 0.01 5474.51 765809.0
11 Apr 02, 2017 0.02 0.02 0.01 0.01 7652.3 816112.0
12 Apr 03, 2017 0.01 0.01 0.01 0.01 3805.84 769655.0
13 Apr 04, 2017 0.01 0.01 0.01 0.01 2912.43 714851.0
14 Apr 05, 2017 0.01 0.01 0.01 0.01 3281.0 651912.0
15 Apr 06, 2017 0.01 0.01 0.01 0.01 2073.02 528160.0
16 Apr 07, 2017 0.01 0.01 0.01 0.01 2404.61 536985.0
17 Apr 08, 2017 0.01 0.01 0.01 0.01 3538.93 488101.0
18 Apr 09, 2017 0.01 0.01 0.01 0.01 3133.68 514567.0
19 Apr 10, 2017 0.01 0.01 0.01 0.01 2314.05 446895.0
20 Apr 11, 2017 0.01 0.01 0.01 0.01 4613.81 457989.0
21 Apr 12, 2017 0.01 0.01 0.01 0.01 2812.7 530335.0
22 Apr 13, 2017 0.01 0.01 0.01 0.01 4170.79 506925.0
23 Apr 14, 2017 0.01 0.01 0.01 0.01 2545.55 569444.0
24 Apr 15, 2017 0.01 0.01 0.01 0.01 5274.02 551348.0
25 Apr 16, 2017 0.01 0.01 0.01 0.01 3073.62 598024.0
26 Apr 17, 2017 0.01 0.01 0.01 0.01 1917.14 617888.0
27 Apr 18, 2017 0.01 0.01 0.01 0.01 3372.36 527446.0
28 Apr 19, 2017 0.01 0.01 0.01 0.01 3017.26 538035.0
29 Apr 20, 2017 0.01 0.01 0.01 0.01 3753.21 506490.0
30 Apr 21, 2017 0.01 0.01 0.01 0.01 4954.03 471393.0
31 Apr 22, 2017 0.01 0.01 0.01 0.01 4271.03 432788.0
32 Apr 23, 2017 0.01 0.01 0.01 0.01 5773.1 580300.0
33 Apr 24, 2017 0.01 0.01 0.01 0.01 11369.5 611064.0
34 Apr 25, 2017 0.01 0.01 0.01 0.01 5046.21 709223.0
35 Apr 26, 2017 0.01 0.01 0.01 0.01 8018.0 667932.0
36 Apr 27, 2017 0.01 0.01 0.01 0.01 6898.85 682823.0
37 Apr 28, 2017 0.01 0.01 0.01 0.01 6570.88 717530.0
38 Apr 29, 2017 0.01 0.01 0.01 0.01 5367.16 708100.0
39 Apr 30, 2017 0.01 0.02 0.01 0.02 30744.7 742480.0
40 May 01, 2017 0.02 0.02 0.01 0.02 6607.25 1027760.0
41 May 02, 2017 0.02 0.02 0.01 0.02 5172.3 1013590.0
42 May 03, 2017 0.02 0.02 0.01 0.01 5081.9 1058120.0
43 May 04, 2017 0.01 0.02 0.01 0.01 6749.53 1006320.0
44 May 05, 2017 0.01 0.02 0.01 0.01 7825.39 981230.0
45 May 06, 2017 0.01 0.02 0.01 0.01 7373.84 862790.0
46 May 07, 2017 0.01 0.02 0.01 0.01 7992.25 983601.0
47 May 08, 2017 0.01 0.02 0.01 0.02 15086.7 1018250.0
48 May 09, 2017 0.02 0.02 0.01 0.01 9361.7 1058880.0
49 May 10, 2017 0.01 0.01 0.01 0.01 3820.66 988024.0
50 May 11, 2017 0.01 0.02 0.01 0.01 15486.7 942462.0
51 May 12, 2017 0.01 0.02 0.01 0.01 6114.05 956371.0
52 May 13, 2017 0.01 0.01 0.01 0.01 9681.42 943556.0
53 May 14, 2017 0.01 0.02 0.01 0.01 17697.5 906281.0
54 May 15, 2017 0.01 0.02 0.01 0.01 11548.7 969343.0
55 May 16, 2017 0.01 0.02 0.01 0.01 25261.8 948947.0
56 May 17, 2017 0.01 0.02 0.01 0.02 23791.5 1035220.0
57 May 18, 2017 0.02 0.02 0.01 0.02 24370.9 1118410.0
58 May 19, 2017 0.02 0.02 0.01 0.02 61380.6 1129130.0
59 May 20, 2017 0.02 0.02 0.02 0.02 24413.4 1366940.0
60 May 21, 2017 0.02 0.02 0.02 0.02 19092.3 1432440.0
61 May 22, 2017 0.02 0.03 0.02 0.02 39256.4 1395240.0
62 May 23, 2017 0.02 0.03 0.02 0.03 22909.0 1597250.0
63 May 24, 2017 0.03 0.04 0.03 0.04 64214.3 1840640.0
64 May 25, 2017 0.04 0.04 0.03 0.03 27429.4 2988190.0
65 May 26, 2017 0.03 0.04 0.02 0.02 34003.4 2176860.0
66 May 27, 2017 0.02 0.02 0.02 0.02 4348.7 1756290.0
67 May 28, 2017 0.02 0.03 0.02 0.02 3563.43 1513700.0
68 May 29, 2017 0.02 0.03 0.02 0.02 20422.4 1694860.0
69 May 30, 2017 0.02 0.07 0.02 0.03 21262.0 1723050.0
70 May 31, 2017 0.03 0.04 0.03 0.03 34151.0 2036850.0
71 Jun 01, 2017 0.03 0.04 0.03 0.03 24034.2 2301230.0
72 Jun 02, 2017 0.03 0.04 0.03 0.04 46215.0 2488770.0
73 Jun 03, 2017 0.04 0.04 0.04 0.04 34608.0 2831340.0
74 Jun 04, 2017 0.04 0.04 0.03 0.04 20135.1 2819400.0
75 Jun 05, 2017 0.04 0.04 0.03 0.04 75173.7 2679340.0
76 Jun 06, 2017 0.04 0.04 0.04 0.04 42249.7 3068930.0
77 Jun 07, 2017 0.04 0.04 0.04 0.04 34902.2 3102480.0
78 Jun 08, 2017 0.04 0.05 0.04 0.04 43340.1 2834170.0
79 Jun 09, 2017 0.04 0.04 0.03 0.04 63450.0 2972640.0
80 Jun 10, 2017 0.04 0.04 0.03 0.03 23270.1 2918090.0
81 Jun 11, 2017 0.03 0.04 0.03 0.04 23947.1 2592390.0
82 Jun 12, 2017 0.04 0.04 0.03 0.03 36094.9 2830620.0
83 Jun 13, 2017 0.03 0.04 0.03 0.04 66862.3 2338330.0
84 Jun 14, 2017 0.04 0.07 0.04 0.05 207567.0 2894750.0
85 Jun 15, 2017 0.04 0.07 0.04 0.06 328398.0 3640100.0
86 Jun 16, 2017 0.06 0.12 0.06 0.12 338468.0 4581190.0
87 Jun 17, 2017 0.12 0.12 0.09 0.12 319681.0 9547370.0
88 Jun 18, 2017 0.12 0.18 0.12 0.16 517619.0 9709210.0
89 Jun 19, 2017 0.15 0.17 0.1 0.14 335037.0 12722900.0
90 Jun 20, 2017 0.14 0.14 0.1 0.1 226922.0 11728000.0
91 Jun 21, 2017 0.1 0.12 0.08 0.09 207559.0 8570680.0
92 Jun 22, 2017 0.09 0.1 0.06 0.1 77651.0 7425880.0
93 Jun 23, 2017 0.1 0.13 0.1 0.11 117141.0 8799230.0
94 Jun 24, 2017 0.11 0.12 0.1 0.1 74785.3 9251650.0
95 Jun 25, 2017 0.1 0.11 0.08 0.09 104551.0 8868610.0
96 Jun 26, 2017 0.09 0.1 0.06 0.07 82802.3 7800870.0
97 Jun 27, 2017 0.07 0.07 0.06 0.07 95160.2 5691830.0
98 Jun 28, 2017 0.07 0.09 0.07 0.09 93643.8 5970110.0
99 Jun 29, 2017 0.09 0.09 0.08 0.08 54262.8 7453070.0
100 Jun 30, 2017 0.08 0.08 0.07 0.07 62155.3 6558070.0
101 Jul 01, 2017 0.07 0.07 0.05 0.06 48636.0 6258840.0
102 Jul 02, 2017 0.06 0.07 0.06 0.06 34984.3 5446730.0
103 Jul 03, 2017 0.06 0.07 0.05 0.06 60776.4 5589120.0
104 Jul 04, 2017 0.06 0.06 0.05 0.05 55776.9 5277460.0
105 >Jul 05, 201 0.05 0.06 0.05 0.06 58989.3 4589790.0
106 Jul 06, 2017 0.06 0.06 0.06 0.06 70069.4 5029930.0
107 Jul 07, 2017 0.06 0.07 0.05 0.05 58628.7 5150470.0
108 Jul 08, 2017 0.05 0.05 0.05 0.05 29951.9 4783760.0
109 Jul 09, 2017 0.05 0.06 0.04 0.05 24668.6 4238810.0
110 Jul 10, 2017 0.05 0.05 0.04 0.04 41935.6 4543420.0
111 Jul 11, 2017 0.04 0.04 0.03 0.03 54211.1 3421190.0
112 Jul 12, 2017 0.03 0.03 0.03 0.03 8416.24 3015360.0
113 Jul 13, 2017 0.03 0.04 0.03 0.04 7824.56 3079580.0
114 Jul 14, 2017 0.04 0.04 0.04 0.04 47915.2 3490760.0
115 Jul 15, 2017 0.04 0.04 0.03 0.03 38752.7 3617860.0
116 Jul 16, 2017 0.03 0.03 0.02 0.03 37023.7 2995990.0
117 Jul 17, 2017 0.03 0.03 0.02 0.03 28856.7 2411530.0
118 Jul 18, 2017 0.03 0.04 0.03 0.03 8368.9 2980120.0
119 Jul 19, 2017 0.03 0.04 0.03 0.03 11380.3 3209330.0
120 Jul 20, 2017 0.03 0.04 0.03 0.04 15804.4 3008170.0
121 Jul 21, 2017 0.04 0.04 0.04 0.04 20441.9 3959970.0
122 Jul 22, 2017 0.04 0.04 0.04 0.04 26714.3 3576390.0
123 Jul 23, 2017 0.04 0.04 0.04 0.04 36127.8 3749020.0
124 Jul 24, 2017 0.04 0.05 0.04 0.05 80690.6 3791460.0
125 Jul 25, 2017 0.05 0.07 0.04 0.05 104681.0 4991570.0
126 Jul 26, 2017 0.05 0.05 0.04 0.05 44041.5 4780200.0
127 Jul 27, 2017 0.05 0.05 0.04 0.04 35297.4 4525450.0
128 Jul 28, 2017 0.04 0.05 0.04 0.04 50797.4 4439490.0
129 Jul 29, 2017 0.04 0.04 0.04 0.04 16014.5 3869760.0
130 Jul 30, 2017 0.04 0.04 0.04 0.04 8176.35 3864850.0
131 Jul 31, 2017 0.04 0.04 0.04 0.04 23476.9 3846710.0
132 Aug 01, 2017 0.04 0.04 0.04 0.04 21430.2 3993920.0
133 Aug 02, 2017 0.04 0.04 0.04 0.04 24218.6 3891070.0
134 Aug 03, 2017 0.04 0.04 0.04 0.04 8839.52 3768820.0
135 Aug 04, 2017 0.04 0.04 0.04 0.04 24130.8 3885660.0
136 Aug 05, 2017 0.04 0.06 0.04 0.06 19772.8 4095290.0
137 Aug 06, 2017 0.06 0.11 0.05 0.05 24438.8 5616930.0
138 Aug 07, 2017 0.05 0.09 0.05 0.07 17364.3 5528670.0
139 Aug 08, 2017 0.07 0.07 0.06 0.06 17448.3 7013000.0
140 Aug 09, 2017 0.06 0.06 0.05 0.05 40758.8 5763220.0
141 Aug 10, 2017 0.05 0.15 0.05 0.1 310895.0 5454050.0
142 Aug 11, 2017 0.1 0.13 0.09 0.11 390051.0 10165800.0
143 Aug 12, 2017 0.11 0.12 0.09 0.1 172633.0 11576700.0
144 Aug 13, 2017 0.1 0.12 0.08 0.1 152324.0 10074700.0
145 Aug 14, 2017 0.1 0.11 0.1 0.1 121686.0 10810000.0
146 Aug 15, 2017 0.1 0.11 0.09 0.1 164501.0 10128300.0
147 Aug 16, 2017 0.1 0.15 0.1 0.15 220660.0 10714500.0
148 Aug 17, 2017 0.15 0.18 0.13 0.16 475870.0 15668300.0
149 Aug 18, 2017 0.16 0.17 0.14 0.14 287325.0 17105400.0
150 Aug 19, 2017 0.14 0.16 0.14 0.16 150439.0 15329700.0
151 Aug 20, 2017 0.16 0.16 0.14 0.15 101283.0 16549600.0
152 Aug 21, 2017 0.14 0.15 0.13 0.14 111177.0 15451500.0
153 Aug 22, 2017 0.13 0.13 0.11 0.12 81739.6 14383400.0
154 Aug 23, 2017 0.13 0.17 0.12 0.15 131454.0 13944500.0
155 Aug 24, 2017 0.15 0.15 0.13 0.13 180868.0 16157900.0
156 Aug 25, 2017 0.13 0.14 0.13 0.14 78840.4 14163200.0
157 Aug 26, 2017 0.14 0.15 0.13 0.15 133153.0 14945300.0
158 Aug 27, 2017 0.15 0.17 0.14 0.16 176140.0 15917300.0
159 Aug 28, 2017 0.16 0.18 0.16 0.17 207908.0 17558200.0
160 Aug 29, 2017 0.17 0.17 0.14 0.15 246923.0 18063200.0
161 Aug 30, 2017 0.15 0.17 0.15 0.17 164572.0 16559700.0
162 Aug 31, 2017 0.17 0.18 0.16 0.16 231604.0 18075500.0
163 Sep 01, 2017 0.16 0.17 0.15 0.17 179508.0 17764600.0
164 Sep 02, 2017 0.17 0.17 0.15 0.15 94642.8 18292500.0
165 Sep 03, 2017 0.15 0.16 0.14 0.15 81030.4 16613800.0
166 Sep 04, 2017 0.15 0.15 0.11 0.12 158134.0 16714800.0
167 Sep 05, 2017 0.13 0.14 0.11 0.13 89836.8 13673700.0
168 Sep 06, 2017 0.13 0.14 0.13 0.14 75975.1 14365300.0
169 Sep 07, 2017 0.14 0.14 0.13 0.13 114017.0 15637900.0
170 Sep 08, 2017 0.13 0.14 0.11 0.12 103602.0 13854100.0
171 Sep 09, 2017 0.12 0.12 0.11 0.12 60009.9 13639800.0
172 Sep 10, 2017 0.12 0.12 0.1 0.11 66639.4 13566400.0
173 Sep 11, 2017 0.11 0.11 0.1 0.1 113319.0 12291800.0
174 Sep 12, 2017 0.1 0.11 0.09 0.1 109027.0 11681100.0
175 Sep 13, 2017 0.1 0.1 0.09 0.09 78465.8 10807900.0
176 Sep 14, 2017 0.09 0.09 0.07 0.08 54109.0 10108100.0
177 Sep 15, 2017 0.08 0.09 0.06 0.08 97623.5 9053840.0
178 Sep 16, 2017 0.08 0.09 0.08 0.08 38454.0 9153100.0
179 Sep 17, 2017 0.08 0.09 0.07 0.08 67015.0 8859060.0
180 Sep 18, 2017 0.08 0.09 0.08 0.09 89782.4 9174070.0
181 Sep 19, 2017 0.09 0.11 0.08 0.1 140920.0 10316200.0
182 Sep 20, 2017 0.1 0.11 0.1 0.11 91596.0 11992000.0
183 Sep 21, 2017 0.11 0.11 0.08 0.08 145673.0 12189200.0
184 Sep 22, 2017 0.08 0.09 0.08 0.08 68891.0 9441430.0
185 Sep 23, 2017 0.08 0.08 0.07 0.07 52729.3 8979610.0
186 Sep 24, 2017 0.07 0.08 0.07 0.07 69962.3 8724410.0
187 Sep 25, 2017 0.07 0.1 0.07 0.09 143329.0 8743970.0
188 Sep 26, 2017 0.09 0.09 0.08 0.08 99100.1 10369700.0
189 Sep 27, 2017 0.08 0.09 0.08 0.09 107904.0 9546690.0
190 Sep 28, 2017 0.09 0.09 0.08 0.09 108271.0 10088600.0
191 Sep 29, 2017 0.09 0.09 0.08 0.08 72646.1 10357000.0
192 Sep 30, 2017 0.08 0.09 0.07 0.07 125115.0 9801080.0
193 Oct 01, 2017 0.08 0.09 0.07 0.09 107761.0 9097920.0
194 Oct 02, 2017 0.08 0.09 0.07 0.08 98482.8 10073500.0
195 Oct 03, 2017 0.08 0.08 0.07 0.08 94614.1 9252330.0
196 Oct 04, 2017 0.08 0.08 0.07 0.08 106565.0 9194990.0
197 Oct 05, 2017 0.08 0.08 0.07 0.07 83667.3 9365130.0
198 Oct 06, 2017 0.07 0.08 0.07 0.08 118329.0 9060710.0
199 Oct 07, 2017 0.08 0.09 0.08 0.09 171328.0 9279600.0
200 Oct 08, 2017 0.09 0.09 0.08 0.08 118312.0 10622500.0
201 Oct 09, 2017 0.08 0.09 0.08 0.08 79049.0 10269400.0
202 Oct 10, 2017 0.08 0.09 0.07 0.08 110163.0 10067700.0
203 Oct 11, 2017 0.08 0.08 0.07 0.08 93621.8 9361410.0
204 Oct 12, 2017 0.08 0.09 0.08 0.08 72878.1 9662540.0
205 Oct 13, 2017 0.08 0.09 0.07 0.09 148376.0 10073500.0
206 Oct 14, 2017 0.09 0.1 0.09 0.1 127696.0 11461600.0
207 Oct 15, 2017 0.1 0.17 0.09 0.14 203958.0 12368000.0
208 Oct 16, 2017 0.14 0.17 0.12 0.15 494322.0 17492600.0
209 Oct 17, 2017 0.14 0.14 0.11 0.11 173580.0 18167900.0
210 Oct 18, 2017 0.11 0.12 0.09 0.11 203782.0 14006200.0
211 Oct 19, 2017 0.11 0.13 0.1 0.12 251970.0 13538000.0
212 Oct 20, 2017 0.12 0.12 0.1 0.12 283698.0 15170800.0
213 Oct 21, 2017 0.12 0.13 0.11 0.11 252275.0 14671000.0
214 Oct 22, 2017 0.11 0.12 0.1 0.12 193139.0 13646600.0
215 Oct 23, 2017 0.12 0.13 0.11 0.11 190491.0 14786100.0
216 Oct 24, 2017 0.11 0.12 0.1 0.11 141091.0 13656300.0
217 Oct 25, 2017 0.11 0.12 0.1 0.11 149245.0 13532200.0
218 Oct 26, 2017 0.11 0.12 0.11 0.11 128386.0 15167900.0
219 >Oct 27, 201 0.11 0.11 0.11 0.11 104199.0 15094500.0
220 Oct 28, 2017 0.11 0.11 0.11 0.11 55303.0 14850900.0
221 Oct 29, 2017 0.11 0.12 0.11 0.12 99590.8 14493700.0
222 Oct 30, 2017 0.12 0.12 0.11 0.11 104774.0 15678400.0
223 Oct 31, 2017 0.11 0.12 0.11 0.11 190734.0 15188900.0
224 Nov 01, 2017 0.11 0.11 0.1 0.1 137750.0 14968000.0
225 Nov 02, 2017 0.1 0.1 0.08 0.09 179810.0 13529500.0
226 Nov 03, 2017 0.09 0.1 0.09 0.09 121970.0 11544100.0
227 Nov 04, 2017 0.09 0.09 0.08 0.09 107459.0 11542200.0
228 Nov 05, 2017 0.09 0.11 0.09 0.11 116129.0 11832000.0
229 Nov 06, 2017 0.11 0.11 0.09 0.1 127602.0 14509500.0
230 Nov 07, 2017 0.1 0.1 0.09 0.1 127112.0 12765800.0
231 Nov 08, 2017 0.1 0.12 0.1 0.11 155664.0 13223900.0
232 Nov 09, 2017 0.11 0.17 0.11 0.15 353097.0 14601300.0
233 Nov 10, 2017 0.15 0.15 0.11 0.12 162878.0 19491800.0
234 Nov 11, 2017 0.12 0.13 0.12 0.12 96547.2 16307100.0
235 Nov 12, 2017 0.13 0.14 0.11 0.12 160245.0 17042700.0
236 Nov 13, 2017 0.12 0.14 0.12 0.13 123365.0 16264300.0
237 Nov 14, 2017 0.13 0.14 0.13 0.14 116250.0 17296500.0
238 Nov 15, 2017 0.14 0.15 0.13 0.15 360729.0 18823700.0
239 Nov 16, 2017 0.15 0.17 0.14 0.16 189183.0 20169800.0
240 Nov 17, 2017 0.16 0.17 0.14 0.15 250849.0 21926800.0
241 Nov 18, 2017 0.15 0.15 0.14 0.15 150746.0 20113500.0
242 Nov 19, 2017 0.15 0.15 0.14 0.15 159254.0 20019400.0
243 Nov 20, 2017 0.15 0.15 0.14 0.15 167063.0 19758700.0
244 Nov 21, 2017 0.15 0.15 0.14 0.14 143897.0 20023100.0
245 Nov 22, 2017 0.14 0.15 0.14 0.15 156069.0 18766000.0
246 Nov 23, 2017 0.15 0.16 0.14 0.15 195532.0 19731900.0
247 Nov 24, 2017 0.15 0.16 0.15 0.16 198687.0 20048800.0
248 Nov 25, 2017 0.16 0.17 0.15 0.17 219523.0 21187500.0
249 Nov 26, 2017 0.17 0.18 0.17 0.17 226182.0 22821600.0
250 Nov 27, 2017 0.17 0.18 0.17 0.18 276275.0 23235500.0
251 Nov 28, 2017 0.18 0.24 0.18 0.23 467912.0 23762500.0
252 Nov 29, 2017 0.23 0.24 0.18 0.19 278909.0 30024200.0
253 Nov 30, 2017 0.2 0.21 0.17 0.21 285874.0 26349900.0
254 Dec 01, 2017 0.21 0.23 0.19 0.23 422073.0 27564100.0
255 Dec 02, 2017 0.23 0.25 0.23 0.24 221284.0 30529900.0
256 Dec 03, 2017 0.24 0.32 0.23 0.29 448045.0 31981800.0
257 Dec 04, 2017 0.29 0.42 0.29 0.37 1076690.0 39325400.0
258 Dec 05, 2017 0.37 0.4 0.32 0.39 683363.0 49894900.0
259 Dec 06, 2017 0.36 0.77 0.36 0.63 3341920.0 48396500.0
260 Dec 07, 2017 0.65 0.76 0.55 0.64 2527980.0 86773000.0
261 Dec 08, 2017 0.63 0.68 0.54 0.66 1262850.0 84463400.0
262 Dec 09, 2017 0.67 0.81 0.64 0.81 1597400.0 89020500.0
263 Dec 10, 2017 0.82 1.05 0.72 0.92 4313070.0 109283000.0
264 Dec 11, 2017 0.87 1.21 0.87 1.2 2943420.0 115808000.0
265 Dec 12, 2017 1.2 1.86 1.19 1.63 6865940.0 160335000.0
266 Dec 13, 2017 1.63 2.1 1.55 2.1 5686990.0 217639000.0
267 Dec 14, 2017 2.1 4.02 2.01 2.83 8719500.0 279690000.0
268 Dec 15, 2017 2.84 2.93 2.06 2.64 5233780.0 378315000.0
269 Dec 16, 2017 2.63 2.76 1.57 2.48 6144900.0 351134000.0
270 Dec 17, 2017 2.48 2.51 1.63 2.09 5157020.0 330965000.0
271 Dec 18, 2017 2.09 2.84 1.88 2.83 4372990.0 278002000.0
272 Dec 19, 2017 2.79 3.66 2.68 3.44 9969490.0 371666000.0
273 Dec 20, 2017 3.44 4.04 3.02 4.04 8339300.0 458545000.0
274 Dec 21, 2017 4.03 5.44 4.02 4.93 15051400.0 537432000.0
275 Dec 22, 2017 4.98 5.23 2.95 4.35 8725690.0 663226000.0
276 Dec 23, 2017 4.41 4.8 4.03 4.52 5990190.0 587957000.0
277 Dec 24, 2017 4.57 4.77 4.14 4.73 5428590.0 608774000.0
278 Dec 25, 2017 4.77 6.63 4.75 6.52 12561700.0 636207000.0
279 Dec 26, 2017 6.28 9.05 6.28 9.05 24968500.0 837437000.0
280 Dec 27, 2017 9.1 10.97 8.16 10.69 27586700.0 1212240000.0
281 Dec 28, 2017 10.65 13.96 9.85 11.62 29875100.0 1420390000.0
282 Dec 29, 2017 13.08 17.35 10.77 13.37 56887500.0 1743520000.0
283 Dec 30, 2017 13.48 14.46 9.28 12.13 25575000.0 1796250000.0
284 Dec 31, 2017 12.03 21.65 11.93 21.65 42716300.0 1603630000.0
285 Jan 01, 2018 21.8 29.59 20.16 29.56 55211700.0 2905250000.0
286 Jan 02, 2018 29.65 37.62 26.15 33.7 103062000.0 3951460000.0
287 Jan 03, 2018 33.44 33.44 18.29 25.04 66626500.0 4456800000.0
288 Jan 04, 2018 24.69 32.67 19.88 32.67 62473700.0 3290570000.0
289 Jan 05, 2018 32.72 36.34 29.63 31.39 74166000.0 4360850000.0
290 Jan 06, 2018 31.38 34.06 25.79 29.28 51191600.0 4182050000.0
291 Jan 07, 2018 29.23 29.41 23.39 26.5 50381400.0 3895910000.0
292 Jan 08, 2018 27.04 31.36 22.42 25.79 42835800.0 3603270000.0
293 Jan 09, 2018 25.71 30.2 25.23 29.91 48778800.0 3426900000.0
294 Jan 10, 2018 30.22 30.28 26.41 29.91 33974300.0 4027160000.0
295 Jan 11, 2018 29.8 29.96 23.54 24.37 29158700.0 3970830000.0
296 Jan 12, 2018 24.54 26.23 23.59 24.79 25088800.0 3271060000.0
297 Jan 13, 2018 24.71 26.11 20.89 23.18 27647000.0 3293230000.0
298 Jan 14, 2018 24.12 25.54 18.97 22.04 30769100.0 3214780000.0
299 Jan 15, 2018 22.04 23.59 20.78 20.83 22847300.0 2937560000.0
300 Jan 16, 2018 20.87 20.9 12.65 14.68 28158000.0 2782120000.0
301 Jan 17, 2018 14.5 17.17 11.23 16.95 23046800.0 1932480000.0
302 Jan 18, 2018 16.88 19.76 16.04 18.04 22211700.0 2250270000.0
303 Jan 19, 2018 17.81 19.32 15.83 17.26 17552400.0 2374060000.0
304 Jan 20, 2018 17.47 20.01 17.47 19.63 16027700.0 2328750000.0
305 Jan 21, 2018 19.66 20.03 16.41 16.83 15150600.0 2619970000.0
306 Jan 22, 2018 17.04 17.37 13.46 14.49 14100300.0 2270570000.0
307 Jan 23, 2018 14.46 15.07 12.98 14.11 15550200.0 1926900000.0
308 Jan 24, 2018 14.15 15.2 12.11 14.99 17505100.0 1886190000.0
309 Jan 25, 2018 15.25 15.27 12.61 12.83 17288700.0 2032490000.0
310 Jan 26, 2018 12.78 17.83 12.78 17.46 30987700.0 1703590000.0
311 Jan 27, 2018 17.39 19.48 16.88 18.77 25774700.0 2317700000.0
312 Jan 28, 2018 18.87 20.95 17.64 19.69 24068400.0 2515620000.0
313 Jan 29, 2018 19.73 20.17 17.88 18.52 16057000.0 2629040000.0
314 Jan 30, 2018 18.62 19.05 12.89 16.04 56878700.0 2481590000.0
315 Jan 31, 2018 16.04 20.2 14.91 20.02 47128200.0 2137840000.0
316 Feb 01, 2018 20.12 20.12 14.64 16.4 36449200.0 2681840000.0
317 Feb 02, 2018 16.43 18.22 12.56 16.51 83454300.0 2189520000.0
318 Feb 03, 2018 16.89 17.1 14.17 16.57 44094300.0 2251310000.0
319 Feb 04, 2018 16.56 16.56 11.69 12.86 26667900.0 2207510000.0
320 Feb 05, 2018 12.64 13.11 7.34 8.93 43062700.0 1685450000.0
321 Feb 06, 2018 9.16 11.3 6.54 10.84 53479100.0 1220280000.0
322 Feb 07, 2018 10.63 12.92 9.36 10.16 41359500.0 1417130000.0
323 Feb 08, 2018 10.16 11.85 10.16 11.27 35820700.0 1354240000.0
324 Feb 09, 2018 11.31 12.0 9.54 10.04 9677960.0 1508320000.0
325 Feb 10, 2018 10.36 10.66 8.57 9.44 72980000.0 1380630000.0
326 Feb 11, 2018 9.49 9.57 8.08 8.31 25861000.0 1264390000.0
327 Feb 12, 2018 8.42 10.14 8.41 9.75 34023300.0 1122140000.0
328 Feb 13, 2018 9.78 9.88 8.81 8.91 21244500.0 1302880000.0
329 Feb 14, 2018 8.91 9.67 8.56 9.04 34637300.0 1186850000.0
330 Feb 15, 2018 9.02 9.43 8.07 9.4 57244300.0 1202200000.0
331 Feb 16, 2018 9.36 10.02 8.59 9.64 48616300.0 1247070000.0
332 Feb 17, 2018 9.62 10.02 9.38 9.45 29657400.0 1282460000.0
333 Feb 18, 2018 9.45 9.73 8.61 8.64 23568500.0 1259080000.0
334 Feb 19, 2018 8.62 9.11 8.48 8.59 31236200.0 1148330000.0
335 Feb 20, 2018 8.61 8.7 6.94 7.0 43477200.0 1146850000.0
336 Feb 21, 2018 6.96 8.3 6.8 7.81 48948300.0 927731000.0
337 Feb 22, 2018 7.97 10.0 7.91 9.28 144422000.0 1062760000.0
338 Feb 23, 2018 9.31 13.28 9.12 12.98 234659000.0 1240680000.0
339 Feb 24, 2018 13.14 17.08 11.79 14.21 396790000.0 1751010000.0
340 Feb 25, 2018 13.99 14.44 10.78 12.21 156706000.0 1864400000.0
341 Feb 26, 2018 12.39 14.59 11.32 13.91 147488000.0 1651070000.0
342 Feb 27, 2018 13.84 16.36 13.51 15.47 161309000.0 1844470000.0
343 Feb 28, 2018 15.34 15.41 13.56 14.29 109393000.0 2044930000.0
344 Mar 01, 2018 14.41 17.38 14.4 17.09 163130000.0 1920730000.0
345 Mar 02, 2018 17.15 17.29 15.89 16.19 88114800.0 2286130000.0
346 Mar 03, 2018 16.16 16.19 14.57 14.92 85812700.0 2153600000.0
347 Mar 04, 2018 14.98 15.72 14.35 14.91 59556700.0 1996730000.0
348 Mar 05, 2018 14.89 15.58 14.73 14.74 53509100.0 1984290000.0
349 Mar 06, 2018 14.71 14.71 12.79 13.41 56847700.0 1960100000.0
350 Mar 07, 2018 13.53 13.93 10.93 11.93 59894600.0 1804050000.0
351 Mar 08, 2018 11.9 12.05 9.87 9.9 45483500.0 1586670000.0
352 Mar 09, 2018 9.85 11.79 8.69 11.65 68018400.0 1312500000.0
353 Mar 10, 2018 11.77 12.99 10.55 10.86 78827900.0 1568370000.0
354 Mar 11, 2018 10.78 12.1 10.24 11.58 59846300.0 1437620000.0
355 Mar 12, 2018 11.54 12.0 10.22 10.71 43352800.0 1538770000.0
356 Mar 13, 2018 10.65 11.1 10.12 10.85 44709800.0 1419250000.0
357 Mar 14, 2018 10.86 11.06 8.83 9.1 36232400.0 1447440000.0
358 Mar 15, 2018 9.1 9.21 8.3 8.78 27434400.0 1213180000.0
359 Mar 16, 2018 8.77 9.5 8.22 8.82 30442600.0 1168030000.0
360 Mar 17, 2018 8.87 8.91 7.8 7.84 25861100.0 1182380000.0
361 Mar 18, 2018 7.79 8.58 5.97 8.3 54951800.0 1037530000.0
362 Mar 19, 2018 8.53 8.8 7.56 8.28 44576800.0 1136690000.0
363 Mar 20, 2018 8.37 9.54 7.87 9.15 46177400.0 1115080000.0
364 Mar 21, 2018 9.12 9.7 8.35 8.63 53167500.0 1214990000.0
365 Mar 22, 2018 8.62 8.89 7.68 8.26 41036200.0 1149100000.0
366 Mar 23, 2018 8.22 8.26 7.38 8.11 43246100.0 1095320000.0
367 Mar 24, 2018 8.14 8.4 7.68 7.7 34242500.0 1084220000.0
368 Mar 25, 2018 7.58 7.87 7.49 7.57 22741200.0 1010390000.0
369 Mar 26, 2018 7.56 7.64 6.41 6.98 27665300.0 1007160000.0
370 Mar 27, 2018 6.96 7.01 6.3 6.51 26060600.0 927361000.0
