0 Jun 28, 2017 0.06 0.06 0.06 0.06 13747700.0 0.0
1 Jun 29, 2017 0.06 0.06 0.05 0.05 18083200.0 194259000.0
2 Jun 30, 2017 0.05 0.05 0.04 0.04 10133300.0 179935000.0
3 Jul 01, 2017 0.04 0.05 0.04 0.04 10307200.0 154009000.0
4 Jul 02, 2017 0.04 0.04 0.04 0.04 7502210.0 152419000.0
5 Jul 03, 2017 0.04 0.07 0.04 0.06 28853300.0 148245000.0
6 Jul 04, 2017 0.06 0.07 0.05 0.06 18958100.0 195860000.0
7 Jul 05, 2017 0.06 0.06 0.05 0.05 11487700.0 197793000.0
8 Jul 06, 2017 0.05 0.06 0.05 0.05 10173100.0 174958000.0
9 Jul 07, 2017 0.05 0.05 0.04 0.04 7012400.0 174837000.0
10 Jul 08, 2017 0.04 0.04 0.04 0.04 6282280.0 153115000.0
11 Jul 09, 2017 0.04 0.04 0.04 0.04 3429300.0 154011000.0
12 Jul 10, 2017 0.04 0.04 0.03 0.03 6133140.0 140900000.0
13 Jul 11, 2017 0.03 0.03 0.02 0.03 7617130.0 106561000.0
14 Jul 12, 2017 0.03 0.03 0.02 0.03 5178400.0 87349600.0
15 Jul 13, 2017 0.03 0.03 0.03 0.03 5187090.0 108029000.0
16 Jul 14, 2017 0.03 0.03 0.02 0.03 3055070.0 97978500.0
17 Jul 15, 2017 0.03 0.03 0.02 0.02 2668550.0 88807400.0
18 Jul 16, 2017 0.02 0.02 0.02 0.02 2339710.0 81697900.0
19 Jul 17, 2017 0.02 0.03 0.02 0.03 3764400.0 81819800.0
20 Jul 18, 2017 0.03 0.03 0.02 0.03 5126630.0 90900700.0
21 Jul 19, 2017 0.03 0.03 0.03 0.03 4366050.0 100759000.0
22 Jul 20, 2017 0.03 0.03 0.03 0.03 3753830.0 92396800.0
23 Jul 21, 2017 0.03 0.04 0.03 0.04 11944800.0 104205000.0
24 Jul 22, 2017 0.04 0.08 0.04 0.08 38566700.0 132973000.0
25 Jul 23, 2017 0.08 0.1 0.07 0.08 159816000.0 291519000.0
26 Jul 24, 2017 0.08 0.09 0.07 0.08 48405700.0 291837000.0
27 Jul 25, 2017 0.08 0.08 0.05 0.06 52165600.0 264948000.0
28 Jul 26, 2017 0.06 0.06 0.05 0.06 51832700.0 204742000.0
29 Jul 27, 2017 0.06 0.06 0.06 0.06 27039600.0 206861000.0
30 Jul 28, 2017 0.06 0.06 0.05 0.05 17827200.0 204562000.0
31 Jul 29, 2017 0.05 0.05 0.05 0.05 17077400.0 187715000.0
32 Jul 30, 2017 0.05 0.05 0.05 0.05 8438260.0 186966000.0
33 Jul 31, 2017 0.05 0.06 0.05 0.05 17412400.0 175730000.0
34 Aug 01, 2017 0.05 0.06 0.05 0.06 23845300.0 188414000.0
35 Aug 02, 2017 0.06 0.06 0.05 0.05 15754800.0 191330000.0
36 Aug 03, 2017 0.05 0.06 0.05 0.06 15695800.0 189374000.0
37 Aug 04, 2017 0.06 0.06 0.06 0.06 16038900.0 194551000.0
38 Aug 05, 2017 0.06 0.07 0.06 0.07 37828900.0 197577000.0
39 Aug 06, 2017 0.07 0.07 0.06 0.06 24237700.0 228325000.0
40 Aug 07, 2017 0.06 0.07 0.06 0.07 40894300.0 214078000.0
41 Aug 08, 2017 0.07 0.08 0.07 0.07 35787700.0 246253000.0
42 Aug 09, 2017 0.07 0.07 0.06 0.07 18237500.0 251340000.0
43 Aug 10, 2017 0.07 0.07 0.06 0.07 27412400.0 225861000.0
44 Aug 11, 2017 0.07 0.08 0.06 0.08 58822600.0 227154000.0
45 Aug 12, 2017 0.08 0.08 0.07 0.07 24574100.0 271523000.0
46 Aug 13, 2017 0.07 0.07 0.06 0.06 21679300.0 237025000.0
47 Aug 14, 2017 0.06 0.07 0.06 0.06 23224100.0 221765000.0
48 Aug 15, 2017 0.06 0.06 0.06 0.06 19850100.0 213925000.0
49 Aug 16, 2017 0.06 0.06 0.06 0.06 11186700.0 210895000.0
50 Aug 17, 2017 0.06 0.07 0.06 0.06 22798200.0 207867000.0
51 Aug 18, 2017 0.06 0.06 0.05 0.05 13896200.0 211490000.0
52 Aug 19, 2017 0.05 0.06 0.05 0.06 12062400.0 189763000.0
53 Aug 20, 2017 0.05 0.06 0.05 0.06 6738530.0 189293000.0
54 Aug 21, 2017 0.05 0.06 0.05 0.05 9409920.0 190691000.0
55 Aug 22, 2017 0.05 0.05 0.05 0.05 5745640.0 177165000.0
56 >Aug 23, 201 0.05 0.05 0.05 0.05 8995140.0 173357000.0
57 Aug 24, 2017 0.05 0.05 0.05 0.05 8706810.0 177990000.0
58 Aug 25, 2017 0.05 0.05 0.05 0.05 5922650.0 182970000.0
59 Aug 26, 2017 0.05 0.05 0.05 0.05 5512320.0 176911000.0
60 Aug 27, 2017 0.05 0.05 0.05 0.05 6815440.0 175157000.0
61 Aug 28, 2017 0.05 0.05 0.05 0.05 7486210.0 179144000.0
62 Aug 29, 2017 0.05 0.05 0.05 0.05 10873400.0 169930000.0
63 Aug 30, 2017 0.05 0.05 0.04 0.05 9555330.0 171696000.0
64 Aug 31, 2017 0.05 0.05 0.04 0.05 7463400.0 163779000.0
65 Sep 01, 2017 0.05 0.05 0.05 0.05 7175300.0 166616000.0
66 Sep 02, 2017 0.05 0.05 0.04 0.04 8260080.0 165116000.0
67 Sep 03, 2017 0.04 0.04 0.04 0.04 6755000.0 143132000.0
68 Sep 04, 2017 0.04 0.04 0.03 0.03 9710210.0 137412000.0
69 Sep 05, 2017 0.03 0.03 0.03 0.03 5825530.0 103796000.0
70 Sep 06, 2017 0.03 0.04 0.03 0.04 9953750.0 107741000.0
71 Sep 07, 2017 0.04 0.04 0.04 0.04 5490620.0 138638000.0
72 Sep 08, 2017 0.04 0.04 0.03 0.03 4653740.0 130661000.0
73 Sep 09, 2017 0.03 0.03 0.03 0.03 2524890.0 107197000.0
74 Sep 10, 2017 0.03 0.03 0.03 0.03 2373310.0 106860000.0
75 Sep 11, 2017 0.03 0.03 0.03 0.03 2069680.0 101895000.0
76 Sep 12, 2017 0.03 0.03 0.03 0.03 2734640.0 99517800.0
77 Sep 13, 2017 0.03 0.03 0.02 0.03 1880030.0 98578700.0
78 Sep 14, 2017 0.03 0.03 0.02 0.02 1721860.0 91564300.0
79 Sep 15, 2017 0.02 0.02 0.02 0.02 2521070.0 68920100.0
80 Sep 16, 2017 0.02 0.02 0.02 0.02 1879180.0 76154300.0
81 Sep 17, 2017 0.02 0.02 0.02 0.02 1746130.0 74497500.0
82 Sep 18, 2017 0.02 0.03 0.02 0.03 3417560.0 75375300.0
83 Sep 19, 2017 0.03 0.03 0.02 0.02 2937340.0 101259000.0
84 Sep 20, 2017 0.02 0.02 0.02 0.02 1865680.0 84035200.0
85 Sep 21, 2017 0.02 0.02 0.02 0.02 1304980.0 82485300.0
86 Sep 22, 2017 0.02 0.02 0.02 0.02 1173930.0 73421300.0
87 Sep 23, 2017 0.02 0.02 0.02 0.02 869073.0 74034500.0
88 Sep 24, 2017 0.02 0.02 0.02 0.02 826610.0 77894600.0
89 Sep 25, 2017 0.02 0.02 0.02 0.02 781467.0 75790400.0
90 Sep 26, 2017 0.02 0.03 0.02 0.03 3457510.0 81342300.0
91 Sep 27, 2017 0.03 0.03 0.03 0.03 6734420.0 94886100.0
92 Sep 28, 2017 0.03 0.03 0.03 0.03 2452520.0 101707000.0
93 Sep 29, 2017 0.03 0.03 0.03 0.03 1392230.0 99810600.0
94 Sep 30, 2017 0.03 0.03 0.03 0.03 1101880.0 95828300.0
95 Oct 01, 2017 0.03 0.03 0.03 0.03 2076910.0 106372000.0
96 Oct 02, 2017 0.03 0.03 0.03 0.03 2272790.0 109290000.0
97 Oct 03, 2017 0.03 0.03 0.03 0.03 1966990.0 105011000.0
98 Oct 04, 2017 0.03 0.03 0.03 0.03 1452180.0 94950300.0
99 Oct 05, 2017 0.03 0.03 0.03 0.03 1362430.0 94808200.0
100 Oct 06, 2017 0.03 0.03 0.03 0.03 1178510.0 94972600.0
101 Oct 07, 2017 0.03 0.03 0.03 0.03 1041620.0 98091700.0
102 Oct 08, 2017 0.03 0.03 0.02 0.02 1529830.0 94621600.0
103 Oct 09, 2017 0.02 0.02 0.02 0.02 1822000.0 86015200.0
104 Oct 10, 2017 0.02 0.03 0.02 0.02 1741170.0 79477600.0
105 Oct 11, 2017 0.02 0.03 0.02 0.03 1307350.0 81112200.0
106 Oct 12, 2017 0.03 0.03 0.03 0.03 2200490.0 91952300.0
107 Oct 13, 2017 0.03 0.03 0.02 0.02 1702500.0 90693500.0
108 Oct 14, 2017 0.02 0.03 0.02 0.03 1030100.0 86525100.0
109 Oct 15, 2017 0.03 0.03 0.02 0.03 1748810.0 91777400.0
110 Oct 16, 2017 0.03 0.03 0.03 0.03 2145970.0 102358000.0
111 Oct 17, 2017 0.03 0.03 0.03 0.03 1521100.0 100126000.0
112 Oct 18, 2017 0.03 0.03 0.03 0.03 1658160.0 94105900.0
113 Oct 19, 2017 0.03 0.03 0.03 0.03 2075060.0 100063000.0
114 Oct 20, 2017 0.03 0.03 0.03 0.03 1425160.0 95224700.0
115 Oct 21, 2017 0.03 0.03 0.02 0.03 1511950.0 92920800.0
116 Oct 22, 2017 0.03 0.03 0.02 0.03 1432060.0 89863300.0
117 Oct 23, 2017 0.03 0.03 0.02 0.03 1781260.0 88884800.0
118 Oct 24, 2017 0.03 0.03 0.02 0.03 2305600.0 87521100.0
119 Oct 25, 2017 0.03 0.03 0.03 0.03 2677510.0 92605500.0
120 Oct 26, 2017 0.03 0.03 0.03 0.03 2524840.0 98716000.0
121 Oct 27, 2017 0.03 0.04 0.03 0.03 4504730.0 103061000.0
122 Oct 28, 2017 0.03 0.04 0.03 0.04 5564870.0 118413000.0
123 Oct 29, 2017 0.04 0.04 0.03 0.04 4638100.0 128135000.0
124 Oct 30, 2017 0.04 0.04 0.04 0.04 2666950.0 130654000.0
125 Oct 31, 2017 0.04 0.04 0.04 0.04 4344070.0 131143000.0
126 Nov 01, 2017 0.04 0.04 0.04 0.04 7462620.0 140297000.0
127 Nov 02, 2017 0.04 0.04 0.03 0.03 8275120.0 149307000.0
128 Nov 03, 2017 0.03 0.03 0.03 0.03 4693610.0 112486000.0
129 Nov 04, 2017 0.03 0.03 0.03 0.03 2622370.0 105098000.0
130 Nov 05, 2017 0.03 0.03 0.03 0.03 2305140.0 108584000.0
131 Nov 06, 2017 0.03 0.03 0.03 0.03 2313630.0 108025000.0
132 Nov 07, 2017 0.03 0.03 0.03 0.03 2258890.0 101696000.0
133 Nov 08, 2017 0.03 0.03 0.03 0.03 2875290.0 104304000.0
134 Nov 09, 2017 0.03 0.04 0.03 0.03 3237960.0 110189000.0
135 Nov 10, 2017 0.03 0.03 0.03 0.03 2646500.0 114101000.0
136 Nov 11, 2017 0.03 0.03 0.03 0.03 2102750.0 101560000.0
137 Nov 12, 2017 0.03 0.03 0.02 0.03 3201060.0 99363500.0
138 Nov 13, 2017 0.03 0.03 0.03 0.03 1907080.0 91440500.0
139 Nov 14, 2017 0.03 0.03 0.03 0.03 1993910.0 97788900.0
140 Nov 15, 2017 0.03 0.03 0.03 0.03 2911890.0 98166500.0
141 Nov 16, 2017 0.03 0.03 0.03 0.03 3161400.0 104144000.0
142 Nov 17, 2017 0.03 0.03 0.03 0.03 2033730.0 99550000.0
143 Nov 18, 2017 0.03 0.03 0.03 0.03 2630650.0 95786700.0
144 Nov 19, 2017 0.03 0.03 0.03 0.03 1966110.0 100009000.0
145 Nov 20, 2017 0.03 0.03 0.03 0.03 6326260.0 99840100.0
146 Nov 21, 2017 0.03 0.04 0.03 0.04 6707380.0 117770000.0
147 Nov 22, 2017 0.04 0.04 0.03 0.04 6115370.0 121845000.0
148 Nov 23, 2017 0.04 0.04 0.03 0.03 3272790.0 123134000.0
149 Nov 24, 2017 0.03 0.03 0.03 0.03 3649790.0 110257000.0
150 Nov 25, 2017 0.03 0.04 0.03 0.04 2780840.0 109632000.0
151 Nov 26, 2017 0.04 0.04 0.03 0.04 4167220.0 122355000.0
152 Nov 27, 2017 0.04 0.04 0.04 0.04 7607620.0 125010000.0
153 Nov 28, 2017 0.04 0.05 0.04 0.05 11868900.0 136487000.0
154 Nov 29, 2017 0.05 0.07 0.04 0.04 50373800.0 187156000.0
155 Nov 30, 2017 0.04 0.05 0.04 0.05 19484400.0 158401000.0
156 Dec 01, 2017 0.05 0.07 0.05 0.07 22086700.0 170675000.0
157 Dec 02, 2017 0.07 0.08 0.07 0.07 49889500.0 230794000.0
158 Dec 03, 2017 0.07 0.08 0.07 0.07 24985300.0 260475000.0
159 Dec 04, 2017 0.07 0.08 0.07 0.08 20127500.0 258248000.0
160 Dec 05, 2017 0.08 0.08 0.07 0.07 17193400.0 264861000.0
161 Dec 06, 2017 0.07 0.07 0.06 0.07 20846600.0 250691000.0
162 Dec 07, 2017 0.07 0.07 0.06 0.06 18380600.0 227665000.0
163 Dec 08, 2017 0.06 0.07 0.05 0.06 22371700.0 193628000.0
164 Dec 09, 2017 0.06 0.07 0.06 0.06 13767400.0 219119000.0
165 Dec 10, 2017 0.06 0.06 0.04 0.05 15046900.0 206080000.0
166 Dec 11, 2017 0.06 0.06 0.06 0.06 22472600.0 191331000.0
167 Dec 12, 2017 0.06 0.06 0.06 0.06 18127000.0 219975000.0
168 Dec 13, 2017 0.06 0.07 0.06 0.06 17604700.0 221857000.0
169 Dec 14, 2017 0.06 0.08 0.06 0.07 30173000.0 217215000.0
170 Dec 15, 2017 0.08 0.08 0.06 0.07 20971500.0 265443000.0
171 Dec 16, 2017 0.07 0.13 0.07 0.12 83148700.0 250436000.0
172 Dec 17, 2017 0.12 0.2 0.12 0.17 128434000.0 413990000.0
173 Dec 18, 2017 0.17 0.18 0.16 0.18 36666100.0 582542000.0
174 Dec 19, 2017 0.18 0.22 0.17 0.2 52049700.0 616624000.0
175 Dec 20, 2017 0.21 0.21 0.17 0.19 45051500.0 725549000.0
176 Dec 21, 2017 0.19 0.2 0.17 0.18 30463400.0 645668000.0
177 Dec 22, 2017 0.18 0.18 0.1 0.14 34209900.0 619624000.0
178 Dec 23, 2017 0.14 0.16 0.14 0.14 19481000.0 495501000.0
179 Dec 24, 2017 0.15 0.15 0.12 0.14 16645600.0 507898000.0
180 Dec 25, 2017 0.14 0.14 0.13 0.14 25580000.0 486913000.0
181 Dec 26, 2017 0.14 0.14 0.13 0.14 25278200.0 492468000.0
182 Dec 27, 2017 0.14 0.17 0.14 0.16 60464100.0 486480000.0
183 Dec 28, 2017 0.15 0.15 0.13 0.14 28484400.0 536175000.0
184 Dec 29, 2017 0.15 0.18 0.14 0.17 48170200.0 507433000.0
185 Dec 30, 2017 0.17 0.18 0.15 0.16 51062900.0 579361000.0
186 Dec 31, 2017 0.16 0.23 0.15 0.22 69855800.0 543612000.0
187 Jan 01, 2018 0.24 0.3 0.24 0.26 148184000.0 848701000.0
188 Jan 02, 2018 0.26 0.32 0.25 0.32 126276000.0 894397000.0
189 Jan 03, 2018 0.31 0.68 0.31 0.67 594459000.0 1091230000.0
190 Jan 04, 2018 0.65 0.68 0.52 0.52 230243000.0 2268800000.0
191 Jan 05, 2018 0.54 0.59 0.47 0.5 165755000.0 1871790000.0
192 Jan 06, 2018 0.49 0.53 0.46 0.53 93250500.0 1715690000.0
193 Jan 07, 2018 0.53 0.58 0.5 0.53 101042000.0 1824930000.0
194 Jan 08, 2018 0.53 0.53 0.42 0.47 83150200.0 1823820000.0
195 Jan 09, 2018 0.47 0.49 0.42 0.43 62261600.0 1632640000.0
196 Jan 10, 2018 0.43 0.43 0.35 0.4 72705600.0 1509410000.0
197 Jan 11, 2018 0.4 0.43 0.3 0.39 73311500.0 1393300000.0
198 Jan 12, 2018 0.39 0.46 0.37 0.46 56833900.0 1346550000.0
199 Jan 13, 2018 0.47 0.51 0.45 0.48 69388100.0 1626540000.0
200 Jan 14, 2018 0.48 0.48 0.41 0.43 27841500.0 1655660000.0
201 Jan 15, 2018 0.43 0.46 0.41 0.41 602501000.0 1502780000.0
202 Jan 16, 2018 0.42 0.42 0.25 0.31 1226320000.0 1447960000.0
203 Jan 17, 2018 0.32 0.34 0.22 0.31 1693220000.0 1093900000.0
204 Jan 18, 2018 0.32 0.37 0.3 0.33 1082560000.0 1093250000.0
205 Jan 19, 2018 0.33 0.34 0.3 0.33 390835000.0 1128630000.0
206 Jan 20, 2018 0.34 0.36 0.32 0.34 322499000.0 1163500000.0
207 Jan 21, 2018 0.34 0.34 0.28 0.28 364372000.0 1194670000.0
208 Jan 22, 2018 0.29 0.31 0.25 0.28 397448000.0 997907000.0
209 Jan 23, 2018 0.28 0.29 0.26 0.28 174282000.0 960955000.0
210 Jan 24, 2018 0.27 0.3 0.27 0.29 214103000.0 953049000.0
211 Jan 25, 2018 0.29 0.32 0.29 0.3 250475000.0 1002830000.0
212 Jan 26, 2018 0.3 0.31 0.27 0.29 212218000.0 1037390000.0
213 Jan 27, 2018 0.29 0.29 0.28 0.29 80416900.0 999577000.0
214 Jan 28, 2018 0.29 0.31 0.29 0.31 88662700.0 1003030000.0
215 Jan 29, 2018 0.31 0.31 0.29 0.29 71443600.0 1077290000.0
216 Jan 30, 2018 0.29 0.29 0.24 0.24 96581000.0 1011170000.0
217 Jan 31, 2018 0.24 0.26 0.21 0.24 240145000.0 839805000.0
218 Feb 01, 2018 0.24 0.25 0.2 0.2 162954000.0 832583000.0
219 Feb 02, 2018 0.2 0.2 0.13 0.17 504029000.0 693105000.0
220 Feb 03, 2018 0.18 0.22 0.15 0.2 590580000.0 611797000.0
221 Feb 04, 2018 0.2 0.26 0.2 0.21 945678000.0 686871000.0
222 Feb 05, 2018 0.21 0.23 0.18 0.19 488362000.0 747539000.0
223 Feb 06, 2018 0.19 0.23 0.16 0.22 1238910000.0 674384000.0
224 Feb 07, 2018 0.22 0.23 0.21 0.21 404232000.0 751305000.0
225 Feb 08, 2018 0.21 0.22 0.21 0.22 182811000.0 736024000.0
226 Feb 09, 2018 0.21 0.24 0.21 0.24 185057000.0 749058000.0
227 Feb 10, 2018 0.23 0.27 0.23 0.24 426190000.0 810896000.0
228 Feb 11, 2018 0.24 0.24 0.21 0.21 125599000.0 832386000.0
229 Feb 12, 2018 0.22 0.23 0.22 0.22 67064100.0 752002000.0
230 Feb 13, 2018 0.22 0.22 0.21 0.22 49010600.0 771007000.0
231 Feb 14, 2018 0.22 0.23 0.21 0.23 69249000.0 752114000.0
232 Feb 15, 2018 0.23 0.23 0.22 0.23 71211300.0 781750000.0
233 Feb 16, 2018 0.23 0.23 0.22 0.23 40364600.0 800568000.0
234 Feb 17, 2018 0.23 0.24 0.23 0.23 88095800.0 793998000.0
235 Feb 18, 2018 0.23 0.23 0.21 0.21 54670500.0 802272000.0
236 Feb 19, 2018 0.21 0.23 0.21 0.22 44855000.0 746167000.0
237 Feb 20, 2018 0.22 0.22 0.21 0.21 42156400.0 767838000.0
238 Feb 21, 2018 0.21 0.21 0.2 0.2 44810400.0 724887000.0
239 Feb 22, 2018 0.2 0.2 0.18 0.18 38322700.0 690407000.0
240 Feb 23, 2018 0.18 0.19 0.17 0.19 39778700.0 632374000.0
241 Feb 24, 2018 0.19 0.19 0.17 0.18 22222900.0 657860000.0
242 Feb 25, 2018 0.18 0.18 0.17 0.18 26892300.0 616287000.0
243 Feb 26, 2018 0.18 0.18 0.17 0.18 22685900.0 623420000.0
244 Feb 27, 2018 0.18 0.18 0.17 0.17 14177200.0 622540000.0
245 Feb 28, 2018 0.17 0.17 0.16 0.16 13699900.0 601810000.0
246 Mar 01, 2018 0.16 0.16 0.15 0.16 25047900.0 564577000.0
247 Mar 02, 2018 0.16 0.16 0.15 0.15 19425500.0 558510000.0
248 Mar 03, 2018 0.15 0.17 0.15 0.16 30786600.0 534050000.0
249 Mar 04, 2018 0.16 0.16 0.15 0.16 17081700.0 555934000.0
250 Mar 05, 2018 0.16 0.19 0.16 0.17 102292000.0 561031000.0
251 Mar 06, 2018 0.17 0.19 0.17 0.17 63684800.0 603814000.0
252 Mar 07, 2018 0.17 0.18 0.16 0.16 51239800.0 610295000.0
253 Mar 08, 2018 0.16 0.17 0.15 0.15 31578600.0 563307000.0
254 Mar 09, 2018 0.15 0.16 0.13 0.15 54375800.0 535467000.0
255 Mar 10, 2018 0.15 0.15 0.14 0.14 24100200.0 517848000.0
256 Mar 11, 2018 0.14 0.14 0.13 0.14 28504900.0 477217000.0
257 Mar 12, 2018 0.14 0.14 0.13 0.14 27519500.0 489810000.0
258 Mar 13, 2018 0.14 0.14 0.13 0.13 14260400.0 471639000.0
259 Mar 14, 2018 0.13 0.14 0.12 0.12 23185400.0 466973000.0
260 Mar 15, 2018 0.12 0.12 0.1 0.11 41428000.0 418349000.0
261 Mar 16, 2018 0.11 0.11 0.1 0.11 14719300.0 386555000.0
262 Mar 17, 2018 0.11 0.11 0.09 0.09 16011900.0 368513000.0
263 Mar 18, 2018 0.09 0.1 0.08 0.1 58944900.0 320356000.0
264 Mar 19, 2018 0.11 0.12 0.1 0.12 160384000.0 373172000.0
265 Mar 20, 2018 0.12 0.12 0.11 0.12 66417000.0 411309000.0
266 Mar 21, 2018 0.12 0.12 0.11 0.12 46309400.0 411094000.0
267 Mar 22, 2018 0.12 0.12 0.11 0.11 24804000.0 402722000.0
268 Mar 23, 2018 0.11 0.11 0.1 0.1 33675600.0 389192000.0
269 Mar 24, 2018 0.1 0.1 0.1 0.1 34248600.0 354995000.0
270 Mar 25, 2018 0.1 0.1 0.1 0.1 18242900.0 345922000.0
271 Mar 26, 2018 0.1 0.1 0.09 0.09 23114300.0 349075000.0
272 Mar 27, 2018 0.09 0.1 0.08 0.09 25514900.0 321619000.0
