0 Oct 18, 2017 0.62 0.63 0.57 0.63 20957.5 0.0
1 Oct 19, 2017 0.62 0.83 0.61 0.77 173574.0 0.0
2 Oct 20, 2017 0.77 0.77 0.56 0.59 80847.5 0.0
3 Oct 21, 2017 0.59 0.64 0.54 0.57 26035.0 0.0
4 Oct 22, 2017 0.57 0.71 0.55 0.59 166006.0 0.0
5 Oct 23, 2017 0.59 1.44 0.52 1.21 86388.5 0.0
6 Oct 24, 2017 1.05 1.05 0.57 0.61 62508.5 0.0
7 Oct 25, 2017 0.61 0.63 0.58 0.6 76102.2 0.0
8 Oct 26, 2017 0.6 0.82 0.59 0.66 265716.0 0.0
9 Oct 27, 2017 0.66 0.75 0.54 0.55 255065.0 0.0
10 Oct 28, 2017 0.55 0.61 0.54 0.56 71165.5 0.0
11 Oct 29, 2017 0.56 0.66 0.56 0.61 40316.8 0.0
12 Oct 30, 2017 0.61 0.64 0.55 0.61 79874.2 0.0
13 Oct 31, 2017 0.61 0.61 0.51 0.51 173262.0 0.0
14 Nov 01, 2017 0.51 0.56 0.5 0.5 10754.8 0.0
15 Nov 02, 2017 0.5 0.57 0.48 0.56 42524.6 0.0
16 Nov 03, 2017 0.56 0.6 0.51 0.59 44646.4 0.0
17 Nov 04, 2017 0.59 0.59 0.57 0.57 15314.7 0.0
18 Nov 05, 2017 0.57 0.6 0.57 0.6 45059.9 0.0
19 Nov 06, 2017 0.6 0.62 0.58 0.58 31525.6 0.0
20 Nov 07, 2017 0.58 0.64 0.58 0.63 142634.0 0.0
21 Nov 08, 2017 0.63 0.76 0.63 0.74 92374.4 0.0
22 Nov 09, 2017 0.73 0.78 0.65 0.76 46634.5 0.0
23 Nov 10, 2017 0.76 0.77 0.62 0.7 52205.4 0.0
24 Nov 11, 2017 0.7 0.76 0.64 0.68 55593.0 0.0
25 Nov 12, 2017 0.68 0.78 0.66 0.7 261653.0 0.0
26 Nov 13, 2017 0.7 0.77 0.7 0.77 65937.6 0.0
27 Nov 14, 2017 0.77 0.82 0.74 0.82 75478.4 0.0
28 Nov 15, 2017 0.82 0.84 0.79 0.82 94207.7 0.0
29 Nov 16, 2017 0.82 0.9 0.75 0.75 67004.4 0.0
30 Nov 17, 2017 0.75 0.82 0.74 0.77 50092.5 0.0
31 Nov 18, 2017 0.8 0.88 0.78 0.81 75408.4 0.0
32 Nov 19, 2017 0.81 0.9 0.81 0.87 20095.6 0.0
33 Nov 20, 2017 0.87 0.91 0.81 0.89 23302.1 0.0
34 Nov 21, 2017 0.89 0.93 0.71 0.86 32732.8 0.0
35 Nov 22, 2017 0.86 0.87 0.74 0.8 74346.6 0.0
36 Nov 23, 2017 0.8 0.92 0.79 0.82 131685.0 0.0
37 Nov 24, 2017 0.81 2.03 0.8 1.49 354338.0 0.0
38 Nov 25, 2017 1.49 1.56 1.06 1.16 358097.0 0.0
39 Nov 26, 2017 1.16 1.25 1.06 1.16 152946.0 0.0
40 Nov 27, 2017 1.16 1.32 1.13 1.22 478944.0 0.0
41 Nov 28, 2017 1.21 1.89 1.21 1.89 2219830.0 0.0
42 Nov 29, 2017 1.89 2.09 1.67 1.7 799269.0 0.0
43 Nov 30, 2017 1.73 1.83 1.49 1.71 224195.0 0.0
44 Dec 01, 2017 1.71 1.74 1.5 1.55 953008.0 0.0
45 Dec 02, 2017 1.55 1.67 1.23 1.5 456170.0 0.0
46 Dec 03, 2017 1.5 1.6 1.44 1.49 170430.0 0.0
47 Dec 04, 2017 1.49 1.53 1.43 1.53 85214.7 0.0
48 Dec 05, 2017 1.54 1.63 1.44 1.59 307559.0 0.0
49 Dec 06, 2017 1.58 2.3 1.58 2.27 497558.0 0.0
50 Dec 07, 2017 2.24 2.41 2.04 2.12 463551.0 0.0
51 Dec 08, 2017 2.2 2.47 1.99 2.32 460544.0 90208400.0
52 Dec 09, 2017 2.32 2.58 2.22 2.41 54054.3 95338300.0
53 Dec 10, 2017 2.42 2.42 2.11 2.24 72057.0 99330200.0
54 Dec 11, 2017 2.24 3.04 2.16 3.04 118258.0 91896400.0
55 Dec 12, 2017 3.02 4.5 2.96 4.5 254581.0 124073000.0
56 Dec 13, 2017 4.51 6.25 3.86 5.21 277482.0 185106000.0
57 Dec 14, 2017 5.21 5.44 2.01 2.03 947561.0 213785000.0
58 Dec 15, 2017 2.03 2.88 1.82 2.51 2868550.0 107640000.0
59 Dec 16, 2017 2.5 2.72 1.79 2.11 1085950.0 132377000.0
60 Dec 17, 2017 2.11 2.41 1.88 2.04 1341740.0 112024000.0
61 Dec 18, 2017 2.04 3.01 1.94 2.92 1969200.0 108125000.0
62 Dec 19, 2017 2.94 3.27 2.68 2.98 1916510.0 155514000.0
63 Dec 20, 2017 2.97 2.97 2.53 2.81 732495.0 157338000.0
64 Dec 21, 2017 2.81 5.42 2.58 4.32 24759100.0 168255000.0
65 Dec 22, 2017 4.33 4.38 2.82 3.41 7399020.0 259191000.0
66 Dec 23, 2017 3.44 4.83 3.42 4.1 10526600.0 206039000.0
67 Dec 24, 2017 4.18 4.29 3.6 3.94 3438260.0 249811000.0
68 Dec 25, 2017 3.91 5.88 3.56 5.61 16399600.0 234001000.0
69 Dec 26, 2017 5.61 6.5 4.96 5.54 18545700.0 344095000.0
70 Dec 27, 2017 5.54 5.7 4.93 5.43 7937650.0 339787000.0
71 Dec 28, 2017 5.44 5.53 4.17 4.83 9574050.0 333590000.0
72 Dec 29, 2017 4.87 5.08 4.44 4.75 7855150.0 298814000.0
73 Dec 30, 2017 4.72 5.7 4.29 5.08 14581700.0 289156000.0
74 Dec 31, 2017 5.08 5.32 4.65 5.19 8494970.0 311117000.0
75 Jan 01, 2018 5.24 5.45 4.86 5.44 6965630.0 321171000.0
76 Jan 02, 2018 5.44 9.39 5.44 8.63 60766500.0 333341000.0
77 Jan 03, 2018 8.63 10.26 8.08 8.16 38547600.0 528988000.0
78 Jan 04, 2018 8.24 9.74 7.83 8.45 34096500.0 505040000.0
79 Jan 05, 2018 8.42 9.01 6.92 7.56 23812600.0 515977000.0
80 Jan 06, 2018 7.67 9.26 7.53 8.93 32543100.0 470099000.0
81 Jan 07, 2018 8.72 11.5 8.46 10.17 38810000.0 534661000.0
82 Jan 08, 2018 9.94 10.68 8.21 9.07 22421000.0 609389000.0
83 Jan 09, 2018 8.94 11.33 8.92 10.52 39709700.0 548042000.0
84 Jan 10, 2018 10.57 10.59 9.01 9.36 18884400.0 648052000.0
85 Jan 11, 2018 9.26 9.61 7.19 7.93 14125800.0 567765000.0
86 Jan 12, 2018 7.99 8.39 7.19 7.99 14320900.0 489645000.0
87 Jan 13, 2018 8.01 8.38 7.71 7.88 11409100.0 490982000.0
88 Jan 14, 2018 7.83 8.92 7.33 8.47 19130800.0 491230000.0
89 Jan 15, 2018 8.45 8.56 7.33 7.33 14280800.0 600868000.0
90 Jan 16, 2018 7.37 7.37 4.47 5.27 12032900.0 524081000.0
91 Jan 17, 2018 5.29 5.92 3.94 5.48 9660630.0 375938000.0
92 Jan 18, 2018 5.52 6.07 4.97 5.31 9861930.0 392688000.0
93 Jan 19, 2018 5.33 5.78 4.95 5.49 11250900.0 378835000.0
94 Jan 20, 2018 5.55 6.9 5.36 6.65 14322800.0 395008000.0
95 Jan 21, 2018 6.63 6.81 5.3 5.58 9671770.0 517208000.0
96 Jan 22, 2018 5.63 5.7 4.4 4.88 10585900.0 438763000.0
97 Jan 23, 2018 4.86 5.0 4.21 4.67 12975300.0 378749000.0
98 Jan 24, 2018 4.69 5.0 4.67 4.91 11096400.0 365291000.0
99 Jan 25, 2018 5.04 5.1 4.66 4.79 8417130.0 392852000.0
100 Jan 26, 2018 4.76 4.91 4.3 4.65 7589420.0 372697000.0
101 Jan 27, 2018 4.65 6.04 4.49 5.79 15774200.0 364656000.0
102 Jan 28, 2018 5.87 6.2 5.43 5.55 29936500.0 463534000.0
103 Jan 29, 2018 5.55 5.56 4.93 5.13 8850330.0 438670000.0
104 Jan 30, 2018 5.13 5.15 4.08 4.3 11258100.0 405467000.0
105 Jan 31, 2018 4.3 4.44 4.05 4.3 4764260.0 340158000.0
106 Feb 01, 2018 4.33 4.55 3.27 3.7 7184050.0 342034000.0
107 Feb 02, 2018 3.67 3.67 2.54 3.32 4535680.0 290409000.0
108 Feb 03, 2018 3.33 3.8 3.07 3.57 3183990.0 264424000.0
109 Feb 04, 2018 3.59 3.69 2.84 3.08 3626910.0 284828000.0
110 Feb 05, 2018 3.06 3.12 1.92 2.27 4358980.0 242193000.0
111 Feb 06, 2018 2.28 2.9 1.73 2.81 6819200.0 180683000.0
112 Feb 07, 2018 2.81 3.3 2.53 2.58 4393470.0 222806000.0
113 Feb 08, 2018 2.56 2.93 2.56 2.83 4641160.0 203111000.0
114 Feb 09, 2018 2.83 3.04 2.67 3.04 433567.0 224534000.0
115 Feb 10, 2018 3.03 3.13 2.64 2.82 2470310.0 240474000.0
116 Feb 11, 2018 2.81 2.95 2.36 2.82 3658390.0 222616000.0
117 Feb 12, 2018 2.84 3.13 2.8 2.99 3045520.0 225314000.0
118 Feb 13, 2018 3.16 3.21 2.77 2.81 3371000.0 281419000.0
119 Feb 14, 2018 2.8 2.99 2.8 2.96 4198830.0 249323000.0
120 Feb 15, 2018 2.96 3.25 2.9 3.04 4510460.0 263764000.0
121 Feb 16, 2018 3.04 3.35 2.9 3.35 3644260.0 270937000.0
122 Feb 17, 2018 3.38 4.12 3.26 3.92 12628600.0 301295000.0
123 Feb 18, 2018 3.93 4.35 3.27 3.38 9934800.0 350200000.0
124 Feb 19, 2018 3.38 3.95 3.32 3.81 5406820.0 301199000.0
125 Feb 20, 2018 3.84 4.03 3.29 3.31 8465910.0 342195000.0
126 Feb 21, 2018 3.3 3.69 2.87 2.94 5061120.0 293664000.0
127 Feb 22, 2018 2.94 3.3 2.82 3.04 3738040.0 261754000.0
128 Feb 23, 2018 3.04 3.28 2.81 3.01 3484600.0 271547000.0
129 Feb 24, 2018 3.02 3.14 2.81 2.92 1624660.0 269557000.0
130 Feb 25, 2018 2.92 3.25 2.85 3.25 4143510.0 280984000.0
131 Feb 26, 2018 3.25 3.25 3.03 3.04 4363930.0 312358000.0
132 Feb 27, 2018 3.05 3.17 2.95 3.03 3612460.0 293608000.0
133 Feb 28, 2018 3.04 3.07 2.76 2.77 2374630.0 292022000.0
134 Mar 01, 2018 2.77 3.21 2.71 3.09 5253550.0 266493000.0
135 Mar 02, 2018 3.09 3.37 3.04 3.26 9399520.0 296742000.0
136 Mar 03, 2018 3.25 3.37 3.01 3.17 4288150.0 312362000.0
137 Mar 04, 2018 3.15 3.28 2.96 3.15 3182500.0 302825000.0
138 Mar 05, 2018 3.16 3.29 3.14 3.23 2551950.0 303635000.0
139 Mar 06, 2018 3.21 3.21 2.84 2.91 2337060.0 308929000.0
140 Mar 07, 2018 2.91 3.02 2.37 2.63 3815490.0 279524000.0
141 Mar 08, 2018 2.63 2.98 2.46 2.48 4268540.0 252592000.0
142 Mar 09, 2018 2.48 2.52 2.13 2.45 2096300.0 238294000.0
143 Mar 10, 2018 2.45 2.63 2.28 2.32 1906220.0 235578000.0
144 Mar 11, 2018 2.31 2.53 2.19 2.47 1478910.0 222257000.0
145 Mar 12, 2018 2.47 2.6 2.25 2.34 1714070.0 237274000.0
146 Mar 13, 2018 2.33 2.46 2.26 2.36 1847310.0 223790000.0
147 Mar 14, 2018 2.36 2.59 2.02 2.17 3572270.0 227155000.0
148 Mar 15, 2018 2.17 3.56 1.99 2.7 35087700.0 209105000.0
149 Mar 16, 2018 2.7 2.94 2.41 2.6 23713000.0 286638000.0
150 Mar 17, 2018 2.61 2.61 2.25 2.26 10819600.0 276672000.0
151 Mar 18, 2018 2.26 2.68 1.92 2.54 12385300.0 239852000.0
152 Mar 19, 2018 2.52 2.91 2.43 2.73 12853700.0 267575000.0
153 Mar 20, 2018 2.79 2.96 2.59 2.83 10819600.0 295882000.0
154 Mar 21, 2018 2.83 3.39 2.83 3.12 15123400.0 326962000.0
155 Mar 22, 2018 3.13 3.31 2.84 2.97 12338600.0 360766000.0
156 Mar 23, 2018 2.97 2.99 2.61 2.78 13428800.0 342332000.0
157 Mar 24, 2018 2.8 3.18 2.76 2.88 12010700.0 322962000.0
158 Mar 25, 2018 2.84 2.92 2.71 2.73 12101300.0 327698000.0
159 Mar 26, 2018 2.73 2.86 2.34 2.54 10717600.0 315089000.0
160 Mar 27, 2018 2.54 2.58 2.29 2.43 9755060.0 292856000.0
