0 Oct 29, 2016 4293.0 5941.0 2006.0 2044.0 2532790.0 1383590.0
1 Oct 30, 2016 2014.0 2028.0 504.5 574.8 1009210.0 959342.0
2 Oct 31, 2016 570.9 2217.0 472.7 1624.0 4333820.0 593240.0
3 Nov 01, 2016 1599.0 2027.0 1189.0 1333.0 4802060.0 2895110.0
4 Nov 02, 2016 1326.0 1409.0 872.4 942.7 3936160.0 3701650.0
5 Nov 03, 2016 940.6 1067.0 863.8 887.2 2783300.0 3728630.0
6 Nov 04, 2016 887.6 889.8 601.8 603.9 2469390.0 4734940.0
7 Nov 05, 2016 599.5 634.0 501.6 504.5 1984150.0 4167660.0
8 Nov 06, 2016 504.2 507.5 320.5 321.7 2390590.0 4422370.0
9 Nov 07, 2016 319.2 345.9 236.0 236.0 1808930.0 3436850.0
10 Nov 08, 2016 233.7 308.6 178.9 308.6 2578200.0 3035070.0
11 Nov 09, 2016 331.6 374.1 222.5 255.5 3706020.0 5098610.0
12 Nov 10, 2016 254.9 257.4 224.8 226.1 1255400.0 4580450.0
13 Nov 11, 2016 224.6 226.1 183.2 183.3 1173130.0 4667530.0
14 Nov 12, 2016 183.0 189.5 144.1 144.1 1167540.0 4372390.0
15 Nov 13, 2016 143.1 146.2 117.2 117.2 1401920.0 3875970.0
16 Nov 14, 2016 117.5 117.8 97.18 105.0 1418260.0 3594280.0
17 Nov 15, 2016 105.1 131.2 97.43 109.3 2030660.0 3600530.0
18 Nov 16, 2016 109.7 115.6 96.91 96.95 1443840.0 4190380.0
19 Nov 17, 2016 97.47 100.4 85.38 87.64 915597.0 4107780.0
20 Nov 18, 2016 87.32 88.84 70.46 70.63 1032890.0 4064910.0
21 Nov 19, 2016 71.11 72.0 64.62 65.7 822655.0 3622130.0
22 Nov 20, 2016 65.28 67.62 60.27 60.27 598211.0 3632640.0
23 Nov 21, 2016 59.96 60.23 53.94 54.01 711312.0 3627400.0
24 Nov 22, 2016 54.01 72.02 53.38 57.9 1326320.0 3546160.0
25 Nov 23, 2016 57.53 87.67 57.39 77.55 2391080.0 4077640.0
26 Nov 24, 2016 78.43 102.4 69.08 97.18 4090150.0 5998180.0
27 Nov 25, 2016 96.63 106.8 88.17 91.33 3525760.0 7953550.0
28 Nov 26, 2016 91.13 92.35 76.01 77.3 1902290.0 8032700.0
29 Nov 27, 2016 77.32 80.42 66.65 69.83 1465100.0 7286500.0
30 Nov 28, 2016 69.26 75.52 66.2 70.95 1262350.0 6962100.0
31 Nov 29, 2016 71.84 77.66 67.95 68.71 1275680.0 7698550.0
32 Nov 30, 2016 68.75 72.94 66.71 68.68 1389900.0 7833490.0
33 Dec 01, 2016 68.45 68.45 62.49 63.02 1247650.0 8268910.0
34 Dec 02, 2016 63.62 64.5 60.32 60.32 1201460.0 8145410.0
35 Dec 03, 2016 59.84 60.84 58.66 59.53 837752.0 8086360.0
36 Dec 04, 2016 59.46 62.11 58.35 58.39 825231.0 8458930.0
37 Dec 05, 2016 58.38 58.58 50.81 50.93 1036500.0 8728140.0
38 Dec 06, 2016 50.97 53.07 47.48 48.73 1386070.0 7977960.0
39 Dec 07, 2016 48.73 61.18 47.71 54.6 1479950.0 7982650.0
40 Dec 08, 2016 54.0 57.45 53.27 53.3 797234.0 9229090.0
41 Dec 09, 2016 53.37 53.43 49.7 50.37 674180.0 9506630.0
42 Dec 10, 2016 50.35 50.54 48.11 49.77 539462.0 9328520.0
43 Dec 11, 2016 49.6 50.55 48.33 48.47 512219.0 9544090.0
44 Dec 12, 2016 48.48 50.12 48.33 49.92 650266.0 9674570.0
45 Dec 13, 2016 50.02 50.02 46.55 46.78 600625.0 10340500.0
46 Dec 14, 2016 46.81 47.23 43.13 44.32 801444.0 10014600.0
47 Dec 15, 2016 44.41 44.41 40.07 40.31 658957.0 9817220.0
48 Dec 16, 2016 40.47 42.3 40.05 40.22 417793.0 9235150.0
49 Dec 17, 2016 40.21 40.22 35.79 35.83 668641.0 9464260.0
50 Dec 18, 2016 35.82 40.62 35.13 36.43 603727.0 8685170.0
51 Dec 19, 2016 36.54 37.47 33.9 34.47 544746.0 9123560.0
52 Dec 20, 2016 34.55 40.06 34.23 36.01 1105810.0 8869190.0
53 Dec 21, 2016 36.16 39.32 35.77 36.28 892439.0 9545130.0
54 Dec 22, 2016 36.29 48.56 36.28 47.76 2591110.0 9840030.0
55 Dec 23, 2016 48.01 63.97 45.96 52.05 4812040.0 13371200.0
56 Dec 24, 2016 51.98 54.89 47.51 48.23 1362700.0 14847800.0
57 Dec 25, 2016 48.51 50.0 44.06 45.84 927218.0 14195300.0
58 Dec 26, 2016 45.89 46.91 42.66 43.58 896655.0 13753700.0
59 Dec 27, 2016 43.5 48.31 42.16 44.38 1034630.0 13352300.0
60 Dec 28, 2016 44.02 54.11 43.71 48.48 2236980.0 13824500.0
61 Dec 29, 2016 48.42 52.93 48.42 50.98 1191160.0 15557400.0
62 Dec 30, 2016 50.52 52.24 49.96 50.38 960167.0 16595400.0
63 Dec 31, 2016 50.48 50.48 48.01 48.1 534660.0 16941000.0
64 Jan 01, 2017 48.04 49.05 47.96 48.47 530961.0 16468900.0
65 Jan 02, 2017 48.35 50.25 48.14 49.78 795244.0 16919100.0
66 Jan 03, 2017 50.08 51.71 48.61 50.04 1131760.0 17880500.0
67 Jan 04, 2017 49.8 57.25 49.72 57.03 1998750.0 18137500.0
68 Jan 05, 2017 57.22 59.77 47.69 49.83 2845970.0 21251900.0
69 Jan 06, 2017 49.79 52.24 45.74 47.45 1202660.0 18845700.0
70 Jan 07, 2017 47.7 47.87 44.0 47.37 1084960.0 18393900.0
71 Jan 08, 2017 47.39 48.16 45.62 46.11 831332.0 18617800.0
72 Jan 09, 2017 46.11 46.46 45.59 46.09 668273.0 18441800.0
73 Jan 10, 2017 46.21 46.36 45.02 45.66 749575.0 18817000.0
74 Jan 11, 2017 45.63 46.03 39.76 40.04 1211260.0 18903600.0
75 Jan 12, 2017 40.06 45.41 39.43 42.8 1387920.0 16884400.0
76 Jan 13, 2017 42.66 44.46 42.27 43.2 691680.0 18284300.0
77 Jan 14, 2017 43.21 44.03 42.89 43.63 575149.0 18834500.0
78 Jan 15, 2017 43.62 45.4 43.02 45.14 806839.0 19324100.0
79 Jan 16, 2017 45.1 45.22 43.3 43.46 667903.0 20288200.0
80 Jan 17, 2017 43.58 45.24 43.39 44.67 1087180.0 19924600.0
81 Jan 18, 2017 44.73 44.97 41.94 43.91 963419.0 20774000.0
82 Jan 19, 2017 43.88 44.34 42.99 44.24 589695.0 20688300.0
83 Jan 20, 2017 44.21 44.21 43.12 43.65 682880.0 21162900.0
84 Jan 21, 2017 43.59 44.41 43.39 43.5 691633.0 21181600.0
85 Jan 22, 2017 43.49 44.48 42.79 43.3 812956.0 21444100.0
86 Jan 23, 2017 43.33 43.6 42.78 42.85 611189.0 21673400.0
87 >Jan 24, 201 42.67 43.42 41.41 41.41 661979.0 21641900.0
88 Jan 25, 2017 41.41 42.08 39.68 40.15 831920.0 21303700.0
89 Jan 26, 2017 40.08 41.55 37.63 38.52 1161820.0 20909800.0
90 Jan 27, 2017 38.7 40.16 37.89 38.21 939370.0 20464400.0
91 Jan 28, 2017 38.23 38.98 38.09 38.2 571993.0 20487000.0
92 Jan 29, 2017 38.26 41.52 38.24 38.66 890475.0 20775300.0
93 Jan 30, 2017 38.65 40.3 38.52 39.97 764947.0 21264100.0
94 Jan 31, 2017 39.8 40.44 38.93 39.52 973401.0 22181100.0
95 Feb 01, 2017 39.56 40.29 39.43 39.88 635382.0 22332800.0
96 Feb 02, 2017 39.91 40.03 38.63 39.23 678128.0 22811500.0
97 Feb 03, 2017 39.24 39.31 38.0 39.01 843232.0 22712100.0
98 Feb 04, 2017 39.03 39.54 38.51 39.34 635301.0 22873800.0
99 Feb 05, 2017 39.36 39.44 38.12 38.16 615852.0 23346500.0
100 Feb 06, 2017 38.18 38.26 37.58 37.58 639128.0 22919200.0
101 Feb 07, 2017 37.62 37.77 35.45 36.42 966072.0 22856400.0
102 Feb 08, 2017 36.45 36.74 34.57 35.3 951820.0 22402200.0
103 Feb 09, 2017 35.32 36.12 32.25 33.34 1148210.0 21961100.0
104 Feb 10, 2017 33.35 33.43 31.93 32.69 602423.0 20974100.0
105 Feb 11, 2017 32.71 33.66 32.15 32.75 521365.0 20803800.0
106 Feb 12, 2017 32.7 32.97 31.61 31.61 515968.0 21034500.0
107 Feb 13, 2017 31.51 31.82 30.1 30.37 771020.0 20493800.0
108 Feb 14, 2017 30.39 32.6 30.19 32.37 750407.0 19988100.0
109 Feb 15, 2017 32.3 34.17 31.15 33.54 852288.0 21469300.0
110 Feb 16, 2017 33.56 34.21 32.52 32.56 679495.0 22549000.0
111 Feb 17, 2017 32.54 32.78 31.73 32.0 495639.0 22094500.0
112 Feb 18, 2017 32.09 32.3 30.77 30.84 638843.0 22025200.0
113 Feb 19, 2017 30.79 31.28 30.47 30.57 515481.0 21350900.0
114 Feb 20, 2017 30.59 31.18 30.36 30.86 556168.0 21434000.0
115 Feb 21, 2017 30.88 30.88 29.59 29.9 685559.0 21859000.0
116 Feb 22, 2017 29.93 30.07 26.93 27.15 1044580.0 21400000.0
117 Feb 23, 2017 27.18 32.62 26.15 29.98 1441340.0 19626800.0
118 Feb 24, 2017 30.11 31.8 28.46 30.22 1180920.0 21953500.0
119 Feb 25, 2017 30.11 30.71 28.58 29.14 508970.0 22177700.0
120 Feb 26, 2017 29.13 29.95 28.47 29.45 505969.0 21661100.0
121 Feb 27, 2017 29.36 37.95 29.35 35.94 2214690.0 22047100.0
122 Feb 28, 2017 36.41 38.39 34.4 37.3 2551690.0 27596000.0
123 Mar 01, 2017 37.27 41.44 37.18 41.4 2376490.0 28517700.0
124 Mar 02, 2017 41.57 42.29 39.29 39.66 2385790.0 32105400.0
125 Mar 03, 2017 39.7 42.0 37.72 41.8 2223230.0 30944900.0
126 Mar 04, 2017 41.85 43.62 39.92 41.64 1619630.0 32919300.0
127 Mar 05, 2017 41.67 41.74 39.11 39.43 802597.0 33074800.0
128 Mar 06, 2017 39.43 40.32 37.83 40.31 1250700.0 31577900.0
129 Mar 07, 2017 40.12 40.64 38.02 38.02 1051440.0 32420300.0
130 Mar 08, 2017 38.02 38.17 35.56 35.74 1056640.0 30997800.0
131 Mar 09, 2017 35.75 37.4 35.32 36.71 891767.0 29399200.0
132 Mar 10, 2017 36.7 38.29 33.65 35.34 1938790.0 30440700.0
133 Mar 11, 2017 35.29 40.01 35.29 39.71 1681810.0 29530600.0
134 Mar 12, 2017 39.87 40.95 38.05 40.15 1838160.0 33651900.0
135 Mar 13, 2017 40.17 48.38 40.17 47.66 5846470.0 34184000.0
136 Mar 14, 2017 47.74 47.78 43.45 45.12 2372830.0 40972200.0
137 Mar 15, 2017 45.05 46.25 43.24 45.73 2480490.0 38990000.0
138 Mar 16, 2017 45.64 50.7 45.64 48.78 3945410.0 39820700.0
139 Mar 17, 2017 49.12 53.54 46.33 48.26 5088250.0 43205000.0
140 Mar 18, 2017 48.27 91.08 47.67 64.18 27275200.0 42797100.0
141 Mar 19, 2017 63.48 80.32 59.48 69.88 13536800.0 56746400.0
142 Mar 20, 2017 70.06 79.06 70.06 72.46 7465190.0 63138900.0
143 Mar 21, 2017 72.09 73.62 65.08 66.63 6927260.0 65476600.0
144 Mar 22, 2017 66.14 71.21 64.69 69.21 4318140.0 60554100.0
145 Mar 23, 2017 69.33 69.66 65.9 66.6 2369260.0 63969700.0
146 Mar 24, 2017 66.57 73.43 63.64 64.58 9363870.0 61898800.0
147 Mar 25, 2017 64.77 66.48 63.14 63.39 4535020.0 60684200.0
148 Mar 26, 2017 63.56 65.66 59.23 59.93 3128110.0 60007100.0
149 Mar 27, 2017 60.04 62.01 54.18 54.53 3581290.0 57118900.0
150 Mar 28, 2017 54.66 73.45 54.61 64.69 9419650.0 52396100.0
151 Mar 29, 2017 64.95 67.7 61.76 63.36 2921400.0 62717300.0
152 Mar 30, 2017 63.26 67.47 61.75 66.94 4462730.0 61533300.0
153 Mar 31, 2017 66.93 78.47 66.93 70.25 6312930.0 65584900.0
154 Apr 01, 2017 70.16 73.5 64.41 64.59 3451690.0 69257500.0
155 Apr 02, 2017 64.56 67.62 61.48 63.72 4470820.0 64197700.0
156 Apr 03, 2017 64.04 66.14 61.72 63.44 4457090.0 64128500.0
157 Apr 04, 2017 63.5 64.0 60.77 62.7 5109820.0 64046000.0
158 Apr 05, 2017 62.58 63.28 58.05 59.08 5402150.0 63575400.0
159 Apr 06, 2017 59.16 59.35 53.7 57.9 5816800.0 60520700.0
160 Apr 07, 2017 57.78 61.35 55.39 59.79 3267540.0 59523300.0
161 Apr 08, 2017 59.52 65.47 57.61 63.58 3732900.0 61741700.0
162 Apr 09, 2017 63.52 78.55 62.09 62.54 10584900.0 66355600.0
163 Apr 10, 2017 62.77 68.89 62.77 64.82 4183730.0 66021000.0
164 >Apr 11, 201 64.9 65.39 61.51 61.83 3188750.0 68728500.0
165 Apr 12, 2017 61.89 63.14 60.02 61.99 3425370.0 65983600.0
166 Apr 13, 2017 62.07 64.82 61.27 64.65 4322200.0 66613800.0
167 Apr 14, 2017 64.81 71.43 64.54 71.17 5898520.0 70014800.0
168 Apr 15, 2017 71.9 77.17 69.01 72.86 8228310.0 78194200.0
169 Apr 16, 2017 72.94 74.37 70.74 71.5 3777100.0 79847000.0
170 Apr 17, 2017 71.59 72.01 69.52 70.23 3190330.0 78887900.0
171 Apr 18, 2017 70.25 72.27 70.23 71.78 3733350.0 77913000.0
172 Apr 19, 2017 71.78 72.3 70.13 70.94 4692510.0 80124000.0
173 Apr 20, 2017 71.01 71.15 66.6 67.31 5595750.0 79776500.0
174 Apr 21, 2017 67.29 69.73 66.71 68.14 5144630.0 76077100.0
175 Apr 22, 2017 68.0 68.87 67.49 68.67 4087150.0 77370200.0
176 Apr 23, 2017 68.75 68.78 66.24 66.33 2664960.0 78715800.0
177 Apr 24, 2017 66.55 68.81 66.55 67.99 4159870.0 76673600.0
178 Apr 25, 2017 67.84 73.29 64.75 69.16 4835280.0 78658500.0
179 Apr 26, 2017 69.14 75.07 69.11 71.99 7519790.0 80642700.0
180 Apr 27, 2017 72.09 79.94 69.64 76.82 9219590.0 84612600.0
181 Apr 28, 2017 76.86 85.12 76.57 83.94 10311300.0 90759600.0
182 Apr 29, 2017 84.07 97.45 83.02 96.08 10732700.0 99875400.0
183 Apr 30, 2017 96.18 99.06 89.93 93.2 11989300.0 114946000.0
184 May 01, 2017 93.73 107.7 83.62 90.05 19211300.0 112683000.0
185 May 02, 2017 90.44 95.45 88.11 91.92 9723680.0 109383000.0
186 May 03, 2017 91.6 94.21 87.74 91.03 8785360.0 111439000.0
187 May 04, 2017 91.09 103.5 90.92 99.54 9791100.0 111469000.0
188 May 05, 2017 99.51 113.3 99.42 103.6 12122500.0 122501000.0
189 May 06, 2017 103.8 109.3 100.9 108.2 7489580.0 128578000.0
190 May 07, 2017 107.8 108.2 100.6 103.8 9456320.0 134288000.0
191 May 08, 2017 104.0 111.5 103.0 106.6 11574400.0 130349000.0
192 May 09, 2017 105.8 106.7 93.8 96.08 12915800.0 133321000.0
193 May 10, 2017 96.45 101.8 94.24 96.99 7670940.0 122197000.0
194 May 11, 2017 96.93 98.9 94.9 95.12 7542780.0 123504000.0
195 May 12, 2017 95.37 101.6 95.27 97.44 7739710.0 122184000.0
196 May 13, 2017 97.38 98.2 94.01 96.57 4761440.0 125467000.0
197 May 14, 2017 96.71 98.35 94.33 96.7 5258320.0 125286000.0
198 May 15, 2017 96.79 97.81 93.15 93.56 6412220.0 126091000.0
199 May 16, 2017 93.53 94.42 90.18 90.6 5421060.0 122524000.0
200 May 17, 2017 90.63 93.59 87.27 92.65 7980650.0 119361000.0
201 May 18, 2017 92.71 95.07 88.94 94.92 6969390.0 122765000.0
202 May 19, 2017 94.61 108.1 94.61 106.0 11538100.0 125961000.0
203 May 20, 2017 105.8 110.7 105.7 108.2 7298390.0 141697000.0
204 May 21, 2017 108.3 122.0 106.5 119.8 11511500.0 145825000.0
205 May 22, 2017 120.4 278.5 120.4 203.1 103976000.0 162935000.0
206 May 23, 2017 203.7 299.4 195.5 239.4 87792200.0 277175000.0
207 May 24, 2017 239.0 285.7 234.3 238.5 51125500.0 326874000.0
208 May 25, 2017 236.9 269.7 205.5 224.4 45598300.0 325697000.0
209 May 26, 2017 222.0 252.2 179.4 197.8 30254100.0 306780000.0
210 May 27, 2017 198.7 204.8 147.1 190.8 27968300.0 275981000.0
211 May 28, 2017 191.3 211.9 182.6 196.3 17904800.0 267127000.0
212 May 29, 2017 195.8 208.7 189.7 205.5 18855000.0 274861000.0
213 May 30, 2017 206.0 246.7 203.1 232.9 35817600.0 290541000.0
214 May 31, 2017 233.4 254.3 228.3 235.6 30347500.0 330973000.0
215 Jun 01, 2017 235.7 261.5 234.4 249.2 23902700.0 335810000.0
216 Jun 02, 2017 249.1 257.2 240.1 241.6 15822200.0 356721000.0
217 Jun 03, 2017 241.5 243.9 228.4 230.0 18667600.0 347532000.0
218 Jun 04, 2017 229.0 244.2 227.9 239.5 15806600.0 331190000.0
219 Jun 05, 2017 238.8 281.4 238.4 253.0 43925100.0 347104000.0
220 Jun 06, 2017 254.2 265.2 247.1 259.3 20436100.0 371267000.0
221 Jun 07, 2017 259.4 312.6 258.0 262.7 50328900.0 380849000.0
222 Jun 08, 2017 264.3 283.6 259.2 272.2 23372600.0 389903000.0
223 Jun 09, 2017 271.5 281.1 270.5 281.1 16799000.0 402438000.0
224 Jun 10, 2017 281.3 334.4 281.3 328.6 38924900.0 418942000.0
225 Jun 11, 2017 328.9 343.1 309.4 331.0 38020300.0 492266000.0
226 Jun 12, 2017 329.7 345.5 275.5 311.4 46398200.0 495788000.0
227 Jun 13, 2017 311.5 371.5 311.5 368.2 44446100.0 470678000.0
228 Jun 14, 2017 368.0 443.7 352.7 387.4 101232000.0 558715000.0
229 Jun 15, 2017 381.7 407.3 288.8 387.3 68123100.0 582192000.0
230 Jun 16, 2017 395.4 402.0 364.0 387.4 38818700.0 606012000.0
231 Jun 17, 2017 388.4 391.9 370.3 384.8 28059300.0 597978000.0
232 Jun 18, 2017 387.1 387.6 371.4 376.8 19743700.0 598756000.0
233 Jun 19, 2017 375.6 399.4 372.1 391.8 29471100.0 583207000.0
234 Jun 20, 2017 393.2 426.4 385.3 401.2 66283200.0 610509000.0
235 Jun 21, 2017 394.2 397.3 357.8 378.2 31746200.0 612054000.0
236 Jun 22, 2017 378.9 386.6 361.1 378.5 29971100.0 588315000.0
237 Jun 23, 2017 370.6 392.4 369.3 385.8 24419100.0 575399000.0
238 Jun 24, 2017 381.1 384.9 359.8 362.5 22252900.0 591734000.0
239 Jun 25, 2017 356.8 359.0 307.3 330.0 28035800.0 554006000.0
240 Jun 26, 2017 324.5 331.3 265.8 304.6 36083400.0 503912000.0
241 Jun 27, 2017 310.2 331.7 274.7 328.6 43883000.0 481606000.0
242 Jun 28, 2017 327.4 347.1 314.2 342.6 29121800.0 508309000.0
243 Jun 29, 2017 337.4 344.3 313.3 324.3 28494500.0 523837000.0
244 Jun 30, 2017 318.7 325.3 302.2 307.1 37157600.0 494798000.0
245 Jul 01, 2017 299.4 303.3 280.1 290.3 25718200.0 464819000.0
246 Jul 02, 2017 282.7 305.8 269.7 301.8 24816800.0 438992000.0
247 Jul 03, 2017 295.4 295.8 283.1 291.5 28546700.0 458593000.0
248 Jul 04, 2017 289.4 298.9 279.0 282.2 28509400.0 449337000.0
249 Jul 05, 2017 280.2 286.9 272.4 283.0 38079400.0 435050000.0
250 Jul 06, 2017 281.6 291.3 275.2 287.8 35396700.0 437232000.0
251 Jul 07, 2017 285.7 289.6 248.5 248.7 38104000.0 443549000.0
252 Jul 08, 2017 249.0 249.5 235.8 248.8 27224500.0 420155000.0
253 Jul 09, 2017 252.4 260.2 241.4 241.4 17712900.0 426014000.0
254 Jul 10, 2017 242.2 242.3 185.0 198.7 28200200.0 412809000.0
255 Jul 11, 2017 197.8 200.5 167.8 178.3 37434800.0 338586000.0
256 Jul 12, 2017 178.0 212.4 166.9 211.2 30152500.0 305980000.0
257 Jul 13, 2017 214.3 214.7 183.8 191.1 27023600.0 369981000.0
258 Jul 14, 2017 192.3 193.2 167.3 177.4 23103400.0 333293000.0
259 Jul 15, 2017 178.2 178.2 156.1 160.0 14327300.0 310131000.0
260 Jul 16, 2017 160.0 165.9 144.0 165.9 20481600.0 279643000.0
261 Jul 17, 2017 165.6 184.4 161.4 182.5 28966300.0 290661000.0
262 Jul 18, 2017 180.4 223.4 172.4 199.3 27904700.0 317907000.0
263 Jul 19, 2017 199.4 216.4 180.9 181.9 21939800.0 352883000.0
264 Jul 20, 2017 182.3 213.1 182.3 206.9 26033400.0 323865000.0
265 Jul 21, 2017 210.2 215.0 199.4 201.8 20076700.0 374866000.0
266 Jul 22, 2017 203.0 216.7 201.8 216.1 38717100.0 363481000.0
267 Jul 23, 2017 217.3 224.7 208.5 214.4 24745700.0 390602000.0
268 Jul 24, 2017 211.6 213.1 205.9 206.8 23279900.0 381901000.0
269 Jul 25, 2017 210.0 210.5 176.7 184.1 24464700.0 380663000.0
270 Jul 26, 2017 186.8 191.2 174.9 190.0 21283100.0 339929000.0
271 Jul 27, 2017 190.6 192.1 184.3 185.9 19482500.0 348236000.0
272 Jul 28, 2017 187.0 189.6 173.3 178.0 27546000.0 342935000.0
273 Jul 29, 2017 176.4 189.5 170.9 189.2 31702400.0 324760000.0
274 Jul 30, 2017 185.1 185.2 175.4 175.4 17966700.0 342048000.0
275 Jul 31, 2017 175.4 179.4 169.3 176.3 28589500.0 325483000.0
276 Aug 01, 2017 172.9 195.1 172.7 192.3 36659900.0 321995000.0
277 Aug 02, 2017 190.3 194.1 183.4 189.1 28456000.0 355707000.0
278 Aug 03, 2017 188.9 189.7 182.6 186.8 17505400.0 354510000.0
279 Aug 04, 2017 188.9 190.1 184.8 186.7 18265500.0 355864000.0
280 Aug 05, 2017 187.5 214.8 186.2 207.5 25450100.0 354682000.0
281 Aug 06, 2017 205.5 215.8 205.5 206.3 17480000.0 390040000.0
282 Aug 07, 2017 206.9 210.3 203.6 208.6 21607900.0 394300000.0
283 Aug 08, 2017 209.1 255.9 208.0 245.4 39426100.0 400002000.0
284 Aug 09, 2017 245.8 261.3 231.6 242.9 37956900.0 471948000.0
285 Aug 10, 2017 242.5 247.2 230.3 230.3 20530400.0 467188000.0
286 Aug 11, 2017 231.0 234.7 225.6 234.3 18765000.0 446761000.0
287 Aug 12, 2017 234.2 235.4 219.0 223.3 20015900.0 454579000.0
288 Aug 13, 2017 223.3 225.5 202.0 214.3 21036100.0 435089000.0
289 Aug 14, 2017 214.5 216.5 203.6 210.2 18355900.0 419477000.0
290 Aug 15, 2017 209.9 213.1 199.5 212.1 21171600.0 411977000.0
291 Aug 16, 2017 211.9 218.0 206.1 216.7 17198100.0 417382000.0
292 Aug 17, 2017 217.0 237.1 206.9 208.9 16505300.0 429048000.0
293 Aug 18, 2017 208.9 211.3 200.2 201.0 17564100.0 414480000.0
294 Aug 19, 2017 201.6 242.6 194.3 233.3 34374700.0 401504000.0
295 Aug 20, 2017 232.0 250.9 224.8 241.0 30209100.0 463682000.0
296 Aug 21, 2017 241.2 258.8 231.6 239.0 33202000.0 483761000.0
297 Aug 22, 2017 239.6 240.2 209.2 227.7 26540900.0 482352000.0
298 Aug 23, 2017 227.1 238.7 224.9 228.3 19773800.0 458739000.0
299 Aug 24, 2017 228.1 231.4 225.1 228.1 15371700.0 462350000.0
300 Aug 25, 2017 227.8 256.8 227.8 237.8 28281900.0 463553000.0
301 Aug 26, 2017 238.7 294.6 236.5 294.6 65866400.0 487257000.0
302 Aug 27, 2017 292.7 292.7 265.3 273.3 35217900.0 599640000.0
303 Aug 28, 2017 273.2 278.3 255.1 274.6 35210000.0 561634000.0
304 Aug 29, 2017 274.6 275.6 265.9 270.3 28596800.0 566591000.0
305 Aug 30, 2017 270.7 279.5 263.9 271.6 29396300.0 560403000.0
306 Aug 31, 2017 272.1 283.5 268.8 283.2 26913900.0 565218000.0
307 Sep 01, 2017 283.8 308.7 281.0 305.1 45352800.0 591510000.0
308 Sep 02, 2017 304.7 307.8 246.1 254.0 52498700.0 637301000.0
309 Sep 03, 2017 254.7 268.5 242.5 260.0 34128900.0 534636000.0
310 Sep 04, 2017 260.6 260.6 199.7 218.3 41954600.0 548884000.0
311 Sep 05, 2017 219.3 234.4 197.0 226.8 31113600.0 463446000.0
312 Sep 06, 2017 227.8 248.7 225.6 247.0 29252500.0 482953000.0
313 Sep 07, 2017 247.7 250.1 236.7 247.3 27100600.0 527118000.0
314 Sep 08, 2017 247.4 247.4 206.1 213.9 30849900.0 528046000.0
315 Sep 09, 2017 213.9 215.7 204.8 213.7 24960900.0 458172000.0
316 Sep 10, 2017 213.3 220.2 195.8 212.9 26701400.0 458304000.0
317 Sep 11, 2017 212.1 216.1 205.5 208.7 22339400.0 457445000.0
318 Sep 12, 2017 207.8 221.4 203.2 207.7 26344600.0 449686000.0
319 Sep 13, 2017 207.3 208.1 183.3 197.2 32634000.0 449957000.0
320 Sep 14, 2017 197.6 204.7 158.8 158.8 35524600.0 430379000.0
321 Sep 15, 2017 159.0 183.4 138.6 181.0 45620000.0 347512000.0
322 Sep 16, 2017 181.1 184.5 165.5 172.4 22550100.0 396908000.0
323 Sep 17, 2017 172.3 177.4 164.8 174.1 17358900.0 378861000.0
324 Sep 18, 2017 174.0 193.1 174.0 193.1 27678900.0 383846000.0
325 Sep 19, 2017 193.4 195.9 182.8 188.2 19791200.0 428072000.0
326 Sep 20, 2017 186.9 192.8 183.2 187.8 12166600.0 415166000.0
327 Sep 21, 2017 187.2 190.7 174.8 175.6 17620100.0 417102000.0
328 Sep 22, 2017 175.5 203.6 174.9 195.8 43671100.0 392222000.0
329 Sep 23, 2017 195.5 215.6 192.2 204.2 29531600.0 438281000.0
330 Sep 24, 2017 204.0 207.6 199.5 205.6 15176600.0 458828000.0
331 Sep 25, 2017 205.6 233.5 205.4 230.7 32460800.0 463963000.0
332 Sep 26, 2017 230.7 234.5 228.7 231.4 20525600.0 522161000.0
333 Sep 27, 2017 231.2 296.8 229.8 285.3 130957000.0 525065000.0
334 Sep 28, 2017 285.6 413.0 281.9 310.5 296921000.0 650661000.0
335 Sep 29, 2017 311.4 311.4 272.3 290.1 71232100.0 711727000.0
336 Sep 30, 2017 289.9 292.5 275.4 277.5 37283500.0 664608000.0
337 Oct 01, 2017 277.3 279.6 263.9 263.9 33546100.0 637677000.0
338 Oct 02, 2017 264.5 273.7 254.7 257.6 52062000.0 610037000.0
339 Oct 03, 2017 258.1 259.9 238.3 252.9 36278200.0 597264000.0
340 Oct 04, 2017 252.9 253.1 237.3 237.9 22195500.0 587108000.0
341 Oct 05, 2017 237.6 265.8 227.9 254.8 48244700.0 553211000.0
342 Oct 06, 2017 254.8 272.7 253.3 257.6 49397500.0 595099000.0
343 Oct 07, 2017 257.2 257.5 246.5 253.9 30163700.0 602523000.0
344 Oct 08, 2017 253.5 256.1 240.5 241.0 30469500.0 595599000.0
345 Oct 09, 2017 241.4 242.4 226.5 229.4 33586100.0 569009000.0
346 Oct 10, 2017 229.7 242.3 226.3 235.6 27876900.0 542934000.0
347 Oct 11, 2017 235.3 240.1 231.6 236.1 20522300.0 557915000.0
348 Oct 12, 2017 236.4 236.9 227.0 227.0 39391300.0 562261000.0
349 Oct 13, 2017 227.0 251.0 222.6 240.0 62551500.0 541560000.0
350 Oct 14, 2017 240.0 242.1 238.0 240.8 21199600.0 574275000.0
351 Oct 15, 2017 240.6 240.6 228.2 232.6 25648400.0 577433000.0
352 Oct 16, 2017 231.9 235.9 230.4 233.0 22198300.0 558212000.0
353 Oct 17, 2017 233.1 250.2 227.6 231.2 60696400.0 562642000.0
354 Oct 18, 2017 231.1 239.3 217.1 229.2 29137800.0 559570000.0
355 Oct 19, 2017 229.3 237.6 224.7 230.0 30300100.0 556979000.0
356 Oct 20, 2017 230.2 234.2 222.5 222.5 29093800.0 560579000.0
357 Oct 21, 2017 222.0 223.3 208.8 212.4 37115000.0 542326000.0
358 Oct 22, 2017 212.8 219.2 208.2 213.7 26263000.0 521286000.0
359 Oct 23, 2017 213.4 213.4 201.1 206.5 26665700.0 524261000.0
360 Oct 24, 2017 206.5 227.3 205.0 216.0 37788300.0 509003000.0
361 Oct 25, 2017 215.8 227.9 208.7 217.6 44717900.0 533463000.0
362 Oct 26, 2017 217.3 235.6 217.3 233.6 41638100.0 538633000.0
363 Oct 27, 2017 233.3 255.9 227.8 244.5 131517000.0 579905000.0
364 Oct 28, 2017 243.7 246.6 231.0 231.0 45309100.0 607479000.0
365 Oct 29, 2017 231.6 238.7 224.6 234.3 59020900.0 578982000.0
366 Oct 30, 2017 233.6 244.4 228.9 241.2 50794000.0 585624000.0
367 Oct 31, 2017 239.8 239.9 231.7 233.0 38363600.0 602974000.0
368 Nov 01, 2017 233.9 233.9 220.3 222.4 47917100.0 589719000.0
369 Nov 02, 2017 222.9 224.1 212.0 218.1 47381200.0 563565000.0
370 Nov 03, 2017 217.8 240.3 216.4 232.6 48622200.0 552362000.0
371 Nov 04, 2017 232.6 234.5 224.8 230.3 36530200.0 591459000.0
372 Nov 05, 2017 230.3 232.7 224.3 225.3 38159100.0 587210000.0
373 Nov 06, 2017 225.6 236.3 222.3 228.6 47873100.0 576941000.0
374 Nov 07, 2017 228.7 245.0 228.2 240.8 55446200.0 586502000.0
375 Nov 08, 2017 240.1 252.3 238.2 250.6 60804200.0 617406000.0
376 Nov 09, 2017 250.5 270.1 244.1 261.9 86573400.0 645990000.0
377 Nov 10, 2017 261.9 272.7 231.5 237.8 78740400.0 677262000.0
378 Nov 11, 2017 238.1 269.7 236.2 253.5 68016100.0 617454000.0
379 Nov 12, 2017 253.6 288.6 231.6 288.6 119639000.0 659346000.0
380 Nov 13, 2017 298.7 298.7 258.3 265.4 115940000.0 778787000.0
381 Nov 14, 2017 265.5 275.8 263.6 271.4 52265100.0 694229000.0
382 Nov 15, 2017 271.1 297.9 271.1 290.5 89937200.0 710792000.0
383 Nov 16, 2017 290.2 320.9 288.4 294.9 173976000.0 762905000.0
384 Nov 17, 2017 293.3 294.7 283.9 291.1 56387900.0 773268000.0
385 Nov 18, 2017 290.8 304.7 287.2 298.1 61087000.0 768597000.0
386 Nov 19, 2017 298.2 302.5 294.5 299.3 53157100.0 790267000.0
387 Nov 20, 2017 299.3 304.2 296.3 302.1 55245200.0 795282000.0
388 Nov 21, 2017 301.8 307.8 281.8 290.6 82637900.0 804205000.0
389 Nov 22, 2017 290.8 321.2 290.8 319.7 139325000.0 777089000.0
390 Nov 23, 2017 319.4 320.5 303.1 311.5 102568000.0 855647000.0
391 Nov 24, 2017 310.4 351.5 301.5 346.3 153182000.0 833750000.0
392 Nov 25, 2017 348.5 359.8 336.8 344.6 120059000.0 938711000.0
393 Nov 26, 2017 344.8 346.7 333.7 340.1 81416400.0 931073000.0
394 Nov 27, 2017 340.1 347.5 332.8 347.5 90891200.0 920947000.0
395 Nov 28, 2017 347.6 375.4 346.1 371.2 127136000.0 943652000.0
396 Nov 29, 2017 371.1 380.5 300.7 306.0 157702000.0 1010140000.0
397 Nov 30, 2017 309.4 330.7 267.6 308.4 93494200.0 844333000.0
398 Dec 01, 2017 306.1 338.1 292.6 335.9 78854200.0 837670000.0
399 Dec 02, 2017 335.3 342.7 320.1 329.3 63555100.0 919935000.0
400 Dec 03, 2017 329.5 341.8 311.2 322.8 85387900.0 906261000.0
401 Dec 04, 2017 323.0 333.3 316.0 330.5 61649200.0 890812000.0
402 Dec 05, 2017 330.9 331.0 319.0 323.3 72757600.0 914876000.0
403 Dec 06, 2017 322.9 372.8 319.5 338.8 206504000.0 895026000.0
404 Dec 07, 2017 339.8 341.7 301.8 308.3 125668000.0 944355000.0
405 Dec 08, 2017 308.0 339.9 295.0 328.0 127793000.0 858140000.0
406 Dec 09, 2017 327.7 353.3 309.2 316.6 132799000.0 915507000.0
407 Dec 10, 2017 317.2 321.5 288.4 291.0 107504000.0 888438000.0
408 Dec 11, 2017 290.0 323.3 284.7 319.9 115200000.0 814205000.0
409 Dec 12, 2017 320.5 379.1 320.5 373.0 191288000.0 902200000.0
410 Dec 13, 2017 372.1 437.2 356.1 414.6 265914000.0 1050030000.0
411 Dec 14, 2017 416.4 529.7 415.4 510.9 423033000.0 1177960000.0
412 Dec 15, 2017 510.8 510.8 423.7 467.1 220484000.0 1448690000.0
413 Dec 16, 2017 469.3 498.3 459.9 469.6 150140000.0 1334630000.0
414 Dec 17, 2017 471.6 561.9 470.3 537.1 305008000.0 1344370000.0
415 Dec 18, 2017 538.4 600.6 497.3 596.1 348897000.0 1538680000.0
416 Dec 19, 2017 595.7 635.5 560.3 613.9 287417000.0 1706810000.0
417 Dec 20, 2017 613.2 740.6 555.8 675.5 305316000.0 1761330000.0
418 Dec 21, 2017 674.6 743.9 622.9 651.4 279558000.0 1942370000.0
419 Dec 22, 2017 652.9 656.0 381.4 536.6 351521000.0 1884510000.0
420 Dec 23, 2017 542.1 637.2 498.7 594.6 231311000.0 1568750000.0
421 Dec 24, 2017 595.3 595.3 449.0 532.5 142136000.0 1726960000.0
422 Dec 25, 2017 536.1 575.1 511.0 558.8 139365000.0 1558920000.0
423 Dec 26, 2017 559.9 573.9 551.8 573.9 139397000.0 1632270000.0
424 Dec 27, 2017 574.1 590.1 540.6 554.0 143217000.0 1677730000.0
425 Dec 28, 2017 552.5 560.1 490.3 507.2 129796000.0 1618580000.0
426 Dec 29, 2017 507.9 601.4 483.9 571.8 227427000.0 1491580000.0
427 Dec 30, 2017 574.1 574.1 478.6 486.4 143776000.0 1689880000.0
428 Dec 31, 2017 482.8 516.3 478.6 505.5 95277100.0 1424590000.0
429 Jan 01, 2018 508.0 621.6 489.3 577.1 234555000.0 1502590000.0
430 Jan 02, 2018 578.0 624.9 576.0 583.5 207114000.0 1713990000.0
431 Jan 03, 2018 581.2 593.6 561.5 581.8 152736000.0 1727630000.0
432 Jan 04, 2018 583.0 601.9 539.1 595.1 166095000.0 1737200000.0
433 Jan 05, 2018 590.8 606.1 573.8 588.8 158978000.0 1764630000.0
434 Jan 06, 2018 587.9 780.8 578.6 764.2 305643000.0 1759870000.0
435 Jan 07, 2018 756.3 955.2 750.3 880.7 542981000.0 2269630000.0
436 Jan 08, 2018 884.2 896.2 601.8 695.4 282955000.0 2659820000.0
437 Jan 09, 2018 693.2 723.2 644.0 672.7 213921000.0 2090110000.0
438 >Jan 10, 201 672.3 728.4 630.1 721.4 245168000.0 2032060000.0
439 Jan 11, 2018 719.1 729.0 609.4 646.5 221531000.0 2178380000.0
440 Jan 12, 2018 651.1 719.5 622.2 700.8 185898000.0 1977330000.0
441 Jan 13, 2018 703.7 721.6 693.4 701.5 151405000.0 2141980000.0
442 Jan 14, 2018 701.8 720.0 652.3 675.7 142911000.0 2141180000.0
443 Jan 15, 2018 671.7 685.8 627.9 627.9 157346000.0 2054190000.0
444 Jan 16, 2018 627.1 685.6 460.1 513.6 283879000.0 1922320000.0
445 Jan 17, 2018 509.2 528.8 397.9 496.8 171892000.0 1564650000.0
446 Jan 18, 2018 497.6 540.8 484.2 490.0 128385000.0 1532650000.0
447 Jan 19, 2018 486.5 553.1 482.9 524.3 163175000.0 1501990000.0
448 Jan 20, 2018 528.8 565.2 518.5 557.5 126555000.0 1636230000.0
449 Jan 21, 2018 559.7 561.8 479.2 487.0 94691700.0 1735780000.0
450 Jan 22, 2018 492.5 507.2 416.3 446.7 78727100.0 1530980000.0
451 Jan 23, 2018 446.3 468.7 406.7 442.0 79187400.0 1390650000.0
452 Jan 24, 2018 442.1 465.2 428.2 451.7 78432400.0 1380510000.0
453 Jan 25, 2018 457.5 475.4 451.9 472.9 85020800.0 1432080000.0
454 Jan 26, 2018 473.6 491.4 429.6 456.9 87992700.0 1485840000.0
455 Jan 27, 2018 456.5 465.7 437.0 451.6 71220400.0 1435350000.0
456 Jan 28, 2018 453.4 476.9 453.4 471.9 74527600.0 1428950000.0
457 Jan 29, 2018 471.4 476.6 443.1 448.6 75045800.0 1489000000.0
458 Jan 30, 2018 448.9 448.9 381.4 383.4 77962100.0 1421050000.0
459 Jan 31, 2018 383.8 398.2 362.5 397.8 77064800.0 1217890000.0
460 Feb 01, 2018 399.2 409.4 367.0 400.7 117572000.0 1269550000.0
461 Feb 02, 2018 398.8 398.8 306.5 383.5 113633000.0 1270100000.0
462 Feb 03, 2018 384.5 405.0 345.6 388.5 53483300.0 1228180000.0
463 Feb 04, 2018 388.7 404.0 333.9 346.9 45202600.0 1244410000.0
464 Feb 05, 2018 343.0 349.3 281.1 303.6 56414800.0 1100550000.0
465 Feb 06, 2018 307.3 375.3 262.3 372.3 140867000.0 988334000.0
466 Feb 07, 2018 368.7 391.0 327.8 354.3 95854600.0 1188410000.0
467 Feb 08, 2018 355.6 437.8 355.6 435.9 113216000.0 1148880000.0
468 Feb 09, 2018 437.0 476.1 401.4 475.7 109467000.0 1414970000.0
469 Feb 10, 2018 475.0 511.7 460.0 483.4 124973000.0 1541400000.0
470 Feb 11, 2018 482.7 482.7 412.9 434.1 87156000.0 1569620000.0
471 Feb 12, 2018 436.6 472.4 436.6 462.2 73819900.0 1422980000.0
472 Feb 13, 2018 462.0 463.2 432.7 447.1 69848500.0 1509010000.0
473 Feb 14, 2018 445.5 485.3 445.5 483.7 95177000.0 1458170000.0
474 Feb 15, 2018 483.8 489.5 465.3 486.7 91880100.0 1587070000.0
475 Feb 16, 2018 484.1 495.6 465.9 481.5 81125600.0 1591700000.0
476 Feb 17, 2018 480.4 495.7 475.5 490.8 89428000.0 1582800000.0
477 Feb 18, 2018 491.6 492.3 447.4 451.0 75407700.0 1623190000.0
478 Feb 19, 2018 449.5 486.8 447.0 472.9 89904700.0 1487380000.0
479 Feb 20, 2018 474.2 482.5 436.7 438.5 92509400.0 1572610000.0
480 Feb 21, 2018 438.7 463.4 418.2 434.8 98094200.0 1458040000.0
481 Feb 22, 2018 441.6 449.3 396.5 397.7 70323100.0 1470670000.0
482 Feb 23, 2018 396.8 424.3 382.6 416.3 65084700.0 1324440000.0
483 Feb 24, 2018 415.3 423.3 379.8 392.2 57684200.0 1389200000.0
484 Feb 25, 2018 391.6 396.7 382.1 391.2 50147900.0 1312580000.0
485 Feb 26, 2018 391.6 414.6 384.4 404.2 56278600.0 1315560000.0
486 Feb 27, 2018 405.0 418.4 400.1 408.9 44954300.0 1363480000.0
487 Feb 28, 2018 408.5 416.7 382.0 382.0 53379100.0 1378080000.0
488 Mar 01, 2018 382.6 402.4 381.2 400.2 44341900.0 1293470000.0
489 Mar 02, 2018 399.4 402.1 375.4 387.8 54698000.0 1353130000.0
490 Mar 03, 2018 387.0 406.2 382.6 387.6 61064800.0 1313900000.0
491 Mar 04, 2018 386.9 409.2 384.0 409.2 63635000.0 1316320000.0
492 Mar 05, 2018 408.7 409.7 391.8 391.8 57656400.0 1393620000.0
493 Mar 06, 2018 392.3 392.3 376.9 384.4 57546200.0 1340600000.0
494 Mar 07, 2018 384.2 386.9 332.4 347.5 59469300.0 1315370000.0
495 Mar 08, 2018 347.6 350.4 315.5 318.3 57779600.0 1192750000.0
496 Mar 09, 2018 316.9 320.2 282.4 310.9 75390500.0 1089670000.0
497 Mar 10, 2018 310.8 318.7 286.8 288.5 51613200.0 1071010000.0
498 Mar 11, 2018 287.6 318.3 278.9 309.6 55436800.0 993100000.0
499 Mar 12, 2018 308.7 314.9 280.2 291.6 51763700.0 1068090000.0
500 Mar 13, 2018 290.4 301.7 279.9 284.3 46337600.0 1006780000.0
501 Mar 14, 2018 284.5 289.2 246.1 250.6 52691100.0 793127000.0
502 >Mar 15, 201 250.2 253.6 233.7 242.9 45521300.0 871062000.0
503 Mar 16, 2018 243.0 247.6 233.7 236.7 43510900.0 847849000.0
504 Mar 17, 2018 236.8 236.8 219.4 220.4 41086300.0 827714000.0
505 Mar 18, 2018 220.1 247.4 204.0 244.3 59834200.0 771149000.0
506 Mar 19, 2018 244.5 252.6 228.6 252.6 58323800.0 858361000.0
507 Mar 20, 2018 255.7 267.0 237.7 259.2 54027600.0 899321000.0
508 Mar 21, 2018 259.7 280.6 254.8 260.0 69577100.0 915317000.0
509 Mar 22, 2018 260.5 268.5 239.1 249.2 49773700.0 919961000.0
510 Mar 23, 2018 249.5 256.8 231.0 256.8 49636800.0 882874000.0
511 Mar 24, 2018 259.4 259.4 242.5 243.3 44876000.0 919738000.0
512 Mar 25, 2018 240.8 243.5 237.1 239.3 41414800.0 855504000.0
513 Mar 26, 2018 238.8 240.9 213.3 225.3 52425700.0 850197000.0
514 Mar 27, 2018 225.9 229.5 210.1 216.3 46729300.0 805876000.0
