0 Jul 14, 2017 0.53 0.78 0.5 0.58 750698.0 0.0
1 Jul 15, 2017 0.59 0.65 0.43 0.43 1552730.0 0.0
2 Jul 16, 2017 0.43 0.49 0.32 0.38 1743630.0 42380400.0
3 Jul 17, 2017 0.38 0.6 0.38 0.58 4273090.0 37524100.0
4 Jul 18, 2017 0.57 0.89 0.56 0.76 8394650.0 56453100.0
5 Jul 19, 2017 0.76 0.8 0.57 0.58 4236020.0 74647300.0
6 Jul 20, 2017 0.6 0.72 0.6 0.66 3376440.0 58605700.0
7 Jul 21, 2017 0.67 0.79 0.63 0.75 2140420.0 65844800.0
8 Jul 22, 2017 0.74 0.89 0.74 0.88 3596130.0 72951200.0
9 Jul 23, 2017 0.88 1.59 0.85 1.53 15198100.0 86413600.0
10 Jul 24, 2017 1.51 1.61 1.31 1.52 12526000.0 148581000.0
11 Jul 25, 2017 1.53 1.55 1.12 1.23 8132390.0 150667000.0
12 Jul 26, 2017 1.23 1.29 1.1 1.21 4740910.0 121110000.0
13 Jul 27, 2017 1.21 1.41 1.2 1.38 5379280.0 118718000.0
14 Jul 28, 2017 1.38 1.39 1.12 1.19 5438700.0 135475000.0
15 Jul 29, 2017 1.19 1.29 1.11 1.28 2651230.0 116968000.0
16 Jul 30, 2017 1.27 1.3 1.19 1.21 1749290.0 124645000.0
17 Jul 31, 2017 1.2 1.26 1.17 1.23 2153100.0 118309000.0
18 Aug 01, 2017 1.22 1.37 1.18 1.33 4360060.0 120415000.0
19 Aug 02, 2017 1.34 1.39 1.29 1.38 3708080.0 131707000.0
20 Aug 03, 2017 1.38 2.03 1.36 1.96 18348800.0 135528000.0
21 Aug 04, 2017 1.95 2.79 1.94 2.76 44051500.0 192003000.0
22 Aug 05, 2017 2.79 3.73 2.74 3.61 95593700.0 274109000.0
23 Aug 06, 2017 3.62 3.62 2.59 2.75 39669900.0 356183000.0
24 Aug 07, 2017 2.7 3.25 2.63 3.15 34417900.0 265138000.0
25 Aug 08, 2017 3.15 3.76 3.07 3.61 49778700.0 309766000.0
26 Aug 09, 2017 3.62 3.68 3.26 3.45 24783900.0 355440000.0
27 Aug 10, 2017 3.41 6.36 3.38 5.92 234693000.0 335183000.0
28 Aug 11, 2017 5.96 7.81 5.41 7.23 200287000.0 586021000.0
29 Aug 12, 2017 7.2 7.39 5.83 6.19 87590300.0 707779000.0
30 Aug 13, 2017 6.18 7.53 5.36 6.94 128909000.0 607772000.0
31 Aug 14, 2017 6.88 7.38 6.25 7.01 85191300.0 676804000.0
32 Aug 15, 2017 6.94 7.05 6.16 6.69 67045700.0 682506000.0
33 Aug 16, 2017 6.67 9.02 6.67 8.87 204580000.0 655537000.0
34 Aug 17, 2017 8.88 9.47 8.29 8.4 131488000.0 873548000.0
35 Aug 18, 2017 8.4 8.45 6.32 7.34 104224000.0 825591000.0
36 Aug 19, 2017 7.31 7.92 6.42 7.8 70997400.0 718510000.0
37 Aug 20, 2017 7.76 8.84 7.17 8.44 74687700.0 762542000.0
38 Aug 21, 2017 8.45 8.6 7.34 7.67 71569400.0 830536000.0
39 Aug 22, 2017 7.67 7.76 6.96 7.62 41423400.0 753880000.0
40 Aug 23, 2017 7.61 8.66 7.58 8.23 64455600.0 748515000.0
41 Aug 24, 2017 8.2 8.39 7.96 8.37 31284200.0 806267000.0
42 Aug 25, 2017 8.38 8.46 8.04 8.27 24205300.0 823620000.0
43 Aug 26, 2017 8.26 8.33 7.85 8.28 25661900.0 812289000.0
44 Aug 27, 2017 8.29 8.37 8.03 8.33 22915000.0 815412000.0
45 Aug 28, 2017 8.33 8.93 8.15 8.59 52390300.0 819005000.0
46 Aug 29, 2017 8.58 9.62 8.45 9.46 86155000.0 843249000.0
47 Aug 30, 2017 9.49 11.66 9.3 11.07 194613000.0 932958000.0
48 Aug 31, 2017 11.17 12.08 10.78 11.74 89710200.0 1098470000.0
49 Sep 01, 2017 11.73 12.52 11.62 11.97 91962400.0 1153390000.0
50 Sep 02, 2017 11.98 11.98 9.96 10.79 93561000.0 1178610000.0
51 Sep 03, 2017 10.78 11.37 9.64 10.56 68616800.0 1060760000.0
52 Sep 04, 2017 10.55 10.55 7.31 8.78 159979000.0 1037440000.0
53 Sep 05, 2017 8.68 11.28 7.6 10.98 111430000.0 852870000.0
54 Sep 06, 2017 10.95 11.79 10.49 11.64 95001000.0 1077300000.0
55 Sep 07, 2017 11.65 13.53 10.77 12.87 153192000.0 1145440000.0
56 Sep 08, 2017 12.9 13.38 10.65 11.45 99091800.0 1268790000.0
57 Sep 09, 2017 11.38 12.22 10.87 12.22 63245300.0 1118990000.0
58 Sep 10, 2017 12.28 12.29 10.75 11.4 53265800.0 1207860000.0
59 Sep 11, 2017 11.42 11.98 11.09 11.32 37733800.0 1122960000.0
60 Sep 12, 2017 11.36 13.44 11.21 11.59 130591000.0 1117370000.0
61 Sep 13, 2017 11.68 11.69 9.55 10.61 85896500.0 1148450000.0
62 Sep 14, 2017 10.58 11.05 7.67 8.08 95558500.0 1040220000.0
63 Sep 15, 2017 8.13 10.39 6.57 9.95 156528000.0 798813000.0
64 Sep 16, 2017 9.96 10.64 9.34 9.93 66155100.0 979204000.0
65 Sep 17, 2017 9.9 10.3 8.98 9.87 40154600.0 973696000.0
66 Sep 18, 2017 9.88 11.33 9.88 10.97 54086300.0 971499000.0
67 Sep 19, 2017 10.99 11.03 9.68 9.91 38392200.0 1081420000.0
68 Sep 20, 2017 9.92 9.95 9.11 9.11 36072700.0 975691000.0
69 Sep 21, 2017 9.12 9.39 7.75 8.12 51911500.0 897056000.0
70 Sep 22, 2017 8.13 8.96 7.93 8.65 42277500.0 799239000.0
71 Sep 23, 2017 8.66 9.36 8.43 9.03 28436100.0 851587000.0
72 Sep 24, 2017 9.01 9.12 8.53 8.66 19730500.0 885388000.0
73 Sep 25, 2017 8.66 10.37 8.63 10.0 59857600.0 851863000.0
74 Sep 26, 2017 10.01 10.27 9.69 9.76 26920700.0 984356000.0
75 Sep 27, 2017 9.78 10.52 9.77 10.33 38915800.0 961863000.0
76 Sep 28, 2017 10.34 11.48 10.07 10.48 66693200.0 1017090000.0
77 Sep 29, 2017 10.46 10.58 9.19 9.75 51306900.0 1029050000.0
78 Sep 30, 2017 9.74 10.26 9.68 10.12 26871400.0 957899000.0
79 Oct 01, 2017 10.11 10.14 9.57 9.82 21494500.0 994233000.0
80 Oct 02, 2017 9.82 9.99 9.07 9.2 36673900.0 965225000.0
81 Oct 03, 2017 9.19 9.27 8.53 9.24 35595500.0 903903000.0
82 Oct 04, 2017 9.26 9.27 8.6 8.66 19933100.0 909963000.0
83 Oct 05, 2017 8.67 8.97 8.23 8.8 19715100.0 852239000.0
84 Oct 06, 2017 8.82 8.89 8.48 8.66 13957500.0 866972000.0
85 Oct 07, 2017 8.66 8.69 8.14 8.54 18207700.0 851803000.0
86 Oct 08, 2017 8.54 8.61 7.62 7.7 27120900.0 839543000.0
87 Oct 09, 2017 7.78 8.1 7.03 7.5 34823600.0 765067000.0
88 Oct 10, 2017 7.49 8.39 7.28 8.09 27542200.0 736231000.0
89 Oct 11, 2017 8.12 9.42 8.12 9.26 57741200.0 798713000.0
90 Oct 12, 2017 9.26 9.53 8.18 8.2 49996900.0 910544000.0
91 Oct 13, 2017 8.19 8.68 7.98 8.3 33908900.0 805549000.0
92 Oct 14, 2017 8.31 8.38 7.99 8.03 20284600.0 816802000.0
93 Oct 15, 2017 8.03 8.24 7.67 7.97 23508300.0 789379000.0
94 Oct 16, 2017 8.0 8.1 7.59 7.85 19951300.0 786681000.0
95 Oct 17, 2017 7.86 8.24 7.69 7.99 23177500.0 772486000.0
96 Oct 18, 2017 7.97 8.08 7.66 7.83 20915200.0 783502000.0
97 Oct 19, 2017 7.82 8.08 7.68 7.92 14064200.0 769045000.0
98 Oct 20, 2017 7.9 7.91 7.29 7.31 20554400.0 776825000.0
99 Oct 21, 2017 7.31 7.46 6.99 7.37 19448800.0 718401000.0
100 Oct 22, 2017 7.37 7.78 7.36 7.67 19588000.0 724177000.0
101 Oct 23, 2017 7.65 7.66 7.12 7.61 17684200.0 752139000.0
102 Oct 24, 2017 7.59 8.7 7.38 8.13 54151300.0 746181000.0
103 Oct 25, 2017 8.12 8.14 7.56 7.62 20363000.0 798130000.0
104 Oct 26, 2017 7.66 7.8 7.48 7.64 19134300.0 752636000.0
105 Oct 27, 2017 7.65 8.12 7.42 7.46 28704900.0 751745000.0
106 Oct 28, 2017 7.49 7.54 7.17 7.17 17242600.0 736331000.0
107 Oct 29, 2017 7.16 7.44 7.15 7.3 18076000.0 703486000.0
108 Oct 30, 2017 7.28 7.4 7.13 7.25 14224900.0 715973000.0
109 Oct 31, 2017 7.23 7.29 6.84 6.84 21797300.0 710488000.0
110 Nov 01, 2017 6.83 6.96 6.05 6.05 37953700.0 671068000.0
111 Nov 02, 2017 6.05 6.67 5.55 6.23 55264500.0 594839000.0
112 Nov 03, 2017 6.23 6.78 6.15 6.73 27548300.0 612383000.0
113 Nov 04, 2017 6.72 6.77 6.38 6.45 16963100.0 660838000.0
114 Nov 05, 2017 6.44 6.49 6.17 6.29 12819400.0 633214000.0
115 Nov 06, 2017 6.28 6.67 6.22 6.47 21223900.0 617414000.0
116 Nov 07, 2017 6.52 6.67 6.16 6.33 17428900.0 665398000.0
117 Nov 08, 2017 6.33 8.36 6.33 7.7 83658200.0 646493000.0
118 Nov 09, 2017 7.67 8.44 7.57 8.03 53112900.0 782537000.0
119 Nov 10, 2017 8.04 8.09 6.78 7.01 43885700.0 820786000.0
120 Nov 11, 2017 6.99 7.54 6.88 7.3 26845400.0 713386000.0
121 Nov 12, 2017 7.29 7.32 6.14 6.59 40913300.0 743945000.0
122 Nov 13, 2017 6.6 7.7 6.6 7.57 45628000.0 673886000.0
123 Nov 14, 2017 7.55 7.89 7.27 7.84 25075600.0 770372000.0
124 Nov 15, 2017 7.87 8.04 7.31 7.72 29403800.0 803044000.0
125 Nov 16, 2017 7.72 7.72 7.1 7.16 25723800.0 787988000.0
126 Nov 17, 2017 7.13 7.74 7.08 7.58 28740500.0 727192000.0
127 Nov 18, 2017 7.69 8.62 7.42 7.95 61839300.0 784918000.0
128 Nov 19, 2017 7.93 8.23 7.64 7.82 27424000.0 809283000.0
129 Nov 20, 2017 7.8 8.18 7.8 8.03 25838900.0 795924000.0
130 Nov 21, 2017 8.08 8.08 7.55 7.65 28377000.0 824262000.0
131 Nov 22, 2017 7.67 7.94 7.62 7.94 23540600.0 783236000.0
132 Nov 23, 2017 7.98 8.17 7.72 7.72 29220900.0 814275000.0
133 Nov 24, 2017 7.7 7.74 7.44 7.61 25535100.0 785544000.0
134 Nov 25, 2017 7.6 8.95 7.59 8.72 68154900.0 775940000.0
135 Nov 26, 2017 8.74 8.74 8.25 8.49 35970800.0 891835000.0
136 Nov 27, 2017 8.52 9.49 8.52 9.49 54701200.0 869721000.0
137 Nov 28, 2017 9.48 9.94 9.05 9.39 60471100.0 967855000.0
138 Nov 29, 2017 9.42 9.42 7.29 7.95 68267600.0 961128000.0
139 Nov 30, 2017 7.95 8.6 7.29 8.13 46661000.0 811384000.0
140 Dec 01, 2017 8.12 8.98 7.83 8.9 45778600.0 828272000.0
141 Dec 02, 2017 8.88 9.71 8.66 9.31 49352400.0 905896000.0
142 Dec 03, 2017 9.3 10.07 8.93 9.43 53617600.0 949255000.0
143 Dec 04, 2017 9.42 10.51 9.14 10.51 51229800.0 961222000.0
144 Dec 05, 2017 10.4 10.47 9.85 10.08 63711700.0 1062170000.0
145 Dec 06, 2017 10.1 10.1 8.52 8.64 64531900.0 1031440000.0
146 Dec 07, 2017 8.62 9.01 7.84 7.85 54413600.0 879842000.0
147 Dec 08, 2017 7.88 8.73 7.58 8.45 54457900.0 804182000.0
148 Dec 09, 2017 8.43 9.22 8.31 8.58 41798400.0 860261000.0
149 Dec 10, 2017 8.59 8.59 7.76 7.95 34660500.0 877014000.0
150 Dec 11, 2017 7.95 9.36 7.95 9.01 47554300.0 811623000.0
151 Dec 12, 2017 9.07 10.49 8.83 10.37 116442000.0 926009000.0
152 Dec 13, 2017 10.35 11.55 9.65 10.71 110463000.0 1056770000.0
153 Dec 14, 2017 10.69 11.74 10.32 11.43 95547300.0 1091600000.0
154 Dec 15, 2017 11.44 11.71 10.03 11.71 77923700.0 1168260000.0
155 Dec 16, 2017 11.83 14.97 11.83 14.26 316999000.0 1207840000.0
156 Dec 17, 2017 14.18 17.44 13.96 15.62 197259000.0 1447690000.0
157 Dec 18, 2017 16.2 18.58 14.81 18.5 216024000.0 1653590000.0
158 Dec 19, 2017 18.5 21.51 17.12 18.14 247996000.0 1887880000.0
159 Dec 20, 2017 18.18 19.18 15.87 17.79 178069000.0 1856030000.0
160 Dec 21, 2017 17.87 18.84 16.11 17.11 127590000.0 1823820000.0
161 Dec 22, 2017 17.53 17.53 9.67 12.87 210269000.0 1789150000.0
162 Dec 23, 2017 13.15 15.75 12.84 14.4 106232000.0 1342480000.0
163 Dec 24, 2017 14.52 14.52 11.84 14.34 87459300.0 1482550000.0
164 Dec 25, 2017 14.53 15.69 14.12 15.64 91485300.0 1483620000.0
165 Dec 26, 2017 15.59 16.19 14.57 15.24 89081800.0 1591610000.0
166 Dec 27, 2017 15.24 15.77 14.21 15.03 65350300.0 1555920000.0
167 Dec 28, 2017 14.99 15.16 13.03 15.08 69410700.0 1530370000.0
168 Dec 29, 2017 15.16 16.7 14.54 16.01 121258000.0 1547150000.0
169 Dec 30, 2017 15.94 16.56 13.02 16.56 124915000.0 1627310000.0
170 Dec 31, 2017 16.01 21.6 15.46 19.88 349531000.0 1634170000.0
171 Jan 01, 2018 19.59 20.99 18.24 19.33 166860000.0 1999550000.0
172 Jan 02, 2018 19.34 22.23 18.72 20.29 229553000.0 1973980000.0
173 Jan 03, 2018 20.14 20.97 19.07 20.54 139039000.0 2055970000.0
174 Jan 04, 2018 20.59 21.93 19.62 19.93 150260000.0 2101860000.0
175 Jan 05, 2018 19.8 20.4 18.12 18.68 138393000.0 2021050000.0
176 Jan 06, 2018 18.7 19.75 18.11 19.3 99421600.0 1908510000.0
177 Jan 07, 2018 19.3 24.41 19.28 24.41 250609000.0 1970170000.0
178 Jan 08, 2018 24.39 28.35 20.68 23.88 382895000.0 2489290000.0
179 Jan 09, 2018 23.84 26.1 22.92 25.29 191509000.0 2432850000.0
180 Jan 10, 2018 25.39 25.39 21.89 23.34 137934000.0 2591750000.0
181 Jan 11, 2018 23.45 23.82 19.33 21.65 122602000.0 2393480000.0
182 Jan 12, 2018 21.69 23.18 20.85 22.83 83835500.0 2214090000.0
183 Jan 13, 2018 22.82 26.07 22.65 25.71 120921000.0 2329570000.0
184 Jan 14, 2018 25.72 25.81 22.24 23.82 74017300.0 2624620000.0
185 Jan 15, 2018 23.69 24.61 22.46 22.46 91802400.0 2418190000.0
186 Jan 16, 2018 22.5 22.5 13.9 17.37 132224000.0 2296440000.0
187 Jan 17, 2018 17.3 18.91 12.41 18.05 114904000.0 1765470000.0
188 Jan 18, 2018 18.23 19.44 17.15 17.72 87971600.0 1860280000.0
189 Jan 19, 2018 17.62 18.93 17.07 18.43 72477800.0 1798360000.0
190 Jan 20, 2018 18.63 19.95 18.63 19.71 89103800.0 1901100000.0
191 Jan 21, 2018 19.73 19.73 16.4 16.96 55861100.0 2013840000.0
192 Jan 22, 2018 17.13 17.96 14.22 15.65 70101200.0 1748670000.0
193 Jan 23, 2018 15.65 16.61 14.3 16.04 58931400.0 1597700000.0
194 Jan 24, 2018 16.04 18.49 15.47 17.85 72241700.0 1637570000.0
195 Jan 25, 2018 18.04 19.11 16.67 17.95 79337500.0 1841760000.0
196 Jan 26, 2018 17.92 18.57 14.93 16.57 145709000.0 1829140000.0
197 Jan 27, 2018 16.6 16.76 15.79 15.97 99130000.0 1693910000.0
198 Jan 28, 2018 16.05 17.29 15.77 17.08 83798900.0 1638530000.0
199 Jan 29, 2018 17.15 17.35 16.03 16.9 46635600.0 1750090000.0
200 Jan 30, 2018 16.89 17.85 14.67 14.91 96893300.0 1723530000.0
201 Jan 31, 2018 14.9 15.85 14.15 15.74 71504300.0 1520480000.0
202 Feb 01, 2018 15.85 15.94 13.25 13.98 60157800.0 1617380000.0
203 Feb 02, 2018 13.96 13.96 10.53 13.25 62454300.0 1425460000.0
204 Feb 03, 2018 13.35 14.29 12.2 14.05 31593400.0 1362480000.0
205 Feb 04, 2018 14.08 14.16 11.71 12.06 36225800.0 1437590000.0
206 Feb 05, 2018 11.92 12.67 8.74 9.27 45236500.0 1216630000.0
207 Feb 06, 2018 9.31 11.39 7.39 11.36 56968000.0 949742000.0
208 Feb 07, 2018 11.32 12.54 10.17 10.9 36639600.0 1155150000.0
209 Feb 08, 2018 10.88 12.25 10.88 11.89 31563700.0 1110480000.0
210 Feb 09, 2018 12.21 13.2 11.56 13.19 41973800.0 1246080000.0
211 Feb 10, 2018 13.19 13.88 11.92 12.51 43385500.0 1346830000.0
212 Feb 11, 2018 12.54 12.66 11.05 11.85 29981600.0 1279750000.0
213 Feb 12, 2018 11.94 13.0 11.93 12.84 24588600.0 1219240000.0
214 Feb 13, 2018 12.88 13.05 12.31 12.99 23326000.0 1314360000.0
215 Feb 14, 2018 12.97 15.71 12.97 15.66 91650800.0 1323570000.0
216 Feb 15, 2018 15.62 16.71 14.99 16.66 54142700.0 1594790000.0
217 Feb 16, 2018 16.67 18.22 16.02 18.16 81337500.0 1701370000.0
218 Feb 17, 2018 18.16 18.63 17.68 18.28 59295600.0 1853770000.0
219 Feb 18, 2018 18.32 18.4 16.35 16.65 42287800.0 1869770000.0
220 Feb 19, 2018 16.49 18.36 16.32 17.68 54814700.0 1682870000.0
221 Feb 20, 2018 17.71 20.2 17.7 18.4 109202000.0 1808000000.0
222 Feb 21, 2018 18.32 19.54 17.38 18.05 110798000.0 1869530000.0
223 Feb 22, 2018 18.05 18.71 15.96 16.6 65150100.0 1842340000.0
224 Feb 23, 2018 16.53 17.96 15.83 17.57 63981000.0 1687410000.0
225 Feb 24, 2018 17.5 18.45 16.49 16.75 51605900.0 1786500000.0
226 Feb 25, 2018 16.72 17.48 16.32 16.77 36436400.0 1706350000.0
227 Feb 26, 2018 16.77 18.2 16.28 17.96 37163300.0 1711420000.0
228 Feb 27, 2018 18.01 20.89 17.79 20.13 114453000.0 1837970000.0
229 Feb 28, 2018 20.13 20.92 18.61 18.61 108895000.0 2054370000.0
230 Mar 01, 2018 18.61 19.94 18.46 19.21 67000600.0 1899330000.0
231 Mar 02, 2018 19.19 19.36 17.81 18.51 50691600.0 1958280000.0
232 Mar 03, 2018 18.52 19.02 17.72 17.89 49308100.0 1889880000.0
233 Mar 04, 2018 17.87 18.47 17.08 17.94 39416700.0 1824380000.0
234 Mar 05, 2018 17.95 18.07 17.16 17.21 39490400.0 1832480000.0
235 Mar 06, 2018 17.2 17.2 15.57 15.85 38911600.0 1755260000.0
236 Mar 07, 2018 15.86 16.46 13.7 14.5 52446000.0 1619230000.0
237 Mar 08, 2018 14.47 15.26 13.37 13.74 41855800.0 1476880000.0
238 Mar 09, 2018 13.72 15.1 11.75 15.01 59857400.0 1400490000.0
239 Mar 10, 2018 15.01 15.36 13.25 13.44 44982900.0 1531680000.0
240 Mar 11, 2018 13.41 14.98 12.85 14.67 30486600.0 1368720000.0
241 Mar 12, 2018 14.66 14.84 13.47 13.77 23439900.0 1496030000.0
242 Mar 13, 2018 13.73 14.13 12.98 13.75 24721000.0 1401840000.0
243 Mar 14, 2018 13.61 13.75 11.34 11.69 28942400.0 1388970000.0
244 Mar 15, 2018 11.7 11.72 10.34 11.31 44593200.0 1193950000.0
245 Mar 16, 2018 11.32 11.82 10.82 11.21 28698800.0 1155630000.0
246 Mar 17, 2018 11.22 11.26 9.82 9.86 30985800.0 1145240000.0
247 Mar 18, 2018 9.83 10.52 8.44 10.46 39837300.0 1002780000.0
248 Mar 19, 2018 10.51 11.44 10.05 11.44 42172600.0 1073390000.0
249 Mar 20, 2018 11.54 12.53 10.66 12.08 46839900.0 1177690000.0
250 Mar 21, 2018 12.15 12.65 11.56 11.85 33733200.0 1240030000.0
251 Mar 22, 2018 11.86 12.38 10.77 11.56 36755900.0 1210440000.0
252 Mar 23, 2018 11.53 11.53 10.58 11.5 30954000.0 1177000000.0
253 Mar 24, 2018 11.58 11.76 11.02 11.1 29693200.0 1182370000.0
254 Mar 25, 2018 11.02 11.14 10.66 10.88 21690300.0 1125300000.0
255 Mar 26, 2018 10.86 10.92 9.46 10.33 31909400.0 1108810000.0
256 Mar 27, 2018 10.33 10.38 9.38 9.77 23759900.0 1054600000.0
