0 Apr 28, 2014 0.01 0.02 0.01 0.02 21809.2 6731720.0
1 Apr 29, 2014 0.02 0.02 0.02 0.02 16810.2 8465040.0
2 Apr 30, 2014 0.02 0.02 0.01 0.01 17925.9 7713530.0
3 May 01, 2014 0.01 0.02 0.01 0.01 10438.8 7193500.0
4 May 02, 2014 0.01 0.01 0.01 0.01 8613.95 6370400.0
5 May 03, 2014 0.01 0.01 0.01 0.01 3088.56 6495300.0
6 May 04, 2014 0.01 0.01 0.01 0.01 13679.5 6160640.0
7 May 05, 2014 0.01 0.01 0.01 0.01 8647.32 5753430.0
8 May 06, 2014 0.01 0.01 0.01 0.01 730.03 6036460.0
9 May 07, 2014 0.01 0.01 0.01 0.01 17417.8 6025550.0
10 >May 08, 201 0.01 0.01 0.01 0.01 9497.48 6746700.0
11 May 09, 2014 0.01 0.01 0.01 0.01 13649.5 6596680.0
12 May 10, 2014 0.01 0.01 0.01 0.01 4405.45 6251650.0
13 May 11, 2014 0.01 0.01 0.01 0.01 6909.87 6360310.0
14 May 12, 2014 0.01 0.01 0.01 0.01 5542.39 5458640.0
15 May 13, 2014 0.01 0.01 0.01 0.01 6079.65 6007540.0
16 May 14, 2014 0.01 0.01 0.01 0.01 879.08 5741710.0
17 May 15, 2014 0.01 0.01 0.01 0.01 2813.43 5887980.0
18 May 16, 2014 0.01 0.01 0.01 0.01 2094.69 5791220.0
19 May 17, 2014 0.01 0.01 0.01 0.01 12887.4 5998130.0
20 May 18, 2014 0.01 0.01 0.01 0.01 6888.0 6398050.0
21 May 19, 2014 0.01 0.01 0.01 0.01 15965.8 5987450.0
22 May 20, 2014 0.01 0.01 0.01 0.01 2065.84 5209740.0
23 May 21, 2014 0.01 0.01 0.01 0.01 6239.66 5690800.0
24 May 22, 2014 0.01 0.01 0.01 0.01 12989.2 4927980.0
25 May 23, 2014 0.01 0.01 0.01 0.01 15274.3 5166520.0
26 May 24, 2014 0.01 0.01 0.01 0.01 1220.29 7014110.0
27 May 25, 2014 0.01 0.02 0.01 0.01 3953.51 6644060.0
28 May 26, 2014 0.01 0.01 0.01 0.01 2427.28 6210740.0
29 May 27, 2014 0.01 0.01 0.01 0.01 11396.5 6527340.0
30 May 28, 2014 0.01 0.01 0.01 0.01 5515.65 6126340.0
31 May 29, 2014 0.01 0.01 0.01 0.01 4178.12 6363970.0
32 May 30, 2014 0.01 0.01 0.01 0.01 8219.37 5938710.0
33 May 31, 2014 0.01 0.02 0.01 0.02 21368.4 5780140.0
34 Jun 01, 2014 0.02 0.02 0.01 0.01 11695.4 7544180.0
35 Jun 02, 2014 0.01 0.01 0.01 0.01 9593.04 6523950.0
36 Jun 03, 2014 0.01 0.01 0.01 0.01 12815.2 6648090.0
37 Jun 04, 2014 0.01 0.02 0.01 0.01 11723.4 6739550.0
38 Jun 05, 2014 0.01 0.01 0.01 0.01 8959.95 6545400.0
39 Jun 06, 2014 0.02 0.02 0.02 0.02 6239.5 8037780.0
40 Jun 07, 2014 0.02 0.02 0.02 0.02 11484.5 8260580.0
41 Jun 08, 2014 0.02 0.02 0.02 0.02 2477.38 8458610.0
42 Jun 09, 2014 0.02 0.02 0.02 0.02 8294.58 8606460.0
43 Jun 10, 2014 0.02 0.02 0.02 0.02 1822.12 8570980.0
44 Jun 11, 2014 0.02 0.02 0.02 0.02 4882.44 8065620.0
45 Jun 12, 2014 0.02 0.02 0.02 0.02 4884.89 7817890.0
46 Jun 13, 2014 0.02 0.02 0.01 0.02 3453.35 7558940.0
47 Jun 14, 2014 0.02 0.02 0.01 0.02 10202.3 7784220.0
48 Jun 15, 2014 0.02 0.02 0.01 0.01 4318.92 7669220.0
49 Jun 16, 2014 0.01 0.02 0.01 0.02 13530.0 7175540.0
50 Jun 17, 2014 0.02 0.02 0.01 0.01 12489.9 7606000.0
51 Jun 18, 2014 0.01 0.02 0.01 0.01 7829.12 7153500.0
52 Jun 19, 2014 0.01 0.01 0.01 0.01 3622.62 6710760.0
53 Jun 20, 2014 0.01 0.01 0.0 0.01 21763.2 6563190.0
54 Jun 21, 2014 0.01 0.01 0.01 0.01 2199.07 6318720.0
55 Jun 22, 2014 0.01 0.01 0.01 0.01 1990.85 6244000.0
56 Jun 23, 2014 0.01 0.02 0.01 0.01 3104.0 6361030.0
57 Jun 24, 2014 0.01 0.01 0.01 0.01 2056.06 6804080.0
58 Jun 25, 2014 0.01 0.01 0.01 0.01 4395.22 6445840.0
59 Jun 26, 2014 0.01 0.01 0.01 0.01 5825.57 6376920.0
60 Jun 27, 2014 0.01 0.01 0.01 0.01 2798.89 6127790.0
61 Jun 28, 2014 0.01 0.01 0.01 0.01 1800.07 6750720.0
62 Jun 29, 2014 0.01 0.01 0.01 0.01 1010.53 6822090.0
63 Jun 30, 2014 0.01 0.02 0.01 0.02 532.89 6979940.0
64 Jul 01, 2014 0.02 0.02 0.02 0.02 3684.76 7396650.0
65 Jul 02, 2014 0.02 0.02 0.02 0.02 3866.03 7463680.0
66 Jul 03, 2014 0.02 0.02 0.02 0.02 5194.77 7573650.0
67 Jul 04, 2014 0.02 0.02 0.02 0.02 27701.6 8032900.0
68 Jul 05, 2014 0.02 0.02 0.02 0.02 7199.31 8589630.0
69 Jul 06, 2014 0.02 0.02 0.02 0.02 21922.1 7955460.0
70 Jul 07, 2014 0.02 0.02 0.02 0.02 9112.42 9407840.0
71 Jul 08, 2014 0.02 0.02 0.02 0.02 16618.7 8944200.0
72 Jul 09, 2014 0.02 0.02 0.02 0.02 13177.0 9089060.0
73 Jul 10, 2014 0.02 0.02 0.02 0.02 13157.4 9806040.0
74 Jul 11, 2014 0.02 0.04 0.02 0.04 62840.1 9963530.0
75 Jul 12, 2014 0.04 0.04 0.03 0.03 34354.5 15851100.0
76 Jul 13, 2014 0.03 0.03 0.03 0.03 14570.6 14383500.0
77 Jul 14, 2014 0.03 0.03 0.03 0.03 19863.1 12358700.0
78 Jul 15, 2014 0.03 0.03 0.03 0.03 13885.9 14578200.0
79 Jul 16, 2014 0.03 0.03 0.03 0.03 16095.1 13563700.0
80 Jul 17, 2014 0.03 0.03 0.03 0.03 13665.3 13755200.0
81 Jul 18, 2014 0.03 0.03 0.03 0.03 23286.3 13904900.0
82 Jul 19, 2014 0.03 0.04 0.03 0.04 44267.9 14851600.0
83 Jul 20, 2014 0.04 0.04 0.03 0.03 6607.24 16081000.0
84 Jul 21, 2014 0.03 0.03 0.03 0.03 15713.1 15528800.0
85 Jul 22, 2014 0.03 0.03 0.03 0.03 26853.1 13899700.0
86 Jul 23, 2014 0.03 0.03 0.02 0.03 27744.7 13102500.0
87 Jul 24, 2014 0.03 0.03 0.03 0.03 38814.3 12634000.0
88 Jul 25, 2014 0.03 0.03 0.03 0.03 4670.11 13937400.0
89 Jul 26, 2014 0.03 0.03 0.03 0.03 7029.11 13156400.0
90 Jul 27, 2014 0.03 0.03 0.03 0.03 8042.02 13060600.0
91 Jul 28, 2014 0.03 0.03 0.03 0.03 17814.3 12774800.0
92 Jul 29, 2014 0.03 0.03 0.03 0.03 6098.08 12614800.0
93 Jul 30, 2014 0.03 0.03 0.03 0.03 3403.49 12197600.0
94 Jul 31, 2014 0.03 0.03 0.03 0.03 15599.3 11839500.0
95 Aug 01, 2014 0.03 0.03 0.03 0.03 16656.8 12536200.0
96 Aug 02, 2014 0.03 0.03 0.02 0.02 17017.2 11614400.0
97 Aug 03, 2014 0.02 0.03 0.02 0.02 10333.7 10441300.0
98 Aug 04, 2014 0.02 0.03 0.02 0.02 8146.04 11181800.0
99 Aug 05, 2014 0.02 0.02 0.02 0.02 17349.0 10772600.0
100 Aug 06, 2014 0.02 0.03 0.02 0.02 17169.2 10670100.0
101 Aug 07, 2014 0.02 0.03 0.02 0.03 10585.2 10705300.0
102 Aug 08, 2014 0.03 0.03 0.03 0.03 6177.76 11346400.0
103 Aug 09, 2014 0.03 0.03 0.02 0.03 15070.8 11927200.0
104 Aug 10, 2014 0.03 0.03 0.03 0.03 6389.52 11777800.0
105 Aug 11, 2014 0.03 0.03 0.02 0.03 30007.1 12190800.0
106 Aug 12, 2014 0.03 0.03 0.02 0.03 4973.98 12361800.0
107 Aug 13, 2014 0.03 0.03 0.02 0.02 11452.0 11624000.0
108 Aug 14, 2014 0.02 0.02 0.02 0.02 17151.7 10862200.0
109 Aug 15, 2014 0.02 0.02 0.02 0.02 4742.32 9553970.0
110 Aug 16, 2014 0.02 0.02 0.02 0.02 2954.1 9315380.0
111 Aug 17, 2014 0.02 0.02 0.02 0.02 2349.98 9402460.0
112 Aug 18, 2014 0.02 0.02 0.02 0.02 6995.27 9123050.0
113 Aug 19, 2014 0.02 0.02 0.02 0.02 2141.76 8467800.0
114 Aug 20, 2014 0.02 0.02 0.02 0.02 5892.83 8276640.0
115 Aug 21, 2014 0.02 0.02 0.02 0.02 4731.79 9374580.0
116 Aug 22, 2014 0.02 0.02 0.02 0.02 8555.03 9382140.0
117 Aug 23, 2014 0.02 0.02 0.02 0.02 8823.26 8792370.0
118 Aug 24, 2014 0.02 0.02 0.02 0.02 3406.8 8738880.0
119 Aug 25, 2014 0.02 0.02 0.02 0.02 1634.19 8264010.0
120 Aug 26, 2014 0.02 0.02 0.02 0.02 3767.27 8618270.0
121 Aug 27, 2014 0.02 0.02 0.02 0.02 3061.09 9010320.0
122 Aug 28, 2014 0.02 0.02 0.02 0.02 2862.19 8970860.0
123 Aug 29, 2014 0.02 0.02 0.02 0.02 12303.0 8706560.0
124 Aug 30, 2014 0.02 0.02 0.02 0.02 7567.12 9408250.0
125 Aug 31, 2014 0.02 0.02 0.02 0.02 1404.97 8562840.0
126 Sep 01, 2014 0.02 0.02 0.02 0.02 3484.01 8209210.0
127 Sep 02, 2014 0.02 0.02 0.02 0.02 3132.5 8231340.0
128 Sep 03, 2014 0.02 0.02 0.02 0.02 9115.47 8017100.0
129 Sep 04, 2014 0.02 0.02 0.02 0.02 7749.32 8541790.0
130 Sep 05, 2014 0.02 0.02 0.02 0.02 11750.9 9225330.0
131 Sep 06, 2014 0.02 0.02 0.02 0.02 18819.4 9303710.0
132 Sep 07, 2014 0.02 0.02 0.02 0.02 2150.31 8948460.0
133 Sep 08, 2014 0.02 0.02 0.02 0.02 399.14 8659860.0
134 Sep 09, 2014 0.02 0.02 0.02 0.02 707.27 8592300.0
135 Sep 10, 2014 0.02 0.02 0.02 0.02 1701.45 8608270.0
136 Sep 11, 2014 0.02 0.02 0.02 0.02 1457.02 8781280.0
137 Sep 12, 2014 0.02 0.02 0.02 0.02 2043.97 8690590.0
138 Sep 13, 2014 0.02 0.02 0.02 0.02 5350.07 8778750.0
139 Sep 14, 2014 0.02 0.02 0.02 0.02 1484.86 8734080.0
140 Sep 15, 2014 0.02 0.02 0.02 0.02 3271.36 8880750.0
141 Sep 16, 2014 0.02 0.02 0.02 0.02 21483.3 8834770.0
142 Sep 17, 2014 0.02 0.02 0.02 0.02 11296.7 8902380.0
143 Sep 18, 2014 0.02 0.02 0.02 0.02 3422.05 9154910.0
144 Sep 19, 2014 0.02 0.02 0.02 0.02 15412.6 8470510.0
145 Sep 20, 2014 0.02 0.02 0.02 0.02 3899.77 8153820.0
146 Sep 21, 2014 0.02 0.02 0.02 0.02 8401.68 8202780.0
147 Sep 22, 2014 0.02 0.02 0.02 0.02 10191.2 8729460.0
148 Sep 23, 2014 0.02 0.02 0.02 0.02 18652.9 9107390.0
149 Sep 24, 2014 0.02 0.02 0.02 0.02 10558.0 9778260.0
150 Sep 25, 2014 0.02 0.02 0.02 0.02 6160.46 9530940.0
151 Sep 26, 2014 0.02 0.02 0.02 0.02 17646.2 9322530.0
152 Sep 27, 2014 0.02 0.02 0.02 0.02 1920.01 9167310.0
153 Sep 28, 2014 0.02 0.02 0.02 0.02 2697.63 8672490.0
154 Sep 29, 2014 0.02 0.02 0.02 0.02 40420.8 8453000.0
155 Sep 30, 2014 0.02 0.02 0.02 0.02 31310.1 9019500.0
156 Oct 01, 2014 0.02 0.02 0.02 0.02 45630.3 9153050.0
157 Oct 02, 2014 0.02 0.02 0.02 0.02 30052.5 9108750.0
158 Oct 03, 2014 0.02 0.02 0.02 0.02 5747.58 9154410.0
159 Oct 04, 2014 0.02 0.02 0.02 0.02 9332.49 8504000.0
160 Oct 05, 2014 0.02 0.02 0.02 0.02 33207.0 7985830.0
161 Oct 06, 2014 0.02 0.02 0.02 0.02 995.05 8660270.0
162 Oct 07, 2014 0.02 0.02 0.02 0.02 2404.03 8384800.0
163 Oct 08, 2014 0.02 0.02 0.02 0.02 5910.13 8788250.0
164 Oct 09, 2014 0.02 0.02 0.02 0.02 5419.58 8727250.0
165 Oct 10, 2014 0.02 0.02 0.02 0.02 3458.43 8667600.0
166 Oct 11, 2014 0.02 0.02 0.02 0.02 2514.95 8551880.0
167 Oct 12, 2014 0.02 0.02 0.02 0.02 3208.2 8829070.0
168 Oct 13, 2014 0.02 0.02 0.02 0.02 26319.3 9176810.0
169 Oct 14, 2014 0.02 0.02 0.02 0.02 2196.82 9926920.0
170 Oct 15, 2014 0.02 0.02 0.02 0.02 10174.5 10500200.0
171 Oct 16, 2014 0.02 0.02 0.02 0.02 13439.6 10536200.0
172 Oct 17, 2014 0.02 0.02 0.02 0.02 7744.04 9365350.0
173 Oct 18, 2014 0.02 0.03 0.02 0.02 53466.9 9419240.0
174 Oct 19, 2014 0.02 0.02 0.02 0.02 3227.99 11199800.0
175 Oct 20, 2014 0.02 0.02 0.02 0.02 7004.31 10595700.0
176 Oct 21, 2014 0.02 0.02 0.02 0.02 19016.7 9718290.0
177 Oct 22, 2014 0.02 0.02 0.02 0.02 4326.68 10657800.0
178 Oct 23, 2014 0.02 0.02 0.02 0.02 18241.4 10463900.0
179 Oct 24, 2014 0.02 0.02 0.02 0.02 2190.28 9952980.0
180 Oct 25, 2014 0.02 0.02 0.02 0.02 4914.22 9890670.0
181 Oct 26, 2014 0.02 0.02 0.02 0.02 8843.16 9484590.0
182 Oct 27, 2014 0.02 0.02 0.02 0.02 4525.32 9614300.0
183 Oct 28, 2014 0.02 0.02 0.02 0.02 9663.64 9358100.0
184 Oct 29, 2014 0.02 0.02 0.02 0.02 5763.17 9606100.0
185 Oct 30, 2014 0.02 0.02 0.02 0.02 9349.74 8801420.0
186 Oct 31, 2014 0.02 0.02 0.02 0.02 4254.74 7927500.0
187 Nov 01, 2014 0.02 0.02 0.02 0.02 49210.7 8661540.0
188 Nov 02, 2014 0.02 0.02 0.02 0.02 841.07 9926510.0
189 Nov 03, 2014 0.02 0.02 0.02 0.02 11260.5 9658280.0
190 Nov 04, 2014 0.02 0.02 0.02 0.02 3492.08 9974980.0
191 Nov 05, 2014 0.02 0.02 0.02 0.02 13347.5 10406700.0
192 Nov 06, 2014 0.02 0.02 0.02 0.02 9095.32 10675300.0
193 Nov 07, 2014 0.02 0.02 0.02 0.02 6965.88 10748300.0
194 Nov 08, 2014 0.02 0.02 0.02 0.02 2096.08 10767800.0
195 Nov 09, 2014 0.02 0.03 0.02 0.02 6318.27 10604300.0
196 Nov 10, 2014 0.02 0.03 0.02 0.03 6321.1 11129400.0
197 Nov 11, 2014 0.03 0.03 0.02 0.02 18229.7 11498300.0
198 Nov 12, 2014 0.02 0.03 0.02 0.03 12545.3 11189300.0
199 Nov 13, 2014 0.03 0.03 0.03 0.03 15087.8 13049000.0
200 Nov 14, 2014 0.03 0.03 0.02 0.03 2873.8 11718100.0
201 Nov 15, 2014 0.03 0.03 0.02 0.03 2130.05 11443700.0
202 Nov 16, 2014 0.03 0.03 0.03 0.03 3240.74 11410300.0
203 Nov 17, 2014 0.03 0.03 0.03 0.03 8306.5 12277700.0
204 Nov 18, 2014 0.03 0.03 0.02 0.03 4228.99 12920800.0
205 Nov 19, 2014 0.03 0.03 0.03 0.03 2310.58 12078300.0
206 Nov 20, 2014 0.03 0.03 0.02 0.03 6572.25 12624000.0
207 Nov 21, 2014 0.03 0.03 0.02 0.03 2648.65 11552400.0
208 Nov 22, 2014 0.03 0.03 0.03 0.03 5694.83 12187600.0
209 Nov 23, 2014 0.03 0.03 0.03 0.03 46615.4 12376900.0
210 Nov 24, 2014 0.03 0.03 0.03 0.03 20761.0 13672800.0
211 Nov 25, 2014 0.03 0.03 0.03 0.03 5187.76 12631600.0
212 Nov 26, 2014 0.03 0.03 0.03 0.03 3410.8 13382500.0
213 Nov 27, 2014 0.03 0.03 0.03 0.03 59931.3 13205700.0
214 Nov 28, 2014 0.03 0.03 0.02 0.03 22995.5 12923100.0
215 >Nov 29, 201 0.03 0.03 0.03 0.03 1972.22 11430900.0
216 Nov 30, 2014 0.03 0.03 0.03 0.03 2307.01 12185000.0
217 Dec 01, 2014 0.03 0.03 0.03 0.03 18835.5 12610100.0
218 Dec 02, 2014 0.03 0.03 0.03 0.03 34108.9 13479800.0
219 Dec 03, 2014 0.03 0.05 0.03 0.04 65300.0 14630000.0
220 Dec 04, 2014 0.04 0.04 0.04 0.04 30983.9 20628800.0
221 Dec 05, 2014 0.04 0.05 0.04 0.05 25187.6 19492400.0
222 Dec 06, 2014 0.05 0.06 0.05 0.06 75486.0 21829700.0
223 Dec 07, 2014 0.06 0.06 0.05 0.06 47900.9 25830200.0
224 Dec 08, 2014 0.06 0.06 0.04 0.04 21580.1 25416200.0
225 Dec 09, 2014 0.04 0.04 0.04 0.04 12475.7 18939700.0
226 Dec 10, 2014 0.04 0.04 0.04 0.04 12122.8 19014400.0
227 Dec 11, 2014 0.04 0.05 0.04 0.05 7418.47 19822300.0
228 Dec 12, 2014 0.05 0.05 0.05 0.05 6575.94 21857400.0
229 Dec 13, 2014 0.05 0.05 0.05 0.05 7543.82 23447600.0
230 Dec 14, 2014 0.05 0.05 0.05 0.05 4149.71 22891600.0
231 Dec 15, 2014 0.05 0.05 0.05 0.05 2382.71 23600300.0
232 Dec 16, 2014 0.05 0.05 0.04 0.04 38696.1 20872600.0
233 Dec 17, 2014 0.04 0.05 0.04 0.04 23370.6 18917600.0
234 Dec 18, 2014 0.04 0.04 0.04 0.04 8639.94 18747300.0
235 Dec 19, 2014 0.04 0.05 0.04 0.04 22865.6 18622400.0
236 Dec 20, 2014 0.04 0.05 0.04 0.04 13657.1 20287600.0
237 Dec 21, 2014 0.04 0.04 0.04 0.04 3961.78 19725800.0
238 Dec 22, 2014 0.04 0.05 0.04 0.05 14980.4 19347700.0
239 Dec 23, 2014 0.05 0.05 0.04 0.05 14440.8 21786200.0
240 Dec 24, 2014 0.05 0.06 0.05 0.05 20333.3 23933400.0
241 Dec 25, 2014 0.05 0.06 0.05 0.06 31223.5 24113800.0
242 Dec 26, 2014 0.06 0.06 0.05 0.06 32079.9 25038600.0
243 Dec 27, 2014 0.06 0.06 0.05 0.05 17443.8 25494400.0
244 Dec 28, 2014 0.05 0.05 0.05 0.05 18371.5 22424600.0
245 Dec 29, 2014 0.05 0.06 0.05 0.05 11497.0 23979800.0
246 Dec 30, 2014 0.05 0.05 0.05 0.05 7381.45 23428500.0
247 Dec 31, 2014 0.05 0.05 0.05 0.05 2639.6 21743800.0
248 Jan 01, 2015 0.05 0.05 0.05 0.05 13094.3 23616400.0
249 Jan 02, 2015 0.05 0.05 0.05 0.05 4649.06 24434200.0
250 Jan 03, 2015 0.05 0.05 0.04 0.05 18569.0 23221800.0
251 Jan 04, 2015 0.05 0.05 0.04 0.04 6208.33 21622300.0
252 Jan 05, 2015 0.04 0.05 0.04 0.05 11915.4 18239500.0
253 Jan 06, 2015 0.05 0.05 0.05 0.05 7986.0 21608100.0
254 Jan 07, 2015 0.05 0.05 0.05 0.05 7818.47 22107900.0
255 Jan 08, 2015 0.05 0.05 0.05 0.05 3647.89 23736700.0
256 Jan 09, 2015 0.05 0.05 0.05 0.05 6107.52 23045800.0
257 Jan 10, 2015 0.05 0.05 0.04 0.04 1553.63 22973900.0
258 Jan 11, 2015 0.04 0.05 0.04 0.04 10964.5 20798700.0
259 Jan 12, 2015 0.04 0.05 0.04 0.05 70868.0 20563200.0
260 Jan 13, 2015 0.05 0.05 0.04 0.04 49015.2 23647400.0
261 Jan 14, 2015 0.04 0.04 0.03 0.03 26691.3 17056600.0
262 Jan 15, 2015 0.03 0.04 0.03 0.03 9472.36 13567500.0
263 Jan 16, 2015 0.03 0.03 0.03 0.03 10963.1 15644000.0
264 Jan 17, 2015 0.03 0.03 0.03 0.03 17101.9 14572900.0
265 Jan 18, 2015 0.03 0.03 0.03 0.03 8978.55 12791000.0
266 Jan 19, 2015 0.03 0.03 0.03 0.03 4905.17 13382300.0
267 Jan 20, 2015 0.03 0.03 0.03 0.03 3013.45 13406400.0
268 Jan 21, 2015 0.03 0.03 0.03 0.03 3923.49 12941500.0
269 Jan 22, 2015 0.03 0.03 0.03 0.03 14618.3 13797400.0
270 Jan 23, 2015 0.03 0.03 0.03 0.03 4635.78 14362500.0
271 Jan 24, 2015 0.03 0.03 0.03 0.03 9440.98 15477900.0
272 Jan 25, 2015 0.03 0.04 0.03 0.03 8729.75 15713700.0
273 Jan 26, 2015 0.03 0.04 0.03 0.04 29817.9 15499000.0
274 Jan 27, 2015 0.04 0.04 0.03 0.03 8998.31 16095800.0
275 Jan 28, 2015 0.03 0.03 0.03 0.03 2829.37 15109900.0
276 Jan 29, 2015 0.03 0.03 0.03 0.03 2500.49 13627900.0
277 Jan 30, 2015 0.03 0.03 0.03 0.03 2653.94 13702300.0
278 Jan 31, 2015 0.03 0.03 0.03 0.03 1339.32 13319400.0
279 Feb 01, 2015 0.03 0.03 0.03 0.03 5224.61 13599500.0
280 Feb 02, 2015 0.03 0.03 0.03 0.03 13255.9 13999600.0
281 Feb 03, 2015 0.03 0.04 0.03 0.03 18858.9 14996800.0
282 Feb 04, 2015 0.03 0.03 0.03 0.03 3699.0 14381300.0
283 Feb 05, 2015 0.03 0.03 0.03 0.03 7460.02 14478500.0
284 Feb 06, 2015 0.03 0.03 0.03 0.03 3600.98 13400000.0
285 Feb 07, 2015 0.03 0.03 0.03 0.03 8035.81 13424600.0
286 Feb 08, 2015 0.03 0.03 0.03 0.03 2524.47 13319700.0
287 Feb 09, 2015 0.03 0.03 0.03 0.03 3442.08 13328300.0
288 Feb 10, 2015 0.03 0.03 0.03 0.03 5443.8 13313000.0
289 Feb 11, 2015 0.03 0.03 0.03 0.03 2474.85 12827200.0
290 Feb 12, 2015 0.03 0.03 0.03 0.03 5535.12 13098900.0
291 Feb 13, 2015 0.03 0.03 0.03 0.03 2185.41 13134200.0
292 Feb 14, 2015 0.03 0.04 0.03 0.04 5497.21 14151200.0
293 Feb 15, 2015 0.04 0.04 0.03 0.03 2753.2 16183200.0
294 Feb 16, 2015 0.03 0.03 0.03 0.03 506.52 14371200.0
295 Feb 17, 2015 0.03 0.03 0.03 0.03 36310.4 13646800.0
296 Feb 18, 2015 0.03 0.03 0.03 0.03 3453.3 13850500.0
297 Feb 19, 2015 0.03 0.03 0.03 0.03 5990.11 13234600.0
298 Feb 20, 2015 0.03 0.03 0.03 0.03 1612.59 14132800.0
299 Feb 21, 2015 0.03 0.03 0.03 0.03 2167.26 14253700.0
300 Feb 22, 2015 0.03 0.03 0.02 0.02 17749.0 13644500.0
301 Feb 23, 2015 0.02 0.03 0.02 0.03 5611.33 11110200.0
302 Feb 24, 2015 0.03 0.03 0.03 0.03 2815.48 13253300.0
303 Feb 25, 2015 0.03 0.03 0.03 0.03 836.05 12906300.0
304 Feb 26, 2015 0.03 0.03 0.03 0.03 603.29 12617000.0
305 Feb 27, 2015 0.03 0.03 0.03 0.03 2066.28 13064400.0
306 Feb 28, 2015 0.03 0.03 0.03 0.03 7842.5 13350300.0
307 Mar 01, 2015 0.03 0.03 0.03 0.03 6218.33 14086000.0
308 Mar 02, 2015 0.03 0.03 0.03 0.03 3749.78 14802600.0
309 Mar 03, 2015 0.03 0.03 0.03 0.03 4335.42 14474800.0
310 Mar 04, 2015 0.03 0.03 0.03 0.03 3049.35 14285200.0
311 Mar 05, 2015 0.03 0.03 0.03 0.03 12304.4 13956200.0
312 Mar 06, 2015 0.03 0.03 0.03 0.03 6389.78 13034100.0
313 Mar 07, 2015 0.03 0.03 0.03 0.03 7009.27 12342200.0
314 Mar 08, 2015 0.03 0.03 0.0 0.02 22415.5 12639500.0
315 Mar 09, 2015 0.02 0.03 0.02 0.03 9822.82 10320200.0
316 Mar 10, 2015 0.03 0.03 0.02 0.03 5024.63 11605000.0
317 Mar 11, 2015 0.03 0.03 0.03 0.03 6229.37 12484500.0
318 Mar 12, 2015 0.03 0.03 0.03 0.03 9140.91 13347100.0
319 Mar 13, 2015 0.03 0.03 0.03 0.03 4791.89 12823600.0
320 Mar 14, 2015 0.03 0.03 0.02 0.03 7469.89 12356800.0
321 Mar 15, 2015 0.02 0.03 0.02 0.02 4043.35 11074900.0
322 Mar 16, 2015 0.02 0.03 0.02 0.03 2723.05 11151700.0
323 Mar 17, 2015 0.03 0.03 0.02 0.03 3795.32 11566500.0
324 Mar 18, 2015 0.03 0.03 0.02 0.02 5405.3 12262300.0
325 Mar 19, 2015 0.02 0.03 0.02 0.03 12039.9 10864200.0
326 Mar 20, 2015 0.03 0.03 0.02 0.02 10186.6 11461800.0
327 Mar 21, 2015 0.02 0.02 0.02 0.02 2094.2 9727610.0
328 Mar 22, 2015 0.02 0.02 0.02 0.02 1670.14 10338000.0
329 Mar 23, 2015 0.02 0.03 0.02 0.02 3552.11 11012000.0
330 Mar 24, 2015 0.02 0.03 0.02 0.02 10794.0 11020200.0
331 Mar 25, 2015 0.02 0.02 0.01 0.02 19910.4 10523300.0
332 Mar 26, 2015 0.02 0.02 0.02 0.02 2375.1 9961220.0
333 Mar 27, 2015 0.02 0.02 0.02 0.02 5867.53 10181100.0
334 Mar 28, 2015 0.02 0.02 0.02 0.02 7294.97 9852840.0
335 Mar 29, 2015 0.02 0.02 0.02 0.02 2223.36 9228630.0
336 Mar 30, 2015 0.02 0.02 0.02 0.02 14979.3 9230260.0
337 Mar 31, 2015 0.02 0.02 0.02 0.02 11241.5 7765980.0
338 Apr 01, 2015 0.02 0.02 0.02 0.02 8867.19 7968140.0
339 Apr 02, 2015 0.02 0.02 0.02 0.02 3832.86 8674750.0
340 Apr 03, 2015 0.02 0.02 0.02 0.02 5336.42 8159200.0
341 Apr 04, 2015 0.02 0.02 0.02 0.02 7486.5 8957190.0
342 Apr 05, 2015 0.02 0.02 0.02 0.02 9748.33 8920710.0
343 Apr 06, 2015 0.02 0.02 0.02 0.02 5601.2 9303160.0
344 Apr 07, 2015 0.02 0.02 0.02 0.02 13671.9 9237360.0
345 Apr 08, 2015 0.02 0.02 0.02 0.02 18234.4 9747980.0
346 Apr 09, 2015 0.02 0.02 0.02 0.02 8905.79 9911350.0
347 Apr 10, 2015 0.02 0.02 0.02 0.02 7584.61 9646970.0
348 Apr 11, 2015 0.02 0.02 0.02 0.02 11168.4 9844870.0
349 Apr 12, 2015 0.02 0.02 0.02 0.02 7148.71 9712680.0
350 Apr 13, 2015 0.02 0.03 0.02 0.03 16279.4 10225800.0
351 Apr 14, 2015 0.03 0.03 0.02 0.02 4135.56 11993900.0
352 Apr 15, 2015 0.02 0.02 0.02 0.02 7061.48 10996300.0
353 Apr 16, 2015 0.02 0.03 0.02 0.02 4731.99 10217400.0
354 Apr 17, 2015 0.02 0.03 0.02 0.02 2773.25 11184700.0
355 Apr 18, 2015 0.02 0.03 0.02 0.02 4522.34 10943800.0
356 Apr 19, 2015 0.02 0.03 0.02 0.02 1495.74 10861300.0
357 Apr 20, 2015 0.02 0.02 0.02 0.02 1952.32 10844600.0
358 Apr 21, 2015 0.02 0.02 0.02 0.02 5457.73 10197100.0
359 Apr 22, 2015 0.02 0.03 0.02 0.02 9379.38 11290200.0
360 Apr 23, 2015 0.02 0.02 0.02 0.02 8111.03 10670700.0
361 Apr 24, 2015 0.02 0.02 0.02 0.02 7396.69 10728400.0
362 Apr 25, 2015 0.02 0.02 0.02 0.02 8351.76 10465700.0
363 Apr 26, 2015 0.02 0.02 0.02 0.02 7087.36 10174000.0
364 Apr 27, 2015 0.02 0.02 0.02 0.02 4071.48 9559400.0
365 Apr 28, 2015 0.02 0.02 0.02 0.02 4641.44 9910580.0
366 Apr 29, 2015 0.02 0.02 0.02 0.02 8295.64 9531070.0
367 Apr 30, 2015 0.02 0.02 0.02 0.02 8565.12 9818850.0
368 May 01, 2015 0.02 0.02 0.02 0.02 6617.4 10417100.0
369 May 02, 2015 0.02 0.02 0.02 0.02 16184.5 10609200.0
370 May 03, 2015 0.02 0.02 0.02 0.02 2081.98 9486860.0
371 May 04, 2015 0.02 0.02 0.02 0.02 2287.67 10525000.0
372 May 05, 2015 0.02 0.02 0.02 0.02 10279.0 10379900.0
373 May 06, 2015 0.02 0.02 0.02 0.02 2866.59 9759160.0
374 May 07, 2015 0.02 0.02 0.02 0.02 5379.37 9438390.0
375 May 08, 2015 0.02 0.02 0.02 0.02 2573.04 9185280.0
376 May 09, 2015 0.02 0.02 0.02 0.02 9198.55 9403040.0
377 May 10, 2015 0.02 0.02 0.02 0.02 13670.9 9528760.0
378 May 11, 2015 0.02 0.02 0.02 0.02 1544.94 8759830.0
379 May 12, 2015 0.02 0.02 0.02 0.02 2528.91 8853960.0
380 May 13, 2015 0.02 0.02 0.02 0.02 9378.7 8578360.0
381 May 14, 2015 0.02 0.02 0.02 0.02 4268.24 9605150.0
382 May 15, 2015 0.02 0.02 0.02 0.02 1047.57 9318730.0
383 May 16, 2015 0.02 0.02 0.02 0.02 5612.69 9069870.0
384 May 17, 2015 0.02 0.02 0.02 0.02 3600.47 8352670.0
385 May 18, 2015 0.02 0.02 0.02 0.02 3251.99 8583920.0
386 May 19, 2015 0.02 0.02 0.02 0.02 17123.3 8546630.0
387 May 20, 2015 0.02 0.02 0.02 0.02 3676.04 7832010.0
388 May 21, 2015 0.02 0.02 0.01 0.02 11497.3 8286510.0
389 May 22, 2015 0.02 0.02 0.02 0.02 2421.1 7602340.0
390 May 23, 2015 0.02 0.02 0.02 0.02 2164.35 8336920.0
391 May 24, 2015 0.02 0.02 0.02 0.02 1365.89 8356920.0
392 May 25, 2015 0.02 0.02 0.02 0.02 9355.04 8375020.0
393 May 26, 2015 0.02 0.02 0.02 0.02 1287.73 7687550.0
394 May 27, 2015 0.02 0.02 0.01 0.01 2883.83 7494400.0
395 May 28, 2015 0.01 0.02 0.01 0.02 2089.33 7123900.0
396 May 29, 2015 0.02 0.02 0.02 0.02 7598.74 7838340.0
397 May 30, 2015 0.02 0.02 0.01 0.02 349.0 7505540.0
398 May 31, 2015 0.02 0.02 0.01 0.02 3204.15 7489700.0
399 >Jun 01, 201 0.02 0.02 0.02 0.02 4374.84 7562960.0
400 Jun 02, 2015 0.02 0.02 0.01 0.02 5402.06 7652030.0
401 Jun 03, 2015 0.02 0.02 0.01 0.02 4068.86 7296320.0
402 Jun 04, 2015 0.02 0.02 0.01 0.01 5805.26 7513090.0
403 Jun 05, 2015 0.01 0.02 0.01 0.01 1510.91 6902100.0
404 Jun 06, 2015 0.01 0.01 0.01 0.01 2422.9 7112810.0
405 Jun 07, 2015 0.01 0.02 0.01 0.01 3340.85 6952160.0
406 Jun 08, 2015 0.01 0.02 0.01 0.02 4948.68 7162370.0
407 Jun 09, 2015 0.02 0.02 0.01 0.02 2110.3 7296590.0
408 Jun 10, 2015 0.02 0.02 0.02 0.02 2311.13 7508340.0
409 Jun 11, 2015 0.02 0.02 0.02 0.02 3005.4 7411450.0
410 Jun 12, 2015 0.02 0.02 0.02 0.02 2733.41 7454170.0
411 Jun 13, 2015 0.02 0.02 0.01 0.02 1436.96 7550840.0
412 Jun 14, 2015 0.02 0.02 0.02 0.02 1024.68 7509250.0
413 Jun 15, 2015 0.02 0.02 0.02 0.02 7560.37 7476120.0
414 Jun 16, 2015 0.02 0.02 0.02 0.02 11751.2 7799420.0
415 Jun 17, 2015 0.02 0.02 0.02 0.02 8632.75 8077290.0
416 Jun 18, 2015 0.02 0.02 0.02 0.02 3941.9 8458570.0
417 Jun 19, 2015 0.02 0.02 0.02 0.02 5436.1 8203010.0
418 Jun 20, 2015 0.02 0.02 0.02 0.02 1386.77 8480830.0
419 Jun 21, 2015 0.02 0.02 0.02 0.02 11125.5 7990040.0
420 Jun 22, 2015 0.02 0.02 0.02 0.02 1682.97 8244150.0
421 Jun 23, 2015 0.02 0.02 0.02 0.02 4915.22 8286230.0
422 Jun 24, 2015 0.02 0.02 0.02 0.02 3683.59 8278950.0
423 Jun 25, 2015 0.02 0.02 0.02 0.02 3490.94 8124450.0
424 Jun 26, 2015 0.02 0.02 0.02 0.02 1297.86 8354620.0
425 Jun 27, 2015 0.02 0.02 0.02 0.02 8591.4 8376650.0
426 Jun 28, 2015 0.02 0.02 0.02 0.02 2745.33 8907140.0
427 Jun 29, 2015 0.02 0.02 0.02 0.02 6687.57 8392450.0
428 Jun 30, 2015 0.02 0.02 0.02 0.02 21197.5 8497670.0
429 Jul 01, 2015 0.02 0.02 0.02 0.02 8537.88 8179070.0
430 Jul 02, 2015 0.02 0.02 0.02 0.02 8884.46 8304020.0
431 Jul 03, 2015 0.02 0.02 0.02 0.02 5613.26 8221290.0
432 Jul 04, 2015 0.02 0.02 0.02 0.02 11810.3 8301300.0
433 Jul 05, 2015 0.02 0.03 0.02 0.03 30287.2 9337700.0
434 Jul 06, 2015 0.02 0.03 0.02 0.03 28677.5 10372800.0
435 Jul 07, 2015 0.03 0.03 0.02 0.03 15991.2 11592100.0
436 Jul 08, 2015 0.03 0.03 0.02 0.03 14281.1 11369700.0
437 Jul 09, 2015 0.03 0.03 0.02 0.02 14872.3 12115500.0
438 Jul 10, 2015 0.02 0.03 0.02 0.03 16548.2 11062700.0
439 Jul 11, 2015 0.03 0.03 0.03 0.03 23518.6 12389800.0
440 Jul 12, 2015 0.03 0.03 0.03 0.03 9669.17 12552300.0
441 Jul 13, 2015 0.03 0.03 0.03 0.03 3295.29 12918200.0
442 Jul 14, 2015 0.03 0.03 0.03 0.03 7585.31 12020200.0
443 Jul 15, 2015 0.03 0.03 0.03 0.03 7586.33 12628200.0
444 Jul 16, 2015 0.03 0.03 0.03 0.03 5724.44 12679300.0
445 Jul 17, 2015 0.03 0.03 0.03 0.03 15944.3 12296800.0
446 Jul 18, 2015 0.03 0.03 0.03 0.03 4463.63 12584900.0
447 Jul 19, 2015 0.03 0.03 0.03 0.03 6197.01 12637900.0
448 Jul 20, 2015 0.03 0.03 0.03 0.03 25074.4 12366400.0
449 Jul 21, 2015 0.03 0.04 0.03 0.03 38820.3 13605600.0
450 Jul 22, 2015 0.03 0.04 0.03 0.03 39658.3 14453200.0
451 Jul 23, 2015 0.03 0.03 0.03 0.03 13938.5 14338400.0
452 Jul 24, 2015 0.03 0.04 0.03 0.03 26933.8 14775100.0
453 Jul 25, 2015 0.03 0.04 0.03 0.03 38284.2 15522100.0
454 Jul 26, 2015 0.03 0.04 0.03 0.03 5095.22 15482700.0
455 Jul 27, 2015 0.03 0.04 0.03 0.03 7611.93 15293300.0
456 Jul 28, 2015 0.03 0.04 0.03 0.04 12701.4 15270700.0
457 Jul 29, 2015 0.04 0.04 0.03 0.03 5020.52 16497100.0
458 Jul 30, 2015 0.03 0.04 0.03 0.03 16289.6 15780800.0
459 Jul 31, 2015 0.03 0.03 0.03 0.03 9299.52 14954500.0
460 Aug 01, 2015 0.03 0.03 0.03 0.03 6162.53 15066800.0
461 Aug 02, 2015 0.03 0.03 0.03 0.03 47916.1 14734400.0
462 Aug 03, 2015 0.03 0.03 0.03 0.03 30525.2 13713600.0
463 Aug 04, 2015 0.03 0.03 0.02 0.03 56714.5 12129300.0
464 Aug 05, 2015 0.03 0.03 0.02 0.02 22827.6 11956300.0
465 Aug 06, 2015 0.03 0.03 0.02 0.03 7745.38 11358200.0
466 Aug 07, 2015 0.03 0.03 0.02 0.02 9943.52 11458700.0
467 Aug 08, 2015 0.02 0.02 0.02 0.02 14441.5 10577800.0
468 Aug 09, 2015 0.02 0.02 0.02 0.02 18628.0 10104700.0
469 Aug 10, 2015 0.02 0.02 0.02 0.02 14196.3 10086600.0
470 Aug 11, 2015 0.02 0.02 0.02 0.02 17497.3 10353300.0
471 Aug 12, 2015 0.02 0.02 0.02 0.02 20560.0 10033900.0
472 Aug 13, 2015 0.02 0.02 0.02 0.02 45883.2 9883840.0
473 Aug 14, 2015 0.02 0.02 0.02 0.02 27564.0 9904200.0
474 Aug 15, 2015 0.02 0.02 0.02 0.02 19791.4 10005700.0
475 Aug 16, 2015 0.02 0.02 0.02 0.02 14600.0 9594250.0
476 Aug 17, 2015 0.02 0.02 0.02 0.02 12407.7 9575380.0
477 Aug 18, 2015 0.02 0.02 0.02 0.02 26850.1 9579630.0
478 Aug 19, 2015 0.02 0.02 0.02 0.02 21917.9 7703260.0
479 Aug 20, 2015 0.02 0.02 0.02 0.02 12284.9 8488300.0
480 Aug 21, 2015 0.02 0.02 0.02 0.02 9840.56 8822870.0
481 Aug 22, 2015 0.02 0.02 0.02 0.02 15297.6 8625110.0
482 Aug 23, 2015 0.02 0.02 0.02 0.02 14525.5 8449520.0
483 Aug 24, 2015 0.02 0.02 0.02 0.02 17867.6 8946240.0
484 Aug 25, 2015 0.02 0.02 0.02 0.02 19275.1 8431010.0
485 Aug 26, 2015 0.02 0.02 0.02 0.02 23439.8 8395620.0
486 Aug 27, 2015 0.02 0.02 0.02 0.02 33126.0 8928220.0
487 Aug 28, 2015 0.02 0.02 0.02 0.02 35687.8 9114720.0
488 Aug 29, 2015 0.02 0.02 0.02 0.02 5506.45 9388430.0
489 Aug 30, 2015 0.02 0.02 0.02 0.02 12083.0 9129160.0
490 Aug 31, 2015 0.02 0.02 0.02 0.02 43350.3 9445720.0
491 Sep 01, 2015 0.02 0.02 0.02 0.02 12773.4 10150100.0
492 Sep 02, 2015 0.02 0.02 0.02 0.02 28018.2 9993850.0
493 Sep 03, 2015 0.02 0.02 0.02 0.02 44171.1 10253900.0
494 Sep 04, 2015 0.02 0.02 0.02 0.02 18283.9 10325500.0
495 Sep 05, 2015 0.02 0.02 0.02 0.02 14577.8 10246700.0
496 Sep 06, 2015 0.02 0.02 0.02 0.02 10452.6 10373800.0
497 Sep 07, 2015 0.02 0.02 0.02 0.02 13648.9 10496900.0
498 Sep 08, 2015 0.02 0.02 0.02 0.02 10100.8 10721400.0
499 Sep 09, 2015 0.02 0.02 0.02 0.02 9206.77 10132700.0
500 Sep 10, 2015 0.02 0.02 0.02 0.02 7194.13 10272000.0
501 Sep 11, 2015 0.02 0.02 0.02 0.02 14522.3 10185600.0
502 Sep 12, 2015 0.02 0.02 0.02 0.02 10986.1 9800480.0
503 Sep 13, 2015 0.02 0.02 0.02 0.02 2699.22 9483960.0
504 Sep 14, 2015 0.02 0.02 0.02 0.02 13817.5 9513870.0
505 Sep 15, 2015 0.02 0.02 0.02 0.02 13834.0 9453640.0
506 Sep 16, 2015 0.02 0.02 0.02 0.02 9284.73 9521070.0
507 Sep 17, 2015 0.02 0.02 0.02 0.02 13079.4 9144320.0
508 Sep 18, 2015 0.02 0.02 0.02 0.02 9297.16 9360100.0
509 Sep 19, 2015 0.02 0.02 0.02 0.02 8195.3 9447620.0
510 Sep 20, 2015 0.02 0.02 0.02 0.02 4285.51 9433860.0
511 Sep 21, 2015 0.02 0.02 0.02 0.02 6771.07 9385440.0
512 Sep 22, 2015 0.02 0.02 0.02 0.02 11870.1 9231620.0
513 Sep 23, 2015 0.02 0.02 0.02 0.02 24934.4 9285650.0
514 Sep 24, 2015 0.02 0.02 0.02 0.02 10803.4 8722810.0
515 Sep 25, 2015 0.02 0.02 0.02 0.02 2098.05 9126260.0
516 Sep 26, 2015 0.02 0.02 0.02 0.02 8006.72 9275420.0
517 Sep 27, 2015 0.02 0.02 0.02 0.02 6881.41 9200160.0
518 Sep 28, 2015 0.02 0.02 0.02 0.02 17375.6 9070150.0
519 Sep 29, 2015 0.02 0.02 0.02 0.02 7120.43 9167260.0
520 Sep 30, 2015 0.02 0.02 0.02 0.02 14328.4 8919400.0
521 Oct 01, 2015 0.02 0.02 0.02 0.02 46628.8 9072910.0
522 Oct 02, 2015 0.02 0.02 0.02 0.02 12610.5 8423720.0
523 Oct 03, 2015 0.02 0.02 0.02 0.02 7786.47 8328960.0
524 Oct 04, 2015 0.02 0.02 0.02 0.02 6121.17 8495000.0
525 Oct 05, 2015 0.02 0.02 0.02 0.02 12696.0 8505990.0
526 Oct 06, 2015 0.02 0.02 0.02 0.02 8439.67 8437570.0
527 Oct 07, 2015 0.02 0.02 0.02 0.02 9478.29 8708060.0
528 Oct 08, 2015 0.02 0.02 0.02 0.02 4810.69 8760510.0
529 Oct 09, 2015 0.02 0.02 0.02 0.02 16187.7 8879850.0
530 Oct 10, 2015 0.02 0.02 0.02 0.02 33583.9 9300000.0
531 Oct 11, 2015 0.02 0.02 0.02 0.02 11167.5 9037790.0
532 Oct 12, 2015 0.02 0.02 0.02 0.02 5038.96 8808980.0
533 Oct 13, 2015 0.02 0.02 0.02 0.02 7614.84 8660680.0
534 Oct 14, 2015 0.02 0.02 0.02 0.02 20512.0 8950810.0
535 Oct 15, 2015 0.02 0.02 0.02 0.02 17538.3 8942210.0
536 Oct 16, 2015 0.02 0.02 0.02 0.02 15330.8 8845050.0
537 Oct 17, 2015 0.02 0.02 0.02 0.02 44304.0 8774220.0
538 Oct 18, 2015 0.02 0.02 0.02 0.02 9032.65 8061540.0
539 Oct 19, 2015 0.02 0.02 0.02 0.02 9374.35 7593690.0
540 Oct 20, 2015 0.02 0.02 0.01 0.01 89878.6 7913200.0
541 Oct 21, 2015 0.01 0.02 0.01 0.02 40869.2 7138970.0
542 Oct 22, 2015 0.02 0.02 0.01 0.01 81115.7 7570890.0
543 Oct 23, 2015 0.01 0.02 0.01 0.01 20027.6 6895360.0
544 Oct 24, 2015 0.01 0.01 0.01 0.01 56323.8 6905770.0
545 Oct 25, 2015 0.01 0.02 0.01 0.01 86250.5 6137830.0
546 Oct 26, 2015 0.01 0.01 0.01 0.01 55152.3 6223550.0
547 Oct 27, 2015 0.01 0.02 0.01 0.01 38841.0 6244590.0
548 Oct 28, 2015 0.01 0.02 0.01 0.01 27670.8 7176940.0
549 Oct 29, 2015 0.01 0.02 0.01 0.02 19976.5 6756290.0
550 Oct 30, 2015 0.02 0.02 0.01 0.02 19615.8 7287500.0
551 Oct 31, 2015 0.02 0.02 0.01 0.01 5780.82 7409780.0
552 Nov 01, 2015 0.01 0.02 0.01 0.02 21399.6 6843860.0
553 Nov 02, 2015 0.02 0.02 0.01 0.02 13128.1 7363750.0
554 Nov 03, 2015 0.01 0.02 0.01 0.01 81547.8 7111000.0
555 Nov 04, 2015 0.01 0.01 0.01 0.01 85450.2 6907810.0
556 Nov 05, 2015 0.01 0.01 0.01 0.01 22263.2 5335590.0
557 Nov 06, 2015 0.01 0.01 0.01 0.01 30182.6 5822270.0
558 Nov 07, 2015 0.01 0.01 0.01 0.01 10104.4 6005510.0
559 Nov 08, 2015 0.01 0.01 0.01 0.01 6471.45 6301750.0
560 Nov 09, 2015 0.01 0.01 0.01 0.01 5042.67 5853090.0
561 Nov 10, 2015 0.01 0.01 0.01 0.01 6722.37 6071220.0
562 Nov 11, 2015 0.01 0.01 0.01 0.01 21102.4 5790540.0
563 Nov 12, 2015 0.01 0.02 0.01 0.02 35236.4 6722350.0
564 Nov 13, 2015 0.02 0.02 0.01 0.01 5738.09 7295140.0
565 Nov 14, 2015 0.01 0.01 0.01 0.01 5465.02 6994110.0
566 Nov 15, 2015 0.01 0.02 0.01 0.01 4407.93 6494850.0
567 Nov 16, 2015 0.01 0.01 0.01 0.01 1205.67 6811320.0
568 Nov 17, 2015 0.01 0.02 0.01 0.01 4547.9 6896080.0
569 Nov 18, 2015 0.01 0.02 0.01 0.01 1090.18 6881780.0
570 Nov 19, 2015 0.01 0.01 0.01 0.01 4813.11 6960210.0
571 Nov 20, 2015 0.01 0.01 0.01 0.01 33979.6 6239200.0
572 Nov 21, 2015 0.01 0.01 0.01 0.01 7566.54 5399900.0
573 Nov 22, 2015 0.01 0.01 0.01 0.01 6705.94 5627720.0
574 Nov 23, 2015 0.01 0.01 0.01 0.01 5647.05 5654460.0
575 Nov 24, 2015 0.01 0.01 0.01 0.01 7940.67 5410670.0
576 Nov 25, 2015 0.01 0.01 0.01 0.01 7907.09 5266310.0
577 Nov 26, 2015 0.01 0.01 0.01 0.01 14354.5 5399090.0
578 Nov 27, 2015 0.01 0.01 0.01 0.01 4834.77 5621380.0
579 Nov 28, 2015 0.01 0.01 0.01 0.01 4244.3 5724610.0
580 Nov 29, 2015 0.01 0.01 0.01 0.01 5174.3 5872950.0
581 Nov 30, 2015 0.01 0.01 0.01 0.01 13809.9 5960120.0
582 Dec 01, 2015 0.01 0.01 0.01 0.01 16950.4 5617940.0
583 Dec 02, 2015 0.01 0.01 0.01 0.01 1500.64 5623510.0
584 Dec 03, 2015 0.01 0.01 0.01 0.01 2847.68 5567390.0
585 Dec 04, 2015 0.01 0.01 0.01 0.01 12240.7 5712210.0
586 Dec 05, 2015 0.01 0.01 0.01 0.01 7575.92 6002430.0
587 Dec 06, 2015 0.01 0.02 0.01 0.01 15349.3 6917580.0
588 Dec 07, 2015 0.01 0.02 0.01 0.01 20112.8 7240120.0
589 Dec 08, 2015 0.01 0.02 0.01 0.02 23451.8 6974010.0
590 Dec 09, 2015 0.01 0.02 0.01 0.02 8988.38 7221650.0
591 Dec 10, 2015 0.02 0.02 0.01 0.02 1185.6 7420820.0
592 Dec 11, 2015 0.02 0.02 0.01 0.02 8431.1 7366870.0
593 >Dec 12, 201 0.02 0.02 0.02 0.02 6399.56 8003070.0
594 Dec 13, 2015 0.02 0.02 0.02 0.02 3864.29 7461960.0
595 Dec 14, 2015 0.02 0.02 0.01 0.01 6162.97 7286550.0
596 Dec 15, 2015 0.01 0.02 0.01 0.01 14690.0 7001440.0
597 Dec 16, 2015 0.01 0.02 0.01 0.01 10858.7 7132410.0
598 Dec 17, 2015 0.01 0.02 0.01 0.01 5313.61 7203770.0
599 Dec 18, 2015 0.01 0.01 0.01 0.01 4257.55 6798970.0
600 Dec 19, 2015 0.01 0.02 0.01 0.01 7262.28 6965730.0
601 Dec 20, 2015 0.01 0.01 0.01 0.01 6808.42 6768460.0
602 Dec 21, 2015 0.01 0.02 0.01 0.01 8306.95 6802990.0
603 Dec 22, 2015 0.01 0.01 0.01 0.01 6776.82 6553910.0
604 Dec 23, 2015 0.01 0.02 0.01 0.01 27599.8 6899210.0
605 Dec 24, 2015 0.01 0.01 0.01 0.01 3901.34 6354470.0
606 Dec 25, 2015 0.01 0.01 0.01 0.01 2518.28 6724840.0
607 Dec 26, 2015 0.01 0.01 0.01 0.01 4860.04 6617180.0
608 Dec 27, 2015 0.01 0.01 0.01 0.01 1352.93 6225990.0
609 Dec 28, 2015 0.01 0.01 0.01 0.01 2391.47 6542230.0
610 Dec 29, 2015 0.01 0.01 0.01 0.01 11735.1 6264280.0
611 Dec 30, 2015 0.01 0.01 0.01 0.01 2326.69 6334960.0
612 Dec 31, 2015 0.01 0.01 0.01 0.01 6279.63 6180100.0
613 Jan 01, 2016 0.01 0.01 0.01 0.01 5787.2 6586220.0
614 Jan 02, 2016 0.01 0.01 0.01 0.01 2432.09 6519420.0
615 Jan 03, 2016 0.01 0.01 0.01 0.01 7725.22 6637770.0
616 Jan 04, 2016 0.01 0.02 0.01 0.01 12981.0 6791540.0
617 Jan 05, 2016 0.01 0.02 0.01 0.01 6417.95 6709770.0
618 Jan 06, 2016 0.01 0.02 0.01 0.02 20121.0 6642560.0
619 Jan 07, 2016 0.02 0.02 0.01 0.02 40361.1 7954150.0
620 Jan 08, 2016 0.02 0.02 0.02 0.02 24942.2 7771320.0
621 Jan 09, 2016 0.02 0.02 0.02 0.02 2810.82 7902060.0
622 Jan 10, 2016 0.02 0.02 0.02 0.02 6586.7 7711360.0
623 Jan 11, 2016 0.02 0.02 0.02 0.02 6393.57 7696880.0
624 Jan 12, 2016 0.02 0.02 0.02 0.02 12208.7 7961210.0
625 Jan 13, 2016 0.02 0.02 0.02 0.02 13115.9 7886900.0
626 Jan 14, 2016 0.02 0.02 0.01 0.02 13553.0 7862060.0
627 Jan 15, 2016 0.02 0.02 0.01 0.01 13863.5 7425300.0
628 Jan 16, 2016 0.01 0.01 0.01 0.01 15035.6 6687230.0
629 Jan 17, 2016 0.01 0.01 0.01 0.01 3952.03 6964370.0
630 Jan 18, 2016 0.01 0.02 0.01 0.02 183548.0 6736060.0
631 Jan 19, 2016 0.02 0.02 0.02 0.02 122728.0 8757250.0
632 Jan 20, 2016 0.02 0.02 0.01 0.02 208735.0 8554780.0
633 Jan 21, 2016 0.02 0.02 0.02 0.02 49553.7 7610980.0
634 Jan 22, 2016 0.02 0.02 0.01 0.01 53328.3 7466800.0
635 Jan 23, 2016 0.02 0.02 0.01 0.02 103859.0 7411040.0
636 Jan 24, 2016 0.02 0.02 0.02 0.02 48692.8 7937450.0
637 Jan 25, 2016 0.02 0.02 0.02 0.02 41730.0 8740240.0
638 Jan 26, 2016 0.02 0.02 0.02 0.02 206228.0 8236820.0
639 Jan 27, 2016 0.02 0.02 0.02 0.02 86009.2 8983930.0
640 Jan 28, 2016 0.02 0.02 0.02 0.02 65252.8 10718700.0
641 Jan 29, 2016 0.02 0.02 0.02 0.02 113201.0 9816500.0
642 Jan 30, 2016 0.02 0.02 0.02 0.02 86377.4 8773270.0
643 Jan 31, 2016 0.02 0.02 0.02 0.02 58491.4 9475410.0
644 Feb 01, 2016 0.02 0.02 0.02 0.02 40138.4 9067300.0
645 Feb 02, 2016 0.02 0.02 0.02 0.02 107198.0 8777980.0
646 Feb 03, 2016 0.02 0.02 0.02 0.02 35521.7 8310850.0
647 Feb 04, 2016 0.02 0.02 0.02 0.02 49353.6 8246230.0
648 Feb 05, 2016 0.02 0.02 0.02 0.02 56417.6 9248410.0
649 Feb 06, 2016 0.02 0.02 0.02 0.02 22541.6 9593840.0
650 Feb 07, 2016 0.02 0.02 0.02 0.02 28505.4 8952750.0
651 Feb 08, 2016 0.02 0.02 0.02 0.02 41224.4 9545780.0
652 Feb 09, 2016 0.02 0.02 0.02 0.02 65458.0 9379870.0
653 Feb 10, 2016 0.02 0.03 0.02 0.03 342853.0 9107440.0
654 Feb 11, 2016 0.03 0.05 0.03 0.03 1688700.0 12793700.0
655 Feb 12, 2016 0.03 0.04 0.03 0.04 251712.0 15181900.0
656 Feb 13, 2016 0.04 0.04 0.04 0.04 151376.0 17864400.0
657 Feb 14, 2016 0.04 0.05 0.04 0.04 272079.0 17109700.0
658 Feb 15, 2016 0.05 0.05 0.04 0.05 368084.0 20883900.0
659 Feb 16, 2016 0.05 0.07 0.04 0.05 1582470.0 24339900.0
660 Feb 17, 2016 0.05 0.05 0.04 0.05 960935.0 21178500.0
661 Feb 18, 2016 0.05 0.05 0.04 0.05 512532.0 22609100.0
662 Feb 19, 2016 0.05 0.05 0.05 0.05 275660.0 21203300.0
663 Feb 20, 2016 0.05 0.05 0.05 0.05 183364.0 22649100.0
664 Feb 21, 2016 0.05 0.06 0.05 0.06 167012.0 22818100.0
665 Feb 22, 2016 0.05 0.06 0.05 0.06 579373.0 24749800.0
666 Feb 23, 2016 0.06 0.07 0.05 0.06 1171040.0 27021800.0
667 Feb 24, 2016 0.06 0.07 0.06 0.07 1179950.0 27930700.0
668 Feb 25, 2016 0.07 0.07 0.06 0.07 851955.0 31558100.0
669 Feb 26, 2016 0.07 0.08 0.06 0.07 1001770.0 29944400.0
670 Feb 27, 2016 0.07 0.09 0.07 0.08 1881970.0 32371400.0
671 Feb 28, 2016 0.09 0.11 0.08 0.09 4523880.0 38686800.0
672 Feb 29, 2016 0.09 0.09 0.08 0.09 1235240.0 39624400.0
673 Mar 01, 2016 0.09 0.09 0.07 0.08 1256940.0 41004700.0
674 Mar 02, 2016 0.08 0.09 0.08 0.09 1295610.0 36060700.0
675 Mar 03, 2016 0.09 0.1 0.09 0.1 1784540.0 38938900.0
676 Mar 04, 2016 0.1 0.1 0.09 0.1 1037990.0 44704800.0
677 Mar 05, 2016 0.1 0.12 0.09 0.11 1756960.0 44618000.0
678 Mar 06, 2016 0.11 0.12 0.09 0.1 1948440.0 49124600.0
679 Mar 07, 2016 0.1 0.12 0.1 0.1 1989790.0 47591300.0
680 Mar 08, 2016 0.1 0.11 0.1 0.1 1051390.0 46550900.0
681 Mar 09, 2016 0.1 0.11 0.1 0.11 783888.0 47527500.0
682 Mar 10, 2016 0.11 0.12 0.11 0.11 743564.0 48767000.0
683 Mar 11, 2016 0.11 0.11 0.1 0.11 653124.0 50813500.0
684 Mar 12, 2016 0.11 0.12 0.1 0.11 575368.0 49529100.0
685 Mar 13, 2016 0.11 0.11 0.09 0.09 1742440.0 48650300.0
686 Mar 14, 2016 0.1 0.1 0.09 0.09 678561.0 43034700.0
687 Mar 15, 2016 0.09 0.11 0.09 0.1 644180.0 42343200.0
688 Mar 16, 2016 0.1 0.1 0.09 0.1 455354.0 46849100.0
689 Mar 17, 2016 0.1 0.1 0.07 0.08 1058330.0 44224100.0
690 Mar 18, 2016 0.08 0.09 0.07 0.08 776299.0 38018100.0
691 Mar 19, 2016 0.08 0.09 0.07 0.08 554219.0 36338800.0
692 Mar 20, 2016 0.09 0.09 0.08 0.08 196135.0 39275300.0
693 Mar 21, 2016 0.08 0.1 0.08 0.09 433710.0 37840400.0
694 Mar 22, 2016 0.09 0.1 0.09 0.09 1125120.0 42035900.0
695 Mar 23, 2016 0.09 0.1 0.09 0.09 319866.0 39707700.0
696 Mar 24, 2016 0.09 0.1 0.09 0.1 487445.0 41149100.0
697 Mar 25, 2016 0.1 0.1 0.09 0.1 335060.0 44120900.0
698 Mar 26, 2016 0.1 0.1 0.09 0.09 337372.0 44193600.0
699 Mar 27, 2016 0.09 0.1 0.08 0.09 458546.0 42117500.0
700 Mar 28, 2016 0.09 0.11 0.09 0.09 220639.0 39994900.0
701 Mar 29, 2016 0.09 0.09 0.09 0.09 199610.0 40681400.0
702 Mar 30, 2016 0.09 0.09 0.08 0.08 344576.0 39687200.0
703 >Mar 31, 201 0.08 0.09 0.08 0.08 197295.0 37939100.0
704 Apr 01, 2016 0.08 0.08 0.08 0.08 166052.0 36683100.0
705 Apr 02, 2016 0.08 0.08 0.08 0.08 133814.0 36218600.0
706 Apr 03, 2016 0.08 0.08 0.08 0.08 139365.0 36110900.0
707 Apr 04, 2016 0.08 0.08 0.08 0.08 159205.0 37064300.0
708 Apr 05, 2016 0.08 0.08 0.08 0.08 214400.0 37336600.0
709 Apr 06, 2016 0.08 0.08 0.07 0.07 191250.0 35071300.0
710 Apr 07, 2016 0.07 0.08 0.07 0.07 103627.0 34308300.0
711 Apr 08, 2016 0.07 0.08 0.07 0.08 181604.0 33877500.0
712 Apr 09, 2016 0.08 0.08 0.07 0.07 102881.0 34461100.0
713 Apr 10, 2016 0.07 0.07 0.05 0.07 1005620.0 33820900.0
714 Apr 11, 2016 0.07 0.07 0.06 0.06 243035.0 30448900.0
715 Apr 12, 2016 0.06 0.08 0.06 0.08 889535.0 28132900.0
716 Apr 13, 2016 0.08 0.08 0.07 0.08 959498.0 36839400.0
717 Apr 14, 2016 0.08 0.08 0.07 0.08 344636.0 36047600.0
718 Apr 15, 2016 0.08 0.08 0.07 0.07 186775.0 34675300.0
719 Apr 16, 2016 0.07 0.08 0.07 0.08 100020.0 34269500.0
720 Apr 17, 2016 0.08 0.09 0.08 0.08 562026.0 35050500.0
721 Apr 18, 2016 0.08 0.08 0.08 0.08 136966.0 36413200.0
722 Apr 19, 2016 0.08 0.09 0.07 0.08 446426.0 37905900.0
723 Apr 20, 2016 0.08 0.08 0.08 0.08 177374.0 35661900.0
724 Apr 21, 2016 0.08 0.08 0.07 0.08 402294.0 35589500.0
725 Apr 22, 2016 0.07 0.08 0.07 0.07 380914.0 34274500.0
726 Apr 23, 2016 0.07 0.08 0.07 0.07 309897.0 32331600.0
727 Apr 24, 2016 0.07 0.07 0.07 0.07 214339.0 34016800.0
728 Apr 25, 2016 0.07 0.07 0.06 0.06 537331.0 32118600.0
729 Apr 26, 2016 0.06 0.06 0.05 0.05 802554.0 27672800.0
730 Apr 27, 2016 0.05 0.06 0.05 0.05 610037.0 22706800.0
731 Apr 28, 2016 0.05 0.06 0.05 0.05 249361.0 24769600.0
732 Apr 29, 2016 0.05 0.06 0.05 0.05 192749.0 24750600.0
733 Apr 30, 2016 0.05 0.06 0.05 0.06 179701.0 23755000.0
734 May 01, 2016 0.06 0.06 0.05 0.06 144805.0 25354800.0
735 May 02, 2016 0.06 0.06 0.06 0.06 184953.0 26243100.0
736 May 03, 2016 0.06 0.06 0.06 0.06 297398.0 27519200.0
737 May 04, 2016 0.06 0.06 0.06 0.06 218531.0 26857900.0
738 May 05, 2016 0.06 0.06 0.06 0.06 51444.3 26285600.0
739 May 06, 2016 0.06 0.06 0.06 0.06 150616.0 26444000.0
740 May 07, 2016 0.06 0.06 0.05 0.05 684554.0 26310300.0
741 May 08, 2016 0.05 0.05 0.05 0.05 307660.0 23173600.0
742 May 09, 2016 0.05 0.05 0.04 0.05 453568.0 22707100.0
743 May 10, 2016 0.05 0.06 0.05 0.05 2125310.0 21510000.0
744 May 11, 2016 0.05 0.05 0.05 0.05 273040.0 24006300.0
745 May 12, 2016 0.05 0.05 0.05 0.05 223011.0 24051900.0
746 May 13, 2016 0.05 0.05 0.05 0.05 132859.0 23867500.0
747 May 14, 2016 0.05 0.05 0.05 0.05 196094.0 23828300.0
748 May 15, 2016 0.05 0.05 0.05 0.05 52498.8 23085200.0
749 May 16, 2016 0.05 0.06 0.05 0.06 374441.0 23666600.0
750 May 17, 2016 0.06 0.07 0.06 0.06 1636920.0 26738700.0
751 May 18, 2016 0.06 0.06 0.06 0.06 654567.0 27909100.0
752 May 19, 2016 0.06 0.06 0.06 0.06 547101.0 26232200.0
753 May 20, 2016 0.06 0.06 0.05 0.06 758868.0 27049300.0
754 May 21, 2016 0.06 0.06 0.06 0.06 433931.0 25828900.0
755 May 22, 2016 0.06 0.06 0.06 0.06 271536.0 26475400.0
756 May 23, 2016 0.06 0.06 0.06 0.06 413464.0 27084800.0
757 May 24, 2016 0.06 0.06 0.05 0.06 307131.0 26161600.0
758 May 25, 2016 0.06 0.06 0.05 0.06 260799.0 25317400.0
759 May 26, 2016 0.06 0.06 0.05 0.05 226267.0 25073200.0
760 May 27, 2016 0.05 0.06 0.05 0.05 441756.0 24711200.0
761 May 28, 2016 0.05 0.06 0.05 0.06 581545.0 24764100.0
762 May 29, 2016 0.06 0.06 0.06 0.06 369392.0 26055500.0
763 May 30, 2016 0.06 0.07 0.06 0.07 415024.0 29005300.0
764 May 31, 2016 0.07 0.07 0.06 0.06 887758.0 32286500.0
765 Jun 01, 2016 0.06 0.06 0.05 0.06 1200160.0 28049700.0
766 Jun 02, 2016 0.06 0.06 0.06 0.06 380672.0 26404200.0
767 Jun 03, 2016 0.06 0.06 0.06 0.06 316376.0 27325400.0
768 Jun 04, 2016 0.06 0.06 0.06 0.06 241253.0 27395800.0
769 Jun 05, 2016 0.06 0.06 0.06 0.06 130192.0 27690800.0
770 Jun 06, 2016 0.06 0.06 0.06 0.06 314356.0 27685000.0
771 Jun 07, 2016 0.06 0.06 0.05 0.06 541168.0 26904400.0
772 Jun 08, 2016 0.06 0.06 0.05 0.06 227555.0 25213200.0
773 Jun 09, 2016 0.06 0.06 0.05 0.06 436743.0 24892000.0
774 Jun 10, 2016 0.06 0.06 0.05 0.05 144775.0 25168900.0
775 Jun 11, 2016 0.06 0.06 0.05 0.06 60024.8 24989400.0
776 Jun 12, 2016 0.06 0.06 0.05 0.05 614155.0 25864200.0
777 Jun 13, 2016 0.05 0.06 0.05 0.05 551234.0 23550100.0
778 Jun 14, 2016 0.05 0.06 0.05 0.05 473956.0 24006600.0
779 Jun 15, 2016 0.05 0.07 0.05 0.07 2465240.0 23616400.0
780 Jun 16, 2016 0.07 0.08 0.07 0.08 1695250.0 32375000.0
781 Jun 17, 2016 0.08 0.08 0.06 0.07 1170100.0 35816400.0
782 Jun 18, 2016 0.07 0.07 0.07 0.07 479228.0 30350200.0
783 Jun 19, 2016 0.07 0.07 0.07 0.07 195570.0 32154000.0
784 Jun 20, 2016 0.07 0.08 0.07 0.08 394540.0 31716500.0
785 Jun 21, 2016 0.07 0.08 0.07 0.07 503741.0 34268600.0
786 Jun 22, 2016 0.07 0.09 0.07 0.08 1433000.0 33638400.0
787 Jun 23, 2016 0.08 0.09 0.07 0.09 786102.0 36234200.0
788 Jun 24, 2016 0.09 0.11 0.08 0.08 2137680.0 38700700.0
789 Jun 25, 2016 0.08 0.08 0.07 0.07 921933.0 35373600.0
790 Jun 26, 2016 0.07 0.08 0.07 0.08 269339.0 33695900.0
791 Jun 27, 2016 0.07 0.08 0.07 0.07 208772.0 33982700.0
792 Jun 28, 2016 0.07 0.07 0.07 0.07 246635.0 34163900.0
793 Jun 29, 2016 0.07 0.08 0.07 0.08 437105.0 33541100.0
794 Jun 30, 2016 0.08 0.08 0.07 0.08 385070.0 34658600.0
795 Jul 01, 2016 0.07 0.08 0.07 0.07 160876.0 34376700.0
796 Jul 02, 2016 0.07 0.07 0.07 0.07 300063.0 33530200.0
797 Jul 03, 2016 0.07 0.07 0.07 0.07 178904.0 32409600.0
798 Jul 04, 2016 0.07 0.07 0.07 0.07 103442.0 32193500.0
799 Jul 05, 2016 0.07 0.07 0.07 0.07 234980.0 32092300.0
800 Jul 06, 2016 0.07 0.07 0.07 0.07 110209.0 31263100.0
801 Jul 07, 2016 0.07 0.07 0.06 0.07 218403.0 30906000.0
802 Jul 08, 2016 0.07 0.07 0.07 0.07 144540.0 30601900.0
803 Jul 09, 2016 0.07 0.07 0.07 0.07 109846.0 30584700.0
804 Jul 10, 2016 0.07 0.07 0.07 0.07 205804.0 29984200.0
805 Jul 11, 2016 0.07 0.07 0.07 0.07 194119.0 30454100.0
806 Jul 12, 2016 0.07 0.07 0.07 0.07 203847.0 30628500.0
807 Jul 13, 2016 0.07 0.07 0.06 0.07 323371.0 31658300.0
808 Jul 14, 2016 0.07 0.07 0.06 0.07 126806.0 29881800.0
809 Jul 15, 2016 0.07 0.08 0.07 0.08 619451.0 30695300.0
810 Jul 16, 2016 0.08 0.08 0.07 0.07 227932.0 35648600.0
811 Jul 17, 2016 0.07 0.07 0.07 0.07 152616.0 34158600.0
812 Jul 18, 2016 0.07 0.08 0.07 0.07 117944.0 33516500.0
813 Jul 19, 2016 0.07 0.08 0.07 0.07 196335.0 33713500.0
814 Jul 20, 2016 0.07 0.07 0.07 0.07 134834.0 33414700.0
815 Jul 21, 2016 0.07 0.08 0.07 0.07 185485.0 32609200.0
816 Jul 22, 2016 0.07 0.08 0.07 0.07 193882.0 34029800.0
817 Jul 23, 2016 0.07 0.08 0.07 0.08 326395.0 34022000.0
818 Jul 24, 2016 0.08 0.08 0.07 0.08 263289.0 36126400.0
819 Jul 25, 2016 0.08 0.08 0.08 0.08 165457.0 36146700.0
820 Jul 26, 2016 0.08 0.08 0.07 0.07 675964.0 34959800.0
821 Jul 27, 2016 0.07 0.08 0.07 0.07 262743.0 33877800.0
822 Jul 28, 2016 0.07 0.08 0.07 0.07 187236.0 33803400.0
823 Jul 29, 2016 0.07 0.08 0.07 0.08 210492.0 34023200.0
824 Jul 30, 2016 0.08 0.08 0.08 0.08 306069.0 35476100.0
825 Jul 31, 2016 0.08 0.08 0.08 0.08 169271.0 36219200.0
826 Aug 01, 2016 0.08 0.08 0.07 0.07 155627.0 35249100.0
827 Aug 02, 2016 0.07 0.08 0.07 0.07 627763.0 34261000.0
828 Aug 03, 2016 0.07 0.07 0.07 0.07 383014.0 31807500.0
829 Aug 04, 2016 0.07 0.08 0.07 0.07 543430.0 31059700.0
830 Aug 05, 2016 0.07 0.09 0.07 0.08 793987.0 34125300.0
831 Aug 06, 2016 0.09 0.09 0.08 0.09 851678.0 38920800.0
832 Aug 07, 2016 0.09 0.09 0.08 0.09 649226.0 39797400.0
833 Aug 08, 2016 0.09 0.09 0.08 0.09 311110.0 38796300.0
834 Aug 09, 2016 0.09 0.1 0.09 0.09 1228590.0 41165200.0
835 Aug 10, 2016 0.09 0.09 0.09 0.09 826379.0 42077400.0
836 Aug 11, 2016 0.09 0.09 0.09 0.09 255147.0 39667700.0
837 Aug 12, 2016 0.09 0.14 0.09 0.12 5798800.0 40308100.0
838 Aug 13, 2016 0.12 0.13 0.1 0.1 3328370.0 53289000.0
839 Aug 14, 2016 0.1 0.11 0.1 0.11 1262070.0 46385300.0
840 Aug 15, 2016 0.11 0.11 0.1 0.1 628822.0 48851700.0
841 Aug 16, 2016 0.1 0.1 0.1 0.1 369375.0 46100200.0
842 Aug 17, 2016 0.1 0.1 0.1 0.1 287428.0 45744900.0
843 Aug 18, 2016 0.1 0.1 0.1 0.1 369519.0 45216400.0
844 Aug 19, 2016 0.1 0.1 0.1 0.1 293021.0 44171400.0
845 Aug 20, 2016 0.1 0.1 0.1 0.1 144440.0 45026300.0
846 Aug 21, 2016 0.1 0.11 0.1 0.11 403467.0 44688100.0
847 Aug 22, 2016 0.11 0.11 0.1 0.11 536259.0 48192300.0
848 Aug 23, 2016 0.11 0.11 0.1 0.1 782280.0 48039800.0
849 Aug 24, 2016 0.1 0.12 0.1 0.12 1400560.0 46912900.0
850 Aug 25, 2016 0.12 0.12 0.11 0.11 681019.0 53144600.0
851 Aug 26, 2016 0.11 0.12 0.11 0.11 450994.0 51431200.0
852 Aug 27, 2016 0.11 0.11 0.11 0.11 229637.0 49605600.0
853 Aug 28, 2016 0.11 0.11 0.1 0.11 379119.0 49878500.0
854 Aug 29, 2016 0.1 0.12 0.1 0.11 925643.0 47427000.0
855 Aug 30, 2016 0.11 0.11 0.11 0.11 340548.0 51481900.0
856 Aug 31, 2016 0.11 0.11 0.1 0.11 553648.0 50453700.0
857 Sep 01, 2016 0.11 0.11 0.09 0.1 706656.0 48471500.0
858 Sep 02, 2016 0.1 0.1 0.1 0.1 333883.0 44564100.0
859 Sep 03, 2016 0.1 0.1 0.09 0.09 613386.0 44657600.0
860 Sep 04, 2016 0.09 0.1 0.08 0.09 956501.0 40157200.0
861 Sep 05, 2016 0.09 0.1 0.09 0.1 334406.0 39946900.0
862 Sep 06, 2016 0.1 0.1 0.09 0.09 408419.0 43496900.0
863 Sep 07, 2016 0.09 0.09 0.09 0.09 166394.0 40445900.0
864 Sep 08, 2016 0.09 0.1 0.09 0.1 556324.0 41731200.0
865 Sep 09, 2016 0.1 0.1 0.1 0.1 264048.0 44598200.0
866 Sep 10, 2016 0.1 0.11 0.1 0.11 460265.0 44147400.0
867 Sep 11, 2016 0.11 0.11 0.1 0.1 288524.0 48371500.0
868 Sep 12, 2016 0.1 0.1 0.1 0.1 357911.0 45835900.0
869 Sep 13, 2016 0.1 0.1 0.1 0.1 229380.0 45182300.0
870 Sep 14, 2016 0.1 0.1 0.1 0.1 125140.0 44614500.0
871 Sep 15, 2016 0.1 0.1 0.09 0.1 267782.0 44155100.0
872 Sep 16, 2016 0.1 0.1 0.09 0.09 259796.0 43449500.0
873 Sep 17, 2016 0.09 0.09 0.09 0.09 189400.0 42189300.0
874 Sep 18, 2016 0.09 0.1 0.09 0.1 126436.0 41739000.0
875 Sep 19, 2016 0.1 0.1 0.09 0.09 215638.0 43047000.0
876 Sep 20, 2016 0.09 0.09 0.08 0.08 502771.0 41462900.0
877 Sep 21, 2016 0.08 0.09 0.08 0.09 283959.0 38336500.0
878 Sep 22, 2016 0.09 0.09 0.08 0.08 103826.0 39232200.0
879 Sep 23, 2016 0.08 0.09 0.08 0.09 128825.0 38325700.0
880 Sep 24, 2016 0.09 0.09 0.08 0.09 86926.0 38771700.0
881 Sep 25, 2016 0.09 0.09 0.08 0.09 163852.0 39202700.0
882 Sep 26, 2016 0.09 0.09 0.08 0.08 231914.0 38643800.0
883 >Sep 27, 201 0.08 0.09 0.08 0.08 164423.0 38310600.0
884 Sep 28, 2016 0.08 0.08 0.08 0.08 119172.0 37035600.0
885 Sep 29, 2016 0.08 0.09 0.08 0.08 115600.0 37360000.0
886 Sep 30, 2016 0.08 0.1 0.08 0.09 1098120.0 38014600.0
887 Oct 01, 2016 0.09 0.09 0.09 0.09 366913.0 41462500.0
888 Oct 02, 2016 0.09 0.09 0.09 0.09 118976.0 40379800.0
889 Oct 03, 2016 0.09 0.09 0.08 0.08 154112.0 40133300.0
890 Oct 04, 2016 0.08 0.09 0.08 0.09 133037.0 38291700.0
891 Oct 05, 2016 0.09 0.09 0.08 0.08 172398.0 39067700.0
892 Oct 06, 2016 0.08 0.09 0.08 0.08 76924.2 37446700.0
893 Oct 07, 2016 0.08 0.09 0.08 0.08 96381.5 37626200.0
894 Oct 08, 2016 0.08 0.09 0.08 0.08 144014.0 37684300.0
895 Oct 09, 2016 0.08 0.09 0.08 0.09 101146.0 38259900.0
896 Oct 10, 2016 0.09 0.09 0.08 0.09 98001.1 38585000.0
897 Oct 11, 2016 0.09 0.09 0.08 0.08 133360.0 38628200.0
898 Oct 12, 2016 0.08 0.08 0.08 0.08 185054.0 37748200.0
899 Oct 13, 2016 0.08 0.08 0.08 0.08 76704.7 37597600.0
900 Oct 14, 2016 0.08 0.08 0.08 0.08 68058.5 37224700.0
901 Oct 15, 2016 0.08 0.09 0.08 0.09 942923.0 37126900.0
902 Oct 16, 2016 0.09 0.09 0.09 0.09 269403.0 40096500.0
903 Oct 17, 2016 0.09 0.1 0.09 0.09 692185.0 40409600.0
904 Oct 18, 2016 0.09 0.09 0.09 0.09 708837.0 42472600.0
905 Oct 19, 2016 0.09 0.09 0.09 0.09 286044.0 41551100.0
906 Oct 20, 2016 0.09 0.09 0.09 0.09 253167.0 40810500.0
907 Oct 21, 2016 0.09 0.09 0.08 0.09 195916.0 40080700.0
908 Oct 22, 2016 0.09 0.09 0.09 0.09 115738.0 39475700.0
909 Oct 23, 2016 0.09 0.09 0.09 0.09 112827.0 40126500.0
910 Oct 24, 2016 0.09 0.09 0.09 0.09 138133.0 39834100.0
911 Oct 25, 2016 0.09 0.09 0.09 0.09 144896.0 40805700.0
912 Oct 26, 2016 0.09 0.09 0.09 0.09 144988.0 40546600.0
913 Oct 27, 2016 0.09 0.09 0.08 0.08 439658.0 40238800.0
914 Oct 28, 2016 0.08 0.08 0.07 0.07 713729.0 37460900.0
915 Oct 29, 2016 0.07 0.08 0.06 0.07 1283670.0 32896400.0
916 Oct 30, 2016 0.07 0.08 0.07 0.08 323955.0 33737600.0
917 Oct 31, 2016 0.08 0.08 0.07 0.07 387093.0 35178400.0
918 Nov 01, 2016 0.07 0.07 0.07 0.07 355137.0 32362200.0
919 Nov 02, 2016 0.07 0.07 0.07 0.07 188414.0 32959800.0
920 Nov 03, 2016 0.07 0.08 0.07 0.07 352820.0 33232100.0
921 Nov 04, 2016 0.07 0.08 0.07 0.08 179912.0 33075500.0
922 Nov 05, 2016 0.08 0.08 0.08 0.08 74598.7 35111200.0
923 Nov 06, 2016 0.08 0.08 0.08 0.08 67263.2 35422200.0
924 Nov 07, 2016 0.08 0.08 0.08 0.08 109776.0 35221700.0
925 Nov 08, 2016 0.08 0.08 0.08 0.08 171298.0 36517900.0
926 Nov 09, 2016 0.08 0.08 0.08 0.08 263131.0 36214700.0
927 Nov 10, 2016 0.08 0.08 0.08 0.08 91102.4 34993900.0
928 Nov 11, 2016 0.08 0.08 0.07 0.08 69474.6 34978400.0
929 Nov 12, 2016 0.08 0.08 0.07 0.08 150864.0 35329200.0
930 Nov 13, 2016 0.08 0.08 0.08 0.08 146361.0 34506400.0
931 Nov 14, 2016 0.08 0.08 0.08 0.08 84265.5 36090700.0
932 Nov 15, 2016 0.08 0.08 0.08 0.08 104222.0 35794700.0
933 Nov 16, 2016 0.08 0.08 0.07 0.07 213064.0 36428000.0
934 Nov 17, 2016 0.07 0.08 0.07 0.07 131200.0 33836900.0
935 >Nov 18, 201 0.07 0.07 0.07 0.07 158616.0 33625200.0
936 Nov 19, 2016 0.07 0.07 0.07 0.07 65191.1 31049400.0
937 Nov 20, 2016 0.07 0.07 0.07 0.07 175204.0 31140900.0
938 Nov 21, 2016 0.07 0.07 0.07 0.07 129249.0 31841200.0
939 Nov 22, 2016 0.07 0.08 0.07 0.07 145940.0 33522200.0
940 Nov 23, 2016 0.07 0.07 0.07 0.07 62757.4 32713100.0
941 Nov 24, 2016 0.07 0.08 0.07 0.07 112018.0 33154500.0
942 Nov 25, 2016 0.07 0.07 0.07 0.07 76726.8 32652700.0
943 Nov 26, 2016 0.07 0.07 0.07 0.07 81323.8 31419100.0
944 Nov 27, 2016 0.07 0.07 0.07 0.07 39950.2 31784200.0
945 Nov 28, 2016 0.07 0.07 0.07 0.07 54909.9 31797200.0
946 Nov 29, 2016 0.07 0.07 0.07 0.07 84514.1 32582900.0
947 Nov 30, 2016 0.07 0.07 0.07 0.07 70042.0 32493600.0
948 Dec 01, 2016 0.07 0.07 0.07 0.07 74809.1 32078300.0
949 Dec 02, 2016 0.07 0.07 0.06 0.07 106504.0 31514800.0
950 Dec 03, 2016 0.07 0.07 0.07 0.07 222889.0 29737600.0
951 Dec 04, 2016 0.07 0.07 0.06 0.06 332654.0 32136100.0
952 Dec 05, 2016 0.06 0.06 0.06 0.06 274981.0 27844000.0
953 Dec 06, 2016 0.06 0.06 0.06 0.06 152206.0 27546100.0
954 Dec 07, 2016 0.06 0.07 0.06 0.07 259722.0 28010400.0
955 Dec 08, 2016 0.07 0.07 0.06 0.06 77453.4 29701500.0
956 Dec 09, 2016 0.06 0.07 0.06 0.07 113608.0 29002700.0
957 Dec 10, 2016 0.07 0.07 0.06 0.07 73952.7 30445100.0
958 Dec 11, 2016 0.07 0.07 0.07 0.07 46964.4 29673800.0
959 Dec 12, 2016 0.07 0.07 0.07 0.07 235090.0 29953500.0
960 Dec 13, 2016 0.07 0.07 0.07 0.07 174409.0 30991800.0
961 Dec 14, 2016 0.07 0.08 0.07 0.08 186914.0 32814800.0
962 Dec 15, 2016 0.08 0.08 0.08 0.08 262917.0 34885400.0
963 Dec 16, 2016 0.08 0.09 0.08 0.09 734201.0 35521900.0
964 Dec 17, 2016 0.09 0.1 0.09 0.09 474614.0 42370700.0
965 Dec 18, 2016 0.09 0.1 0.09 0.09 281624.0 41286400.0
966 Dec 19, 2016 0.09 0.1 0.09 0.1 171634.0 42684500.0
967 Dec 20, 2016 0.1 0.11 0.09 0.09 764008.0 43322900.0
968 Dec 21, 2016 0.09 0.11 0.09 0.11 1293800.0 42722200.0
969 Dec 22, 2016 0.11 0.11 0.1 0.1 1324950.0 48434000.0
970 Dec 23, 2016 0.1 0.11 0.1 0.1 865592.0 45938100.0
971 Dec 24, 2016 0.1 0.11 0.09 0.1 774122.0 47675900.0
972 Dec 25, 2016 0.1 0.11 0.09 0.1 497691.0 47173600.0
973 Dec 26, 2016 0.1 0.1 0.1 0.1 306672.0 44870500.0
974 Dec 27, 2016 0.1 0.1 0.1 0.1 281517.0 47575900.0
975 Dec 28, 2016 0.1 0.1 0.1 0.1 167453.0 45793300.0
976 Dec 29, 2016 0.1 0.11 0.1 0.11 668812.0 46750000.0
977 Dec 30, 2016 0.11 0.11 0.1 0.1 233197.0 48177800.0
978 Dec 31, 2016 0.1 0.1 0.1 0.1 238803.0 46474400.0
979 Jan 01, 2017 0.1 0.1 0.09 0.1 457685.0 44952900.0
980 Jan 02, 2017 0.1 0.11 0.09 0.09 819096.0 43466900.0
981 Jan 03, 2017 0.09 0.1 0.09 0.1 427715.0 42689900.0
982 Jan 04, 2017 0.1 0.11 0.1 0.11 626227.0 44755500.0
983 Jan 05, 2017 0.11 0.11 0.09 0.1 813352.0 50092600.0
984 Jan 06, 2017 0.1 0.1 0.09 0.09 854610.0 46284800.0
985 Jan 07, 2017 0.09 0.09 0.08 0.09 181165.0 42089600.0
986 Jan 08, 2017 0.09 0.1 0.09 0.09 146618.0 41387200.0
987 Jan 09, 2017 0.09 0.1 0.09 0.09 172490.0 42536700.0
988 Jan 10, 2017 0.09 0.1 0.09 0.09 165134.0 42816000.0
989 Jan 11, 2017 0.09 0.09 0.08 0.08 487105.0 42399500.0
990 Jan 12, 2017 0.08 0.09 0.08 0.09 175752.0 37406600.0
991 Jan 13, 2017 0.09 0.09 0.09 0.09 113852.0 39988300.0
992 Jan 14, 2017 0.09 0.1 0.09 0.1 468536.0 40511300.0
993 Jan 15, 2017 0.1 0.11 0.1 0.11 1390800.0 45213300.0
994 Jan 16, 2017 0.1 0.11 0.1 0.11 728366.0 47556900.0
995 Jan 17, 2017 0.11 0.12 0.11 0.12 763702.0 51351100.0
996 Jan 18, 2017 0.12 0.12 0.11 0.12 247960.0 52849500.0
997 Jan 19, 2017 0.12 0.12 0.11 0.12 588611.0 53346900.0
998 Jan 20, 2017 0.12 0.12 0.12 0.12 336977.0 54419400.0
999 Jan 21, 2017 0.12 0.12 0.12 0.12 218193.0 53178500.0
1000 Jan 22, 2017 0.12 0.12 0.12 0.12 172474.0 53896700.0
1001 Jan 23, 2017 0.12 0.12 0.12 0.12 215103.0 54695900.0
1002 Jan 24, 2017 0.12 0.12 0.12 0.12 224522.0 56002500.0
1003 Jan 25, 2017 0.12 0.13 0.12 0.13 286712.0 53918000.0
1004 Jan 26, 2017 0.13 0.13 0.12 0.12 978719.0 57478700.0
1005 Jan 27, 2017 0.12 0.12 0.12 0.12 207200.0 55991600.0
1006 Jan 28, 2017 0.12 0.13 0.12 0.12 158642.0 55454400.0
1007 Jan 29, 2017 0.12 0.14 0.12 0.13 1214310.0 56469500.0
1008 Jan 30, 2017 0.13 0.14 0.13 0.14 1039770.0 60810800.0
1009 Jan 31, 2017 0.14 0.15 0.13 0.14 711763.0 62867200.0
1010 Feb 01, 2017 0.14 0.15 0.13 0.14 1115880.0 66052700.0
1011 Feb 02, 2017 0.14 0.15 0.13 0.14 727525.0 62162600.0
1012 Feb 03, 2017 0.15 0.16 0.15 0.15 839851.0 68560300.0
1013 Feb 04, 2017 0.15 0.16 0.15 0.15 426559.0 70191300.0
1014 Feb 05, 2017 0.15 0.16 0.15 0.15 306808.0 69633800.0
1015 Feb 06, 2017 0.15 0.15 0.15 0.15 224212.0 67608600.0
1016 Feb 07, 2017 0.15 0.16 0.15 0.16 1242090.0 68828700.0
1017 Feb 08, 2017 0.16 0.16 0.16 0.16 285068.0 71706900.0
1018 Feb 09, 2017 0.16 0.16 0.14 0.15 393445.0 73613500.0
1019 Feb 10, 2017 0.15 0.16 0.14 0.16 688621.0 69047300.0
1020 Feb 11, 2017 0.16 0.17 0.15 0.17 975530.0 72395700.0
1021 Feb 12, 2017 0.17 0.19 0.16 0.18 892466.0 75451800.0
1022 Feb 13, 2017 0.18 0.2 0.18 0.19 1934650.0 82754200.0
1023 Feb 14, 2017 0.19 0.21 0.18 0.2 2218070.0 84936800.0
1024 Feb 15, 2017 0.21 0.21 0.19 0.19 1339110.0 95623900.0
1025 Feb 16, 2017 0.19 0.21 0.19 0.2 999090.0 87386100.0
1026 Feb 17, 2017 0.2 0.21 0.19 0.2 1726540.0 92805400.0
1027 Feb 18, 2017 0.2 0.2 0.19 0.2 905325.0 89614000.0
1028 Feb 19, 2017 0.2 0.2 0.19 0.19 544677.0 90307300.0
1029 Feb 20, 2017 0.19 0.2 0.19 0.19 338193.0 85815700.0
1030 Feb 21, 2017 0.19 0.19 0.18 0.18 1060900.0 86047900.0
1031 Feb 22, 2017 0.18 0.19 0.18 0.18 516959.0 81497000.0
1032 Feb 23, 2017 0.18 0.19 0.18 0.19 356485.0 81363000.0
1033 Feb 24, 2017 0.19 0.19 0.17 0.18 676113.0 85490800.0
1034 Feb 25, 2017 0.18 0.18 0.16 0.17 463648.0 80117200.0
1035 Feb 26, 2017 0.17 0.18 0.16 0.17 462028.0 74710100.0
1036 Feb 27, 2017 0.17 0.18 0.17 0.18 281642.0 79342400.0
1037 Feb 28, 2017 0.18 0.18 0.18 0.18 397846.0 82189900.0
1038 Mar 01, 2017 0.18 0.18 0.17 0.17 591722.0 80009900.0
1039 Mar 02, 2017 0.17 0.17 0.15 0.16 905629.0 75797100.0
1040 Mar 03, 2017 0.16 0.17 0.16 0.17 438533.0 74108600.0
1041 Mar 04, 2017 0.17 0.17 0.16 0.17 468988.0 75952800.0
1042 Mar 05, 2017 0.17 0.17 0.16 0.17 260958.0 76404900.0
1043 Mar 06, 2017 0.17 0.17 0.16 0.16 305058.0 75967300.0
1044 Mar 07, 2017 0.16 0.17 0.15 0.16 355731.0 74051200.0
1045 Mar 08, 2017 0.16 0.16 0.14 0.14 445097.0 70699100.0
1046 Mar 09, 2017 0.14 0.15 0.14 0.15 434736.0 62461300.0
1047 Mar 10, 2017 0.15 0.16 0.14 0.15 1370760.0 69872300.0
1048 Mar 11, 2017 0.15 0.17 0.15 0.16 858826.0 67977900.0
1049 Mar 12, 2017 0.16 0.17 0.15 0.17 585359.0 71332700.0
1050 Mar 13, 2017 0.17 0.19 0.17 0.18 1631910.0 76732500.0
1051 Mar 14, 2017 0.18 0.18 0.17 0.17 617806.0 83334400.0
1052 Mar 15, 2017 0.17 0.19 0.17 0.18 757548.0 78129600.0
1053 Mar 16, 2017 0.18 0.21 0.17 0.19 2117030.0 83618100.0
1054 Mar 17, 2017 0.19 0.19 0.17 0.17 819391.0 85776300.0
1055 Mar 18, 2017 0.17 0.17 0.15 0.15 831253.0 78412900.0
1056 Mar 19, 2017 0.15 0.17 0.15 0.17 484812.0 68439000.0
1057 Mar 20, 2017 0.17 0.17 0.16 0.17 625457.0 74797400.0
1058 Mar 21, 2017 0.17 0.18 0.17 0.18 581324.0 78969000.0
1059 Mar 22, 2017 0.18 0.18 0.14 0.16 2200110.0 81096900.0
1060 Mar 23, 2017 0.16 0.17 0.16 0.16 917980.0 74191000.0
1061 Mar 24, 2017 0.16 0.17 0.14 0.14 898022.0 74625000.0
1062 Mar 25, 2017 0.15 0.15 0.14 0.14 727142.0 66304400.0
1063 Mar 26, 2017 0.14 0.14 0.13 0.14 1024540.0 63509400.0
1064 Mar 27, 2017 0.14 0.16 0.14 0.15 867122.0 63346500.0
1065 Mar 28, 2017 0.15 0.16 0.15 0.15 419326.0 68789300.0
1066 Mar 29, 2017 0.15 0.16 0.14 0.15 623071.0 69187100.0
1067 Mar 30, 2017 0.15 0.17 0.15 0.15 754816.0 70071400.0
1068 Mar 31, 2017 0.15 0.18 0.15 0.17 1404400.0 69556400.0
1069 Apr 01, 2017 0.17 0.17 0.16 0.17 595743.0 75400200.0
1070 Apr 02, 2017 0.18 0.18 0.16 0.17 862892.0 80153400.0
1071 Apr 03, 2017 0.17 0.22 0.17 0.2 4895030.0 78907000.0
1072 Apr 04, 2017 0.2 0.23 0.2 0.2 4300240.0 91826500.0
1073 Apr 05, 2017 0.2 0.21 0.19 0.2 1079460.0 92182200.0
1074 Apr 06, 2017 0.2 0.2 0.17 0.18 1722680.0 89381400.0
1075 Apr 07, 2017 0.18 0.19 0.17 0.19 460586.0 83862000.0
1076 Apr 08, 2017 0.18 0.2 0.18 0.2 617365.0 84139000.0
1077 Apr 09, 2017 0.2 0.2 0.18 0.19 439272.0 90264800.0
1078 Apr 10, 2017 0.19 0.22 0.18 0.21 1914980.0 84905600.0
1079 Apr 11, 2017 0.21 0.22 0.19 0.2 1671810.0 94733200.0
1080 Apr 12, 2017 0.2 0.21 0.19 0.21 1042610.0 88851900.0
1081 Apr 13, 2017 0.21 0.21 0.19 0.2 1836650.0 93314500.0
1082 Apr 14, 2017 0.2 0.2 0.19 0.19 451172.0 89922600.0
1083 Apr 15, 2017 0.19 0.2 0.19 0.2 329393.0 87940400.0
1084 Apr 16, 2017 0.2 0.21 0.2 0.21 903077.0 89213900.0
1085 Apr 17, 2017 0.21 0.22 0.2 0.21 1575470.0 93924500.0
1086 Apr 18, 2017 0.21 0.22 0.2 0.21 877605.0 94867700.0
1087 Apr 19, 2017 0.21 0.23 0.21 0.22 1200350.0 96542600.0
1088 Apr 20, 2017 0.22 0.23 0.21 0.21 1375830.0 99068700.0
1089 Apr 21, 2017 0.21 0.22 0.21 0.22 1082090.0 96192700.0
1090 Apr 22, 2017 0.22 0.23 0.22 0.23 1130720.0 99691000.0
1091 Apr 23, 2017 0.23 0.24 0.22 0.23 1508350.0 102089000.0
1092 Apr 24, 2017 0.23 0.24 0.23 0.23 1123840.0 104100000.0
1093 Apr 25, 2017 0.23 0.24 0.23 0.23 863681.0 106485000.0
1094 Apr 26, 2017 0.23 0.24 0.23 0.24 1200080.0 104531000.0
1095 Apr 27, 2017 0.24 0.25 0.24 0.24 593836.0 109118000.0
1096 Apr 28, 2017 0.24 0.25 0.24 0.25 899066.0 110976000.0
1097 Apr 29, 2017 0.25 0.27 0.25 0.26 1743000.0 114512000.0
1098 Apr 30, 2017 0.26 0.27 0.25 0.25 1387470.0 117716000.0
1099 May 01, 2017 0.26 0.27 0.25 0.25 2101080.0 115920000.0
1100 May 02, 2017 0.25 0.26 0.24 0.26 1761050.0 113409000.0
1101 May 03, 2017 0.26 0.26 0.24 0.25 1751990.0 116645000.0
1102 May 04, 2017 0.25 0.29 0.25 0.26 2805870.0 115159000.0
1103 May 05, 2017 0.27 0.3 0.26 0.28 3769290.0 120728000.0
1104 May 06, 2017 0.28 0.29 0.28 0.29 2654230.0 127856000.0
1105 May 07, 2017 0.29 0.38 0.28 0.32 11015500.0 132100000.0
1106 May 08, 2017 0.33 0.37 0.29 0.34 5574780.0 150098000.0
1107 May 09, 2017 0.34 0.35 0.26 0.29 4875170.0 154953000.0
1108 May 10, 2017 0.29 0.32 0.28 0.31 1655330.0 131904000.0
1109 May 11, 2017 0.31 0.35 0.29 0.33 3045480.0 138624000.0
1110 May 12, 2017 0.33 0.35 0.3 0.34 4362970.0 150400000.0
1111 May 13, 2017 0.34 0.35 0.29 0.33 4792130.0 152689000.0
1112 May 14, 2017 0.32 0.37 0.31 0.35 4402150.0 146679000.0
1113 May 15, 2017 0.35 0.35 0.31 0.32 1580480.0 159161000.0
1114 May 16, 2017 0.31 0.32 0.3 0.31 1578430.0 142361000.0
1115 May 17, 2017 0.31 0.32 0.29 0.32 1535350.0 140057000.0
1116 May 18, 2017 0.32 0.35 0.31 0.34 2075340.0 142802000.0
1117 May 19, 2017 0.34 0.36 0.33 0.36 2127620.0 152220000.0
1118 May 20, 2017 0.36 0.37 0.35 0.37 1694430.0 164886000.0
1119 May 21, 2017 0.37 0.38 0.36 0.37 1837440.0 165928000.0
1120 May 22, 2017 0.37 0.39 0.34 0.36 2695000.0 168333000.0
1121 May 23, 2017 0.36 0.41 0.36 0.4 2288030.0 163680000.0
1122 May 24, 2017 0.41 0.48 0.41 0.44 5081470.0 183862000.0
1123 May 25, 2017 0.44 0.48 0.39 0.4 3372850.0 199600000.0
1124 May 26, 2017 0.39 0.45 0.34 0.38 1863060.0 176900000.0
1125 May 27, 2017 0.38 0.39 0.29 0.33 1934440.0 170157000.0
1126 May 28, 2017 0.33 0.39 0.33 0.36 1747990.0 151420000.0
1127 May 29, 2017 0.36 0.38 0.34 0.37 1348970.0 161169000.0
1128 May 30, 2017 0.37 0.38 0.34 0.35 1637700.0 167691000.0
1129 May 31, 2017 0.35 0.41 0.35 0.39 2581360.0 159168000.0
1130 Jun 01, 2017 0.39 0.42 0.39 0.4 1629420.0 177993000.0
1131 Jun 02, 2017 0.4 0.41 0.38 0.4 3191020.0 180434000.0
1132 Jun 03, 2017 0.4 0.43 0.39 0.43 2671870.0 179197000.0
1133 Jun 04, 2017 0.42 0.44 0.41 0.41 4051010.0 191535000.0
1134 Jun 05, 2017 0.41 0.51 0.41 0.51 6554910.0 185971000.0
1135 Jun 06, 2017 0.51 0.55 0.43 0.51 14781500.0 230022000.0
1136 Jun 07, 2017 0.52 0.67 0.52 0.52 17674900.0 233593000.0
1137 Jun 08, 2017 0.52 0.59 0.49 0.54 12095000.0 236789000.0
1138 Jun 09, 2017 0.55 0.58 0.54 0.56 4553500.0 246651000.0
1139 Jun 10, 2017 0.56 0.58 0.52 0.53 4463740.0 254483000.0
1140 Jun 11, 2017 0.54 0.56 0.52 0.55 2760710.0 242661000.0
1141 Jun 12, 2017 0.55 0.56 0.45 0.48 2298420.0 247921000.0
1142 Jun 13, 2017 0.48 0.55 0.48 0.52 2794560.0 216173000.0
1143 Jun 14, 2017 0.52 0.54 0.45 0.47 2469760.0 236411000.0
1144 Jun 15, 2017 0.48 0.48 0.39 0.45 1784540.0 215628000.0
1145 Jun 16, 2017 0.45 0.51 0.43 0.48 3644170.0 205316000.0
1146 Jun 17, 2017 0.48 0.49 0.47 0.49 2072100.0 215481000.0
1147 Jun 18, 2017 0.49 0.49 0.47 0.49 1740710.0 222558000.0
1148 Jun 19, 2017 0.49 0.56 0.48 0.55 5385830.0 220887000.0
1149 Jun 20, 2017 0.55 0.55 0.48 0.51 5903810.0 246768000.0
1150 Jun 21, 2017 0.51 0.51 0.46 0.47 3244380.0 229732000.0
1151 Jun 22, 2017 0.47 0.51 0.47 0.5 3440170.0 212198000.0
1152 Jun 23, 2017 0.5 0.58 0.5 0.55 3626720.0 228414000.0
1153 Jun 24, 2017 0.55 0.56 0.5 0.51 2718670.0 248878000.0
1154 Jun 25, 2017 0.51 0.52 0.47 0.48 1767340.0 231848000.0
1155 Jun 26, 2017 0.48 0.5 0.42 0.45 3889540.0 216425000.0
1156 Jun 27, 2017 0.45 0.47 0.4 0.47 2215940.0 203659000.0
1157 Jun 28, 2017 0.47 0.5 0.45 0.5 1723490.0 213557000.0
1158 Jun 29, 2017 0.5 0.5 0.47 0.47 1504980.0 226203000.0
1159 Jun 30, 2017 0.47 0.49 0.46 0.46 2252430.0 214107000.0
1160 >Jul 01, 201 0.46 0.47 0.43 0.43 2290300.0 209472000.0
1161 Jul 02, 2017 0.43 0.45 0.41 0.45 2119780.0 196807000.0
1162 Jul 03, 2017 0.45 0.48 0.44 0.47 1600030.0 201885000.0
1163 Jul 04, 2017 0.47 0.5 0.47 0.49 2036880.0 212648000.0
1164 Jul 05, 2017 0.49 0.5 0.46 0.49 1444900.0 222168000.0
1165 Jul 06, 2017 0.49 0.5 0.48 0.49 1764740.0 223366000.0
1166 Jul 07, 2017 0.49 0.49 0.45 0.46 1569460.0 221157000.0
1167 Jul 08, 2017 0.46 0.46 0.43 0.45 1392680.0 207386000.0
1168 Jul 09, 2017 0.45 0.47 0.42 0.42 1799080.0 202842000.0
1169 Jul 10, 2017 0.42 0.43 0.33 0.33 3582040.0 189195000.0
1170 Jul 11, 2017 0.32 0.34 0.25 0.3 4440000.0 143848000.0
1171 Jul 12, 2017 0.3 0.35 0.26 0.33 3468390.0 135391000.0
1172 Jul 13, 2017 0.33 0.34 0.29 0.31 2320020.0 149483000.0
1173 Jul 14, 2017 0.31 0.31 0.26 0.28 1664030.0 138845000.0
1174 Jul 15, 2017 0.28 0.28 0.26 0.27 1378270.0 124627000.0
1175 Jul 16, 2017 0.27 0.28 0.23 0.26 1419260.0 121349000.0
1176 Jul 17, 2017 0.26 0.3 0.25 0.3 996170.0 115852000.0
1177 Jul 18, 2017 0.3 0.33 0.29 0.32 1100380.0 135234000.0
1178 Jul 19, 2017 0.32 0.33 0.3 0.3 1030450.0 145672000.0
1179 Jul 20, 2017 0.3 0.37 0.3 0.35 1302300.0 134389000.0
1180 Jul 21, 2017 0.36 0.37 0.34 0.35 712945.0 161528000.0
1181 Jul 22, 2017 0.35 0.4 0.35 0.39 1344510.0 159187000.0
1182 Jul 23, 2017 0.39 0.4 0.36 0.38 936073.0 178270000.0
1183 Jul 24, 2017 0.38 0.38 0.36 0.38 907901.0 170420000.0
1184 Jul 25, 2017 0.38 0.38 0.31 0.32 1456420.0 170870000.0
1185 Jul 26, 2017 0.32 0.34 0.3 0.34 1457380.0 144049000.0
1186 Jul 27, 2017 0.34 0.35 0.33 0.34 1354970.0 152867000.0
1187 Jul 28, 2017 0.34 0.35 0.31 0.32 2654560.0 155671000.0
1188 Jul 29, 2017 0.32 0.33 0.3 0.32 1780770.0 144909000.0
1189 Jul 30, 2017 0.32 0.33 0.3 0.3 1694960.0 145548000.0
1190 Jul 31, 2017 0.3 0.31 0.28 0.29 2294370.0 138229000.0
1191 Aug 01, 2017 0.29 0.33 0.27 0.32 2909400.0 129613000.0
1192 Aug 02, 2017 0.32 0.34 0.31 0.33 1796100.0 143951000.0
1193 Aug 03, 2017 0.33 0.35 0.32 0.34 1684880.0 150935000.0
1194 Aug 04, 2017 0.34 0.35 0.33 0.33 1665010.0 153156000.0
1195 Aug 05, 2017 0.33 0.36 0.32 0.35 2252270.0 149111000.0
1196 Aug 06, 2017 0.35 0.38 0.35 0.36 1296770.0 160115000.0
1197 Aug 07, 2017 0.36 0.37 0.35 0.36 2085350.0 164009000.0
1198 Aug 08, 2017 0.36 0.37 0.35 0.36 1788310.0 162069000.0
1199 Aug 09, 2017 0.36 0.38 0.35 0.38 2001300.0 161529000.0
1200 Aug 10, 2017 0.38 0.38 0.35 0.36 2179920.0 171672000.0
1201 Aug 11, 2017 0.36 0.37 0.35 0.37 2063470.0 162617000.0
1202 Aug 12, 2017 0.37 0.43 0.37 0.39 3732240.0 166751000.0
1203 Aug 13, 2017 0.39 0.39 0.32 0.36 4958590.0 174926000.0
1204 Aug 14, 2017 0.36 0.38 0.35 0.38 2570100.0 163664000.0
1205 Aug 15, 2017 0.38 0.42 0.35 0.39 4758110.0 170656000.0
1206 Aug 16, 2017 0.39 0.41 0.38 0.41 2289320.0 178228000.0
1207 Aug 17, 2017 0.41 0.44 0.4 0.43 2627380.0 185202000.0
1208 Aug 18, 2017 0.43 0.52 0.42 0.45 6033950.0 195996000.0
1209 Aug 19, 2017 0.46 0.47 0.4 0.45 2944220.0 206944000.0
1210 Aug 20, 2017 0.44 0.49 0.43 0.48 2672700.0 200901000.0
1211 Aug 21, 2017 0.48 0.51 0.46 0.47 3696750.0 218967000.0
1212 Aug 22, 2017 0.47 0.49 0.44 0.46 3526460.0 210478000.0
1213 Aug 23, 2017 0.46 0.49 0.45 0.47 2781400.0 207682000.0
1214 Aug 24, 2017 0.48 0.53 0.47 0.51 2654260.0 216056000.0
1215 Aug 25, 2017 0.52 0.55 0.5 0.55 3637720.0 236665000.0
1216 Aug 26, 2017 0.55 0.63 0.53 0.62 5535110.0 246997000.0
1217 Aug 27, 2017 0.62 0.63 0.59 0.6 3060370.0 282224000.0
1218 Aug 28, 2017 0.6 0.64 0.59 0.63 3432980.0 271665000.0
1219 Aug 29, 2017 0.64 0.66 0.61 0.64 5955930.0 287874000.0
1220 Aug 30, 2017 0.64 0.68 0.6 0.67 3680150.0 288028000.0
1221 Aug 31, 2017 0.66 0.69 0.64 0.66 3958540.0 298508000.0
1222 Sep 01, 2017 0.66 0.71 0.65 0.71 3332400.0 298440000.0
1223 Sep 02, 2017 0.71 0.78 0.64 0.66 5036790.0 323958000.0
1224 Sep 03, 2017 0.67 0.71 0.65 0.68 2428930.0 301148000.0
1225 Sep 04, 2017 0.67 0.68 0.49 0.57 4773210.0 305185000.0
1226 Sep 05, 2017 0.57 0.64 0.51 0.62 2984600.0 260031000.0
1227 Sep 06, 2017 0.63 0.68 0.61 0.68 2523720.0 283008000.0
1228 Sep 07, 2017 0.68 0.69 0.65 0.67 1990370.0 307065000.0
1229 Sep 08, 2017 0.67 0.71 0.57 0.62 3097260.0 304981000.0
1230 Sep 09, 2017 0.62 0.64 0.59 0.62 1935650.0 279347000.0
1231 Sep 10, 2017 0.62 0.64 0.56 0.61 2034110.0 280854000.0
1232 Sep 11, 2017 0.61 0.64 0.6 0.62 1701420.0 278771000.0
1233 Sep 12, 2017 0.62 0.65 0.58 0.6 1734310.0 281879000.0
1234 Sep 13, 2017 0.59 0.59 0.48 0.54 2980030.0 267457000.0
1235 Sep 14, 2017 0.54 0.55 0.4 0.41 2038220.0 243319000.0
1236 Sep 15, 2017 0.41 0.57 0.37 0.54 5228990.0 185905000.0
1237 Sep 16, 2017 0.55 0.56 0.51 0.54 1487280.0 247906000.0
1238 Sep 17, 2017 0.54 0.55 0.49 0.53 1566440.0 242338000.0
1239 Sep 18, 2017 0.53 0.59 0.53 0.59 1449840.0 241528000.0
1240 Sep 19, 2017 0.59 0.59 0.55 0.56 1542410.0 266943000.0
1241 Sep 20, 2017 0.55 0.59 0.52 0.57 2693650.0 251131000.0
1242 Sep 21, 2017 0.56 0.57 0.47 0.48 2326580.0 255432000.0
1243 Sep 22, 2017 0.48 0.5 0.46 0.46 2106560.0 215877000.0
1244 Sep 23, 2017 0.46 0.5 0.45 0.49 950706.0 207591000.0
1245 Sep 24, 2017 0.49 0.49 0.47 0.47 830918.0 222302000.0
1246 Sep 25, 2017 0.47 0.51 0.47 0.5 1071560.0 215036000.0
1247 Sep 26, 2017 0.51 0.51 0.49 0.49 841541.0 228766000.0
1248 Sep 27, 2017 0.49 0.52 0.49 0.52 1113950.0 223572000.0
1249 Sep 28, 2017 0.52 0.53 0.49 0.49 1208350.0 233875000.0
1250 Sep 29, 2017 0.49 0.5 0.44 0.49 2144370.0 223432000.0
1251 Sep 30, 2017 0.49 0.5 0.47 0.48 1195870.0 220716000.0
1252 Oct 01, 2017 0.48 0.49 0.45 0.46 1326000.0 219110000.0
1253 Oct 02, 2017 0.46 0.47 0.45 0.45 1244450.0 208239000.0
1254 Oct 03, 2017 0.45 0.48 0.44 0.46 1670930.0 202891000.0
1255 Oct 04, 2017 0.46 0.49 0.44 0.45 1577820.0 207191000.0
1256 Oct 05, 2017 0.45 0.45 0.43 0.44 1352100.0 202383000.0
1257 Oct 06, 2017 0.44 0.47 0.44 0.47 1420160.0 199835000.0
1258 Oct 07, 2017 0.47 0.47 0.44 0.46 1195250.0 211391000.0
1259 Oct 08, 2017 0.46 0.46 0.42 0.42 1994350.0 207014000.0
1260 Oct 09, 2017 0.43 0.44 0.39 0.39 3135910.0 192874000.0
1261 Oct 10, 2017 0.39 0.42 0.38 0.4 2158910.0 178396000.0
1262 Oct 11, 2017 0.4 0.42 0.38 0.4 2534060.0 181174000.0
1263 Oct 12, 2017 0.4 0.41 0.37 0.38 3620640.0 180132000.0
1264 Oct 13, 2017 0.38 0.4 0.34 0.39 3300280.0 170270000.0
1265 Oct 14, 2017 0.39 0.41 0.38 0.39 1545690.0 177715000.0
1266 Oct 15, 2017 0.39 0.41 0.36 0.4 2327030.0 177126000.0
1267 Oct 16, 2017 0.4 0.42 0.39 0.41 1628770.0 179486000.0
1268 Oct 17, 2017 0.4 0.41 0.39 0.41 1580600.0 181287000.0
1269 Oct 18, 2017 0.4 0.41 0.37 0.39 1308610.0 183144000.0
1270 Oct 19, 2017 0.39 0.4 0.37 0.37 1586320.0 176862000.0
1271 Oct 20, 2017 0.37 0.39 0.36 0.37 1936580.0 166906000.0
1272 Oct 21, 2017 0.37 0.37 0.32 0.34 2249650.0 166358000.0
1273 Oct 22, 2017 0.34 0.35 0.33 0.34 1479960.0 155272000.0
1274 Oct 23, 2017 0.34 0.34 0.32 0.33 1453130.0 153666000.0
1275 Oct 24, 2017 0.33 0.39 0.32 0.36 2028920.0 148744000.0
1276 Oct 25, 2017 0.36 0.37 0.33 0.35 1385060.0 162824000.0
1277 Oct 26, 2017 0.36 0.37 0.34 0.35 1144960.0 161647000.0
1278 Oct 27, 2017 0.35 0.36 0.34 0.35 964655.0 156865000.0
1279 Oct 28, 2017 0.35 0.35 0.34 0.35 865695.0 157172000.0
1280 Oct 29, 2017 0.35 0.38 0.35 0.36 2141310.0 157332000.0
1281 Oct 30, 2017 0.36 0.36 0.35 0.36 888856.0 162265000.0
1282 Oct 31, 2017 0.36 0.39 0.36 0.39 1542910.0 162615000.0
1283 Nov 01, 2017 0.39 0.39 0.35 0.37 2326720.0 175896000.0
1284 Nov 02, 2017 0.37 0.38 0.28 0.33 4398220.0 165811000.0
1285 Nov 03, 2017 0.33 0.34 0.31 0.32 1652870.0 148322000.0
1286 Nov 04, 2017 0.32 0.34 0.32 0.33 1343780.0 145393000.0
1287 Nov 05, 2017 0.33 0.35 0.32 0.32 1423940.0 148172000.0
1288 Nov 06, 2017 0.32 0.37 0.32 0.35 2468120.0 145546000.0
1289 Nov 07, 2017 0.35 0.38 0.35 0.38 2136720.0 157982000.0
1290 Nov 08, 2017 0.38 0.46 0.38 0.45 4832510.0 171129000.0
1291 Nov 09, 2017 0.45 0.5 0.44 0.46 3522770.0 201641000.0
1292 Nov 10, 2017 0.47 0.47 0.39 0.41 2519370.0 212547000.0
1293 Nov 11, 2017 0.41 0.43 0.39 0.4 1583430.0 184542000.0
1294 Nov 12, 2017 0.4 0.41 0.34 0.39 1866340.0 181354000.0
1295 Nov 13, 2017 0.39 0.42 0.39 0.4 1960230.0 177139000.0
1296 Nov 14, 2017 0.4 0.42 0.39 0.41 1947590.0 182802000.0
1297 Nov 15, 2017 0.41 0.42 0.39 0.4 1799410.0 186218000.0
1298 Nov 16, 2017 0.4 0.42 0.39 0.39 2180000.0 181848000.0
1299 Nov 17, 2017 0.38 0.4 0.37 0.38 1980130.0 173975000.0
1300 Nov 18, 2017 0.38 0.41 0.37 0.39 1969390.0 172548000.0
1301 Nov 19, 2017 0.39 0.41 0.38 0.4 1835000.0 177307000.0
1302 Nov 20, 2017 0.39 0.4 0.38 0.39 1819740.0 176624000.0
1303 Nov 21, 2017 0.39 0.41 0.36 0.41 1772640.0 176441000.0
1304 Nov 22, 2017 0.41 0.43 0.41 0.42 2133620.0 186363000.0
1305 Nov 23, 2017 0.43 0.47 0.43 0.47 3078080.0 192914000.0
1306 Nov 24, 2017 0.46 0.47 0.43 0.46 2206700.0 209810000.0
1307 Nov 25, 2017 0.46 0.48 0.45 0.48 2219530.0 207531000.0
1308 Nov 26, 2017 0.48 0.49 0.45 0.45 2492150.0 215531000.0
1309 Nov 27, 2017 0.46 0.5 0.46 0.49 2296450.0 206626000.0
1310 Nov 28, 2017 0.49 0.57 0.48 0.56 3107530.0 223090000.0
1311 Nov 29, 2017 0.56 0.57 0.42 0.46 4836820.0 253026000.0
1312 Nov 30, 2017 0.46 0.53 0.42 0.47 2164240.0 209818000.0
1313 Dec 01, 2017 0.47 0.52 0.45 0.49 2209870.0 213635000.0
1314 Dec 02, 2017 0.49 0.53 0.48 0.5 2368360.0 223312000.0
1315 Dec 03, 2017 0.5 0.58 0.5 0.53 3019150.0 227664000.0
1316 Dec 04, 2017 0.53 0.59 0.53 0.58 3858560.0 242023000.0
1317 Dec 05, 2017 0.58 0.63 0.57 0.63 3443140.0 263964000.0
1318 Dec 06, 2017 0.63 0.63 0.5 0.54 6642550.0 282914000.0
1319 Dec 07, 2017 0.54 0.59 0.47 0.5 8205190.0 244816000.0
1320 Dec 08, 2017 0.5 0.53 0.43 0.52 5702220.0 227219000.0
1321 Dec 09, 2017 0.52 0.52 0.47 0.49 3750050.0 235820000.0
1322 Dec 10, 2017 0.49 0.49 0.4 0.45 3595740.0 221444000.0
1323 Dec 11, 2017 0.44 0.51 0.44 0.45 3765870.0 201233000.0
1324 Dec 12, 2017 0.45 0.58 0.44 0.56 6806130.0 204710000.0
1325 Dec 13, 2017 0.55 0.61 0.52 0.56 6080860.0 250933000.0
1326 Dec 14, 2017 0.56 0.6 0.53 0.6 5654750.0 251323000.0
1327 Dec 15, 2017 0.59 0.61 0.53 0.58 5537370.0 269436000.0
1328 Dec 16, 2017 0.58 0.59 0.55 0.55 3848010.0 262187000.0
1329 Dec 17, 2017 0.55 0.7 0.55 0.66 4760390.0 250382000.0
1330 Dec 18, 2017 0.67 0.82 0.66 0.81 9819730.0 303190000.0
1331 Dec 19, 2017 0.79 0.84 0.7 0.75 8000760.0 359090000.0
1332 Dec 20, 2017 0.75 0.83 0.63 0.78 9962100.0 337872000.0
1333 Dec 21, 2017 0.78 0.88 0.77 0.83 10238100.0 351878000.0
1334 Dec 22, 2017 0.83 0.85 0.48 0.68 7830560.0 376036000.0
1335 Dec 23, 2017 0.68 0.9 0.67 0.84 7408950.0 308896000.0
1336 Dec 24, 2017 0.86 0.86 0.7 0.83 8922650.0 388362000.0
1337 Dec 25, 2017 0.83 0.94 0.79 0.9 9676770.0 376428000.0
1338 Dec 26, 2017 0.9 0.94 0.81 0.88 10462000.0 408649000.0
1339 Dec 27, 2017 0.88 1.17 0.85 1.03 15336900.0 400398000.0
1340 Dec 28, 2017 1.02 1.04 0.87 0.94 7664210.0 464084000.0
1341 Dec 29, 2017 0.95 0.95 0.87 0.9 6611900.0 430242000.0
1342 Dec 30, 2017 0.9 0.9 0.76 0.8 5621330.0 407311000.0
1343 Dec 31, 2017 0.79 0.98 0.77 0.94 8529030.0 357941000.0
1344 Jan 01, 2018 0.95 1.18 0.9 1.11 22130000.0 428599000.0
1345 Jan 02, 2018 1.11 1.2 1.07 1.1 16321800.0 502346000.0
1346 Jan 03, 2018 1.09 1.18 1.06 1.17 10299200.0 495603000.0
1347 Jan 04, 2018 1.18 1.19 1.04 1.08 9415190.0 533485000.0
1348 Jan 05, 2018 1.08 1.08 0.94 1.03 11867400.0 489393000.0
1349 Jan 06, 2018 1.02 1.08 0.99 1.03 8550790.0 463919000.0
1350 Jan 07, 2018 1.03 1.17 0.96 1.16 9690180.0 466830000.0
1351 Jan 08, 2018 1.16 1.16 0.92 1.07 7737460.0 526631000.0
1352 Jan 09, 2018 1.07 1.2 0.97 1.12 10738300.0 486266000.0
1353 Jan 10, 2018 1.12 1.12 0.98 1.08 7472350.0 508801000.0
1354 Jan 11, 2018 1.07 1.08 0.91 0.91 7484060.0 485138000.0
1355 Jan 12, 2018 0.91 1.0 0.87 0.98 7009980.0 412067000.0
1356 Jan 13, 2018 0.98 1.1 0.96 1.09 7833650.0 443601000.0
1357 Jan 14, 2018 1.09 1.1 0.93 0.98 6201860.0 494805000.0
1358 Jan 15, 2018 0.97 1.06 0.94 1.02 7713740.0 438604000.0
1359 Jan 16, 2018 1.02 1.03 0.58 0.7 8425610.0 464000000.0
1360 Jan 17, 2018 0.69 0.75 0.54 0.7 5715190.0 311805000.0
1361 Jan 18, 2018 0.7 0.78 0.63 0.7 6444580.0 316440000.0
1362 Jan 19, 2018 0.7 0.76 0.67 0.74 4476900.0 316923000.0
1363 Jan 20, 2018 0.75 0.83 0.74 0.78 4871990.0 339125000.0
1364 Jan 21, 2018 0.78 0.81 0.66 0.67 5268670.0 352301000.0
1365 Jan 22, 2018 0.68 0.77 0.65 0.74 12787100.0 306663000.0
1366 Jan 23, 2018 0.73 0.74 0.61 0.66 7175650.0 329849000.0
1367 Jan 24, 2018 0.67 0.7 0.64 0.68 5249180.0 301083000.0
1368 Jan 25, 2018 0.69 0.7 0.65 0.66 3578950.0 312533000.0
1369 Jan 26, 2018 0.66 0.69 0.6 0.66 3645210.0 298103000.0
1370 Jan 27, 2018 0.66 0.71 0.64 0.69 4625300.0 300174000.0
1371 Jan 28, 2018 0.7 0.72 0.68 0.71 4004450.0 315395000.0
1372 Jan 29, 2018 0.7 0.72 0.65 0.67 4318050.0 317526000.0
1373 Jan 30, 2018 0.67 0.67 0.56 0.58 3640740.0 301767000.0
1374 Jan 31, 2018 0.58 0.59 0.54 0.59 4358030.0 261569000.0
1375 Feb 01, 2018 0.59 0.59 0.44 0.48 4250070.0 267253000.0
1376 Feb 02, 2018 0.48 0.48 0.33 0.44 5801540.0 216994000.0
1377 Feb 03, 2018 0.43 0.49 0.4 0.48 2369930.0 195954000.0
1378 Feb 04, 2018 0.48 0.49 0.36 0.4 2605180.0 217953000.0
1379 Feb 05, 2018 0.39 0.4 0.31 0.32 1937910.0 176463000.0
1380 Feb 06, 2018 0.33 0.39 0.27 0.38 1921150.0 148183000.0
1381 Feb 07, 2018 0.38 0.45 0.35 0.39 2714230.0 171538000.0
1382 Feb 08, 2018 0.38 0.44 0.38 0.4 2276080.0 174158000.0
1383 Feb 09, 2018 0.4 0.44 0.38 0.44 1804260.0 183020000.0
1384 Feb 10, 2018 0.44 0.47 0.39 0.41 1843230.0 199558000.0
1385 Feb 11, 2018 0.41 0.42 0.37 0.4 1948960.0 185466000.0
1386 Feb 12, 2018 0.4 0.46 0.4 0.44 2950820.0 180694000.0
1387 Feb 13, 2018 0.44 0.44 0.41 0.41 1666410.0 197924000.0
1388 Feb 14, 2018 0.41 0.49 0.41 0.48 2282770.0 184532000.0
1389 Feb 15, 2018 0.49 0.51 0.46 0.51 2334530.0 220178000.0
1390 Feb 16, 2018 0.51 0.51 0.48 0.49 2220820.0 228852000.0
1391 Feb 17, 2018 0.49 0.53 0.48 0.52 1834110.0 221499000.0
1392 Feb 18, 2018 0.53 0.53 0.44 0.45 4558600.0 237892000.0
1393 Feb 19, 2018 0.45 0.49 0.44 0.46 2336700.0 203848000.0
1394 Feb 20, 2018 0.46 0.49 0.45 0.45 2707900.0 210141000.0
1395 Feb 21, 2018 0.44 0.48 0.43 0.44 3152680.0 200856000.0
1396 Feb 22, 2018 0.44 0.45 0.4 0.41 1628050.0 197545000.0
1397 Feb 23, 2018 0.41 0.44 0.36 0.38 2973650.0 184402000.0
1398 Feb 24, 2018 0.37 0.41 0.35 0.36 3294410.0 168457000.0
1399 Feb 25, 2018 0.36 0.36 0.34 0.34 2262270.0 163149000.0
1400 Feb 26, 2018 0.34 0.37 0.34 0.35 2431610.0 155228000.0
1401 Feb 27, 2018 0.35 0.36 0.34 0.35 2319670.0 160697000.0
1402 Feb 28, 2018 0.36 0.43 0.36 0.38 8320460.0 161900000.0
1403 Mar 01, 2018 0.38 0.41 0.36 0.39 4883590.0 171997000.0
1404 Mar 02, 2018 0.39 0.41 0.37 0.4 5179730.0 176664000.0
1405 Mar 03, 2018 0.4 0.45 0.39 0.41 4440950.0 182899000.0
1406 Mar 04, 2018 0.41 0.41 0.38 0.41 2278960.0 184593000.0
1407 Mar 05, 2018 0.42 0.44 0.39 0.4 2749450.0 189170000.0
1408 Mar 06, 2018 0.39 0.41 0.36 0.37 2902060.0 178579000.0
1409 Mar 07, 2018 0.37 0.38 0.32 0.35 2821220.0 166910000.0
1410 Mar 08, 2018 0.34 0.35 0.29 0.29 2489660.0 155242000.0
1411 Mar 09, 2018 0.3 0.32 0.26 0.3 2448200.0 135984000.0
1412 Mar 10, 2018 0.3 0.32 0.28 0.29 1291030.0 138204000.0
1413 Mar 11, 2018 0.28 0.33 0.27 0.33 1453910.0 129412000.0
1414 Mar 12, 2018 0.32 0.33 0.29 0.33 1340530.0 146641000.0
1415 Mar 13, 2018 0.32 0.33 0.3 0.33 1506600.0 145251000.0
1416 Mar 14, 2018 0.33 0.34 0.28 0.28 1070860.0 148886000.0
1417 Mar 15, 2018 0.29 0.3 0.26 0.29 1065470.0 129958000.0
1418 Mar 16, 2018 0.29 0.3 0.28 0.29 900548.0 132430000.0
1419 >Mar 17, 201 0.29 0.3 0.27 0.27 945674.0 132685000.0
1420 Mar 18, 2018 0.27 0.28 0.24 0.28 1180090.0 121406000.0
1421 Mar 19, 2018 0.28 0.31 0.27 0.3 1129230.0 127497000.0
1422 Mar 20, 2018 0.3 0.35 0.3 0.34 1776530.0 138206000.0
1423 Mar 21, 2018 0.34 0.35 0.31 0.32 1961760.0 156015000.0
1424 Mar 22, 2018 0.31 0.33 0.3 0.32 1096660.0 142100000.0
1425 Mar 23, 2018 0.32 0.32 0.28 0.31 1068240.0 143770000.0
1426 Mar 24, 2018 0.32 0.32 0.27 0.29 1684850.0 144494000.0
1427 Mar 25, 2018 0.28 0.3 0.27 0.29 1039300.0 125816000.0
1428 Mar 26, 2018 0.29 0.3 0.25 0.28 928585.0 131241000.0
1429 Mar 27, 2018 0.27 0.28 0.26 0.26 898686.0 124380000.0
