0 Oct 06, 2016 0.37 0.9 0.35 0.9 1290.41 0.0
1 Oct 07, 2016 0.91 1.35 0.55 1.11 3562.64 0.0
2 Oct 08, 2016 1.11 2.16 0.82 1.61 22866.8 0.0
3 Oct 09, 2016 1.61 2.1 1.37 1.7 8975.67 0.0
4 Oct 10, 2016 1.7 1.89 0.9 1.17 11242.2 194861.0
5 Oct 11, 2016 1.17 1.97 1.17 1.79 14747.1 145662.0
6 Oct 12, 2016 1.79 2.55 1.63 2.39 44564.1 236869.0
7 Oct 13, 2016 2.39 5.52 2.29 4.49 80976.0 341657.0
8 Oct 14, 2016 4.3 5.41 2.89 3.6 47072.5 648861.0
9 Oct 15, 2016 3.6 4.18 3.3 3.95 25941.4 571093.0
10 Oct 16, 2016 3.95 3.95 3.52 3.52 24447.1 653977.0
11 Oct 17, 2016 3.52 3.84 3.22 3.49 45957.9 610081.0
12 Oct 18, 2016 3.49 5.59 3.37 5.12 55214.1 629097.0
13 Oct 19, 2016 4.58 6.95 4.58 5.79 115415.0 867548.0
14 Oct 20, 2016 5.79 8.0 2.53 3.02 1697.71 1141060.0
15 Oct 21, 2016 3.02 4.87 3.02 3.79 101272.0 626948.0
16 Oct 22, 2016 3.79 3.95 2.48 2.9 96888.8 814025.0
17 Oct 23, 2016 3.01 3.36 2.69 2.9 54646.0 667184.0
18 Oct 24, 2016 2.9 3.85 2.87 3.49 78357.9 664386.0
19 Oct 25, 2016 3.49 4.06 3.29 3.33 63009.0 823164.0
20 Oct 26, 2016 3.3 3.86 3.07 3.3 51248.7 802101.0
21 Oct 27, 2016 3.18 3.45 3.01 3.29 48488.9 795308.0
22 Oct 28, 2016 3.29 5.94 3.23 4.79 188021.0 848801.0
23 Oct 29, 2016 4.79 4.85 3.08 3.44 134141.0 1255760.0
24 Oct 30, 2016 3.44 3.47 3.01 3.1 48229.5 917138.0
25 Oct 31, 2016 3.05 3.3 1.92 2.38 60932.3 843522.0
26 Nov 01, 2016 2.38 2.65 2.04 2.17 38834.5 676975.0
27 Nov 02, 2016 2.17 2.18 1.66 1.98 26690.3 632306.0
28 Nov 03, 2016 1.92 2.23 1.7 1.72 23061.5 568427.0
29 Nov 04, 2016 1.72 2.18 1.61 2.02 19695.2 519550.0
30 Nov 05, 2016 2.07 2.38 1.82 1.94 17390.7 637899.0
31 Nov 06, 2016 1.94 2.0 1.72 1.74 13109.6 613043.0
32 Nov 07, 2016 1.74 1.89 1.06 1.16 38064.7 564107.0
33 Nov 08, 2016 1.16 1.2 1.1 1.13 12569.8 383219.0
34 Nov 09, 2016 1.13 1.15 0.79 0.8 13381.6 379407.0
35 Nov 10, 2016 0.8 0.95 0.79 0.8 5267.87 272577.0
36 Nov 11, 2016 0.8 0.92 0.8 0.83 5063.9 276725.0
37 Nov 12, 2016 0.83 0.89 0.81 0.81 3115.53 293731.0
38 Nov 13, 2016 0.81 0.98 0.7 0.87 6763.93 292190.0
39 Nov 14, 2016 0.87 0.92 0.71 0.88 6824.04 321523.0
40 Nov 15, 2016 0.88 1.09 0.75 0.75 7422.81 331188.0
41 Nov 16, 2016 0.75 0.76 0.55 0.57 11752.4 287934.0
42 Nov 17, 2016 0.56 1.08 0.56 1.03 5983.33 219677.0
43 Nov 18, 2016 1.03 1.12 0.52 0.63 7938.61 411974.0
44 Nov 19, 2016 0.63 0.76 0.59 0.65 4149.97 258157.0
45 Nov 20, 2016 0.65 0.7 0.55 0.56 3706.38 267178.0
46 Nov 21, 2016 0.56 0.61 0.55 0.57 2972.43 229405.0
47 Nov 22, 2016 0.57 0.68 0.55 0.56 6214.68 234819.0
48 Nov 23, 2016 0.56 0.63 0.53 0.59 6097.26 228741.0
49 Nov 24, 2016 0.59 0.6 0.53 0.55 4309.46 244456.0
50 Nov 25, 2016 0.55 0.63 0.53 0.58 3086.73 224233.0
51 Nov 26, 2016 0.58 0.58 0.45 0.45 3771.79 238000.0
52 Nov 27, 2016 0.45 0.47 0.39 0.42 3979.55 185633.0
53 Nov 28, 2016 0.42 0.45 0.37 0.37 5019.06 174777.0
54 Nov 29, 2016 0.37 0.43 0.34 0.34 4187.65 154206.0
55 Nov 30, 2016 0.35 0.68 0.34 0.68 3000.25 142356.0
56 Dec 01, 2016 0.68 0.72 0.3 0.3 3278.47 278618.0
57 Dec 02, 2016 0.3 0.33 0.28 0.28 1874.63 122629.0
58 Dec 03, 2016 0.28 0.4 0.28 0.3 1326.59 115104.0
59 Dec 04, 2016 0.3 0.46 0.29 0.4 4429.86 124738.0
60 Dec 05, 2016 0.4 0.44 0.34 0.38 3292.18 163077.0
61 Dec 06, 2016 0.38 0.38 0.35 0.35 2406.93 155897.0
62 Dec 07, 2016 0.35 0.38 0.32 0.32 2327.22 145519.0
63 Dec 08, 2016 0.32 0.56 0.32 0.53 6851.81 132745.0
64 Dec 09, 2016 0.53 0.7 0.49 0.51 15294.7 217885.0
65 Dec 10, 2016 0.51 0.64 0.48 0.58 8621.96 208729.0
66 Dec 11, 2016 0.58 0.67 0.5 0.52 4816.96 239325.0
67 Dec 12, 2016 0.52 0.52 0.4 0.41 6902.67 214037.0
68 Dec 13, 2016 0.41 0.52 0.41 0.52 8803.57 168977.0
69 Dec 14, 2016 0.51 0.53 0.41 0.48 8997.38 208386.0
70 Dec 15, 2016 0.48 0.5 0.37 0.37 7232.07 198523.0
71 Dec 16, 2016 0.37 0.51 0.37 0.45 8122.64 154209.0
72 Dec 17, 2016 0.45 0.49 0.39 0.39 13830.4 185861.0
73 Dec 18, 2016 0.39 0.48 0.31 0.39 39030.6 160706.0
74 Dec 19, 2016 0.39 0.42 0.36 0.37 9133.5 161910.0
75 Dec 20, 2016 0.37 0.39 0.32 0.32 1908.33 230765.0
76 Dec 21, 2016 0.32 0.38 0.32 0.34 5063.67 205906.0
77 Dec 22, 2016 0.33 0.6 0.33 0.47 16152.2 214947.0
78 Dec 23, 2016 0.47 0.63 0.43 0.57 8609.62 308098.0
79 Dec 24, 2016 0.57 0.66 0.46 0.46 6195.92 375204.0
80 Dec 25, 2016 0.46 0.49 0.41 0.41 5733.7 307857.0
81 Dec 26, 2016 0.41 0.55 0.38 0.53 8476.14 279047.0
82 Dec 27, 2016 0.53 0.53 0.43 0.46 3164.29 362976.0
83 Dec 28, 2016 0.46 0.57 0.46 0.57 7595.33 313010.0
84 Dec 29, 2016 0.54 0.57 0.45 0.5 4875.35 375615.0
85 Dec 30, 2016 0.5 0.54 0.45 0.54 4570.55 350420.0
86 Dec 31, 2016 0.54 0.57 0.47 0.48 9459.26 379460.0
87 Jan 01, 2017 0.48 0.52 0.47 0.48 7125.26 334634.0
88 Jan 02, 2017 0.48 0.51 0.42 0.48 6941.09 337981.0
89 Jan 03, 2017 0.48 0.69 0.48 0.6 3564.01 351936.0
90 Jan 04, 2017 0.6 0.84 0.6 0.61 11463.1 440112.0
91 >Jan 05, 201 0.61 0.67 0.44 0.49 5262.64 452027.0
92 Jan 06, 2017 0.49 0.57 0.43 0.45 7690.6 370120.0
93 Jan 07, 2017 0.45 0.46 0.39 0.43 6623.96 343175.0
94 Jan 08, 2017 0.43 0.49 0.4 0.41 6127.88 326603.0
95 Jan 09, 2017 0.41 0.48 0.4 0.43 8693.86 316431.0
96 Jan 10, 2017 0.43 0.52 0.43 0.48 10557.4 338438.0
97 Jan 11, 2017 0.48 0.86 0.48 0.76 60566.6 374663.0
98 Jan 12, 2017 0.65 0.86 0.6 0.78 31075.1 512245.0
99 Jan 13, 2017 0.84 1.45 0.75 1.11 127549.0 671208.0
100 Jan 14, 2017 1.11 1.4 1.04 1.05 66956.6 905030.0
101 Jan 15, 2017 1.05 1.19 0.97 0.97 51061.7 864563.0
102 Jan 16, 2017 0.97 1.14 0.92 0.98 31426.5 804362.0
103 Jan 17, 2017 0.98 1.13 0.97 1.06 23197.3 824404.0
104 Jan 18, 2017 1.07 1.1 0.93 0.97 20336.7 899619.0
105 Jan 19, 2017 0.97 1.0 0.88 0.88 13398.7 828081.0
106 Jan 20, 2017 0.89 0.99 0.88 0.9 15917.3 757564.0
107 Jan 21, 2017 0.9 1.06 0.9 0.92 16571.5 777438.0
108 Jan 22, 2017 0.92 2.06 0.92 1.71 112566.0 795469.0
109 Jan 23, 2017 1.85 2.21 1.59 1.81 170782.0 1620420.0
110 Jan 24, 2017 1.81 1.82 1.46 1.51 83744.6 1604530.0
111 Jan 25, 2017 1.48 1.58 1.45 1.46 66545.5 1322850.0
112 Jan 26, 2017 1.46 1.53 1.46 1.51 31772.1 1317520.0
113 Jan 27, 2017 1.51 1.54 1.49 1.49 34142.7 1373320.0
114 Jan 28, 2017 1.49 1.69 1.49 1.66 69246.7 1370940.0
115 Jan 29, 2017 1.66 1.97 1.6 1.88 132362.0 1534000.0
116 Jan 30, 2017 1.88 1.95 1.86 1.87 64588.8 1757780.0
117 Jan 31, 2017 1.88 2.03 1.67 1.73 102525.0 1768510.0
118 Feb 01, 2017 1.73 1.79 1.71 1.72 35314.0 1643820.0
119 Feb 02, 2017 1.73 1.75 1.38 1.49 97381.7 1653430.0
120 Feb 03, 2017 1.43 1.64 1.38 1.54 72492.5 1381110.0
121 Feb 04, 2017 1.55 1.69 1.49 1.59 27468.0 1505890.0
122 Feb 05, 2017 1.61 1.61 1.33 1.38 88156.7 1570790.0
123 Feb 06, 2017 1.38 2.19 1.38 1.68 202460.0 1363480.0
124 Feb 07, 2017 1.64 1.85 1.64 1.75 82420.3 1625650.0
125 Feb 08, 2017 1.71 1.75 1.62 1.75 90006.1 1706270.0
126 Feb 09, 2017 1.75 2.16 1.75 1.98 514801.0 1759050.0
127 Feb 10, 2017 2.01 2.05 1.78 1.93 177880.0 2043890.0
128 Feb 11, 2017 1.99 2.12 1.91 2.03 108019.0 2031350.0
129 Feb 12, 2017 2.03 2.39 1.98 2.25 300958.0 2096880.0
130 Feb 13, 2017 2.22 2.62 2.21 2.25 485833.0 2315680.0
131 Feb 14, 2017 2.28 2.34 1.98 2.01 183715.0 2400700.0
132 Feb 15, 2017 2.01 2.1 1.88 2.03 193330.0 2130160.0
133 Feb 16, 2017 2.03 2.06 1.87 1.87 99216.0 2169580.0
134 Feb 17, 2017 1.87 1.91 1.34 1.43 472857.0 2014780.0
135 Feb 18, 2017 1.43 1.68 1.41 1.64 361648.0 1550720.0
136 Feb 19, 2017 1.64 1.95 1.58 1.83 113456.0 1780330.0
137 Feb 20, 2017 1.83 1.97 1.68 1.86 237850.0 2007690.0
138 Feb 21, 2017 1.83 1.9 1.74 1.83 127185.0 2013810.0
139 Feb 22, 2017 1.83 1.83 1.72 1.73 59658.0 2031760.0
140 Feb 23, 2017 1.73 1.73 1.58 1.66 122153.0 1930650.0
141 Feb 24, 2017 1.66 1.73 1.55 1.58 93558.4 1868060.0
142 Feb 25, 2017 1.58 1.59 1.49 1.5 54144.4 1793050.0
143 Feb 26, 2017 1.5 1.62 1.49 1.58 43853.4 1714750.0
144 Feb 27, 2017 1.57 1.71 1.57 1.69 89014.4 1804840.0
145 Feb 28, 2017 1.67 2.05 1.64 1.99 256148.0 1934710.0
146 Mar 01, 2017 1.99 2.21 1.91 2.18 248500.0 2313260.0
147 Mar 02, 2017 2.18 2.55 2.08 2.44 415139.0 2556100.0
148 Mar 03, 2017 2.44 2.58 2.17 2.31 218366.0 2871900.0
149 Mar 04, 2017 2.34 2.43 2.23 2.32 113723.0 2772410.0
150 Mar 05, 2017 2.24 2.36 2.11 2.35 174353.0 2669970.0
151 Mar 06, 2017 2.31 2.59 2.31 2.45 242210.0 2777110.0
152 Mar 07, 2017 2.45 2.5 2.3 2.36 184914.0 2958450.0
153 Mar 08, 2017 2.4 2.45 2.23 2.32 115308.0 2919670.0
154 Mar 09, 2017 2.33 2.46 2.25 2.36 91779.8 2843330.0
155 Mar 10, 2017 2.36 2.5 2.28 2.37 154577.0 2907990.0
156 Mar 11, 2017 2.37 2.52 2.28 2.48 134234.0 2927820.0
157 Mar 12, 2017 2.48 3.55 2.46 3.47 892472.0 3088000.0
158 Mar 13, 2017 3.54 4.25 3.35 3.6 1296880.0 4430300.0
159 Mar 14, 2017 3.69 4.93 3.55 4.81 1311740.0 4646140.0
160 Mar 15, 2017 4.75 12.41 4.67 6.9 3475500.0 6016870.0
161 Mar 16, 2017 6.75 7.18 4.66 5.13 3349160.0 11131400.0
162 Mar 17, 2017 5.17 5.41 4.07 4.86 1856420.0 8565500.0
163 Mar 18, 2017 4.95 5.07 4.11 4.46 813986.0 8248960.0
164 Mar 19, 2017 4.37 4.94 4.05 4.72 754286.0 7307770.0
165 Mar 20, 2017 4.76 4.89 4.58 4.75 334483.0 7978900.0
166 Mar 21, 2017 4.75 5.39 4.66 5.2 605742.0 7990760.0
167 Mar 22, 2017 5.24 5.39 4.65 4.81 513095.0 8856920.0
168 Mar 23, 2017 4.82 4.89 4.33 4.33 312617.0 8175150.0
169 Mar 24, 2017 4.32 4.53 4.12 4.3 384452.0 7364760.0
170 Mar 25, 2017 4.39 4.5 4.2 4.45 178861.0 7515310.0
171 Mar 26, 2017 4.45 4.86 4.41 4.76 281351.0 7659390.0
172 Mar 27, 2017 4.78 4.83 4.42 4.46 156278.0 8261960.0
173 Mar 28, 2017 4.48 4.79 4.42 4.7 200258.0 7787420.0
174 Mar 29, 2017 4.68 5.07 4.54 4.92 276475.0 8159310.0
175 Mar 30, 2017 4.92 4.98 4.44 4.54 479332.0 8689750.0
176 Mar 31, 2017 4.54 4.92 4.34 4.63 526276.0 8048770.0
177 Apr 01, 2017 4.6 4.77 4.44 4.69 353494.0 8190790.0
178 Apr 02, 2017 4.69 4.78 4.27 4.44 699224.0 8379640.0
179 Apr 03, 2017 4.45 5.36 4.34 4.93 1296010.0 7974270.0
180 Apr 04, 2017 4.81 5.28 4.66 5.02 452885.0 8658380.0
181 Apr 05, 2017 5.04 5.42 4.88 5.31 527823.0 9116270.0
182 Apr 06, 2017 5.37 6.67 5.31 6.53 2125390.0 9749520.0
183 Apr 07, 2017 6.43 6.52 5.55 6.08 1199230.0 11719400.0
184 Apr 08, 2017 6.07 6.7 6.07 6.67 678299.0 11120300.0
185 Apr 09, 2017 6.71 8.69 6.71 8.2 2750250.0 12344200.0
186 Apr 10, 2017 8.21 9.0 6.52 7.1 2556940.0 15169400.0
187 Apr 11, 2017 7.19 7.79 6.7 7.36 1384160.0 13347400.0
188 Apr 12, 2017 7.52 7.71 7.11 7.64 871332.0 14003300.0
189 Apr 13, 2017 7.68 8.51 7.63 7.84 1194260.0 14371400.0
190 Apr 14, 2017 7.82 8.01 7.55 7.6 570224.0 14689000.0
191 Apr 15, 2017 7.6 7.71 6.93 7.12 1022140.0 14331300.0
192 Apr 16, 2017 7.22 7.22 6.09 6.94 644209.0 13662500.0
193 Apr 17, 2017 6.93 7.28 6.57 6.59 715683.0 13169500.0
194 Apr 18, 2017 6.64 7.45 6.55 7.05 905095.0 12660700.0
195 Apr 19, 2017 7.06 7.36 6.96 7.21 549664.0 13507700.0
196 Apr 20, 2017 7.21 7.27 6.82 6.82 410213.0 13832000.0
197 Apr 21, 2017 6.72 7.67 6.72 7.57 849931.0 12936000.0
198 Apr 22, 2017 7.54 8.3 7.33 8.3 966199.0 14569100.0
199 Apr 23, 2017 8.23 8.74 7.45 7.58 1718220.0 15969800.0
200 Apr 24, 2017 7.74 7.98 7.31 7.52 1161830.0 15078700.0
201 Apr 25, 2017 7.52 7.72 7.39 7.56 637049.0 14706000.0
202 Apr 26, 2017 7.61 7.78 7.46 7.5 716038.0 14940200.0
203 Apr 27, 2017 7.49 7.71 7.33 7.4 790389.0 14777900.0
204 Apr 28, 2017 7.37 7.6 7.08 7.53 700173.0 14591500.0
205 Apr 29, 2017 7.55 8.24 7.49 8.02 1398410.0 14995900.0
206 Apr 30, 2017 8.01 8.04 7.26 7.53 1518460.0 15979600.0
207 May 01, 2017 7.5 7.79 6.18 7.1 1319750.0 15010000.0
208 May 02, 2017 7.11 7.27 5.98 6.62 1318530.0 14277200.0
209 May 03, 2017 6.67 6.93 6.34 6.83 935796.0 13438300.0
210 May 04, 2017 6.83 7.64 6.82 7.21 1743420.0 13819100.0
211 May 05, 2017 7.21 7.46 6.41 6.99 2143420.0 14628400.0
212 May 06, 2017 7.01 7.08 6.34 6.8 1073150.0 14285200.0
213 May 07, 2017 6.8 6.95 6.3 6.62 1091020.0 13905000.0
214 May 08, 2017 6.7 7.89 6.45 6.92 2489240.0 13740900.0
215 May 09, 2017 7.0 7.89 5.69 6.35 3226130.0 14385700.0
216 May 10, 2017 6.3 6.49 5.67 5.94 1183620.0 12984900.0
217 May 11, 2017 5.94 5.94 4.86 5.45 971481.0 12291200.0
218 May 12, 2017 5.4 6.08 5.22 5.36 583094.0 11213600.0
219 May 13, 2017 5.35 6.42 4.94 5.85 787247.0 11145000.0
220 May 14, 2017 5.86 5.9 5.44 5.57 336968.0 12255900.0
221 May 15, 2017 5.56 5.56 5.19 5.34 260756.0 11687500.0
222 May 16, 2017 5.34 5.63 5.19 5.32 274522.0 11252500.0
223 May 17, 2017 5.32 5.63 5.16 5.49 431833.0 11253700.0
224 May 18, 2017 5.49 6.16 5.36 5.75 731080.0 11641500.0
225 May 19, 2017 5.76 5.94 5.52 5.56 881074.0 12266100.0
226 May 20, 2017 5.57 5.7 5.39 5.62 677308.0 11894400.0
227 May 21, 2017 5.57 6.48 5.55 6.17 1717270.0 11935600.0
228 May 22, 2017 6.2 8.72 5.79 7.52 3868630.0 13346300.0
229 May 23, 2017 7.4 8.49 7.4 8.49 2218480.0 15984200.0
230 May 24, 2017 8.41 9.2 7.31 7.47 2388460.0 18219700.0
231 May 25, 2017 7.44 7.53 5.88 5.96 1490560.0 16172000.0
232 May 26, 2017 5.92 6.71 4.88 5.16 883223.0 12900800.0
233 May 27, 2017 5.15 5.49 4.14 5.15 1174800.0 11264900.0
234 May 28, 2017 5.14 5.59 4.57 5.1 523446.0 11282800.0
235 May 29, 2017 5.1 6.2 4.8 5.78 924294.0 11236000.0
236 May 30, 2017 5.79 6.17 5.56 5.76 545206.0 12796400.0
237 May 31, 2017 5.78 8.15 5.57 8.15 2184920.0 12806400.0
238 Jun 01, 2017 8.09 8.42 7.02 7.56 1563280.0 17982200.0
239 Jun 02, 2017 7.56 7.75 6.85 7.25 1116560.0 16853100.0
240 Jun 03, 2017 7.3 7.52 6.8 7.29 875533.0 16326900.0
241 Jun 04, 2017 7.38 7.38 6.98 7.16 447975.0 16553300.0
242 Jun 05, 2017 7.09 8.08 7.09 7.86 1569910.0 15955200.0
243 Jun 06, 2017 7.93 7.93 7.03 7.29 851169.0 17898300.0
244 Jun 07, 2017 7.29 7.86 6.94 7.18 820051.0 16515200.0
245 Jun 08, 2017 7.09 7.61 6.71 7.38 957448.0 16114400.0
246 Jun 09, 2017 7.39 7.65 7.28 7.58 974374.0 16848800.0
247 Jun 10, 2017 7.63 10.98 7.63 10.97 3364130.0 17455700.0
248 Jun 11, 2017 11.25 14.72 9.42 12.68 8258350.0 25840100.0
249 Jun 12, 2017 12.94 12.94 9.64 10.3 2844100.0 29828600.0
250 Jun 13, 2017 10.51 12.33 9.74 11.69 2530410.0 24299200.0
251 Jun 14, 2017 11.85 12.29 10.29 11.16 2428170.0 27482100.0
252 Jun 15, 2017 11.44 13.43 10.15 13.02 2847380.0 26631600.0
253 Jun 16, 2017 13.14 19.26 13.14 18.84 7258650.0 30671600.0
254 Jun 17, 2017 18.53 19.43 16.76 16.76 2961890.0 43420800.0
255 Jun 18, 2017 17.23 17.24 15.25 16.28 2071190.0 40519700.0
256 Jun 19, 2017 16.29 16.84 14.33 14.46 2343800.0 38442900.0
257 Jun 20, 2017 14.38 16.31 14.31 15.44 2123490.0 34023900.0
258 Jun 21, 2017 15.6 17.11 14.0 16.93 2792140.0 37021000.0
259 Jun 22, 2017 17.13 21.07 17.13 19.09 5283570.0 40767900.0
260 Jun 23, 2017 19.12 19.95 15.91 16.91 4157960.0 45645400.0
261 Jun 24, 2017 16.79 17.41 14.91 16.47 5869580.0 40220300.0
262 Jun 25, 2017 16.46 16.83 14.67 14.67 1692860.0 39568000.0
263 Jun 26, 2017 14.65 15.44 12.39 13.9 2934760.0 35318600.0
264 >Jun 27, 201 13.14 13.77 11.12 12.51 2304410.0 31771300.0
265 Jun 28, 2017 12.82 15.89 12.21 14.51 2194600.0 31083100.0
266 Jun 29, 2017 14.48 15.06 13.0 13.46 1291860.0 35203400.0
267 Jun 30, 2017 13.57 13.82 13.03 13.1 1040400.0 33088300.0
268 Jul 01, 2017 13.21 13.32 11.02 11.13 851375.0 32305200.0
269 Jul 02, 2017 11.05 11.99 9.93 11.78 1254320.0 27147900.0
270 Jul 03, 2017 11.73 12.22 11.14 11.72 948891.0 28889200.0
271 Jul 04, 2017 11.8 12.39 11.63 11.96 623918.0 29128000.0
272 Jul 05, 2017 11.87 11.93 11.16 11.66 571853.0 29390500.0
273 Jul 06, 2017 11.67 12.08 11.3 11.44 798880.0 28972500.0
274 Jul 07, 2017 11.52 11.52 9.78 9.82 1165450.0 28695300.0
275 Jul 08, 2017 9.82 10.8 8.33 10.7 1109410.0 24548700.0
276 Jul 09, 2017 10.87 10.91 9.43 10.04 483694.0 27257200.0
277 Jul 10, 2017 10.05 10.35 7.89 8.27 638235.0 25263900.0
278 Jul 11, 2017 8.27 8.74 6.78 6.95 918083.0 20853600.0
279 Jul 12, 2017 6.99 7.82 6.36 7.77 903696.0 17681200.0
280 Jul 13, 2017 7.81 8.1 6.98 7.15 418751.0 19805900.0
281 Jul 14, 2017 7.15 7.44 6.08 6.48 368630.0 18192100.0
282 Jul 15, 2017 6.43 6.44 5.56 5.75 501894.0 16422500.0
283 Jul 16, 2017 5.75 5.96 5.3 5.59 246906.0 14715900.0
284 Jul 17, 2017 5.64 6.51 5.64 6.3 338728.0 14499900.0
285 Jul 18, 2017 6.31 7.51 6.06 7.12 707446.0 16241500.0
286 Jul 19, 2017 7.19 7.3 6.59 6.81 389190.0 18569600.0
287 Jul 20, 2017 6.87 8.31 6.67 7.96 764915.0 17788800.0
288 Jul 21, 2017 8.05 8.62 7.57 7.77 668193.0 20885700.0
289 Jul 22, 2017 7.81 9.58 7.79 9.45 601642.0 20308300.0
290 Jul 23, 2017 9.45 9.52 7.54 8.13 740538.0 24652900.0
291 Jul 24, 2017 8.18 8.3 7.46 8.18 374005.0 21394200.0
292 Jul 25, 2017 8.18 8.29 6.61 6.87 394663.0 21468500.0
293 Jul 26, 2017 6.95 7.09 6.32 7.08 212184.0 18272200.0
294 Jul 27, 2017 7.01 7.26 6.79 7.08 156878.0 18473900.0
295 Jul 28, 2017 7.08 7.16 6.42 6.68 175202.0 18722100.0
296 Jul 29, 2017 6.67 6.8 6.24 6.75 124399.0 17668900.0
297 Jul 30, 2017 6.75 6.76 6.34 6.52 92746.7 17937800.0
298 Jul 31, 2017 6.52 6.88 6.25 6.71 144347.0 17370000.0
299 Aug 01, 2017 6.71 7.22 6.43 7.09 219257.0 17912000.0
300 Aug 02, 2017 7.09 7.62 6.83 7.54 346321.0 18960600.0
301 Aug 03, 2017 7.48 8.82 7.38 8.6 512876.0 20058400.0
302 Aug 04, 2017 8.6 8.96 8.25 8.72 589967.0 23118000.0
303 Aug 05, 2017 8.72 9.13 8.18 8.88 700040.0 23510600.0
304 Aug 06, 2017 8.91 9.06 8.16 8.16 440581.0 24124200.0
305 Aug 07, 2017 8.13 9.04 7.94 8.74 572513.0 22058700.0
306 Aug 08, 2017 8.79 10.51 8.56 9.69 1970660.0 23912100.0
307 Aug 09, 2017 9.73 10.6 9.65 10.11 1231730.0 26544400.0
308 Aug 10, 2017 9.96 13.58 9.26 12.56 2985000.0 27239400.0
309 Aug 11, 2017 12.5 13.12 11.17 11.46 1826210.0 34251000.0
310 Aug 12, 2017 11.56 12.43 11.18 11.56 896947.0 31765900.0
311 Aug 13, 2017 11.55 11.61 9.48 10.15 1954580.0 31855200.0
312 Aug 14, 2017 10.07 11.11 10.0 10.77 1141240.0 27851000.0
313 Aug 15, 2017 10.7 11.86 9.68 11.7 1584920.0 29685200.0
314 Aug 16, 2017 11.33 11.95 10.36 10.65 1036450.0 31515600.0
315 Aug 17, 2017 10.58 11.83 8.5 9.26 1053900.0 29505100.0
316 Aug 18, 2017 9.25 9.94 8.59 9.07 467480.0 25851200.0
317 Aug 19, 2017 9.11 10.11 8.37 9.29 680138.0 25536800.0
318 Aug 20, 2017 9.28 9.87 9.13 9.72 299338.0 26073800.0
319 Aug 21, 2017 9.77 9.95 8.95 9.16 401079.0 27515400.0
320 Aug 22, 2017 8.97 9.52 8.48 9.3 313099.0 25320200.0
321 Aug 23, 2017 9.27 10.19 9.19 9.61 336436.0 26232700.0
322 Aug 24, 2017 9.65 10.13 9.32 10.06 316137.0 27381500.0
323 Aug 25, 2017 10.05 10.28 9.71 10.07 325964.0 28583400.0
324 Aug 26, 2017 10.05 13.84 9.99 13.29 1873930.0 28661600.0
325 Aug 27, 2017 13.07 13.34 11.25 12.84 1336170.0 37392100.0
326 Aug 28, 2017 12.96 13.54 12.22 13.32 1101170.0 37163500.0
327 Aug 29, 2017 13.42 13.48 11.75 12.53 921476.0 38575400.0
328 Aug 30, 2017 12.57 14.0 11.54 13.34 1048790.0 36214800.0
329 Aug 31, 2017 13.43 14.5 13.1 14.23 2052550.0 38788700.0
330 Sep 01, 2017 14.08 14.51 12.95 14.33 1409350.0 40761100.0
331 Sep 02, 2017 14.32 14.32 11.93 13.19 1113990.0 41568400.0
332 Sep 03, 2017 12.96 13.4 11.83 12.13 646728.0 37702400.0
333 Sep 04, 2017 12.11 12.23 9.18 9.71 1222000.0 35324200.0
334 Sep 05, 2017 9.8 10.87 7.8 10.83 1214390.0 28639700.0
335 Sep 06, 2017 10.84 11.66 10.62 11.58 888081.0 31768100.0
336 Sep 07, 2017 11.51 11.7 10.5 10.71 1127400.0 33817900.0
337 Sep 08, 2017 10.69 10.8 8.12 9.09 1473110.0 31455900.0
338 Sep 09, 2017 9.25 9.64 8.48 9.15 1222660.0 27296600.0
339 Sep 10, 2017 9.25 9.29 7.22 8.53 1454620.0 27345800.0
340 Sep 11, 2017 8.5 8.98 8.09 8.67 600816.0 25212700.0
341 Sep 12, 2017 8.82 9.88 8.37 8.52 1263110.0 26212700.0
342 Sep 13, 2017 8.51 9.02 8.05 8.51 725764.0 25331000.0
343 Sep 14, 2017 8.51 8.98 6.19 6.3 1978410.0 25388600.0
344 Sep 15, 2017 6.4 7.27 4.61 6.92 2301510.0 19137500.0
345 Sep 16, 2017 6.9 7.36 5.75 6.59 1188600.0 20685400.0
346 Sep 17, 2017 6.73 6.94 6.23 6.59 337842.0 20219600.0
347 Sep 18, 2017 6.59 7.73 6.59 7.52 1164430.0 19861600.0
348 Sep 19, 2017 7.53 9.55 7.41 8.64 3420000.0 22727100.0
349 Sep 20, 2017 8.6 11.78 8.48 10.6 8494020.0 26041400.0
350 Sep 21, 2017 10.64 12.86 10.29 10.44 9857190.0 32282100.0
351 Sep 22, 2017 10.51 12.91 10.41 11.48 6902150.0 31978900.0
352 Sep 23, 2017 11.54 11.83 10.62 11.56 3063720.0 35215000.0
353 Sep 24, 2017 11.56 11.63 10.85 11.15 1131100.0 35350200.0
354 Sep 25, 2017 11.14 11.69 10.9 11.6 1713710.0 34146900.0
355 Sep 26, 2017 11.6 12.39 10.98 11.83 2695170.0 35632900.0
356 Sep 27, 2017 11.81 13.09 11.73 13.01 3375300.0 36369400.0
357 Sep 28, 2017 12.91 14.53 12.72 13.85 4914510.0 39869700.0
358 Sep 29, 2017 13.82 13.88 12.13 12.86 3126760.0 42749900.0
359 Sep 30, 2017 12.87 13.41 12.86 13.29 1064880.0 39943000.0
360 Oct 01, 2017 13.28 13.47 12.03 12.27 1538680.0 41315800.0
361 Oct 02, 2017 12.33 12.81 11.26 12.39 1704840.0 38439500.0
362 Oct 03, 2017 12.35 12.66 11.2 11.52 1156210.0 38605400.0
363 Oct 04, 2017 11.53 11.73 10.66 11.14 923934.0 36127800.0
364 Oct 05, 2017 11.17 11.46 10.48 11.07 722871.0 35094600.0
365 Oct 06, 2017 11.07 11.41 10.95 11.06 557430.0 34859700.0
366 Oct 07, 2017 11.06 11.13 10.33 10.58 581376.0 34904500.0
367 Oct 08, 2017 10.52 10.6 9.42 9.67 908806.0 33309600.0
368 Oct 09, 2017 9.53 9.68 8.98 9.45 853088.0 30223800.0
369 Oct 10, 2017 9.46 10.01 9.19 9.66 747750.0 30026200.0
370 Oct 11, 2017 9.65 10.82 9.6 10.66 782381.0 30716800.0
371 Oct 12, 2017 10.67 10.71 9.54 9.6 1288780.0 34024500.0
372 Oct 13, 2017 9.63 10.41 9.47 9.73 963178.0 30794900.0
373 Oct 14, 2017 9.93 10.29 9.41 9.77 489383.0 31835200.0
374 Oct 15, 2017 9.89 9.99 9.3 9.57 284400.0 31757000.0
375 Oct 16, 2017 9.61 10.01 9.27 10.0 516215.0 30927700.0
376 Oct 17, 2017 9.91 10.06 9.24 9.57 473221.0 31982300.0
377 Oct 18, 2017 9.66 12.49 9.36 12.05 3531950.0 31242500.0
378 Oct 19, 2017 12.01 12.27 9.79 12.27 2093780.0 38907900.0
379 Oct 20, 2017 11.8 12.82 10.33 10.53 2112090.0 38303700.0
380 Oct 21, 2017 10.43 12.55 10.32 12.24 1509370.0 33926700.0
381 Oct 22, 2017 12.24 12.75 11.23 11.74 1294840.0 39931900.0
382 Oct 23, 2017 11.75 12.65 11.0 11.52 1017300.0 38434600.0
383 Oct 24, 2017 11.5 13.44 11.0 12.74 2070880.0 37680700.0
384 Oct 25, 2017 12.74 12.74 11.43 11.81 836583.0 41854700.0
385 Oct 26, 2017 11.84 13.82 11.84 13.52 1520410.0 38964000.0
386 Oct 27, 2017 13.61 15.02 13.18 14.81 1893280.0 44898200.0
387 Oct 28, 2017 15.07 15.92 14.56 14.86 1946170.0 49827500.0
388 Oct 29, 2017 14.69 15.03 13.23 13.92 1251150.0 48681200.0
389 Oct 30, 2017 13.84 15.72 13.84 15.54 1032960.0 45947700.0
390 Oct 31, 2017 15.51 17.66 14.96 17.66 2344390.0 51608600.0
391 Nov 01, 2017 16.95 17.44 12.56 12.56 1651700.0 56544000.0
392 Nov 02, 2017 13.11 15.06 12.54 15.06 1607200.0 43815500.0
393 Nov 03, 2017 14.7 15.26 13.9 14.69 1150760.0 45223400.0
394 Nov 04, 2017 14.78 14.78 13.9 14.1 674909.0 49616800.0
395 Nov 05, 2017 14.09 16.21 13.75 15.85 1475500.0 47408000.0
396 Nov 06, 2017 15.75 16.44 14.91 15.48 1515950.0 53088100.0
397 Nov 07, 2017 15.37 16.28 14.82 15.17 906450.0 51936400.0
398 Nov 08, 2017 15.14 17.77 14.27 17.08 2532240.0 51261400.0
399 Nov 09, 2017 17.07 18.65 16.22 18.23 2701420.0 57888000.0
400 Nov 10, 2017 18.08 18.08 14.04 15.04 1577410.0 61430600.0
401 Nov 11, 2017 15.05 16.21 14.46 14.93 784594.0 51257700.0
402 Nov 12, 2017 14.91 15.28 12.77 14.08 1303000.0 50918000.0
403 Nov 13, 2017 14.29 19.01 14.29 18.98 4150310.0 48867900.0
404 Nov 14, 2017 18.71 24.58 18.24 22.85 10179900.0 64139500.0
405 Nov 15, 2017 22.94 24.4 21.62 22.22 4397470.0 78800900.0
406 Nov 16, 2017 22.24 24.19 21.86 23.15 3371330.0 76540200.0
407 Nov 17, 2017 23.13 23.26 20.96 22.03 2037320.0 79773100.0
408 Nov 18, 2017 21.97 24.52 21.63 24.33 2713880.0 75954300.0
409 Nov 19, 2017 24.26 24.31 22.67 23.13 1290300.0 84061700.0
410 Nov 20, 2017 23.34 25.86 23.08 25.82 2667830.0 81030200.0
411 Nov 21, 2017 25.76 34.47 23.67 32.34 14513000.0 89443700.0
412 Nov 22, 2017 32.17 40.91 31.59 38.49 29522600.0 112171000.0
413 Nov 23, 2017 38.46 40.19 33.64 34.9 10472000.0 134378000.0
414 Nov 24, 2017 34.99 36.91 32.46 36.24 6782260.0 122548000.0
415 Nov 25, 2017 35.99 38.44 35.51 37.41 8099220.0 126360000.0
416 Nov 26, 2017 37.19 37.51 34.3 35.68 5705990.0 130893000.0
417 Nov 27, 2017 35.43 39.0 33.46 38.05 8641240.0 124926000.0
418 Nov 28, 2017 38.06 44.66 36.26 42.83 13565100.0 134491000.0
419 Nov 29, 2017 43.01 46.11 35.66 38.19 13749800.0 152268000.0
420 Nov 30, 2017 37.91 41.58 31.66 36.59 6780450.0 134469000.0
421 Dec 01, 2017 36.68 38.54 33.56 37.9 6124190.0 130400000.0
422 Dec 02, 2017 37.67 39.33 36.36 37.98 5199850.0 134203000.0
423 Dec 03, 2017 38.05 40.26 35.26 37.7 5173850.0 135823000.0
424 Dec 04, 2017 37.49 41.51 35.21 40.34 9191720.0 134064000.0
425 Dec 05, 2017 40.27 49.55 38.29 46.95 16080900.0 144320000.0
426 Dec 06, 2017 46.91 49.8 42.74 47.16 14971700.0 168435000.0
427 Dec 07, 2017 46.95 49.33 35.69 40.74 13734500.0 168900000.0
428 Dec 08, 2017 40.52 45.69 38.7 41.45 7994100.0 146074000.0
429 Dec 09, 2017 41.5 45.84 40.4 43.69 7928530.0 149892000.0
430 Dec 10, 2017 44.4 44.4 37.02 39.4 4706380.0 160627000.0
431 Dec 11, 2017 39.22 48.42 39.15 47.19 7371060.0 142154000.0
432 Dec 12, 2017 47.13 47.95 43.74 45.22 7477480.0 171184000.0
433 Dec 13, 2017 45.09 54.11 44.1 52.14 13258200.0 164053000.0
434 Dec 14, 2017 52.04 69.93 51.79 63.64 26740800.0 189786000.0
435 Dec 15, 2017 64.76 64.76 50.98 56.3 14739600.0 236740000.0
436 Dec 16, 2017 56.87 61.22 55.99 58.5 11209100.0 208347000.0
437 Dec 17, 2017 58.63 64.6 58.36 62.53 10504600.0 215217000.0
438 Dec 18, 2017 62.69 69.28 59.97 68.84 15852500.0 230589000.0
439 Dec 19, 2017 69.62 75.99 65.87 69.06 18541300.0 256530000.0
440 Dec 20, 2017 68.4 75.81 57.76 75.81 22449400.0 252567000.0
441 Dec 21, 2017 74.56 99.05 73.78 93.52 40033700.0 275845000.0
442 Dec 22, 2017 95.0 95.61 56.13 74.82 20394400.0 352116000.0
443 Dec 23, 2017 74.86 89.48 72.0 83.4 13417700.0 278076000.0
444 Dec 24, 2017 84.29 85.62 71.85 85.62 7961160.0 313640000.0
445 Dec 25, 2017 85.78 133.1 84.95 126.1 44871500.0 319901000.0
446 Dec 26, 2017 124.8 169.9 122.5 142.4 102168000.0 466484000.0
447 Dec 27, 2017 142.0 144.9 120.7 126.2 31649200.0 531966000.0
448 Dec 28, 2017 124.4 127.1 111.7 116.2 22491400.0 467148000.0
449 Dec 29, 2017 116.9 121.4 109.6 120.0 22823800.0 439694000.0
450 Dec 30, 2017 119.7 120.1 102.4 112.5 19735500.0 451459000.0
451 Dec 31, 2017 111.8 123.0 109.8 112.3 14533300.0 422114000.0
452 Jan 01, 2018 112.6 132.8 109.6 125.4 16843000.0 426327000.0
453 Jan 02, 2018 125.9 139.5 119.7 126.0 23831900.0 477341000.0
454 Jan 03, 2018 126.6 130.9 121.1 124.2 15323100.0 481071000.0
455 Jan 04, 2018 124.0 124.1 114.2 117.0 21389400.0 471780000.0
456 Jan 05, 2018 115.6 117.4 103.2 103.8 18692900.0 440347000.0
457 Jan 06, 2018 104.5 113.5 103.5 108.8 14182700.0 398790000.0
458 Jan 07, 2018 108.4 123.3 106.8 113.3 17993400.0 415154000.0
459 Jan 08, 2018 112.8 113.5 97.1 101.6 14461700.0 432592000.0
460 Jan 09, 2018 101.6 108.6 98.69 98.75 12186300.0 390379000.0
461 Jan 10, 2018 99.67 100.7 92.73 98.55 9754380.0 383373000.0
462 Jan 11, 2018 98.31 108.7 85.65 93.07 15598200.0 378780000.0
463 Jan 12, 2018 93.6 101.5 91.22 100.2 10001700.0 361193000.0
464 Jan 13, 2018 99.48 110.1 98.47 108.0 11774500.0 384561000.0
465 Jan 14, 2018 108.1 108.5 95.67 98.08 5788610.0 418966000.0
466 Jan 15, 2018 97.17 99.3 88.18 89.44 6685340.0 377024000.0
467 Jan 16, 2018 89.39 90.11 63.36 75.15 9671480.0 347438000.0
468 Jan 17, 2018 75.24 79.71 58.29 77.11 7786460.0 293094000.0
469 Jan 18, 2018 77.88 84.63 73.63 77.68 5351040.0 303674000.0
470 Jan 19, 2018 77.03 80.02 73.09 79.2 3702610.0 300434000.0
471 Jan 20, 2018 79.83 90.22 79.83 88.78 5254950.0 311416000.0
472 Jan 21, 2018 88.74 88.82 76.06 78.0 3283520.0 346290000.0
473 Jan 22, 2018 78.34 79.81 65.8 70.28 3814790.0 305770000.0
474 Jan 23, 2018 70.11 93.83 65.14 71.88 14048200.0 276166000.0
475 Jan 24, 2018 71.65 76.42 69.72 73.45 4816120.0 282716000.0
476 Jan 25, 2018 74.33 78.09 73.48 74.1 5746880.0 293747000.0
477 Jan 26, 2018 73.71 77.46 65.64 73.54 6029000.0 291776000.0
478 Jan 27, 2018 73.4 77.44 71.74 75.05 5145990.0 291168000.0
479 Jan 28, 2018 75.47 84.16 74.98 81.0 7653900.0 299999000.0
480 Jan 29, 2018 82.03 84.35 74.9 78.8 6814060.0 326710000.0
481 Jan 30, 2018 78.43 78.7 62.14 66.56 4862850.0 313002000.0
482 Jan 31, 2018 66.52 72.99 63.42 71.31 4840710.0 265895000.0
483 Feb 01, 2018 71.74 73.13 57.47 60.98 6400680.0 287232000.0
484 Feb 02, 2018 60.95 60.95 41.62 54.88 6830490.0 244506000.0
485 Feb 03, 2018 54.93 62.32 49.94 60.44 6227780.0 220777000.0
486 Feb 04, 2018 60.58 62.61 45.97 49.16 5539230.0 243995000.0
487 Feb 05, 2018 49.91 51.04 36.93 38.14 5855050.0 201405000.0
488 Feb 06, 2018 39.32 48.64 30.74 47.41 9799470.0 158987000.0
489 Feb 07, 2018 46.29 56.01 42.04 43.14 5399680.0 187489000.0
490 Feb 08, 2018 42.76 52.73 42.76 51.48 6817420.0 173459000.0
491 Feb 09, 2018 51.68 54.27 46.13 53.49 6245140.0 210025000.0
492 Feb 10, 2018 53.5 58.54 49.21 52.89 6084790.0 217786000.0
493 Feb 11, 2018 52.67 54.9 46.97 48.67 6029960.0 214786000.0
494 Feb 12, 2018 49.1 56.7 49.1 55.59 5619220.0 200563000.0
495 Feb 13, 2018 55.72 56.13 51.5 51.89 5383320.0 227939000.0
496 Feb 14, 2018 51.74 58.31 51.74 58.26 6171650.0 212031000.0
497 Feb 15, 2018 57.54 59.54 53.31 58.13 4717130.0 236181000.0
498 Feb 16, 2018 58.27 63.63 56.97 63.13 3593000.0 239576000.0
499 Feb 17, 2018 63.25 67.81 61.12 67.74 5202840.0 260466000.0
500 Feb 18, 2018 67.91 72.67 62.24 65.27 10359200.0 280180000.0
501 Feb 19, 2018 64.73 67.28 63.72 66.49 4766800.0 267636000.0
502 Feb 20, 2018 67.05 69.27 64.39 64.39 5083970.0 277774000.0
503 Feb 21, 2018 64.78 65.18 51.72 54.21 5718960.0 268837000.0
504 Feb 22, 2018 54.15 58.7 47.77 50.18 6244840.0 225115000.0
505 Feb 23, 2018 50.12 54.93 47.9 54.37 4922830.0 208775000.0
506 Feb 24, 2018 54.39 57.13 50.43 52.73 3772980.0 226963000.0
507 Feb 25, 2018 52.44 53.47 49.64 52.14 3526390.0 219208000.0
508 Feb 26, 2018 52.34 54.0 48.29 52.8 4130380.0 219067000.0
509 Feb 27, 2018 52.88 55.04 51.43 53.63 3379860.0 221719000.0
510 Feb 28, 2018 53.37 54.79 49.8 51.28 3789180.0 224195000.0
511 Mar 01, 2018 51.53 61.21 50.96 57.41 4823590.0 216859000.0
512 Mar 02, 2018 57.2 58.2 54.44 54.55 3985150.0 241087000.0
513 Mar 03, 2018 54.62 58.37 52.03 53.92 3600510.0 230597000.0
514 Mar 04, 2018 53.77 56.81 52.39 56.81 3609570.0 227441000.0
515 Mar 05, 2018 57.29 57.29 51.65 51.65 4034100.0 242732000.0
516 Mar 06, 2018 50.97 52.4 48.24 50.28 4072160.0 216342000.0
517 Mar 07, 2018 50.14 51.05 41.18 44.32 5079780.0 213229000.0
518 Mar 08, 2018 44.17 46.77 41.09 42.36 3828070.0 188148000.0
519 Mar 09, 2018 42.09 42.86 35.62 42.86 2244250.0 179522000.0
520 Mar 10, 2018 42.62 44.0 40.38 40.47 941618.0 182095000.0
521 Mar 11, 2018 40.57 44.12 39.31 43.79 784397.0 173627000.0
522 Mar 12, 2018 43.64 45.56 40.6 41.46 1256250.0 187012000.0
523 Mar 13, 2018 41.22 43.52 40.59 41.1 937751.0 176913000.0
524 Mar 14, 2018 41.08 42.7 35.5 36.1 1591700.0 176662000.0
525 Mar 15, 2018 36.07 38.37 33.1 35.64 2099930.0 155345000.0
526 Mar 16, 2018 35.7 37.46 33.63 35.95 1024240.0 154007000.0
527 Mar 17, 2018 35.98 36.48 33.7 34.35 903180.0 155506000.0
528 Mar 18, 2018 34.3 34.4 28.46 33.22 1288830.0 148562000.0
529 Mar 19, 2018 33.12 38.43 33.09 38.23 1332900.0 143693000.0
530 Mar 20, 2018 38.49 41.85 36.16 41.4 1768690.0 167236000.0
531 Mar 21, 2018 41.74 44.4 39.85 40.98 2052100.0 181637000.0
532 Mar 22, 2018 41.04 43.75 39.16 40.59 1166700.0 178913000.0
533 Mar 23, 2018 40.69 40.69 37.13 39.56 949116.0 177650000.0
534 Mar 24, 2018 40.29 41.32 37.87 38.53 1941210.0 176217000.0
535 Mar 25, 2018 37.98 38.51 37.31 37.51 979950.0 166444000.0
536 Mar 26, 2018 37.29 38.38 33.97 35.13 1111040.0 163704000.0
537 Mar 27, 2018 34.97 37.01 33.21 33.68 778522.0 153768000.0
