0 Dec 15, 2013 0.0 0.0 0.0 0.0 0.0 3488670.0
1 Dec 16, 2013 0.0 0.0 0.0 0.0 0.0 1970320.0
2 Dec 17, 2013 0.0 0.0 0.0 0.0 0.0 1526120.0
3 Dec 18, 2013 0.0 0.0 0.0 0.0 0.0 2160040.0
4 Dec 19, 2013 0.0 0.0 0.0 0.0 0.0 3487800.0
5 Dec 20, 2013 0.0 0.0 0.0 0.0 0.0 10967000.0
6 Dec 21, 2013 0.0 0.0 0.0 0.0 0.0 7251820.0
7 Dec 22, 2013 0.0 0.0 0.0 0.0 0.0 4333660.0
8 Dec 23, 2013 0.0 0.0 0.0 0.0 0.0 3682510.0
9 Dec 24, 2013 0.0 0.0 0.0 0.0 0.0 5636240.0
10 Dec 25, 2013 0.0 0.0 0.0 0.0 0.0 9086260.0
11 Dec 26, 2013 0.0 0.0 0.0 0.0 0.0 8217120.0
12 Dec 27, 2013 0.0 0.0 0.0 0.0 477422.0 8854330.0
13 Dec 28, 2013 0.0 0.0 0.0 0.0 341581.0 8051360.0
14 Dec 29, 2013 0.0 0.0 0.0 0.0 360974.0 7377480.0
15 Dec 30, 2013 0.0 0.0 0.0 0.0 276660.0 7598510.0
16 Dec 31, 2013 0.0 0.0 0.0 0.0 273400.0 7311460.0
17 Jan 01, 2014 0.0 0.0 0.0 0.0 307917.0 7701190.0
18 Jan 02, 2014 0.0 0.0 0.0 0.0 318037.0 8504140.0
19 Jan 03, 2014 0.0 0.0 0.0 0.0 303106.0 6940830.0
20 Jan 04, 2014 0.0 0.0 0.0 0.0 313907.0 6198170.0
21 Jan 05, 2014 0.0 0.0 0.0 0.0 245107.0 6318730.0
22 Jan 06, 2014 0.0 0.0 0.0 0.0 265529.0 5899650.0
23 Jan 07, 2014 0.0 0.0 0.0 0.0 212892.0 5726300.0
24 Jan 08, 2014 0.0 0.0 0.0 0.0 174256.0 5159610.0
25 Jan 09, 2014 0.0 0.0 0.0 0.0 314644.0 5415010.0
26 Jan 10, 2014 0.0 0.0 0.0 0.0 570553.0 6034890.0
27 Jan 11, 2014 0.0 0.0 0.0 0.0 986660.0 9428560.0
28 Jan 12, 2014 0.0 0.0 0.0 0.0 296158.0 9321690.0
29 Jan 13, 2014 0.0 0.0 0.0 0.0 391890.0 9175880.0
30 Jan 14, 2014 0.0 0.0 0.0 0.0 577691.0 7619940.0
31 Jan 15, 2014 0.0 0.0 0.0 0.0 1259190.0 9604290.0
32 Jan 16, 2014 0.0 0.0 0.0 0.0 483679.0 11924600.0
33 Jan 17, 2014 0.0 0.0 0.0 0.0 716054.0 11354800.0
34 Jan 18, 2014 0.0 0.0 0.0 0.0 2998020.0 12584500.0
35 Jan 19, 2014 0.0 0.0 0.0 0.0 3509460.0 18265900.0
36 Jan 20, 2014 0.0 0.0 0.0 0.0 9061440.0 22181200.0
37 Jan 21, 2014 0.0 0.0 0.0 0.0 13114300.0 40764900.0
38 Jan 22, 2014 0.0 0.0 0.0 0.0 5896280.0 65907400.0
39 Jan 23, 2014 0.0 0.0 0.0 0.0 5532260.0 50913700.0
40 Jan 24, 2014 0.0 0.0 0.0 0.0 4732940.0 62568300.0
41 Jan 25, 2014 0.0 0.0 0.0 0.0 3206090.0 63241800.0
42 Jan 26, 2014 0.0 0.0 0.0 0.0 4570820.0 66670100.0
43 Jan 27, 2014 0.0 0.0 0.0 0.0 1999700.0 58676000.0
44 Jan 28, 2014 0.0 0.0 0.0 0.0 2112100.0 45943000.0
45 Jan 29, 2014 0.0 0.0 0.0 0.0 2488540.0 51737400.0
46 Jan 30, 2014 0.0 0.0 0.0 0.0 2168880.0 62452400.0
47 Jan 31, 2014 0.0 0.0 0.0 0.0 1003380.0 60477400.0
48 Feb 01, 2014 0.0 0.0 0.0 0.0 1084150.0 63019600.0
49 Feb 02, 2014 0.0 0.0 0.0 0.0 2000720.0 59662500.0
50 Feb 03, 2014 0.0 0.0 0.0 0.0 1879300.0 53467700.0
51 Feb 04, 2014 0.0 0.0 0.0 0.0 2569440.0 54005800.0
52 Feb 05, 2014 0.0 0.0 0.0 0.0 2623790.0 50366800.0
53 Feb 06, 2014 0.0 0.0 0.0 0.0 1831240.0 57574800.0
54 Feb 07, 2014 0.0 0.0 0.0 0.0 1401220.0 58566400.0
55 Feb 08, 2014 0.0 0.0 0.0 0.0 789545.0 50250600.0
56 Feb 09, 2014 0.0 0.0 0.0 0.0 2538170.0 49773700.0
57 Feb 10, 2014 0.0 0.0 0.0 0.0 4810030.0 60361800.0
58 Feb 11, 2014 0.0 0.0 0.0 0.0 9117540.0 67385100.0
59 Feb 12, 2014 0.0 0.0 0.0 0.0 6437240.0 87842000.0
60 Feb 13, 2014 0.0 0.0 0.0 0.0 5636470.0 89197700.0
61 Feb 14, 2014 0.0 0.0 0.0 0.0 6470210.0 77942300.0
62 Feb 15, 2014 0.0 0.0 0.0 0.0 4900070.0 79014400.0
63 Feb 16, 2014 0.0 0.0 0.0 0.0 2110320.0 76647400.0
64 Feb 17, 2014 0.0 0.0 0.0 0.0 4679940.0 71737400.0
65 Feb 18, 2014 0.0 0.0 0.0 0.0 2027290.0 68956500.0
66 Feb 19, 2014 0.0 0.0 0.0 0.0 2416530.0 73485600.0
67 Feb 20, 2014 0.0 0.0 0.0 0.0 2420130.0 69869700.0
68 Feb 21, 2014 0.0 0.0 0.0 0.0 2149320.0 63418800.0
69 Feb 22, 2014 0.0 0.0 0.0 0.0 1455000.0 63620000.0
70 Feb 23, 2014 0.0 0.0 0.0 0.0 2818150.0 67881200.0
71 Feb 24, 2014 0.0 0.0 0.0 0.0 1907020.0 62802400.0
72 Feb 25, 2014 0.0 0.0 0.0 0.0 4596380.0 56495400.0
73 Feb 26, 2014 0.0 0.0 0.0 0.0 3165270.0 53321900.0
74 Feb 27, 2014 0.0 0.0 0.0 0.0 1492960.0 64970300.0
75 Feb 28, 2014 0.0 0.0 0.0 0.0 1519040.0 63750700.0
76 Mar 01, 2014 0.0 0.0 0.0 0.0 1227770.0 59172100.0
77 Mar 02, 2014 0.0 0.0 0.0 0.0 1498200.0 58739500.0
78 Mar 03, 2014 0.0 0.0 0.0 0.0 3652600.0 53446500.0
79 Mar 04, 2014 0.0 0.0 0.0 0.0 3778550.0 61839700.0
80 Mar 05, 2014 0.0 0.0 0.0 0.0 1247530.0 58994200.0
81 Mar 06, 2014 0.0 0.0 0.0 0.0 1093730.0 60275100.0
82 Mar 07, 2014 0.0 0.0 0.0 0.0 1551340.0 57955400.0
83 Mar 08, 2014 0.0 0.0 0.0 0.0 1319210.0 53483300.0
84 Mar 09, 2014 0.0 0.0 0.0 0.0 1444630.0 48232000.0
85 Mar 10, 2014 0.0 0.0 0.0 0.0 1428770.0 50844900.0
86 Mar 11, 2014 0.0 0.0 0.0 0.0 3138850.0 45809000.0
87 Mar 12, 2014 0.0 0.0 0.0 0.0 4777870.0 45247200.0
88 Mar 13, 2014 0.0 0.0 0.0 0.0 2111640.0 53882800.0
89 Mar 14, 2014 0.0 0.0 0.0 0.0 991836.0 51950500.0
90 Mar 15, 2014 0.0 0.0 0.0 0.0 835369.0 52155800.0
91 Mar 16, 2014 0.0 0.0 0.0 0.0 776123.0 50855900.0
92 Mar 17, 2014 0.0 0.0 0.0 0.0 1484340.0 50037400.0
93 Mar 18, 2014 0.0 0.0 0.0 0.0 1148100.0 47693100.0
94 Mar 19, 2014 0.0 0.0 0.0 0.0 1550450.0 47129100.0
95 Mar 20, 2014 0.0 0.0 0.0 0.0 888744.0 47782700.0
96 Mar 21, 2014 0.0 0.0 0.0 0.0 2157110.0 44987700.0
97 Mar 22, 2014 0.0 0.0 0.0 0.0 830262.0 43093400.0
98 Mar 23, 2014 0.0 0.0 0.0 0.0 882613.0 43145800.0
99 Mar 24, 2014 0.0 0.0 0.0 0.0 1183650.0 47165200.0
100 Mar 25, 2014 0.0 0.0 0.0 0.0 911303.0 47392600.0
101 Mar 26, 2014 0.0 0.0 0.0 0.0 709492.0 41696200.0
102 Mar 27, 2014 0.0 0.0 0.0 0.0 1935920.0 41002100.0
103 Mar 28, 2014 0.0 0.0 0.0 0.0 2114930.0 29246000.0
104 Mar 29, 2014 0.0 0.0 0.0 0.0 1877200.0 34046700.0
105 Mar 30, 2014 0.0 0.0 0.0 0.0 1337820.0 38362900.0
106 Mar 31, 2014 0.0 0.0 0.0 0.0 1377400.0 34814200.0
107 Apr 01, 2014 0.0 0.0 0.0 0.0 845770.0 33341000.0
108 Apr 02, 2014 0.0 0.0 0.0 0.0 1385560.0 35451100.0
109 Apr 03, 2014 0.0 0.0 0.0 0.0 1151820.0 28536700.0
110 Apr 04, 2014 0.0 0.0 0.0 0.0 1043010.0 30082400.0
111 Apr 05, 2014 0.0 0.0 0.0 0.0 473934.0 29999100.0
112 Apr 06, 2014 0.0 0.0 0.0 0.0 701008.0 31539200.0
113 Apr 07, 2014 0.0 0.0 0.0 0.0 782860.0 31291600.0
114 Apr 08, 2014 0.0 0.0 0.0 0.0 667073.0 31061000.0
115 Apr 09, 2014 0.0 0.0 0.0 0.0 440661.0 30826600.0
116 Apr 10, 2014 0.0 0.0 0.0 0.0 862264.0 30338900.0
117 Apr 11, 2014 0.0 0.0 0.0 0.0 1096790.0 23999700.0
118 Apr 12, 2014 0.0 0.0 0.0 0.0 503227.0 30628900.0
119 Apr 13, 2014 0.0 0.0 0.0 0.0 512104.0 29314200.0
120 Apr 14, 2014 0.0 0.0 0.0 0.0 1416560.0 27196100.0
121 Apr 15, 2014 0.0 0.0 0.0 0.0 2503670.0 32426200.0
122 Apr 16, 2014 0.0 0.0 0.0 0.0 6425170.0 41899900.0
123 Apr 17, 2014 0.0 0.0 0.0 0.0 3792830.0 50410700.0
124 Apr 18, 2014 0.0 0.0 0.0 0.0 1511350.0 45954600.0
125 Apr 19, 2014 0.0 0.0 0.0 0.0 1622690.0 43987600.0
126 Apr 20, 2014 0.0 0.0 0.0 0.0 1089990.0 46571800.0
127 >Apr 21, 201 0.0 0.0 0.0 0.0 1021950.0 45538700.0
128 Apr 22, 2014 0.0 0.0 0.0 0.0 1014070.0 45194800.0
129 Apr 23, 2014 0.0 0.0 0.0 0.0 1276710.0 42958700.0
130 Apr 24, 2014 0.0 0.0 0.0 0.0 1031310.0 41681300.0
131 Apr 25, 2014 0.0 0.0 0.0 0.0 4732600.0 43259800.0
132 Apr 26, 2014 0.0 0.0 0.0 0.0 998929.0 35290700.0
133 Apr 27, 2014 0.0 0.0 0.0 0.0 708249.0 35010200.0
134 Apr 28, 2014 0.0 0.0 0.0 0.0 1578900.0 32620500.0
135 Apr 29, 2014 0.0 0.0 0.0 0.0 1302450.0 36185000.0
136 Apr 30, 2014 0.0 0.0 0.0 0.0 1149250.0 37234400.0
137 May 01, 2014 0.0 0.0 0.0 0.0 542606.0 37752200.0
138 May 02, 2014 0.0 0.0 0.0 0.0 540769.0 38013300.0
139 May 03, 2014 0.0 0.0 0.0 0.0 519009.0 36495000.0
140 May 04, 2014 0.0 0.0 0.0 0.0 560527.0 35085100.0
141 May 05, 2014 0.0 0.0 0.0 0.0 523194.0 35531400.0
142 May 06, 2014 0.0 0.0 0.0 0.0 750721.0 34542000.0
143 May 07, 2014 0.0 0.0 0.0 0.0 685166.0 34895400.0
144 May 08, 2014 0.0 0.0 0.0 0.0 587545.0 36096100.0
145 May 09, 2014 0.0 0.0 0.0 0.0 860285.0 36076600.0
146 May 10, 2014 0.0 0.0 0.0 0.0 676349.0 38002000.0
147 May 11, 2014 0.0 0.0 0.0 0.0 480690.0 36800000.0
148 May 12, 2014 0.0 0.0 0.0 0.0 535210.0 35280000.0
149 May 13, 2014 0.0 0.0 0.0 0.0 484512.0 35051100.0
150 May 14, 2014 0.0 0.0 0.0 0.0 669458.0 34788700.0
151 May 15, 2014 0.0 0.0 0.0 0.0 388013.0 35413300.0
152 May 16, 2014 0.0 0.0 0.0 0.0 605567.0 35134200.0
153 May 17, 2014 0.0 0.0 0.0 0.0 305748.0 35231100.0
154 May 18, 2014 0.0 0.0 0.0 0.0 321137.0 35346300.0
155 May 19, 2014 0.0 0.0 0.0 0.0 371681.0 35116600.0
156 May 20, 2014 0.0 0.0 0.0 0.0 736828.0 34836600.0
157 May 21, 2014 0.0 0.0 0.0 0.0 505630.0 36668100.0
158 May 22, 2014 0.0 0.0 0.0 0.0 839516.0 35965100.0
159 May 23, 2014 0.0 0.0 0.0 0.0 939662.0 33350300.0
160 May 24, 2014 0.0 0.0 0.0 0.0 555017.0 32611900.0
161 May 25, 2014 0.0 0.0 0.0 0.0 1222410.0 33802100.0
162 May 26, 2014 0.0 0.0 0.0 0.0 824478.0 33857500.0
163 May 27, 2014 0.0 0.0 0.0 0.0 659621.0 32060900.0
164 May 28, 2014 0.0 0.0 0.0 0.0 898635.0 31640600.0
165 May 29, 2014 0.0 0.0 0.0 0.0 476535.0 31860500.0
166 May 30, 2014 0.0 0.0 0.0 0.0 988044.0 31236600.0
167 May 31, 2014 0.0 0.0 0.0 0.0 870901.0 27773400.0
168 Jun 01, 2014 0.0 0.0 0.0 0.0 1715410.0 27265900.0
169 Jun 02, 2014 0.0 0.0 0.0 0.0 1091610.0 32407600.0
170 Jun 03, 2014 0.0 0.0 0.0 0.0 904765.0 31835700.0
171 Jun 04, 2014 0.0 0.0 0.0 0.0 1065750.0 30991000.0
172 Jun 05, 2014 0.0 0.0 0.0 0.0 526707.0 29308500.0
173 Jun 06, 2014 0.0 0.0 0.0 0.0 542879.0 29152400.0
174 Jun 07, 2014 0.0 0.0 0.0 0.0 413224.0 29383500.0
175 Jun 08, 2014 0.0 0.0 0.0 0.0 365300.0 29826400.0
176 Jun 09, 2014 0.0 0.0 0.0 0.0 380403.0 29339300.0
177 Jun 10, 2014 0.0 0.0 0.0 0.0 589374.0 29666500.0
178 Jun 11, 2014 0.0 0.0 0.0 0.0 1322230.0 31365100.0
179 Jun 12, 2014 0.0 0.0 0.0 0.0 876563.0 34401500.0
180 Jun 13, 2014 0.0 0.0 0.0 0.0 523038.0 31387300.0
181 Jun 14, 2014 0.0 0.0 0.0 0.0 435885.0 32305100.0
182 Jun 15, 2014 0.0 0.0 0.0 0.0 289056.0 31037500.0
183 Jun 16, 2014 0.0 0.0 0.0 0.0 521729.0 30919300.0
184 >Jun 17, 201 0.0 0.0 0.0 0.0 253373.0 30243900.0
185 Jun 18, 2014 0.0 0.0 0.0 0.0 340545.0 30078000.0
186 Jun 19, 2014 0.0 0.0 0.0 0.0 289988.0 29804600.0
187 Jun 20, 2014 0.0 0.0 0.0 0.0 343110.0 29758700.0
188 Jun 21, 2014 0.0 0.0 0.0 0.0 289457.0 29457700.0
189 Jun 22, 2014 0.0 0.0 0.0 0.0 321583.0 29042900.0
190 Jun 23, 2014 0.0 0.0 0.0 0.0 458940.0 28442000.0
191 Jun 24, 2014 0.0 0.0 0.0 0.0 573812.0 27367000.0
192 Jun 25, 2014 0.0 0.0 0.0 0.0 301853.0 26119700.0
193 Jun 26, 2014 0.0 0.0 0.0 0.0 483973.0 22360000.0
194 Jun 27, 2014 0.0 0.0 0.0 0.0 454754.0 24551600.0
195 Jun 28, 2014 0.0 0.0 0.0 0.0 253850.0 24709000.0
196 Jun 29, 2014 0.0 0.0 0.0 0.0 248181.0 23350200.0
197 Jun 30, 2014 0.0 0.0 0.0 0.0 382776.0 22861400.0
198 Jul 01, 2014 0.0 0.0 0.0 0.0 448434.0 22764200.0
199 Jul 02, 2014 0.0 0.0 0.0 0.0 491802.0 21947500.0
200 Jul 03, 2014 0.0 0.0 0.0 0.0 449730.0 19226500.0
201 Jul 04, 2014 0.0 0.0 0.0 0.0 415581.0 18742300.0
202 Jul 05, 2014 0.0 0.0 0.0 0.0 293813.0 19990200.0
203 Jul 06, 2014 0.0 0.0 0.0 0.0 141042.0 19217000.0
204 Jul 07, 2014 0.0 0.0 0.0 0.0 91325.3 19448700.0
205 Jul 08, 2014 0.0 0.0 0.0 0.0 443163.0 19335300.0
206 Jul 09, 2014 0.0 0.0 0.0 0.0 652666.0 22560800.0
207 Jul 10, 2014 0.0 0.0 0.0 0.0 522520.0 23736100.0
208 Jul 11, 2014 0.0 0.0 0.0 0.0 366291.0 22874400.0
209 Jul 12, 2014 0.0 0.0 0.0 0.0 292935.0 23743300.0
210 Jul 13, 2014 0.0 0.0 0.0 0.0 287834.0 23878400.0
211 Jul 14, 2014 0.0 0.0 0.0 0.0 289599.0 23535800.0
212 Jul 15, 2014 0.0 0.0 0.0 0.0 269268.0 22349800.0
213 Jul 16, 2014 0.0 0.0 0.0 0.0 368030.0 22202500.0
214 Jul 17, 2014 0.0 0.0 0.0 0.0 432877.0 20449400.0
215 Jul 18, 2014 0.0 0.0 0.0 0.0 366333.0 22765400.0
216 Jul 19, 2014 0.0 0.0 0.0 0.0 223770.0 21688200.0
217 Jul 20, 2014 0.0 0.0 0.0 0.0 228417.0 21516700.0
218 Jul 21, 2014 0.0 0.0 0.0 0.0 196337.0 21118100.0
219 Jul 22, 2014 0.0 0.0 0.0 0.0 396016.0 20718700.0
220 Jul 23, 2014 0.0 0.0 0.0 0.0 245097.0 19408200.0
221 Jul 24, 2014 0.0 0.0 0.0 0.0 256883.0 19773500.0
222 Jul 25, 2014 0.0 0.0 0.0 0.0 176119.0 19147200.0
223 Jul 26, 2014 0.0 0.0 0.0 0.0 169123.0 18876200.0
224 >Jul 27, 201 0.0 0.0 0.0 0.0 281078.0 18377200.0
225 Jul 28, 2014 0.0 0.0 0.0 0.0 230995.0 19219600.0
226 Jul 29, 2014 0.0 0.0 0.0 0.0 185504.0 18012200.0
227 Jul 30, 2014 0.0 0.0 0.0 0.0 168166.0 18505300.0
228 Jul 31, 2014 0.0 0.0 0.0 0.0 189931.0 17895000.0
229 Aug 01, 2014 0.0 0.0 0.0 0.0 162768.0 18561500.0
230 Aug 02, 2014 0.0 0.0 0.0 0.0 117204.0 18674500.0
231 Aug 03, 2014 0.0 0.0 0.0 0.0 164862.0 18592800.0
232 Aug 04, 2014 0.0 0.0 0.0 0.0 219934.0 18024800.0
233 Aug 05, 2014 0.0 0.0 0.0 0.0 254217.0 17888700.0
234 Aug 06, 2014 0.0 0.0 0.0 0.0 236519.0 16804900.0
235 Aug 07, 2014 0.0 0.0 0.0 0.0 297579.0 15879500.0
236 Aug 08, 2014 0.0 0.0 0.0 0.0 209937.0 15630100.0
237 Aug 09, 2014 0.0 0.0 0.0 0.0 119359.0 15160200.0
238 Aug 10, 2014 0.0 0.0 0.0 0.0 148141.0 14944200.0
239 Aug 11, 2014 0.0 0.0 0.0 0.0 206929.0 14275300.0
240 Aug 12, 2014 0.0 0.0 0.0 0.0 193328.0 12922400.0
241 Aug 13, 2014 0.0 0.0 0.0 0.0 190644.0 13256300.0
242 Aug 14, 2014 0.0 0.0 0.0 0.0 174715.0 12738600.0
243 Aug 15, 2014 0.0 0.0 0.0 0.0 349005.0 13060800.0
244 Aug 16, 2014 0.0 0.0 0.0 0.0 204077.0 10825800.0
245 Aug 17, 2014 0.0 0.0 0.0 0.0 157417.0 12110700.0
246 Aug 18, 2014 0.0 0.0 0.0 0.0 233498.0 11329800.0
247 Aug 19, 2014 0.0 0.0 0.0 0.0 194961.0 9621110.0
248 Aug 20, 2014 0.0 0.0 0.0 0.0 260171.0 10298100.0
249 Aug 21, 2014 0.0 0.0 0.0 0.0 273433.0 11816100.0
250 Aug 22, 2014 0.0 0.0 0.0 0.0 206936.0 11916900.0
251 Aug 23, 2014 0.0 0.0 0.0 0.0 121028.0 11266000.0
252 Aug 24, 2014 0.0 0.0 0.0 0.0 112592.0 10883800.0
253 Aug 25, 2014 0.0 0.0 0.0 0.0 366814.0 11431400.0
254 Aug 26, 2014 0.0 0.0 0.0 0.0 1430870.0 10200200.0
255 Aug 27, 2014 0.0 0.0 0.0 0.0 317321.0 13099600.0
256 Aug 28, 2014 0.0 0.0 0.0 0.0 188059.0 12645200.0
257 Aug 29, 2014 0.0 0.0 0.0 0.0 136449.0 11988700.0
258 Aug 30, 2014 0.0 0.0 0.0 0.0 131446.0 11752600.0
259 Aug 31, 2014 0.0 0.0 0.0 0.0 291765.0 12315600.0
260 Sep 01, 2014 0.0 0.0 0.0 0.0 132860.0 11934900.0
261 Sep 02, 2014 0.0 0.0 0.0 0.0 129321.0 11843900.0
262 Sep 03, 2014 0.0 0.0 0.0 0.0 149367.0 12044400.0
263 Sep 04, 2014 0.0 0.0 0.0 0.0 573631.0 12803600.0
264 Sep 05, 2014 0.0 0.0 0.0 0.0 507241.0 14348100.0
265 Sep 06, 2014 0.0 0.0 0.0 0.0 1616910.0 15112100.0
266 Sep 07, 2014 0.0 0.0 0.0 0.0 800009.0 19248200.0
267 Sep 08, 2014 0.0 0.0 0.0 0.0 726929.0 17230500.0
268 Sep 09, 2014 0.0 0.0 0.0 0.0 619240.0 16174100.0
269 Sep 10, 2014 0.0 0.0 0.0 0.0 486354.0 17836500.0
270 Sep 11, 2014 0.0 0.0 0.0 0.0 686773.0 17150200.0
271 Sep 12, 2014 0.0 0.0 0.0 0.0 506222.0 18631900.0
272 Sep 13, 2014 0.0 0.0 0.0 0.0 1435840.0 18881500.0
273 Sep 14, 2014 0.0 0.0 0.0 0.0 6677130.0 24560400.0
274 Sep 15, 2014 0.0 0.0 0.0 0.0 3401030.0 31305100.0
275 Sep 16, 2014 0.0 0.0 0.0 0.0 1321120.0 30037200.0
276 Sep 17, 2014 0.0 0.0 0.0 0.0 1463600.0 27027000.0
277 Sep 18, 2014 0.0 0.0 0.0 0.0 2215910.0 24715700.0
278 Sep 19, 2014 0.0 0.0 0.0 0.0 883563.0 27442600.0
279 Sep 20, 2014 0.0 0.0 0.0 0.0 993004.0 25445300.0
280 Sep 21, 2014 0.0 0.0 0.0 0.0 539140.0 27037600.0
281 Sep 22, 2014 0.0 0.0 0.0 0.0 620222.0 26580700.0
282 Sep 23, 2014 0.0 0.0 0.0 0.0 739197.0 27522500.0
283 Sep 24, 2014 0.0 0.0 0.0 0.0 1277840.0 29149900.0
284 Sep 25, 2014 0.0 0.0 0.0 0.0 2393610.0 32270000.0
285 Sep 26, 2014 0.0 0.0 0.0 0.0 4722610.0 34810800.0
286 Sep 27, 2014 0.0 0.0 0.0 0.0 2907080.0 41927100.0
287 Sep 28, 2014 0.0 0.0 0.0 0.0 2115710.0 35054600.0
288 Sep 29, 2014 0.0 0.0 0.0 0.0 1169070.0 36741200.0
289 Sep 30, 2014 0.0 0.0 0.0 0.0 760341.0 37064400.0
290 Oct 01, 2014 0.0 0.0 0.0 0.0 1031360.0 37372100.0
291 Oct 02, 2014 0.0 0.0 0.0 0.0 1307610.0 34690900.0
292 Oct 03, 2014 0.0 0.0 0.0 0.0 1150090.0 31065100.0
293 Oct 04, 2014 0.0 0.0 0.0 0.0 730468.0 30491700.0
294 Oct 05, 2014 0.0 0.0 0.0 0.0 1125540.0 28104700.0
295 Oct 06, 2014 0.0 0.0 0.0 0.0 1317300.0 25524000.0
296 Oct 07, 2014 0.0 0.0 0.0 0.0 1042430.0 28055200.0
297 Oct 08, 2014 0.0 0.0 0.0 0.0 553294.0 27878800.0
298 Oct 09, 2014 0.0 0.0 0.0 0.0 681174.0 27516700.0
299 Oct 10, 2014 0.0 0.0 0.0 0.0 513973.0 27547200.0
300 Oct 11, 2014 0.0 0.0 0.0 0.0 434884.0 25487000.0
301 Oct 12, 2014 0.0 0.0 0.0 0.0 358839.0 26190200.0
302 Oct 13, 2014 0.0 0.0 0.0 0.0 412929.0 27371700.0
303 Oct 14, 2014 0.0 0.0 0.0 0.0 543227.0 26922500.0
304 Oct 15, 2014 0.0 0.0 0.0 0.0 815956.0 26888900.0
305 Oct 16, 2014 0.0 0.0 0.0 0.0 365533.0 25372500.0
306 Oct 17, 2014 0.0 0.0 0.0 0.0 330041.0 24359800.0
307 Oct 18, 2014 0.0 0.0 0.0 0.0 332855.0 23643000.0
308 Oct 19, 2014 0.0 0.0 0.0 0.0 295933.0 24326500.0
309 Oct 20, 2014 0.0 0.0 0.0 0.0 581790.0 22944200.0
310 Oct 21, 2014 0.0 0.0 0.0 0.0 279274.0 21878700.0
311 Oct 22, 2014 0.0 0.0 0.0 0.0 1028090.0 21777600.0
312 Oct 23, 2014 0.0 0.0 0.0 0.0 695627.0 24282600.0
313 Oct 24, 2014 0.0 0.0 0.0 0.0 408092.0 23314000.0
314 Oct 25, 2014 0.0 0.0 0.0 0.0 222909.0 23745700.0
315 Oct 26, 2014 0.0 0.0 0.0 0.0 348436.0 23351100.0
316 Oct 27, 2014 0.0 0.0 0.0 0.0 262260.0 23565800.0
317 Oct 28, 2014 0.0 0.0 0.0 0.0 354633.0 23687400.0
318 Oct 29, 2014 0.0 0.0 0.0 0.0 286187.0 24169100.0
319 Oct 30, 2014 0.0 0.0 0.0 0.0 293536.0 22953600.0
320 Oct 31, 2014 0.0 0.0 0.0 0.0 186097.0 22610600.0
321 Nov 01, 2014 0.0 0.0 0.0 0.0 18844600.0 22401500.0
322 Nov 02, 2014 0.0 0.0 0.0 0.0 196336.0 21675900.0
323 Nov 03, 2014 0.0 0.0 0.0 0.0 281158.0 20966700.0
324 Nov 04, 2014 0.0 0.0 0.0 0.0 288067.0 20534100.0
325 Nov 05, 2014 0.0 0.0 0.0 0.0 421845.0 20101200.0
326 Nov 06, 2014 0.0 0.0 0.0 0.0 458974.0 20631800.0
327 Nov 07, 2014 0.0 0.0 0.0 0.0 247006.0 21582700.0
328 Nov 08, 2014 0.0 0.0 0.0 0.0 254706.0 20968700.0
329 Nov 09, 2014 0.0 0.0 0.0 0.0 236149.0 20730300.0
330 Nov 10, 2014 0.0 0.0 0.0 0.0 367787.0 20911000.0
331 Nov 11, 2014 0.0 0.0 0.0 0.0 276784.0 21231200.0
332 Nov 12, 2014 0.0 0.0 0.0 0.0 573687.0 21356900.0
333 Nov 13, 2014 0.0 0.0 0.0 0.0 971771.0 23330300.0
334 Nov 14, 2014 0.0 0.0 0.0 0.0 416534.0 23833500.0
335 Nov 15, 2014 0.0 0.0 0.0 0.0 300008.0 22889800.0
336 Nov 16, 2014 0.0 0.0 0.0 0.0 244672.0 21448100.0
337 Nov 17, 2014 0.0 0.0 0.0 0.0 261137.0 21501700.0
338 Nov 18, 2014 0.0 0.0 0.0 0.0 309789.0 21432700.0
339 Nov 19, 2014 0.0 0.0 0.0 0.0 257772.0 20510700.0
340 Nov 20, 2014 0.0 0.0 0.0 0.0 342457.0 20726700.0
341 Nov 21, 2014 0.0 0.0 0.0 0.0 222428.0 20080800.0
342 Nov 22, 2014 0.0 0.0 0.0 0.0 297791.0 20094300.0
343 Nov 23, 2014 0.0 0.0 0.0 0.0 980005.0 20529200.0
344 Nov 24, 2014 0.0 0.0 0.0 0.0 934654.0 24056100.0
345 Nov 25, 2014 0.0 0.0 0.0 0.0 544508.0 23774100.0
346 Nov 26, 2014 0.0 0.0 0.0 0.0 399806.0 23362400.0
347 Nov 27, 2014 0.0 0.0 0.0 0.0 1036270.0 22286500.0
348 Nov 28, 2014 0.0 0.0 0.0 0.0 403907.0 23421100.0
349 Nov 29, 2014 0.0 0.0 0.0 0.0 400745.0 23537800.0
350 Nov 30, 2014 0.0 0.0 0.0 0.0 239006.0 23194800.0
351 Dec 01, 2014 0.0 0.0 0.0 0.0 301617.0 23220300.0
352 Dec 02, 2014 0.0 0.0 0.0 0.0 331956.0 23249100.0
353 Dec 03, 2014 0.0 0.0 0.0 0.0 395602.0 23153400.0
354 Dec 04, 2014 0.0 0.0 0.0 0.0 302326.0 22826000.0
355 Dec 05, 2014 0.0 0.0 0.0 0.0 260134.0 22169900.0
356 Dec 06, 2014 0.0 0.0 0.0 0.0 423224.0 22504800.0
357 Dec 07, 2014 0.0 0.0 0.0 0.0 344493.0 22180300.0
358 Dec 08, 2014 0.0 0.0 0.0 0.0 321158.0 22069600.0
359 Dec 09, 2014 0.0 0.0 0.0 0.0 468821.0 21373500.0
360 Dec 10, 2014 0.0 0.0 0.0 0.0 415692.0 20073600.0
361 Dec 11, 2014 0.0 0.0 0.0 0.0 410013.0 20076000.0
362 Dec 12, 2014 0.0 0.0 0.0 0.0 401861.0 20035400.0
363 Dec 13, 2014 0.0 0.0 0.0 0.0 290569.0 19870000.0
364 Dec 14, 2014 0.0 0.0 0.0 0.0 452219.0 19580000.0
365 Dec 15, 2014 0.0 0.0 0.0 0.0 485346.0 18836200.0
366 Dec 16, 2014 0.0 0.0 0.0 0.0 602312.0 18266100.0
367 Dec 17, 2014 0.0 0.0 0.0 0.0 828897.0 16784700.0
368 Dec 18, 2014 0.0 0.0 0.0 0.0 562434.0 17362400.0
369 Dec 19, 2014 0.0 0.0 0.0 0.0 1050380.0 17048200.0
370 Dec 20, 2014 0.0 0.0 0.0 0.0 700302.0 18814600.0
371 Dec 21, 2014 0.0 0.0 0.0 0.0 443180.0 19945100.0
372 Dec 22, 2014 0.0 0.0 0.0 0.0 441201.0 18755200.0
373 Dec 23, 2014 0.0 0.0 0.0 0.0 419505.0 18953400.0
374 Dec 24, 2014 0.0 0.0 0.0 0.0 305209.0 18984900.0
375 Dec 25, 2014 0.0 0.0 0.0 0.0 383141.0 18407100.0
376 Dec 26, 2014 0.0 0.0 0.0 0.0 303287.0 18107900.0
377 Dec 27, 2014 0.0 0.0 0.0 0.0 300075.0 18442000.0
378 Dec 28, 2014 0.0 0.0 0.0 0.0 309230.0 17775200.0
379 Dec 29, 2014 0.0 0.0 0.0 0.0 403468.0 17797300.0
380 Dec 30, 2014 0.0 0.0 0.0 0.0 353753.0 17542900.0
381 Dec 31, 2014 0.0 0.0 0.0 0.0 314633.0 17363000.0
382 Jan 01, 2015 0.0 0.0 0.0 0.0 306913.0 18119200.0
383 Jan 02, 2015 0.0 0.0 0.0 0.0 356017.0 17768800.0
384 Jan 03, 2015 0.0 0.0 0.0 0.0 285574.0 17904500.0
385 Jan 04, 2015 0.0 0.0 0.0 0.0 379150.0 16319300.0
386 Jan 05, 2015 0.0 0.0 0.0 0.0 574552.0 15421900.0
387 Jan 06, 2015 0.0 0.0 0.0 0.0 319517.0 15699600.0
388 Jan 07, 2015 0.0 0.0 0.0 0.0 383032.0 16269700.0
389 Jan 08, 2015 0.0 0.0 0.0 0.0 354778.0 16858000.0
390 Jan 09, 2015 0.0 0.0 0.0 0.0 395032.0 16270200.0
391 Jan 10, 2015 0.0 0.0 0.0 0.0 351577.0 16613900.0
392 Jan 11, 2015 0.0 0.0 0.0 0.0 168072.0 15811800.0
393 Jan 12, 2015 0.0 0.0 0.0 0.0 364158.0 15627800.0
394 Jan 13, 2015 0.0 0.0 0.0 0.0 541356.0 15198200.0
395 Jan 14, 2015 0.0 0.0 0.0 0.0 578144.0 13202400.0
396 Jan 15, 2015 0.0 0.0 0.0 0.0 763181.0 11237700.0
397 Jan 16, 2015 0.0 0.0 0.0 0.0 512342.0 13680800.0
398 Jan 17, 2015 0.0 0.0 0.0 0.0 251985.0 13802000.0
399 Jan 18, 2015 0.0 0.0 0.0 0.0 302411.0 13191900.0
400 Jan 19, 2015 0.0 0.0 0.0 0.0 336240.0 13646000.0
401 Jan 20, 2015 0.0 0.0 0.0 0.0 344858.0 13611800.0
402 Jan 21, 2015 0.0 0.0 0.0 0.0 542117.0 13735200.0
403 Jan 22, 2015 0.0 0.0 0.0 0.0 386500.0 14946800.0
404 Jan 23, 2015 0.0 0.0 0.0 0.0 285910.0 15153000.0
405 Jan 24, 2015 0.0 0.0 0.0 0.0 312520.0 15260400.0
406 Jan 25, 2015 0.0 0.0 0.0 0.0 335878.0 16247300.0
407 Jan 26, 2015 0.0 0.0 0.0 0.0 667846.0 16306300.0
408 Jan 27, 2015 0.0 0.0 0.0 0.0 378360.0 15957800.0
409 Jan 28, 2015 0.0 0.0 0.0 0.0 229336.0 15464600.0
410 Jan 29, 2015 0.0 0.0 0.0 0.0 253694.0 14253400.0
411 Jan 30, 2015 0.0 0.0 0.0 0.0 218528.0 14328800.0
412 Jan 31, 2015 0.0 0.0 0.0 0.0 237750.0 13949400.0
413 Feb 01, 2015 0.0 0.0 0.0 0.0 199772.0 13541300.0
414 Feb 02, 2015 0.0 0.0 0.0 0.0 186184.0 14068400.0
415 Feb 03, 2015 0.0 0.0 0.0 0.0 287036.0 14728300.0
416 Feb 04, 2015 0.0 0.0 0.0 0.0 197966.0 14489800.0
417 Feb 05, 2015 0.0 0.0 0.0 0.0 153575.0 14411200.0
418 Feb 06, 2015 0.0 0.0 0.0 0.0 95764.3 13811000.0
419 Feb 07, 2015 0.0 0.0 0.0 0.0 99080.5 14105400.0
420 Feb 08, 2015 0.0 0.0 0.0 0.0 93700.0 14226200.0
421 Feb 09, 2015 0.0 0.0 0.0 0.0 65261.0 13830000.0
422 Feb 10, 2015 0.0 0.0 0.0 0.0 63312.2 13767900.0
423 Feb 11, 2015 0.0 0.0 0.0 0.0 67361.2 13743300.0
424 Feb 12, 2015 0.0 0.0 0.0 0.0 51888.5 13522700.0
425 Feb 13, 2015 0.0 0.0 0.0 0.0 132778.0 13910000.0
426 Feb 14, 2015 0.0 0.0 0.0 0.0 144726.0 13998100.0
427 Feb 15, 2015 0.0 0.0 0.0 0.0 131126.0 14779300.0
428 Feb 16, 2015 0.0 0.0 0.0 0.0 62610.6 13878400.0
429 Feb 17, 2015 0.0 0.0 0.0 0.0 46406.2 14118300.0
430 Feb 18, 2015 0.0 0.0 0.0 0.0 41101.0 14302500.0
431 Feb 19, 2015 0.0 0.0 0.0 0.0 36737.3 14045700.0
432 Feb 20, 2015 0.0 0.0 0.0 0.0 43345.9 14300600.0
433 Feb 21, 2015 0.0 0.0 0.0 0.0 38389.3 14145900.0
434 Feb 22, 2015 0.0 0.0 0.0 0.0 41788.6 14239100.0
435 Feb 23, 2015 0.0 0.0 0.0 0.0 42881.5 13873600.0
436 Feb 24, 2015 0.0 0.0 0.0 0.0 46267.0 13967600.0
437 Feb 25, 2015 0.0 0.0 0.0 0.0 81036.1 13786100.0
438 Feb 26, 2015 0.0 0.0 0.0 0.0 62047.4 14021700.0
439 Feb 27, 2015 0.0 0.0 0.0 0.0 125456.0 14087800.0
440 Feb 28, 2015 0.0 0.0 0.0 0.0 65451.9 14400800.0
441 Mar 01, 2015 0.0 0.0 0.0 0.0 91861.6 14266600.0
442 Mar 02, 2015 0.0 0.0 0.0 0.0 82805.1 14342800.0
443 Mar 03, 2015 0.0 0.0 0.0 0.0 119287.0 14707100.0
444 Mar 04, 2015 0.0 0.0 0.0 0.0 109615.0 13958200.0
445 Mar 05, 2015 0.0 0.0 0.0 0.0 91110.3 14115500.0
446 Mar 06, 2015 0.0 0.0 0.0 0.0 56865.5 13925100.0
447 Mar 07, 2015 0.0 0.0 0.0 0.0 58829.3 13979100.0
448 Mar 08, 2015 0.0 0.0 0.0 0.0 66362.7 13971900.0
449 Mar 09, 2015 0.0 0.0 0.0 0.0 61623.3 13757100.0
450 Mar 10, 2015 0.0 0.0 0.0 0.0 108727.0 14159500.0
451 Mar 11, 2015 0.0 0.0 0.0 0.0 77207.5 13747400.0
452 Mar 12, 2015 0.0 0.0 0.0 0.0 68715.9 14191600.0
453 Mar 13, 2015 0.0 0.0 0.0 0.0 91318.6 14033100.0
454 Mar 14, 2015 0.0 0.0 0.0 0.0 96005.9 13898700.0
455 Mar 15, 2015 0.0 0.0 0.0 0.0 68974.6 14055000.0
456 Mar 16, 2015 0.0 0.0 0.0 0.0 64949.2 14110700.0
457 Mar 17, 2015 0.0 0.0 0.0 0.0 68749.1 14232700.0
458 Mar 18, 2015 0.0 0.0 0.0 0.0 122162.0 14231700.0
459 Mar 19, 2015 0.0 0.0 0.0 0.0 111357.0 13124400.0
460 Mar 20, 2015 0.0 0.0 0.0 0.0 44815.5 13203100.0
461 Mar 21, 2015 0.0 0.0 0.0 0.0 83126.9 13143600.0
462 Mar 22, 2015 0.0 0.0 0.0 0.0 50873.6 13037500.0
463 Mar 23, 2015 0.0 0.0 0.0 0.0 147271.0 13182700.0
464 Mar 24, 2015 0.0 0.0 0.0 0.0 91395.2 13507900.0
465 Mar 25, 2015 0.0 0.0 0.0 0.0 79751.3 12796400.0
466 Mar 26, 2015 0.0 0.0 0.0 0.0 53301.0 12888100.0
467 Mar 27, 2015 0.0 0.0 0.0 0.0 34426.5 13024300.0
468 Mar 28, 2015 0.0 0.0 0.0 0.0 42769.9 12687300.0
469 Mar 29, 2015 0.0 0.0 0.0 0.0 59515.9 12919800.0
470 Mar 30, 2015 0.0 0.0 0.0 0.0 39565.7 12536800.0
471 Mar 31, 2015 0.0 0.0 0.0 0.0 51069.3 12685600.0
472 Apr 01, 2015 0.0 0.0 0.0 0.0 74920.9 12409700.0
473 Apr 02, 2015 0.0 0.0 0.0 0.0 32332.9 12650800.0
474 Apr 03, 2015 0.0 0.0 0.0 0.0 39752.2 12770800.0
475 Apr 04, 2015 0.0 0.0 0.0 0.0 27405.3 12787100.0
476 Apr 05, 2015 0.0 0.0 0.0 0.0 66699.3 12668700.0
477 Apr 06, 2015 0.0 0.0 0.0 0.0 39166.7 12539600.0
478 Apr 07, 2015 0.0 0.0 0.0 0.0 37380.7 12237300.0
479 Apr 08, 2015 0.0 0.0 0.0 0.0 43839.2 12048600.0
480 Apr 09, 2015 0.0 0.0 0.0 0.0 42133.1 11597700.0
481 Apr 10, 2015 0.0 0.0 0.0 0.0 52304.6 11569700.0
482 Apr 11, 2015 0.0 0.0 0.0 0.0 33858.0 11183800.0
483 Apr 12, 2015 0.0 0.0 0.0 0.0 23631.7 11297200.0
484 Apr 13, 2015 0.0 0.0 0.0 0.0 49017.7 11294300.0
485 Apr 14, 2015 0.0 0.0 0.0 0.0 60204.9 10480200.0
486 Apr 15, 2015 0.0 0.0 0.0 0.0 49885.3 10144800.0
487 Apr 16, 2015 0.0 0.0 0.0 0.0 51136.6 10420100.0
488 Apr 17, 2015 0.0 0.0 0.0 0.0 53562.9 10610300.0
489 Apr 18, 2015 0.0 0.0 0.0 0.0 22508.1 10624700.0
490 Apr 19, 2015 0.0 0.0 0.0 0.0 30371.4 10585300.0
491 Apr 20, 2015 0.0 0.0 0.0 0.0 34841.2 10517600.0
492 Apr 21, 2015 0.0 0.0 0.0 0.0 49792.4 10515600.0
493 Apr 22, 2015 0.0 0.0 0.0 0.0 64336.7 10965500.0
494 Apr 23, 2015 0.0 0.0 0.0 0.0 52135.9 10898700.0
495 Apr 24, 2015 0.0 0.0 0.0 0.0 80203.9 10935400.0
496 Apr 25, 2015 0.0 0.0 0.0 0.0 35263.7 10449200.0
497 Apr 26, 2015 0.0 0.0 9.83 0.0 67738.9 10206300.0
498 Apr 27, 2015 9.99 0.0 9.89 0.0 71849.9 9913100.0
499 Apr 28, 2015 0.0 0.0 9.84 9.86 39114.5 10337600.0
500 Apr 29, 2015 9.92 0.0 9.75 9.84 40541.2 9838020.0
501 Apr 30, 2015 9.88 0.0 9.77 0.0 121523.0 9800890.0
502 May 01, 2015 0.0 0.0 9.62 9.76 110577.0 10269900.0
503 May 02, 2015 9.77 0.0 9.56 9.69 69471.6 9697810.0
504 May 03, 2015 9.7 9.98 8.98 8.98 107580.0 9622940.0
505 May 04, 2015 8.98 9.38 8.88 8.88 60745.6 8912590.0
506 May 05, 2015 8.9 8.99 8.75 8.92 63171.7 8835490.0
507 May 06, 2015 8.91 8.99 8.65 8.73 42631.0 8850310.0
508 May 07, 2015 8.71 8.92 8.55 8.89 34179.2 8654870.0
509 May 08, 2015 8.9 9.37 8.73 9.22 37627.2 8838170.0
510 May 09, 2015 9.19 9.38 9.01 9.18 38433.7 9127900.0
511 May 10, 2015 9.12 9.39 8.86 9.02 59389.0 9057010.0
512 May 11, 2015 9.01 9.43 8.82 9.26 52099.2 8952780.0
513 May 12, 2015 9.27 0.0 9.21 0.0 426389.0 9210120.0
514 May 13, 2015 0.0 0.0 0.0 0.0 166226.0 11092600.0
515 May 14, 2015 0.0 0.0 0.0 0.0 198466.0 10767000.0
516 May 15, 2015 0.0 0.0 0.0 0.0 152626.0 11358200.0
517 May 16, 2015 0.0 0.0 0.0 0.0 86111.5 11967200.0
518 May 17, 2015 0.0 0.0 0.0 0.0 62533.1 11613200.0
519 May 18, 2015 0.0 0.0 0.0 0.0 61268.6 11439700.0
520 May 19, 2015 0.0 0.0 0.0 0.0 189787.0 11537500.0
521 May 20, 2015 0.0 0.0 0.0 0.0 281954.0 11906000.0
522 May 21, 2015 0.0 0.0 0.0 0.0 146125.0 13285000.0
523 May 22, 2015 0.0 0.0 0.0 0.0 268833.0 13278100.0
524 May 23, 2015 0.0 0.0 0.0 0.0 382628.0 13725700.0
525 May 24, 2015 0.0 0.0 0.0 0.0 239172.0 13568900.0
526 May 25, 2015 0.0 0.0 0.0 0.0 211573.0 14257000.0
527 May 26, 2015 0.0 0.0 0.0 0.0 436420.0 14089800.0
528 May 27, 2015 0.0 0.0 0.0 0.0 949606.0 15928700.0
529 May 28, 2015 0.0 0.0 0.0 0.0 918951.0 18321700.0
530 May 29, 2015 0.0 0.0 0.0 0.0 745818.0 19112300.0
531 May 30, 2015 0.0 0.0 0.0 0.0 506717.0 17682700.0
532 May 31, 2015 0.0 0.0 0.0 0.0 332522.0 16159100.0
533 Jun 01, 2015 0.0 0.0 0.0 0.0 349100.0 15317600.0
534 Jun 02, 2015 0.0 0.0 0.0 0.0 809592.0 14222300.0
535 Jun 03, 2015 0.0 0.0 0.0 0.0 408123.0 16050800.0
536 Jun 04, 2015 0.0 0.0 0.0 0.0 128299.0 15020900.0
537 Jun 05, 2015 0.0 0.0 0.0 0.0 154819.0 15074200.0
538 Jun 06, 2015 0.0 0.0 0.0 0.0 147434.0 15267100.0
539 Jun 07, 2015 0.0 0.0 0.0 0.0 104469.0 15712800.0
540 Jun 08, 2015 0.0 0.0 0.0 0.0 138182.0 15183200.0
541 Jun 09, 2015 0.0 0.0 0.0 0.0 206486.0 16211200.0
542 Jun 10, 2015 0.0 0.0 0.0 0.0 174044.0 16172700.0
543 Jun 11, 2015 0.0 0.0 0.0 0.0 121304.0 15679300.0
544 Jun 12, 2015 0.0 0.0 0.0 0.0 111553.0 15985100.0
545 Jun 13, 2015 0.0 0.0 0.0 0.0 198491.0 16057000.0
546 Jun 14, 2015 0.0 0.0 0.0 0.0 300746.0 16455100.0
547 Jun 15, 2015 0.0 0.0 0.0 0.0 145367.0 16623500.0
548 Jun 16, 2015 0.0 0.0 0.0 0.0 782771.0 16952800.0
549 Jun 17, 2015 0.0 0.0 0.0 0.0 1467650.0 19687300.0
550 Jun 18, 2015 0.0 0.0 0.0 0.0 755776.0 19699100.0
551 Jun 19, 2015 0.0 0.0 0.0 0.0 907950.0 21277500.0
552 Jun 20, 2015 0.0 0.0 0.0 0.0 647287.0 20672600.0
553 Jun 21, 2015 0.0 0.0 0.0 0.0 345750.0 21043400.0
554 Jun 22, 2015 0.0 0.0 0.0 0.0 215505.0 20759100.0
555 Jun 23, 2015 0.0 0.0 0.0 0.0 268407.0 21855400.0
556 Jun 24, 2015 0.0 0.0 0.0 0.0 380388.0 18703400.0
557 Jun 25, 2015 0.0 0.0 0.0 0.0 314154.0 17890800.0
558 Jun 26, 2015 0.0 0.0 0.0 0.0 194843.0 18435000.0
559 Jun 27, 2015 0.0 0.0 0.0 0.0 331089.0 20085800.0
560 Jun 28, 2015 0.0 0.0 0.0 0.0 254646.0 20823800.0
561 Jun 29, 2015 0.0 0.0 0.0 0.0 374356.0 20322500.0
562 Jun 30, 2015 0.0 0.0 0.0 0.0 470230.0 21472900.0
563 Jul 01, 2015 0.0 0.0 0.0 0.0 385337.0 19871100.0
564 Jul 02, 2015 0.0 0.0 0.0 0.0 202676.0 19318200.0
565 Jul 03, 2015 0.0 0.0 0.0 0.0 108404.0 19073000.0
566 Jul 04, 2015 0.0 0.0 0.0 0.0 144120.0 19084200.0
567 Jul 05, 2015 0.0 0.0 0.0 0.0 241753.0 19147100.0
568 Jul 06, 2015 0.0 0.0 0.0 0.0 428108.0 19377600.0
569 Jul 07, 2015 0.0 0.0 0.0 0.0 242777.0 19192900.0
570 Jul 08, 2015 0.0 0.0 0.0 0.0 346051.0 18897600.0
571 Jul 09, 2015 0.0 0.0 0.0 0.0 667083.0 18874500.0
572 Jul 10, 2015 0.0 0.0 0.0 0.0 1504540.0 19574700.0
573 Jul 11, 2015 0.0 0.0 0.0 0.0 413951.0 20356800.0
574 Jul 12, 2015 0.0 0.0 0.0 0.0 374607.0 20151300.0
575 Jul 13, 2015 0.0 0.0 0.0 0.0 403970.0 21000800.0
576 Jul 14, 2015 0.0 0.0 0.0 0.0 200217.0 20020800.0
577 Jul 15, 2015 0.0 0.0 0.0 0.0 203396.0 19394200.0
578 Jul 16, 2015 0.0 0.0 0.0 0.0 394271.0 18597000.0
579 Jul 17, 2015 0.0 0.0 0.0 0.0 156356.0 17078800.0
580 Jul 18, 2015 0.0 0.0 0.0 0.0 88978.8 18005500.0
581 Jul 19, 2015 0.0 0.0 0.0 0.0 158401.0 17732200.0
582 Jul 20, 2015 0.0 0.0 0.0 0.0 117169.0 16803400.0
583 Jul 21, 2015 0.0 0.0 0.0 0.0 59467.3 17404000.0
584 Jul 22, 2015 0.0 0.0 0.0 0.0 292748.0 17057600.0
585 Jul 23, 2015 0.0 0.0 0.0 0.0 154598.0 18382900.0
586 Jul 24, 2015 0.0 0.0 0.0 0.0 201460.0 17877300.0
587 Jul 25, 2015 0.0 0.0 0.0 0.0 170496.0 18847200.0
588 Jul 26, 2015 0.0 0.0 0.0 0.0 75823.8 18836000.0
589 Jul 27, 2015 0.0 0.0 0.0 0.0 109809.0 18779400.0
590 Jul 28, 2015 0.0 0.0 0.0 0.0 110059.0 18922300.0
591 Jul 29, 2015 0.0 0.0 0.0 0.0 158187.0 18906800.0
592 Jul 30, 2015 0.0 0.0 0.0 0.0 70188.4 18514600.0
593 Jul 31, 2015 0.0 0.0 0.0 0.0 137241.0 18362000.0
594 Aug 01, 2015 0.0 0.0 0.0 0.0 157221.0 18494500.0
595 Aug 02, 2015 0.0 0.0 0.0 0.0 112603.0 17578700.0
596 Aug 03, 2015 0.0 0.0 0.0 0.0 98376.3 17327600.0
597 Aug 04, 2015 0.0 0.0 0.0 0.0 52129.7 17369300.0
598 Aug 05, 2015 0.0 0.0 0.0 0.0 63216.5 17557800.0
599 Aug 06, 2015 0.0 0.0 0.0 0.0 88242.9 17418100.0
600 Aug 07, 2015 0.0 0.0 0.0 0.0 100492.0 16926500.0
601 Aug 08, 2015 0.0 0.0 0.0 0.0 145228.0 16944500.0
602 Aug 09, 2015 0.0 0.0 0.0 0.0 106400.0 15913700.0
603 Aug 10, 2015 0.0 0.0 0.0 0.0 68111.8 16240100.0
604 Aug 11, 2015 0.0 0.0 0.0 0.0 121884.0 16077900.0
605 Aug 12, 2015 0.0 0.0 0.0 0.0 68514.1 16467400.0
606 Aug 13, 2015 0.0 0.0 0.0 0.0 62384.7 16110600.0
607 Aug 14, 2015 0.0 0.0 0.0 0.0 53714.7 15722100.0
608 Aug 15, 2015 0.0 0.0 0.0 0.0 42531.1 15849200.0
609 Aug 16, 2015 0.0 0.0 0.0 0.0 163777.0 15509200.0
610 Aug 17, 2015 0.0 0.0 0.0 0.0 73156.9 14867600.0
611 Aug 18, 2015 0.0 0.0 0.0 0.0 88439.3 15108800.0
612 Aug 19, 2015 0.0 0.0 0.0 0.0 147002.0 13431900.0
613 Aug 20, 2015 0.0 0.0 0.0 0.0 69654.3 13172900.0
614 Aug 21, 2015 0.0 0.0 0.0 0.0 123419.0 13970900.0
615 Aug 22, 2015 0.0 0.0 0.0 0.0 79829.4 14576700.0
616 Aug 23, 2015 0.0 0.0 0.0 0.0 39490.9 13764000.0
617 Aug 24, 2015 0.0 0.0 0.0 0.0 110942.0 13866600.0
618 Aug 25, 2015 0.0 0.0 0.0 0.0 122066.0 12598000.0
619 Aug 26, 2015 0.0 0.0 0.0 0.0 107993.0 12959600.0
620 Aug 27, 2015 0.0 0.0 0.0 0.0 49656.8 13406000.0
621 Aug 28, 2015 0.0 0.0 0.0 0.0 64853.5 13032200.0
622 Aug 29, 2015 0.0 0.0 0.0 0.0 49505.4 13345100.0
623 Aug 30, 2015 0.0 0.0 0.0 0.0 45346.7 13190400.0
624 Aug 31, 2015 0.0 0.0 0.0 0.0 41405.4 13096200.0
625 Sep 01, 2015 0.0 0.0 0.0 0.0 68704.4 12938900.0
626 Sep 02, 2015 0.0 0.0 0.0 0.0 41740.1 12816600.0
627 Sep 03, 2015 0.0 0.0 0.0 0.0 59654.6 12661000.0
628 Sep 04, 2015 0.0 0.0 0.0 0.0 28795.3 12412700.0
629 Sep 05, 2015 0.0 0.0 0.0 0.0 87670.9 12575300.0
630 Sep 06, 2015 0.0 0.0 0.0 0.0 86971.4 13108600.0
631 Sep 07, 2015 0.0 0.0 0.0 0.0 56502.1 13321500.0
632 Sep 08, 2015 0.0 0.0 0.0 0.0 69138.4 13060500.0
633 Sep 09, 2015 0.0 0.0 0.0 0.0 95987.3 13233000.0
634 Sep 10, 2015 0.0 0.0 0.0 0.0 60339.6 13093700.0
635 Sep 11, 2015 0.0 0.0 0.0 0.0 52761.6 12951000.0
636 Sep 12, 2015 0.0 0.0 0.0 0.0 47537.6 13213100.0
637 Sep 13, 2015 0.0 0.0 0.0 0.0 40889.1 12857400.0
638 Sep 14, 2015 0.0 0.0 0.0 0.0 61189.4 12582500.0
639 Sep 15, 2015 0.0 0.0 0.0 0.0 43331.9 12581100.0
640 Sep 16, 2015 0.0 0.0 0.0 0.0 60323.2 12690500.0
641 Sep 17, 2015 0.0 0.0 0.0 0.0 60511.5 12527400.0
642 Sep 18, 2015 0.0 0.0 0.0 0.0 44007.9 12634800.0
643 Sep 19, 2015 0.0 0.0 0.0 0.0 37172.3 12789800.0
644 Sep 20, 2015 0.0 0.0 0.0 0.0 42809.9 12746000.0
645 Sep 21, 2015 0.0 0.0 0.0 0.0 115029.0 12737400.0
646 Sep 22, 2015 0.0 0.0 0.0 0.0 114475.0 13118300.0
647 Sep 23, 2015 0.0 0.0 0.0 0.0 137675.0 12734800.0
648 Sep 24, 2015 0.0 0.0 0.0 0.0 41197.6 12400100.0
649 Sep 25, 2015 0.0 0.0 0.0 0.0 58024.4 12522000.0
650 Sep 26, 2015 0.0 0.0 0.0 0.0 27115.0 12333200.0
651 Sep 27, 2015 0.0 0.0 0.0 0.0 29422.0 12452700.0
652 Sep 28, 2015 0.0 0.0 0.0 0.0 63562.5 12291500.0
653 Sep 29, 2015 0.0 0.0 0.0 0.0 100480.0 12576500.0
654 Sep 30, 2015 0.0 0.0 0.0 0.0 39325.6 12245300.0
655 Oct 01, 2015 0.0 0.0 0.0 0.0 28259.8 12413500.0
656 Oct 02, 2015 0.0 0.0 0.0 0.0 27636.4 12429800.0
657 Oct 03, 2015 0.0 0.0 0.0 0.0 20424.6 12376800.0
658 Oct 04, 2015 0.0 0.0 0.0 0.0 35274.0 12282800.0
659 Oct 05, 2015 0.0 0.0 0.0 0.0 38898.7 11994300.0
660 Oct 06, 2015 0.0 0.0 0.0 0.0 41813.9 11969500.0
661 Oct 07, 2015 0.0 0.0 0.0 0.0 43910.9 12320700.0
662 Oct 08, 2015 0.0 0.0 0.0 0.0 30847.8 12241600.0
663 Oct 09, 2015 0.0 0.0 0.0 0.0 33258.7 12062700.0
664 Oct 10, 2015 0.0 0.0 0.0 0.0 26432.0 12046800.0
665 Oct 11, 2015 0.0 0.0 0.0 0.0 16694.8 12008700.0
666 Oct 12, 2015 0.0 0.0 0.0 0.0 27646.6 12203500.0
667 Oct 13, 2015 0.0 0.0 0.0 0.0 32335.5 12058400.0
668 Oct 14, 2015 0.0 0.0 0.0 0.0 41262.6 12280700.0
669 Oct 15, 2015 0.0 0.0 0.0 0.0 28639.6 12215200.0
670 Oct 16, 2015 0.0 0.0 0.0 0.0 54065.5 12139100.0
671 Oct 17, 2015 0.0 0.0 0.0 0.0 72474.0 12268900.0
672 Oct 18, 2015 0.0 0.0 0.0 0.0 52391.6 12281900.0
673 Oct 19, 2015 0.0 0.0 0.0 0.0 37584.2 12062600.0
674 Oct 20, 2015 0.0 0.0 0.0 0.0 24463.2 12048200.0
675 Oct 21, 2015 0.0 0.0 0.0 0.0 36885.0 12072600.0
676 Oct 22, 2015 0.0 0.0 0.0 0.0 45874.0 11836700.0
677 Oct 23, 2015 0.0 0.0 0.0 0.0 56807.1 11900200.0
678 Oct 24, 2015 0.0 0.0 0.0 0.0 32143.3 11618200.0
679 Oct 25, 2015 0.0 0.0 0.0 0.0 43289.9 11594100.0
680 >Oct 26, 201 0.0 0.0 0.0 0.0 24937.1 11729200.0
681 Oct 27, 2015 0.0 0.0 0.0 0.0 51752.6 11778300.0
682 Oct 28, 2015 0.0 0.0 0.0 0.0 113919.0 11984500.0
683 Oct 29, 2015 0.0 0.0 0.0 0.0 194644.0 12782900.0
684 Oct 30, 2015 0.0 0.0 0.0 0.0 482992.0 14351100.0
685 Oct 31, 2015 0.0 0.0 0.0 0.0 156306.0 15318300.0
686 Nov 01, 2015 0.0 0.0 0.0 0.0 65837.3 13933700.0
687 Nov 02, 2015 0.0 0.0 0.0 0.0 242538.0 14359800.0
688 Nov 03, 2015 0.0 0.0 0.0 0.0 479260.0 14975800.0
689 Nov 04, 2015 0.0 0.0 0.0 0.0 768680.0 15865000.0
690 Nov 05, 2015 0.0 0.0 0.0 0.0 229438.0 15169500.0
691 Nov 06, 2015 0.0 0.0 0.0 0.0 183562.0 14847500.0
692 Nov 07, 2015 0.0 0.0 0.0 0.0 76812.3 14411800.0
693 Nov 08, 2015 0.0 0.0 0.0 0.0 98767.1 14688900.0
694 Nov 09, 2015 0.0 0.0 0.0 0.0 98721.5 13854300.0
695 Nov 10, 2015 0.0 0.0 0.0 0.0 125931.0 13718500.0
696 Nov 11, 2015 0.0 0.0 0.0 0.0 132197.0 12570200.0
697 Nov 12, 2015 0.0 0.0 0.0 0.0 119258.0 12815000.0
698 Nov 13, 2015 0.0 0.0 0.0 0.0 60004.5 13262500.0
699 Nov 14, 2015 0.0 0.0 0.0 0.0 45992.9 13191200.0
700 Nov 15, 2015 0.0 0.0 0.0 0.0 49123.1 13245500.0
701 Nov 16, 2015 0.0 0.0 0.0 0.0 89068.0 12793800.0
702 Nov 17, 2015 0.0 0.0 0.0 0.0 71673.5 13323000.0
703 Nov 18, 2015 0.0 0.0 0.0 0.0 72827.4 13495900.0
704 Nov 19, 2015 0.0 0.0 0.0 0.0 79682.3 13704200.0
705 Nov 20, 2015 0.0 0.0 0.0 0.0 53564.6 13267200.0
706 Nov 21, 2015 0.0 0.0 0.0 0.0 49714.6 13161100.0
707 Nov 22, 2015 0.0 0.0 0.0 0.0 40285.3 13384200.0
708 Nov 23, 2015 0.0 0.0 0.0 0.0 69599.8 13048200.0
709 Nov 24, 2015 0.0 0.0 0.0 0.0 54655.6 13159200.0
710 Nov 25, 2015 0.0 0.0 0.0 0.0 65766.2 13061700.0
711 Nov 26, 2015 0.0 0.0 0.0 0.0 120109.0 13305500.0
712 Nov 27, 2015 0.0 0.0 0.0 0.0 48351.2 13505800.0
713 Nov 28, 2015 0.0 0.0 0.0 0.0 88253.2 13548600.0
714 Nov 29, 2015 0.0 0.0 0.0 0.0 93787.8 13215800.0
715 Nov 30, 2015 0.0 0.0 0.0 0.0 149901.0 13249900.0
716 Dec 01, 2015 0.0 0.0 0.0 0.0 132870.0 13143100.0
717 Dec 02, 2015 0.0 0.0 0.0 0.0 99647.7 13041400.0
718 Dec 03, 2015 0.0 0.0 0.0 0.0 131679.0 13275400.0
719 Dec 04, 2015 0.0 0.0 0.0 0.0 120155.0 13084700.0
720 Dec 05, 2015 0.0 0.0 0.0 0.0 131709.0 13176600.0
721 Dec 06, 2015 0.0 0.0 0.0 0.0 145274.0 13300700.0
722 Dec 07, 2015 0.0 0.0 0.0 0.0 120973.0 12973500.0
723 Dec 08, 2015 0.0 0.0 0.0 0.0 228473.0 13606800.0
724 Dec 09, 2015 0.0 0.0 0.0 0.0 645837.0 13981700.0
725 Dec 10, 2015 0.0 0.0 0.0 0.0 280949.0 14555100.0
726 Dec 11, 2015 0.0 0.0 0.0 0.0 344576.0 14213500.0
727 Dec 12, 2015 0.0 0.0 0.0 0.0 254496.0 15270200.0
728 Dec 13, 2015 0.0 0.0 0.0 0.0 252912.0 14443400.0
729 Dec 14, 2015 0.0 0.0 0.0 0.0 147375.0 14648500.0
730 Dec 15, 2015 0.0 0.0 0.0 0.0 235791.0 14835800.0
731 Dec 16, 2015 0.0 0.0 0.0 0.0 219391.0 15350200.0
732 Dec 17, 2015 0.0 0.0 0.0 0.0 161051.0 15344700.0
733 Dec 18, 2015 0.0 0.0 0.0 0.0 137046.0 15847400.0
734 Dec 19, 2015 0.0 0.0 0.0 0.0 122033.0 16080100.0
735 Dec 20, 2015 0.0 0.0 0.0 0.0 171565.0 15572500.0
736 Dec 21, 2015 0.0 0.0 0.0 0.0 221747.0 14866400.0
737 Dec 22, 2015 0.0 0.0 0.0 0.0 156877.0 14547300.0
738 Dec 23, 2015 0.0 0.0 0.0 0.0 139291.0 14505200.0
739 Dec 24, 2015 0.0 0.0 0.0 0.0 161918.0 15178200.0
740 Dec 25, 2015 0.0 0.0 0.0 0.0 175660.0 15196000.0
741 Dec 26, 2015 0.0 0.0 0.0 0.0 230344.0 15299200.0
742 Dec 27, 2015 0.0 0.0 0.0 0.0 145042.0 14280100.0
743 Dec 28, 2015 0.0 0.0 0.0 0.0 139835.0 14745300.0
744 Dec 29, 2015 0.0 0.0 0.0 0.0 104967.0 14194700.0
745 Dec 30, 2015 0.0 0.0 0.0 0.0 124837.0 15947100.0
746 Dec 31, 2015 0.0 0.0 0.0 0.0 95446.2 15475000.0
747 Jan 01, 2016 0.0 0.0 0.0 0.0 105224.0 15372500.0
748 Jan 02, 2016 0.0 0.0 0.0 0.0 90477.3 15847900.0
749 Jan 03, 2016 0.0 0.0 0.0 0.0 104005.0 15234300.0
750 Jan 04, 2016 0.0 0.0 0.0 0.0 92159.8 14932100.0
751 Jan 05, 2016 0.0 0.0 0.0 0.0 52936.7 14749000.0
752 Jan 06, 2016 0.0 0.0 0.0 0.0 41477.2 14055900.0
753 Jan 07, 2016 0.0 0.0 0.0 0.0 180463.0 13784000.0
754 Jan 08, 2016 0.0 0.0 0.0 0.0 306716.0 14350600.0
755 Jan 09, 2016 0.0 0.0 0.0 0.0 1201210.0 17796700.0
756 Jan 10, 2016 0.0 0.0 0.0 0.0 326345.0 18455400.0
757 Jan 11, 2016 0.0 0.0 0.0 0.0 154848.0 17122200.0
758 Jan 12, 2016 0.0 0.0 0.0 0.0 669461.0 17548400.0
759 Jan 13, 2016 0.0 0.0 0.0 0.0 302111.0 18378400.0
760 >Jan 14, 201 0.0 0.0 0.0 0.0 160331.0 18173500.0
761 Jan 15, 2016 0.0 0.0 0.0 0.0 274796.0 18050400.0
762 Jan 16, 2016 0.0 0.0 0.0 0.0 240252.0 15336600.0
763 Jan 17, 2016 0.0 0.0 0.0 0.0 64727.9 15961200.0
764 Jan 18, 2016 0.0 0.0 0.0 0.0 90040.5 15566800.0
765 Jan 19, 2016 0.0 0.0 0.0 0.0 76181.7 15533400.0
766 Jan 20, 2016 0.0 0.0 0.0 0.0 284867.0 15213600.0
767 Jan 21, 2016 0.0 0.0 0.0 0.0 127039.0 17289800.0
768 Jan 22, 2016 0.0 0.0 0.0 0.0 485854.0 16717400.0
769 Jan 23, 2016 0.0 0.0 0.0 0.0 162077.0 17599100.0
770 Jan 24, 2016 0.0 0.0 0.0 0.0 463251.0 17777300.0
771 Jan 25, 2016 0.0 0.0 0.0 0.0 776273.0 19904200.0
772 Jan 26, 2016 0.0 0.0 0.0 0.0 4585660.0 21817100.0
773 Jan 27, 2016 0.0 0.0 0.0 0.0 5266350.0 36753200.0
774 Jan 28, 2016 0.0 0.0 0.0 0.0 2941270.0 46746800.0
775 Jan 29, 2016 0.0 0.0 0.0 0.0 1012590.0 35669100.0
776 Jan 30, 2016 0.0 0.0 0.0 0.0 943534.0 32611800.0
777 Jan 31, 2016 0.0 0.0 0.0 0.0 1750220.0 26625500.0
778 Feb 01, 2016 0.0 0.0 0.0 0.0 629834.0 28567800.0
779 Feb 02, 2016 0.0 0.0 0.0 0.0 274100.0 27920700.0
780 Feb 03, 2016 0.0 0.0 0.0 0.0 236381.0 26968900.0
781 Feb 04, 2016 0.0 0.0 0.0 0.0 418938.0 27316500.0
782 Feb 05, 2016 0.0 0.0 0.0 0.0 474776.0 29336400.0
783 Feb 06, 2016 0.0 0.0 0.0 0.0 692373.0 31710200.0
784 Feb 07, 2016 0.0 0.0 0.0 0.0 396252.0 31511800.0
785 Feb 08, 2016 0.0 0.0 0.0 0.0 189115.0 29356800.0
786 Feb 09, 2016 0.0 0.0 0.0 0.0 126218.0 29544700.0
787 Feb 10, 2016 0.0 0.0 0.0 0.0 266304.0 29942700.0
788 Feb 11, 2016 0.0 0.0 0.0 0.0 343798.0 30585900.0
789 Feb 12, 2016 0.0 0.0 0.0 0.0 435781.0 30145300.0
790 Feb 13, 2016 0.0 0.0 0.0 0.0 160931.0 30881300.0
791 Feb 14, 2016 0.0 0.0 0.0 0.0 237255.0 30443300.0
792 Feb 15, 2016 0.0 0.0 0.0 0.0 286649.0 31063600.0
793 Feb 16, 2016 0.0 0.0 0.0 0.0 247274.0 30730800.0
794 Feb 17, 2016 0.0 0.0 0.0 0.0 320950.0 29892100.0
795 Feb 18, 2016 0.0 0.0 0.0 0.0 333490.0 28699600.0
796 Feb 19, 2016 0.0 0.0 0.0 0.0 419137.0 28632700.0
797 Feb 20, 2016 0.0 0.0 0.0 0.0 267709.0 30627600.0
798 Feb 21, 2016 0.0 0.0 0.0 0.0 171886.0 30082000.0
799 Feb 22, 2016 0.0 0.0 0.0 0.0 122982.0 29642300.0
800 Feb 23, 2016 0.0 0.0 0.0 0.0 164273.0 29177600.0
801 Feb 24, 2016 0.0 0.0 0.0 0.0 134062.0 28840100.0
802 Feb 25, 2016 0.0 0.0 0.0 0.0 173164.0 28559200.0
803 Feb 26, 2016 0.0 0.0 0.0 0.0 228326.0 27822700.0
804 Feb 27, 2016 0.0 0.0 0.0 0.0 161860.0 26781500.0
805 Feb 28, 2016 0.0 0.0 0.0 0.0 251988.0 26391300.0
806 Feb 29, 2016 0.0 0.0 0.0 0.0 157905.0 26277800.0
807 Mar 01, 2016 0.0 0.0 0.0 0.0 104087.0 25820400.0
808 Mar 02, 2016 0.0 0.0 0.0 0.0 119044.0 25552800.0
809 Mar 03, 2016 0.0 0.0 0.0 0.0 150983.0 25169200.0
810 Mar 04, 2016 0.0 0.0 0.0 0.0 135462.0 25386700.0
811 Mar 05, 2016 0.0 0.0 0.0 0.0 216091.0 24644200.0
812 Mar 06, 2016 0.0 0.0 0.0 0.0 186326.0 23093700.0
813 Mar 07, 2016 0.0 0.0 0.0 0.0 278612.0 22948700.0
814 Mar 08, 2016 0.0 0.0 0.0 0.0 127965.0 23854800.0
815 Mar 09, 2016 0.0 0.0 0.0 0.0 212405.0 22692800.0
816 Mar 10, 2016 0.0 0.0 0.0 0.0 353758.0 23788000.0
817 Mar 11, 2016 0.0 0.0 0.0 0.0 313735.0 25441400.0
818 Mar 12, 2016 0.0 0.0 0.0 0.0 226598.0 25016000.0
819 Mar 13, 2016 0.0 0.0 0.0 0.0 184872.0 24484300.0
820 Mar 14, 2016 0.0 0.0 0.0 0.0 210586.0 24914800.0
821 Mar 15, 2016 0.0 0.0 0.0 0.0 162928.0 24698300.0
822 Mar 16, 2016 0.0 0.0 0.0 0.0 200814.0 24129300.0
823 Mar 17, 2016 0.0 0.0 0.0 0.0 174946.0 23897600.0
824 Mar 18, 2016 0.0 0.0 0.0 0.0 232018.0 22927200.0
825 Mar 19, 2016 0.0 0.0 0.0 0.0 150147.0 21854900.0
826 Mar 20, 2016 0.0 0.0 0.0 0.0 157716.0 22867500.0
827 Mar 21, 2016 0.0 0.0 0.0 0.0 103947.0 22147100.0
828 Mar 22, 2016 0.0 0.0 0.0 0.0 173999.0 21961900.0
829 Mar 23, 2016 0.0 0.0 0.0 0.0 155957.0 22405400.0
830 Mar 24, 2016 0.0 0.0 0.0 0.0 170035.0 21952100.0
831 Mar 25, 2016 0.0 0.0 0.0 0.0 107350.0 22270900.0
832 Mar 26, 2016 0.0 0.0 0.0 0.0 88577.6 22221700.0
833 Mar 27, 2016 0.0 0.0 0.0 0.0 152500.0 22092300.0
834 Mar 28, 2016 0.0 0.0 0.0 0.0 142163.0 22248700.0
835 Mar 29, 2016 0.0 0.0 0.0 0.0 1369190.0 22305000.0
836 Mar 30, 2016 0.0 0.0 0.0 0.0 587060.0 26667800.0
837 Mar 31, 2016 0.0 0.0 0.0 0.0 256164.0 24086300.0
838 Apr 01, 2016 0.0 0.0 0.0 0.0 151122.0 24167800.0
839 Apr 02, 2016 0.0 0.0 0.0 0.0 126287.0 23159600.0
840 Apr 03, 2016 0.0 0.0 0.0 0.0 143700.0 23250200.0
841 Apr 04, 2016 0.0 0.0 0.0 0.0 100592.0 22918500.0
842 Apr 05, 2016 0.0 0.0 0.0 0.0 164210.0 22788100.0
843 Apr 06, 2016 0.0 0.0 0.0 0.0 127899.0 22412600.0
844 Apr 07, 2016 0.0 0.0 0.0 0.0 125769.0 22443600.0
845 Apr 08, 2016 0.0 0.0 0.0 0.0 149434.0 21985900.0
846 Apr 09, 2016 0.0 0.0 0.0 0.0 95135.4 21956700.0
847 Apr 10, 2016 0.0 0.0 0.0 0.0 254353.0 21612800.0
848 Apr 11, 2016 0.0 0.0 0.0 0.0 173354.0 21060000.0
849 Apr 12, 2016 0.0 0.0 0.0 0.0 345682.0 22259400.0
850 Apr 13, 2016 0.0 0.0 0.0 0.0 292317.0 23958300.0
851 Apr 14, 2016 0.0 0.0 0.0 0.0 184092.0 24220100.0
852 Apr 15, 2016 0.0 0.0 0.0 0.0 131113.0 24055400.0
853 Apr 16, 2016 0.0 0.0 0.0 0.0 76420.0 24363000.0
854 Apr 17, 2016 0.0 0.0 0.0 0.0 81586.4 23964600.0
855 Apr 18, 2016 0.0 0.0 0.0 0.0 136890.0 23501400.0
856 Apr 19, 2016 0.0 0.0 0.0 0.0 106188.0 23341400.0
857 Apr 20, 2016 0.0 0.0 0.0 0.0 108274.0 23058500.0
858 Apr 21, 2016 0.0 0.0 0.0 0.0 108092.0 23376200.0
859 Apr 22, 2016 0.0 0.0 0.0 0.0 54837.7 23484000.0
860 Apr 23, 2016 0.0 0.0 0.0 0.0 100389.0 23261500.0
861 Apr 24, 2016 0.0 0.0 0.0 0.0 144668.0 23263800.0
862 Apr 25, 2016 0.0 0.0 0.0 0.0 200268.0 23706900.0
863 Apr 26, 2016 0.0 0.0 0.0 0.0 154354.0 23638000.0
864 Apr 27, 2016 0.0 0.0 0.0 0.0 164060.0 24093100.0
865 Apr 28, 2016 0.0 0.0 0.0 0.0 131177.0 23312200.0
866 Apr 29, 2016 0.0 0.0 0.0 0.0 95090.3 23767900.0
867 Apr 30, 2016 0.0 0.0 0.0 0.0 78879.7 23555100.0
868 May 01, 2016 0.0 0.0 0.0 0.0 57744.2 23493800.0
869 May 02, 2016 0.0 0.0 0.0 0.0 93858.9 23411900.0
870 May 03, 2016 0.0 0.0 0.0 0.0 95400.7 23691100.0
871 May 04, 2016 0.0 0.0 0.0 0.0 71238.7 23581200.0
872 May 05, 2016 0.0 0.0 0.0 0.0 149567.0 23493500.0
873 May 06, 2016 0.0 0.0 0.0 0.0 92250.1 22913100.0
874 May 07, 2016 0.0 0.0 0.0 0.0 83754.1 23348400.0
875 May 08, 2016 0.0 0.0 0.0 0.0 46960.8 23110700.0
876 May 09, 2016 0.0 0.0 0.0 0.0 75340.2 23178500.0
877 May 10, 2016 0.0 0.0 0.0 0.0 76419.0 23148800.0
878 May 11, 2016 0.0 0.0 0.0 0.0 71368.9 22932400.0
879 May 12, 2016 0.0 0.0 0.0 0.0 222479.0 23294500.0
880 May 13, 2016 0.0 0.0 0.0 0.0 336712.0 24500800.0
881 May 14, 2016 0.0 0.0 0.0 0.0 142382.0 24608100.0
882 May 15, 2016 0.0 0.0 0.0 0.0 98803.2 24143000.0
883 May 16, 2016 0.0 0.0 0.0 0.0 118082.0 24086700.0
884 May 17, 2016 0.0 0.0 0.0 0.0 109327.0 23769400.0
885 May 18, 2016 0.0 0.0 0.0 0.0 83520.3 23595900.0
886 May 19, 2016 0.0 0.0 0.0 0.0 163249.0 23792400.0
887 May 20, 2016 0.0 0.0 0.0 0.0 150154.0 23239400.0
888 May 21, 2016 0.0 0.0 0.0 0.0 46799.0 23801100.0
889 May 22, 2016 0.0 0.0 0.0 0.0 67026.6 23668100.0
890 May 23, 2016 0.0 0.0 0.0 0.0 56105.1 23226300.0
891 May 24, 2016 0.0 0.0 0.0 0.0 65382.7 23582200.0
892 May 25, 2016 0.0 0.0 0.0 0.0 92668.4 23311700.0
893 May 26, 2016 0.0 0.0 0.0 0.0 86853.0 23431400.0
894 May 27, 2016 0.0 0.0 0.0 0.0 336255.0 23833200.0
895 May 28, 2016 0.0 0.0 0.0 0.0 364972.0 24003300.0
896 May 29, 2016 0.0 0.0 0.0 0.0 340639.0 24647500.0
897 May 30, 2016 0.0 0.0 0.0 0.0 147592.0 24872700.0
898 May 31, 2016 0.0 0.0 0.0 0.0 181107.0 24937000.0
899 Jun 01, 2016 0.0 0.0 0.0 0.0 113517.0 24176000.0
900 Jun 02, 2016 0.0 0.0 0.0 0.0 82274.9 24495700.0
901 Jun 03, 2016 0.0 0.0 0.0 0.0 116288.0 24253400.0
902 Jun 04, 2016 0.0 0.0 0.0 0.0 107638.0 24834000.0
903 Jun 05, 2016 0.0 0.0 0.0 0.0 67034.2 24816600.0
904 Jun 06, 2016 0.0 0.0 0.0 0.0 112362.0 24734500.0
905 Jun 07, 2016 0.0 0.0 0.0 0.0 185525.0 24581200.0
906 Jun 08, 2016 0.0 0.0 0.0 0.0 180955.0 25030800.0
907 Jun 09, 2016 0.0 0.0 0.0 0.0 520075.0 25707700.0
908 Jun 10, 2016 0.0 0.0 0.0 0.0 337925.0 27762800.0
909 Jun 11, 2016 0.0 0.0 0.0 0.0 199328.0 27363500.0
910 Jun 12, 2016 0.0 0.0 0.0 0.0 595447.0 26458200.0
911 Jun 13, 2016 0.0 0.0 0.0 0.0 827824.0 28278500.0
912 Jun 14, 2016 0.0 0.0 0.0 0.0 1283070.0 30866500.0
913 Jun 15, 2016 0.0 0.0 0.0 0.0 363588.0 33483600.0
914 Jun 16, 2016 0.0 0.0 0.0 0.0 398411.0 32640300.0
915 Jun 17, 2016 0.0 0.0 0.0 0.0 688175.0 34808700.0
916 Jun 18, 2016 0.0 0.0 0.0 0.0 303988.0 33532600.0
917 Jun 19, 2016 0.0 0.0 0.0 0.0 442660.0 33998500.0
918 Jun 20, 2016 0.0 0.0 0.0 0.0 516209.0 35354400.0
919 Jun 21, 2016 0.0 0.0 0.0 0.0 662975.0 33952300.0
920 Jun 22, 2016 0.0 0.0 0.0 0.0 441160.0 32205000.0
921 Jun 23, 2016 0.0 0.0 0.0 0.0 501034.0 27807200.0
922 Jun 24, 2016 0.0 0.0 0.0 0.0 459727.0 29641700.0
923 Jun 25, 2016 0.0 0.0 0.0 0.0 338125.0 29666300.0
924 Jun 26, 2016 0.0 0.0 0.0 0.0 234233.0 30076500.0
925 Jun 27, 2016 0.0 0.0 0.0 0.0 171751.0 29646000.0
926 Jun 28, 2016 0.0 0.0 0.0 0.0 691171.0 30297000.0
927 Jun 29, 2016 0.0 0.0 0.0 0.0 351281.0 31226600.0
928 Jun 30, 2016 0.0 0.0 0.0 0.0 359916.0 30915400.0
929 Jul 01, 2016 0.0 0.0 0.0 0.0 270360.0 31947800.0
930 Jul 02, 2016 0.0 0.0 0.0 0.0 159445.0 31718000.0
931 Jul 03, 2016 0.0 0.0 0.0 0.0 472627.0 32095700.0
932 Jul 04, 2016 0.0 0.0 0.0 0.0 181751.0 29775000.0
933 Jul 05, 2016 0.0 0.0 0.0 0.0 182004.0 30398000.0
934 Jul 06, 2016 0.0 0.0 0.0 0.0 1777410.0 30204400.0
935 Jul 07, 2016 0.0 0.0 0.0 0.0 238794.0 29792800.0
936 Jul 08, 2016 0.0 0.0 0.0 0.0 247412.0 28867000.0
937 Jul 09, 2016 0.0 0.0 0.0 0.0 146328.0 28952000.0
938 Jul 10, 2016 0.0 0.0 0.0 0.0 116616.0 28420400.0
939 Jul 11, 2016 0.0 0.0 0.0 0.0 223700.0 28598400.0
940 Jul 12, 2016 0.0 0.0 0.0 0.0 382756.0 28176100.0
941 Jul 13, 2016 0.0 0.0 0.0 0.0 228096.0 27737500.0
942 Jul 14, 2016 0.0 0.0 0.0 0.0 161058.0 27671300.0
943 Jul 15, 2016 0.0 0.0 0.0 0.0 120831.0 27422200.0
944 Jul 16, 2016 0.0 0.0 0.0 0.0 82476.4 27540100.0
945 Jul 17, 2016 0.0 0.0 0.0 0.0 125107.0 27546900.0
946 Jul 18, 2016 0.0 0.0 0.0 0.0 232515.0 27704300.0
947 Jul 19, 2016 0.0 0.0 0.0 0.0 257203.0 26540400.0
948 Jul 20, 2016 0.0 0.0 0.0 0.0 174826.0 25812900.0
949 Jul 21, 2016 0.0 0.0 0.0 0.0 252756.0 25465300.0
950 Jul 22, 2016 0.0 0.0 0.0 0.0 216280.0 25146700.0
951 Jul 23, 2016 0.0 0.0 0.0 0.0 328851.0 24987500.0
952 Jul 24, 2016 0.0 0.0 0.0 0.0 273570.0 26693600.0
953 Jul 25, 2016 0.0 0.0 0.0 0.0 108561.0 25895800.0
954 Jul 26, 2016 0.0 0.0 0.0 0.0 206520.0 25866300.0
955 Jul 27, 2016 0.0 0.0 0.0 0.0 153832.0 25293600.0
956 Jul 28, 2016 0.0 0.0 0.0 0.0 84121.7 24728600.0
957 Jul 29, 2016 0.0 0.0 0.0 0.0 98146.9 24952300.0
958 Jul 30, 2016 0.0 0.0 0.0 0.0 58986.6 25030300.0
959 Jul 31, 2016 0.0 0.0 0.0 0.0 89186.8 25124700.0
960 Aug 01, 2016 0.0 0.0 0.0 0.0 130186.0 24276800.0
961 Aug 02, 2016 0.0 0.0 0.0 0.0 225484.0 23500600.0
962 Aug 03, 2016 0.0 0.0 0.0 0.0 191331.0 22075900.0
963 Aug 04, 2016 0.0 0.0 0.0 0.0 143676.0 22441100.0
964 Aug 05, 2016 0.0 0.0 0.0 0.0 123728.0 22650500.0
965 Aug 06, 2016 0.0 0.0 0.0 0.0 278089.0 23032600.0
966 Aug 07, 2016 0.0 0.0 0.0 0.0 1567680.0 24396200.0
967 Aug 08, 2016 0.0 0.0 0.0 0.0 600323.0 27356500.0
968 Aug 09, 2016 0.0 0.0 0.0 0.0 302290.0 24557700.0
969 Aug 10, 2016 0.0 0.0 0.0 0.0 263827.0 25280700.0
970 Aug 11, 2016 0.0 0.0 0.0 0.0 190175.0 25539400.0
971 Aug 12, 2016 0.0 0.0 0.0 0.0 136558.0 25172100.0
972 Aug 13, 2016 0.0 0.0 0.0 0.0 98768.6 25290800.0
973 Aug 14, 2016 0.0 0.0 0.0 0.0 405881.0 25229000.0
974 Aug 15, 2016 0.0 0.0 0.0 0.0 355769.0 26215500.0
975 Aug 16, 2016 0.0 0.0 0.0 0.0 707776.0 25588100.0
976 Aug 17, 2016 0.0 0.0 0.0 0.0 312708.0 27742800.0
977 Aug 18, 2016 0.0 0.0 0.0 0.0 170275.0 26118200.0
978 Aug 19, 2016 0.0 0.0 0.0 0.0 311444.0 26120200.0
979 Aug 20, 2016 0.0 0.0 0.0 0.0 167039.0 24949200.0
980 Aug 21, 2016 0.0 0.0 0.0 0.0 121065.0 25164200.0
981 Aug 22, 2016 0.0 0.0 0.0 0.0 375078.0 24786100.0
982 Aug 23, 2016 0.0 0.0 0.0 0.0 331014.0 24212000.0
983 Aug 24, 2016 0.0 0.0 0.0 0.0 225706.0 24028800.0
984 Aug 25, 2016 0.0 0.0 0.0 0.0 151207.0 24429700.0
985 Aug 26, 2016 0.0 0.0 0.0 0.0 139823.0 24087000.0
986 Aug 27, 2016 0.0 0.0 0.0 0.0 93230.4 24463300.0
987 Aug 28, 2016 0.0 0.0 0.0 0.0 240313.0 23913900.0
988 Aug 29, 2016 0.0 0.0 0.0 0.0 217469.0 24018800.0
989 Aug 30, 2016 0.0 0.0 0.0 0.0 242014.0 23651600.0
990 Aug 31, 2016 0.0 0.0 0.0 0.0 181570.0 24686500.0
991 Sep 01, 2016 0.0 0.0 0.0 0.0 203953.0 24902600.0
992 Sep 02, 2016 0.0 0.0 0.0 0.0 164747.0 24555600.0
993 Sep 03, 2016 0.0 0.0 0.0 0.0 270431.0 24738100.0
994 Sep 04, 2016 0.0 0.0 0.0 0.0 290452.0 25032000.0
995 Sep 05, 2016 0.0 0.0 0.0 0.0 254656.0 24916700.0
996 Sep 06, 2016 0.0 0.0 0.0 0.0 199043.0 25226800.0
997 Sep 07, 2016 0.0 0.0 0.0 0.0 213195.0 25511200.0
998 Sep 08, 2016 0.0 0.0 0.0 0.0 139759.0 25632500.0
999 Sep 09, 2016 0.0 0.0 0.0 0.0 102465.0 24520700.0
1000 Sep 10, 2016 0.0 0.0 0.0 0.0 98396.6 24397300.0
1001 Sep 11, 2016 0.0 0.0 0.0 0.0 96143.5 24128600.0
1002 Sep 12, 2016 0.0 0.0 0.0 0.0 128679.0 23984100.0
1003 Sep 13, 2016 0.0 0.0 0.0 0.0 65946.7 23974200.0
1004 Sep 14, 2016 0.0 0.0 0.0 0.0 141810.0 24134600.0
1005 Sep 15, 2016 0.0 0.0 0.0 0.0 305283.0 24152800.0
1006 Sep 16, 2016 0.0 0.0 0.0 0.0 775759.0 24677200.0
1007 Sep 17, 2016 0.0 0.0 0.0 0.0 375370.0 26280700.0
1008 Sep 18, 2016 0.0 0.0 0.0 0.0 159346.0 25081400.0
1009 Sep 19, 2016 0.0 0.0 0.0 0.0 178186.0 25159700.0
1010 Sep 20, 2016 0.0 0.0 0.0 0.0 131253.0 24639800.0
1011 Sep 21, 2016 0.0 0.0 0.0 0.0 314763.0 24876400.0
1012 Sep 22, 2016 0.0 0.0 0.0 0.0 109829.0 24553200.0
1013 Sep 23, 2016 0.0 0.0 0.0 0.0 230223.0 24149000.0
1014 Sep 24, 2016 0.0 0.0 0.0 0.0 95230.6 24240600.0
1015 Sep 25, 2016 0.0 0.0 0.0 0.0 93891.2 24025200.0
1016 Sep 26, 2016 0.0 0.0 0.0 0.0 164711.0 23855500.0
1017 Sep 27, 2016 0.0 0.0 0.0 0.0 140515.0 24235000.0
1018 >Sep 28, 201 0.0 0.0 0.0 0.0 154501.0 24428500.0
1019 Sep 29, 2016 0.0 0.0 0.0 0.0 175265.0 24292700.0
1020 Sep 30, 2016 0.0 0.0 0.0 0.0 147126.0 24374500.0
1021 Oct 01, 2016 0.0 0.0 0.0 0.0 149333.0 24699500.0
1022 Oct 02, 2016 0.0 0.0 0.0 0.0 63768.1 24466700.0
1023 Oct 03, 2016 0.0 0.0 0.0 0.0 143210.0 24492400.0
1024 Oct 04, 2016 0.0 0.0 0.0 0.0 121528.0 25105300.0
1025 Oct 05, 2016 0.0 0.0 0.0 0.0 59005.8 24346000.0
1026 Oct 06, 2016 0.0 0.0 0.0 0.0 316034.0 24492900.0
1027 Oct 07, 2016 0.0 0.0 0.0 0.0 100431.0 23731500.0
1028 Oct 08, 2016 0.0 0.0 0.0 0.0 91294.5 24198600.0
1029 Oct 09, 2016 0.0 0.0 0.0 0.0 72973.5 24234500.0
1030 Oct 10, 2016 0.0 0.0 0.0 0.0 74304.1 24259200.0
1031 Oct 11, 2016 0.0 0.0 0.0 0.0 255195.0 24233700.0
1032 Oct 12, 2016 0.0 0.0 0.0 0.0 136557.0 24492900.0
1033 Oct 13, 2016 0.0 0.0 0.0 0.0 74930.3 23967100.0
1034 Oct 14, 2016 0.0 0.0 0.0 0.0 94111.5 24136400.0
1035 Oct 15, 2016 0.0 0.0 0.0 0.0 54318.6 23947700.0
1036 Oct 16, 2016 0.0 0.0 0.0 0.0 73212.1 23933400.0
1037 Oct 17, 2016 0.0 0.0 0.0 0.0 94379.6 23711200.0
1038 Oct 18, 2016 0.0 0.0 0.0 0.0 63436.0 23706100.0
1039 Oct 19, 2016 0.0 0.0 0.0 0.0 102827.0 23629600.0
1040 Oct 20, 2016 0.0 0.0 0.0 0.0 72548.4 23144000.0
1041 Oct 21, 2016 0.0 0.0 0.0 0.0 50624.3 23551500.0
1042 Oct 22, 2016 0.0 0.0 0.0 0.0 104100.0 23267900.0
1043 Oct 23, 2016 0.0 0.0 0.0 0.0 64535.5 23792300.0
1044 Oct 24, 2016 0.0 0.0 0.0 0.0 79079.4 23512000.0
1045 Oct 25, 2016 0.0 0.0 0.0 0.0 93590.7 23331800.0
1046 Oct 26, 2016 0.0 0.0 0.0 0.0 143192.0 23383300.0
1047 Oct 27, 2016 0.0 0.0 0.0 0.0 122038.0 23037000.0
1048 Oct 28, 2016 0.0 0.0 0.0 0.0 95798.4 23320100.0
1049 Oct 29, 2016 0.0 0.0 0.0 0.0 563580.0 23316500.0
1050 Oct 30, 2016 0.0 0.0 0.0 0.0 112318.0 23767900.0
1051 Oct 31, 2016 0.0 0.0 0.0 0.0 147892.0 23696200.0
1052 Nov 01, 2016 0.0 0.0 0.0 0.0 169851.0 23490600.0
1053 Nov 02, 2016 0.0 0.0 0.0 0.0 71283.8 23574500.0
1054 Nov 03, 2016 0.0 0.0 0.0 0.0 157604.0 23832300.0
1055 Nov 04, 2016 0.0 0.0 0.0 0.0 74584.1 23425500.0
1056 Nov 05, 2016 0.0 0.0 0.0 0.0 51849.2 23553900.0
1057 Nov 06, 2016 0.0 0.0 0.0 0.0 67305.1 23591300.0
1058 Nov 07, 2016 0.0 0.0 0.0 0.0 922936.0 23678600.0
1059 Nov 08, 2016 0.0 0.0 0.0 0.0 186033.0 25539800.0
1060 Nov 09, 2016 0.0 0.0 0.0 0.0 117069.0 24466700.0
1061 Nov 10, 2016 0.0 0.0 0.0 0.0 113130.0 24483800.0
1062 Nov 11, 2016 0.0 0.0 0.0 0.0 111646.0 24366300.0
1063 Nov 12, 2016 0.0 0.0 0.0 0.0 198530.0 24190900.0
1064 Nov 13, 2016 0.0 0.0 0.0 0.0 145317.0 23533800.0
1065 Nov 14, 2016 0.0 0.0 0.0 0.0 54994.9 24093500.0
1066 Nov 15, 2016 0.0 0.0 0.0 0.0 106308.0 23865500.0
1067 Nov 16, 2016 0.0 0.0 0.0 0.0 133220.0 23707400.0
1068 Nov 17, 2016 0.0 0.0 0.0 0.0 106863.0 23768900.0
1069 Nov 18, 2016 0.0 0.0 0.0 0.0 142607.0 23848400.0
1070 Nov 19, 2016 0.0 0.0 0.0 0.0 56455.8 23589000.0
1071 Nov 20, 2016 0.0 0.0 0.0 0.0 84047.1 23547400.0
1072 Nov 21, 2016 0.0 0.0 0.0 0.0 75165.4 23277800.0
1073 Nov 22, 2016 0.0 0.0 0.0 0.0 78701.0 23758700.0
1074 Nov 23, 2016 0.0 0.0 0.0 0.0 71915.0 23861100.0
1075 Nov 24, 2016 0.0 0.0 0.0 0.0 106697.0 23075200.0
1076 Nov 25, 2016 0.0 0.0 0.0 0.0 55052.3 23332700.0
1077 Nov 26, 2016 0.0 0.0 0.0 0.0 51449.6 23653600.0
1078 Nov 27, 2016 0.0 0.0 0.0 0.0 64760.3 23420800.0
1079 Nov 28, 2016 0.0 0.0 0.0 0.0 77058.2 23242600.0
1080 Nov 29, 2016 0.0 0.0 0.0 0.0 75058.7 23401700.0
1081 Nov 30, 2016 0.0 0.0 0.0 0.0 50524.0 23146000.0
1082 Dec 01, 2016 0.0 0.0 0.0 0.0 121422.0 22982300.0
1083 Dec 02, 2016 0.0 0.0 0.0 0.0 94691.5 22961000.0
1084 Dec 03, 2016 0.0 0.0 0.0 0.0 79711.8 23118000.0
1085 Dec 04, 2016 0.0 0.0 0.0 0.0 55311.0 23085100.0
1086 Dec 05, 2016 0.0 0.0 0.0 0.0 125542.0 23198100.0
1087 Dec 06, 2016 0.0 0.0 0.0 0.0 56770.9 23017400.0
1088 Dec 07, 2016 0.0 0.0 0.0 0.0 78009.3 22773100.0
1089 Dec 08, 2016 0.0 0.0 0.0 0.0 73483.3 22712500.0
1090 Dec 09, 2016 0.0 0.0 0.0 0.0 70555.5 23002100.0
1091 Dec 10, 2016 0.0 0.0 0.0 0.0 113819.0 22644700.0
1092 Dec 11, 2016 0.0 0.0 0.0 0.0 164021.0 22995700.0
1093 Dec 12, 2016 0.0 0.0 0.0 0.0 111702.0 24043300.0
1094 Dec 13, 2016 0.0 0.0 0.0 0.0 82531.4 23618600.0
1095 Dec 14, 2016 0.0 0.0 0.0 0.0 60083.6 23105600.0
1096 Dec 15, 2016 0.0 0.0 0.0 0.0 100360.0 23107200.0
1097 Dec 16, 2016 0.0 0.0 0.0 0.0 92083.1 23085900.0
1098 Dec 17, 2016 0.0 0.0 0.0 0.0 155943.0 23277700.0
1099 Dec 18, 2016 0.0 0.0 0.0 0.0 73406.9 23470700.0
1100 Dec 19, 2016 0.0 0.0 0.0 0.0 225757.0 23232400.0
1101 Dec 20, 2016 0.0 0.0 0.0 0.0 186803.0 23480100.0
1102 Dec 21, 2016 0.0 0.0 0.0 0.0 205205.0 23608500.0
1103 Dec 22, 2016 0.0 0.0 0.0 0.0 260272.0 24450800.0
1104 Dec 23, 2016 0.0 0.0 0.0 0.0 378406.0 24169100.0
1105 Dec 24, 2016 0.0 0.0 0.0 0.0 422843.0 25568700.0
1106 Dec 25, 2016 0.0 0.0 0.0 0.0 241911.0 25116200.0
1107 Dec 26, 2016 0.0 0.0 0.0 0.0 141805.0 24873000.0
1108 Dec 27, 2016 0.0 0.0 0.0 0.0 251069.0 24924000.0
1109 Dec 28, 2016 0.0 0.0 0.0 0.0 295278.0 24448700.0
1110 Dec 29, 2016 0.0 0.0 0.0 0.0 214764.0 23991800.0
1111 Dec 30, 2016 0.0 0.0 0.0 0.0 176730.0 25128400.0
1112 Dec 31, 2016 0.0 0.0 0.0 0.0 73495.5 24454500.0
1113 Jan 01, 2017 0.0 0.0 0.0 0.0 136829.0 24026000.0
1114 Jan 02, 2017 0.0 0.0 0.0 0.0 195520.0 24560200.0
1115 Jan 03, 2017 0.0 0.0 0.0 0.0 132352.0 24049700.0
1116 Jan 04, 2017 0.0 0.0 0.0 0.0 442095.0 24417800.0
1117 Jan 05, 2017 0.0 0.0 0.0 0.0 994730.0 25089500.0
1118 Jan 06, 2017 0.0 0.0 0.0 0.0 305084.0 24493200.0
1119 Jan 07, 2017 0.0 0.0 0.0 0.0 315096.0 23845200.0
1120 Jan 08, 2017 0.0 0.0 0.0 0.0 132159.0 24134500.0
1121 Jan 09, 2017 0.0 0.0 0.0 0.0 160173.0 23819300.0
1122 Jan 10, 2017 0.0 0.0 0.0 0.0 204249.0 24646600.0
1123 Jan 11, 2017 0.0 0.0 0.0 0.0 458200.0 24206100.0
1124 Jan 12, 2017 0.0 0.0 0.0 0.0 263155.0 21909400.0
1125 Jan 13, 2017 0.0 0.0 0.0 0.0 108930.0 22394500.0
1126 Jan 14, 2017 0.0 0.0 0.0 0.0 71387.8 22506100.0
1127 Jan 15, 2017 0.0 0.0 0.0 0.0 77839.2 22264100.0
1128 Jan 16, 2017 0.0 0.0 0.0 0.0 103512.0 22207000.0
1129 Jan 17, 2017 0.0 0.0 0.0 0.0 161002.0 22269400.0
1130 Jan 18, 2017 0.0 0.0 0.0 0.0 98052.3 23216200.0
1131 Jan 19, 2017 0.0 0.0 0.0 0.0 64430.0 22162400.0
1132 Jan 20, 2017 0.0 0.0 0.0 0.0 72039.8 22531500.0
1133 Jan 21, 2017 0.0 0.0 0.0 0.0 131115.0 22171400.0
1134 Jan 22, 2017 0.0 0.0 0.0 0.0 72922.6 22461600.0
1135 Jan 23, 2017 0.0 0.0 0.0 0.0 60872.6 22104300.0
1136 Jan 24, 2017 0.0 0.0 0.0 0.0 59544.7 22428500.0
1137 Jan 25, 2017 0.0 0.0 0.0 0.0 71636.1 21874100.0
1138 Jan 26, 2017 0.0 0.0 0.0 0.0 93096.2 21979000.0
1139 Jan 27, 2017 0.0 0.0 0.0 0.0 114996.0 22445100.0
1140 Jan 28, 2017 0.0 0.0 0.0 0.0 54079.5 22554000.0
1141 Jan 29, 2017 0.0 0.0 0.0 0.0 88538.2 22555000.0
1142 Jan 30, 2017 0.0 0.0 0.0 0.0 60615.9 21996900.0
1143 Jan 31, 2017 0.0 0.0 0.0 0.0 122078.0 22496400.0
1144 Feb 01, 2017 0.0 0.0 0.0 0.0 83191.5 22754900.0
1145 Feb 02, 2017 0.0 0.0 0.0 0.0 76733.6 22879700.0
1146 Feb 03, 2017 0.0 0.0 0.0 0.0 112018.0 22790800.0
1147 Feb 04, 2017 0.0 0.0 0.0 0.0 113546.0 23012200.0
1148 Feb 05, 2017 0.0 0.0 0.0 0.0 99077.8 22840200.0
1149 Feb 06, 2017 0.0 0.0 0.0 0.0 90883.8 22728300.0
1150 Feb 07, 2017 0.0 0.0 0.0 0.0 110704.0 22880800.0
1151 Feb 08, 2017 0.0 0.0 0.0 0.0 162662.0 22855700.0
1152 Feb 09, 2017 0.0 0.0 0.0 0.0 200542.0 22436400.0
1153 Feb 10, 2017 0.0 0.0 0.0 0.0 94676.6 22007800.0
1154 Feb 11, 2017 0.0 0.0 0.0 0.0 94779.2 22505900.0
1155 Feb 12, 2017 0.0 0.0 0.0 0.0 96617.9 22688800.0
1156 Feb 13, 2017 0.0 0.0 0.0 0.0 128635.0 22754200.0
1157 Feb 14, 2017 0.0 0.0 0.0 0.0 129514.0 22473400.0
1158 Feb 15, 2017 0.0 0.0 0.0 0.0 154245.0 22516800.0
1159 Feb 16, 2017 0.0 0.0 0.0 0.0 135279.0 22635500.0
1160 Feb 17, 2017 0.0 0.0 0.0 0.0 153199.0 22420700.0
1161 Feb 18, 2017 0.0 0.0 0.0 0.0 158688.0 22566400.0
1162 Feb 19, 2017 0.0 0.0 0.0 0.0 74856.2 21283200.0
1163 Feb 20, 2017 0.0 0.0 0.0 0.0 89140.6 22491300.0
1164 Feb 21, 2017 0.0 0.0 0.0 0.0 102673.0 22741500.0
1165 Feb 22, 2017 0.0 0.0 0.0 0.0 108610.0 22564000.0
1166 Feb 23, 2017 0.0 0.0 0.0 0.0 110405.0 21831400.0
1167 Feb 24, 2017 0.0 0.0 0.0 0.0 118202.0 22484400.0
1168 Feb 25, 2017 0.0 0.0 0.0 0.0 64485.2 22092400.0
1169 Feb 26, 2017 0.0 0.0 0.0 0.0 55007.4 21666300.0
1170 Feb 27, 2017 0.0 0.0 0.0 0.0 115816.0 22342300.0
1171 Feb 28, 2017 0.0 0.0 0.0 0.0 90931.8 22134400.0
1172 Mar 01, 2017 0.0 0.0 0.0 0.0 136870.0 22279600.0
1173 Mar 02, 2017 0.0 0.0 0.0 0.0 203994.0 22238800.0
1174 Mar 03, 2017 0.0 0.0 0.0 0.0 146345.0 22232700.0
1175 Mar 04, 2017 0.0 0.0 0.0 0.0 94177.0 22878400.0
1176 Mar 05, 2017 0.0 0.0 0.0 0.0 69489.8 22162200.0
1177 Mar 06, 2017 0.0 0.0 0.0 0.0 111585.0 22762600.0
1178 Mar 07, 2017 0.0 0.0 0.0 0.0 169049.0 22346300.0
1179 Mar 08, 2017 0.0 0.0 0.0 0.0 242738.0 22643100.0
1180 Mar 09, 2017 0.0 0.0 0.0 0.0 110162.0 22451000.0
1181 Mar 10, 2017 0.0 0.0 0.0 0.0 327829.0 22864300.0
1182 Mar 11, 2017 0.0 0.0 0.0 0.0 142059.0 22209200.0
1183 Mar 12, 2017 0.0 0.0 0.0 0.0 320578.0 22957500.0
1184 Mar 13, 2017 0.0 0.0 0.0 0.0 998448.0 24592300.0
1185 Mar 14, 2017 0.0 0.0 0.0 0.0 350586.0 26182600.0
1186 Mar 15, 2017 0.0 0.0 0.0 0.0 395931.0 25820600.0
1187 Mar 16, 2017 0.0 0.0 0.0 0.0 448480.0 26181600.0
1188 Mar 17, 2017 0.0 0.0 0.0 0.0 393182.0 25505900.0
1189 Mar 18, 2017 0.0 0.0 0.0 0.0 474001.0 24241700.0
1190 Mar 19, 2017 0.0 0.0 0.0 0.0 335532.0 23804000.0
1191 Mar 20, 2017 0.0 0.0 0.0 0.0 339899.0 25573500.0
1192 Mar 21, 2017 0.0 0.0 0.0 0.0 243988.0 24666900.0
1193 Mar 22, 2017 0.0 0.0 0.0 0.0 344528.0 26640300.0
1194 Mar 23, 2017 0.0 0.0 0.0 0.0 195765.0 25981500.0
1195 Mar 24, 2017 0.0 0.0 0.0 0.0 1776640.0 26269700.0
1196 Mar 25, 2017 0.0 0.0 0.0 0.0 1274960.0 28726800.0
1197 Mar 26, 2017 0.0 0.0 0.0 0.0 1203110.0 32354300.0
1198 Mar 27, 2017 0.0 0.0 0.0 0.0 1082440.0 30181600.0
1199 Mar 28, 2017 0.0 0.0 0.0 0.0 708276.0 26824700.0
1200 Mar 29, 2017 0.0 0.0 0.0 0.0 399763.0 30343700.0
1201 Mar 30, 2017 0.0 0.0 0.0 0.0 1673200.0 30229500.0
1202 Mar 31, 2017 0.0 0.0 0.0 0.0 2525700.0 33095800.0
1203 Apr 01, 2017 0.0 0.0 0.0 0.0 1030280.0 36208400.0
1204 Apr 02, 2017 0.0 0.0 0.0 0.0 4276890.0 36569400.0
1205 Apr 03, 2017 0.0 0.0 0.0 0.0 8704480.0 53320000.0
1206 Apr 04, 2017 0.0 0.0 0.0 0.0 3070990.0 47001200.0
1207 >Apr 05, 201 0.0 0.0 0.0 0.0 1696750.0 47651800.0
1208 Apr 06, 2017 0.0 0.0 0.0 0.0 2738610.0 47611700.0
1209 Apr 07, 2017 0.0 0.0 0.0 0.0 2669470.0 49634000.0
1210 Apr 08, 2017 0.0 0.0 0.0 0.0 1249660.0 43374600.0
1211 Apr 09, 2017 0.0 0.0 0.0 0.0 1720980.0 46844000.0
1212 Apr 10, 2017 0.0 0.0 0.0 0.0 1181340.0 41439300.0
1213 Apr 11, 2017 0.0 0.0 0.0 0.0 694146.0 43149100.0
1214 Apr 12, 2017 0.0 0.0 0.0 0.0 940905.0 42298500.0
1215 Apr 13, 2017 0.0 0.0 0.0 0.0 1421850.0 45210200.0
1216 Apr 14, 2017 0.0 0.0 0.0 0.0 1462360.0 47004900.0
1217 Apr 15, 2017 0.0 0.0 0.0 0.0 892718.0 46292800.0
1218 Apr 16, 2017 0.0 0.0 0.0 0.0 1835340.0 45481800.0
1219 Apr 17, 2017 0.0 0.0 0.0 0.0 1791470.0 49408700.0
1220 Apr 18, 2017 0.0 0.0 0.0 0.0 1308510.0 50788400.0
1221 Apr 19, 2017 0.0 0.0 0.0 0.0 940790.0 49657500.0
1222 Apr 20, 2017 0.0 0.0 0.0 0.0 1828250.0 48850300.0
1223 Apr 21, 2017 0.0 0.0 0.0 0.0 692528.0 48022200.0
1224 Apr 22, 2017 0.0 0.0 0.0 0.0 853796.0 49771600.0
1225 Apr 23, 2017 0.0 0.0 0.0 0.0 3778280.0 51021700.0
1226 Apr 24, 2017 0.0 0.0 0.0 0.0 1427570.0 57331500.0
1227 Apr 25, 2017 0.0 0.0 0.0 0.0 1498410.0 55755400.0
1228 Apr 26, 2017 0.0 0.0 0.0 0.0 1349140.0 58215800.0
1229 Apr 27, 2017 0.0 0.0 0.0 0.0 4707330.0 59886000.0
1230 Apr 28, 2017 0.0 0.0 0.0 0.0 4437500.0 68183600.0
1231 Apr 29, 2017 0.0 0.0 0.0 0.0 5870990.0 74145500.0
1232 Apr 30, 2017 0.0 0.0 0.0 0.0 3614180.0 80307300.0
1233 May 01, 2017 0.0 0.0 0.0 0.0 5565600.0 81468000.0
1234 May 02, 2017 0.0 0.0 0.0 0.0 5211860.0 75180000.0
1235 May 03, 2017 0.0 0.0 0.0 0.0 4436450.0 66702500.0
1236 May 04, 2017 0.0 0.0 0.0 0.0 4638240.0 74923900.0
1237 May 05, 2017 0.0 0.0 0.0 0.0 9754900.0 80558300.0
1238 May 06, 2017 0.0 0.0 0.0 0.0 14651900.0 91395400.0
1239 May 07, 2017 0.0 0.0 0.0 0.0 34856400.0 128440000.0
1240 May 08, 2017 0.0 0.0 0.0 0.0 23381600.0 145861000.0
1241 May 09, 2017 0.0 0.0 0.0 0.0 18473100.0 167293000.0
1242 May 10, 2017 0.0 0.0 0.0 0.0 9734520.0 136962000.0
1243 May 11, 2017 0.0 0.0 0.0 0.0 7417150.0 135097000.0
1244 May 12, 2017 0.0 0.0 0.0 0.0 6218670.0 132851000.0
1245 May 13, 2017 0.0 0.0 0.0 0.0 5599360.0 129896000.0
1246 May 14, 2017 0.0 0.0 0.0 0.0 4752270.0 130990000.0
1247 May 15, 2017 0.0 0.0 0.0 0.0 5239470.0 139473000.0
1248 May 16, 2017 0.0 0.0 0.0 0.0 7799600.0 122785000.0
1249 May 17, 2017 0.0 0.0 0.0 0.0 19914100.0 116789000.0
1250 May 18, 2017 0.0 0.0 0.0 0.0 30426900.0 144198000.0
1251 May 19, 2017 0.0 0.0 0.0 0.0 15752100.0 165437000.0
1252 May 20, 2017 0.0 0.0 0.0 0.0 23947700.0 165349000.0
1253 May 21, 2017 0.0 0.0 0.0 0.0 105483000.0 209088000.0
1254 May 22, 2017 0.0 0.0 0.0 0.0 122287000.0 338842000.0
1255 May 23, 2017 0.0 0.0 0.0 0.0 69025700.0 368587000.0
1256 May 24, 2017 0.0 0.0 0.0 0.0 55427800.0 387970000.0
1257 May 25, 2017 0.0 0.0 0.0 0.0 47384900.0 405386000.0
1258 May 26, 2017 0.0 0.0 0.0 0.0 32173900.0 323102000.0
1259 May 27, 2017 0.0 0.0 0.0 0.0 51605800.0 265906000.0
1260 May 28, 2017 0.0 0.0 0.0 0.0 34751700.0 282965000.0
1261 May 29, 2017 0.0 0.0 0.0 0.0 19870300.0 277206000.0
1262 May 30, 2017 0.0 0.0 0.0 0.0 22734100.0 299563000.0
1263 May 31, 2017 0.0 0.0 0.0 0.0 19840600.0 289240000.0
1264 Jun 01, 2017 0.0 0.0 0.0 0.0 23980700.0 292109000.0
1265 Jun 02, 2017 0.0 0.0 0.0 0.0 34663300.0 315459000.0
1266 Jun 03, 2017 0.0 0.0 0.0 0.0 40595200.0 331309000.0
1267 Jun 04, 2017 0.0 0.0 0.0 0.0 47092000.0 359497000.0
1268 Jun 05, 2017 0.0 0.0 0.0 0.0 53883800.0 349963000.0
1269 Jun 06, 2017 0.0 0.0 0.0 0.0 44359200.0 423202000.0
1270 Jun 07, 2017 0.0 0.0 0.0 0.0 29591900.0 412874000.0
1271 Jun 08, 2017 0.0 0.0 0.0 0.0 30213200.0 359746000.0
1272 Jun 09, 2017 0.0 0.0 0.0 0.0 25259700.0 392350000.0
1273 Jun 10, 2017 0.0 0.0 0.0 0.0 22219500.0 376324000.0
1274 Jun 11, 2017 0.0 0.0 0.0 0.0 40179500.0 362883000.0
1275 Jun 12, 2017 0.0 0.0 0.0 0.0 20308300.0 395498000.0
1276 Jun 13, 2017 0.0 0.0 0.0 0.0 15386000.0 356729000.0
1277 Jun 14, 2017 0.0 0.0 0.0 0.0 14116100.0 362873000.0
1278 Jun 15, 2017 0.0 0.0 0.0 0.0 15751600.0 340402000.0
1279 Jun 16, 2017 0.0 0.0 0.0 0.0 13983500.0 334129000.0
1280 Jun 17, 2017 0.0 0.0 0.0 0.0 16275900.0 344327000.0
1281 Jun 18, 2017 0.0 0.0 0.0 0.0 9348420.0 366286000.0
1282 Jun 19, 2017 0.0 0.0 0.0 0.0 12364900.0 353665000.0
1283 Jun 20, 2017 0.0 0.0 0.0 0.0 15050400.0 346509000.0
1284 Jun 21, 2017 0.0 0.0 0.0 0.0 14635800.0 353662000.0
1285 Jun 22, 2017 0.0 0.0 0.0 0.0 9515860.0 343493000.0
1286 Jun 23, 2017 0.0 0.0 0.0 0.0 9479750.0 340788000.0
1287 Jun 24, 2017 0.0 0.0 0.0 0.0 12055500.0 345058000.0
1288 Jun 25, 2017 0.0 0.0 0.0 0.0 25808000.0 344008000.0
1289 Jun 26, 2017 0.0 0.0 0.0 0.0 19984800.0 325221000.0
1290 Jun 27, 2017 0.0 0.0 0.0 0.0 16548800.0 302422000.0
1291 Jun 28, 2017 0.0 0.0 0.0 0.0 9713640.0 289857000.0
1292 Jun 29, 2017 0.0 0.0 0.0 0.0 6596660.0 306604000.0
1293 Jun 30, 2017 0.0 0.0 0.0 0.0 4828560.0 291970000.0
1294 Jul 01, 2017 0.0 0.0 0.0 0.0 5623250.0 286202000.0
1295 Jul 02, 2017 0.0 0.0 0.0 0.0 6310430.0 290316000.0
1296 Jul 03, 2017 0.0 0.0 0.0 0.0 7488410.0 271502000.0
1297 Jul 04, 2017 0.0 0.0 0.0 0.0 5302360.0 278109000.0
1298 Jul 05, 2017 0.0 0.0 0.0 0.0 17293700.0 275630000.0
1299 Jul 06, 2017 0.0 0.0 0.0 0.0 10702300.0 298461000.0
1300 Jul 07, 2017 0.0 0.0 0.0 0.0 7367710.0 289483000.0
1301 Jul 08, 2017 0.0 0.0 0.0 0.0 8176760.0 262709000.0
1302 Jul 09, 2017 0.0 0.0 0.0 0.0 4122620.0 268949000.0
1303 Jul 10, 2017 0.0 0.0 0.0 0.0 7350820.0 257476000.0
1304 Jul 11, 2017 0.0 0.0 0.0 0.0 9803180.0 215422000.0
1305 Jul 12, 2017 0.0 0.0 0.0 0.0 9627830.0 193756000.0
1306 Jul 13, 2017 0.0 0.0 0.0 0.0 6931840.0 215799000.0
1307 Jul 14, 2017 0.0 0.0 0.0 0.0 3700410.0 201256000.0
1308 Jul 15, 2017 0.0 0.0 0.0 0.0 3788270.0 184626000.0
1309 Jul 16, 2017 0.0 0.0 0.0 0.0 4390690.0 163536000.0
1310 Jul 17, 2017 0.0 0.0 0.0 0.0 4765630.0 143649000.0
1311 Jul 18, 2017 0.0 0.0 0.0 0.0 10344200.0 167900000.0
1312 Jul 19, 2017 0.0 0.0 0.0 0.0 8549310.0 206152000.0
1313 Jul 20, 2017 0.0 0.0 0.0 0.0 7934090.0 186769000.0
1314 Jul 21, 2017 0.0 0.0 0.0 0.0 6889580.0 215575000.0
1315 Jul 22, 2017 0.0 0.0 0.0 0.0 6184110.0 213547000.0
1316 Jul 23, 2017 0.0 0.0 0.0 0.0 10407100.0 231318000.0
1317 Jul 24, 2017 0.0 0.0 0.0 0.0 3671250.0 217717000.0
1318 Jul 25, 2017 0.0 0.0 0.0 0.0 4078660.0 220428000.0
1319 Jul 26, 2017 0.0 0.0 0.0 0.0 3897040.0 195612000.0
1320 Jul 27, 2017 0.0 0.0 0.0 0.0 3369400.0 199824000.0
1321 Jul 28, 2017 0.0 0.0 0.0 0.0 4510970.0 204834000.0
1322 Jul 29, 2017 0.0 0.0 0.0 0.0 2728040.0 195680000.0
1323 Jul 30, 2017 0.0 0.0 0.0 0.0 2110290.0 195548000.0
1324 Jul 31, 2017 0.0 0.0 0.0 0.0 3841680.0 189192000.0
1325 Aug 01, 2017 0.0 0.0 0.0 0.0 4465920.0 189885000.0
1326 Aug 02, 2017 0.0 0.0 0.0 0.0 4626730.0 197778000.0
1327 Aug 03, 2017 0.0 0.0 0.0 0.0 3213770.0 197252000.0
1328 Aug 04, 2017 0.0 0.0 0.0 0.0 3828740.0 198227000.0
1329 Aug 05, 2017 0.0 0.0 0.0 0.0 8047780.0 200771000.0
1330 Aug 06, 2017 0.0 0.0 0.0 0.0 6541340.0 230572000.0
1331 Aug 07, 2017 0.0 0.0 0.0 0.0 5318800.0 212162000.0
1332 Aug 08, 2017 0.0 0.0 0.0 0.0 4784700.0 215522000.0
1333 Aug 09, 2017 0.0 0.0 0.0 0.0 4251240.0 216828000.0
1334 Aug 10, 2017 0.0 0.0 0.0 0.0 4006990.0 214427000.0
1335 Aug 11, 2017 0.0 0.0 0.0 0.0 5135210.0 209736000.0
1336 Aug 12, 2017 0.0 0.0 0.0 0.0 7282380.0 207562000.0
1337 Aug 13, 2017 0.0 0.0 0.0 0.0 4744330.0 204951000.0
1338 Aug 14, 2017 0.0 0.0 0.0 0.0 4321530.0 199947000.0
1339 Aug 15, 2017 0.0 0.0 0.0 0.0 7095620.0 194475000.0
1340 Aug 16, 2017 0.0 0.0 0.0 0.0 3874060.0 191631000.0
1341 Aug 17, 2017 0.0 0.0 0.0 0.0 3365590.0 197062000.0
1342 Aug 18, 2017 0.0 0.0 0.0 0.0 3190510.0 189431000.0
1343 Aug 19, 2017 0.0 0.0 0.0 0.0 3028000.0 186102000.0
1344 Aug 20, 2017 0.0 0.0 0.0 0.0 3050890.0 184872000.0
1345 Aug 21, 2017 0.0 0.0 0.0 0.0 3580650.0 187472000.0
1346 Aug 22, 2017 0.0 0.0 0.0 0.0 3645340.0 189739000.0
1347 Aug 23, 2017 0.0 0.0 0.0 0.0 5481120.0 189961000.0
1348 Aug 24, 2017 0.0 0.0 0.0 0.0 4796720.0 191700000.0
1349 Aug 25, 2017 0.0 0.0 0.0 0.0 2654040.0 200302000.0
1350 Aug 26, 2017 0.0 0.0 0.0 0.0 1935350.0 197996000.0
1351 Aug 27, 2017 0.0 0.0 0.0 0.0 2241620.0 197144000.0
1352 Aug 28, 2017 0.0 0.0 0.0 0.0 3210440.0 195535000.0
1353 Aug 29, 2017 0.0 0.0 0.0 0.0 6879110.0 201934000.0
1354 Aug 30, 2017 0.0 0.0 0.0 0.0 17500900.0 206446000.0
1355 Aug 31, 2017 0.0 0.0 0.0 0.0 12968400.0 233165000.0
1356 Sep 01, 2017 0.0 0.0 0.0 0.0 16681400.0 228828000.0
1357 Sep 02, 2017 0.0 0.0 0.0 0.0 23789600.0 283530000.0
1358 Sep 03, 2017 0.0 0.0 0.0 0.0 8700780.0 250960000.0
1359 Sep 04, 2017 0.0 0.0 0.0 0.0 11195900.0 240619000.0
1360 Sep 05, 2017 0.0 0.0 0.0 0.0 11565200.0 199722000.0
1361 Sep 06, 2017 0.0 0.0 0.0 0.0 11077100.0 212082000.0
1362 Sep 07, 2017 0.0 0.0 0.0 0.0 7589980.0 223683000.0
1363 Sep 08, 2017 0.0 0.0 0.0 0.0 10583000.0 214193000.0
1364 Sep 09, 2017 0.0 0.0 0.0 0.0 6441030.0 176045000.0
1365 Sep 10, 2017 0.0 0.0 0.0 0.0 10036300.0 174632000.0
1366 Sep 11, 2017 0.0 0.0 0.0 0.0 6644960.0 155068000.0
1367 Sep 12, 2017 0.0 0.0 0.0 0.0 8575960.0 162702000.0
1368 Sep 13, 2017 0.0 0.0 0.0 0.0 4788820.0 160088000.0
1369 Sep 14, 2017 0.0 0.0 0.0 0.0 13435300.0 153663000.0
1370 Sep 15, 2017 0.0 0.0 0.0 0.0 21413000.0 94627800.0
1371 Sep 16, 2017 0.0 0.0 0.0 0.0 13242000.0 94157100.0
1372 Sep 17, 2017 0.0 0.0 0.0 0.0 6776550.0 96331000.0
1373 Sep 18, 2017 0.0 0.0 0.0 0.0 7127750.0 94836200.0
1374 Sep 19, 2017 0.0 0.0 0.0 0.0 5206600.0 104410000.0
1375 Sep 20, 2017 0.0 0.0 0.0 0.0 4641920.0 97923500.0
1376 Sep 21, 2017 0.0 0.0 0.0 0.0 3157030.0 94429700.0
1377 Sep 22, 2017 0.0 0.0 0.0 0.0 3758470.0 84749600.0
1378 Sep 23, 2017 0.0 0.0 0.0 0.0 7670640.0 85765900.0
1379 Sep 24, 2017 0.0 0.0 0.0 0.0 4928520.0 104499000.0
1380 Sep 25, 2017 0.0 0.0 0.0 0.0 9597030.0 99009800.0
1381 Sep 26, 2017 0.0 0.0 0.0 0.0 9374910.0 126878000.0
1382 Sep 27, 2017 0.0 0.0 0.0 0.0 5371580.0 125975000.0
1383 Sep 28, 2017 0.0 0.0 0.0 0.0 4485170.0 127078000.0
1384 Sep 29, 2017 0.0 0.0 0.0 0.0 5674620.0 123000000.0
1385 Sep 30, 2017 0.0 0.0 0.0 0.0 4092970.0 121395000.0
1386 Oct 01, 2017 0.0 0.0 0.0 0.0 4295630.0 127055000.0
1387 Oct 02, 2017 0.0 0.0 0.0 0.0 3145110.0 119708000.0
1388 Oct 03, 2017 0.0 0.0 0.0 0.0 2044110.0 120738000.0
1389 Oct 04, 2017 0.0 0.0 0.0 0.0 2119210.0 124803000.0
1390 Oct 05, 2017 0.0 0.0 0.0 0.0 2656730.0 113130000.0
1391 Oct 06, 2017 0.0 0.0 0.0 0.0 1505160.0 111689000.0
1392 Oct 07, 2017 0.0 0.0 0.0 0.0 1488520.0 120176000.0
1393 Oct 08, 2017 0.0 0.0 0.0 0.0 2242630.0 119397000.0
1394 Oct 09, 2017 0.0 0.0 0.0 0.0 3065770.0 117637000.0
1395 Oct 10, 2017 0.0 0.0 0.0 0.0 1909730.0 109239000.0
1396 Oct 11, 2017 0.0 0.0 0.0 0.0 2390280.0 115379000.0
1397 Oct 12, 2017 0.0 0.0 0.0 0.0 3146680.0 117800000.0
1398 Oct 13, 2017 0.0 0.0 0.0 0.0 6885520.0 118637000.0
1399 Oct 14, 2017 0.0 0.0 0.0 0.0 2216010.0 116708000.0
1400 Oct 15, 2017 0.0 0.0 0.0 0.0 2164040.0 122254000.0
1401 Oct 16, 2017 0.0 0.0 0.0 0.0 6552920.0 123410000.0
1402 Oct 17, 2017 0.0 0.0 0.0 0.0 7260740.0 129452000.0
1403 Oct 18, 2017 0.0 0.0 0.0 0.0 2446530.0 118859000.0
1404 Oct 19, 2017 0.0 0.0 0.0 0.0 2189610.0 117821000.0
1405 Oct 20, 2017 0.0 0.0 0.0 0.0 3244930.0 119506000.0
1406 Oct 21, 2017 0.0 0.0 0.0 0.0 3157240.0 116880000.0
1407 Oct 22, 2017 0.0 0.0 0.0 0.0 2583310.0 112508000.0
1408 Oct 23, 2017 0.0 0.0 0.0 0.0 3524540.0 114107000.0
1409 Oct 24, 2017 0.0 0.0 0.0 0.0 5253740.0 113083000.0
1410 Oct 25, 2017 0.0 0.0 0.0 0.0 2198320.0 122793000.0
1411 Oct 26, 2017 0.0 0.0 0.0 0.0 1559670.0 117793000.0
1412 Oct 27, 2017 0.0 0.0 0.0 0.0 1414540.0 117456000.0
1413 Oct 28, 2017 0.0 0.0 0.0 0.0 1072410.0 116187000.0
1414 Oct 29, 2017 0.0 0.0 0.0 0.0 19651600.0 115860000.0
1415 Oct 30, 2017 0.0 0.0 0.0 0.0 2979150.0 136755000.0
1416 Oct 31, 2017 0.0 0.0 0.0 0.0 3075460.0 127721000.0
1417 Nov 01, 2017 0.0 0.0 0.0 0.0 2821950.0 127682000.0
1418 Nov 02, 2017 0.0 0.0 0.0 0.0 5326660.0 123876000.0
1419 Nov 03, 2017 0.0 0.0 0.0 0.0 2813240.0 129294000.0
1420 Nov 04, 2017 0.0 0.0 0.0 0.0 1986450.0 127722000.0
1421 Nov 05, 2017 0.0 0.0 0.0 0.0 1668270.0 130567000.0
1422 Nov 06, 2017 0.0 0.0 0.0 0.0 1997300.0 130955000.0
1423 Nov 07, 2017 0.0 0.0 0.0 0.0 2251920.0 129316000.0
1424 Nov 08, 2017 0.0 0.0 0.0 0.0 3528340.0 131403000.0
1425 Nov 09, 2017 0.0 0.0 0.0 0.0 6259550.0 134938000.0
1426 Nov 10, 2017 0.0 0.0 0.0 0.0 4246520.0 158964000.0
1427 Nov 11, 2017 0.0 0.0 0.0 0.0 2231080.0 128149000.0
1428 Nov 12, 2017 0.0 0.0 0.0 0.0 3288960.0 132978000.0
1429 Nov 13, 2017 0.0 0.0 0.0 0.0 2481270.0 117085000.0
1430 Nov 14, 2017 0.0 0.0 0.0 0.0 2660340.0 134375000.0
1431 Nov 15, 2017 0.0 0.0 0.0 0.0 2840180.0 133091000.0
1432 Nov 16, 2017 0.0 0.0 0.0 0.0 3423010.0 150880000.0
1433 Nov 17, 2017 0.0 0.0 0.0 0.0 2787480.0 154631000.0
1434 Nov 18, 2017 0.0 0.0 0.0 0.0 1648260.0 146452000.0
1435 Nov 19, 2017 0.0 0.0 0.0 0.0 1431720.0 151759000.0
1436 Nov 20, 2017 0.0 0.0 0.0 0.0 2141360.0 153925000.0
1437 Nov 21, 2017 0.0 0.0 0.0 0.0 3047660.0 157975000.0
1438 Nov 22, 2017 0.0 0.0 0.0 0.0 18841700.0 156960000.0
1439 Nov 23, 2017 0.0 0.0 0.0 0.0 26126500.0 203818000.0
1440 Nov 24, 2017 0.0 0.0 0.0 0.0 9585960.0 217423000.0
1441 Nov 25, 2017 0.0 0.0 0.0 0.0 5430930.0 215457000.0
1442 Nov 26, 2017 0.0 0.0 0.0 0.0 7670430.0 232287000.0
1443 Nov 27, 2017 0.0 0.0 0.0 0.0 6185790.0 224121000.0
1444 Nov 28, 2017 0.0 0.0 0.0 0.0 8317540.0 223234000.0
1445 Nov 29, 2017 0.0 0.0 0.0 0.0 11077200.0 261552000.0
1446 Nov 30, 2017 0.0 0.0 0.0 0.0 4919490.0 229621000.0
1447 Dec 01, 2017 0.0 0.0 0.0 0.0 5258110.0 229985000.0
1448 Dec 02, 2017 0.0 0.0 0.0 0.0 4978180.0 237980000.0
1449 Dec 03, 2017 0.0 0.0 0.0 0.0 4751640.0 234686000.0
1450 Dec 04, 2017 0.0 0.0 0.0 0.0 6307150.0 247520000.0
1451 Dec 05, 2017 0.0 0.0 0.0 0.0 8772420.0 277609000.0
1452 Dec 06, 2017 0.0 0.0 0.0 0.0 9047960.0 279935000.0
1453 Dec 07, 2017 0.0 0.0 0.0 0.0 15759300.0 289717000.0
1454 Dec 08, 2017 0.0 0.0 0.0 0.0 11797600.0 306426000.0
1455 Dec 09, 2017 0.0 0.0 0.0 0.0 6564530.0 311130000.0
1456 Dec 10, 2017 0.0 0.0 0.0 0.0 5614920.0 292724000.0
1457 Dec 11, 2017 0.0 0.0 0.0 0.0 7017140.0 287838000.0
1458 Dec 12, 2017 0.0 0.0 0.0 0.0 19228600.0 313804000.0
1459 Dec 13, 2017 0.0 0.0 0.0 0.0 31150900.0 371313000.0
1460 Dec 14, 2017 0.0 0.0 0.0 0.0 23426200.0 387470000.0
1461 Dec 15, 2017 0.0 0.0 0.0 0.0 19043800.0 412349000.0
1462 Dec 16, 2017 0.0 0.01 0.0 0.01 136353000.0 423265000.0
1463 Dec 17, 2017 0.01 0.01 0.01 0.01 99417200.0 664867000.0
1464 Dec 18, 2017 0.01 0.01 0.01 0.01 44158800.0 667380000.0
1465 Dec 19, 2017 0.01 0.01 0.01 0.01 38885700.0 719521000.0
1466 >Dec 20, 201 0.01 0.01 0.0 0.01 67820000.0 631698000.0
1467 Dec 21, 2017 0.01 0.01 0.01 0.01 159154000.0 756986000.0
1468 Dec 22, 2017 0.01 0.01 0.0 0.01 63693900.0 830524000.0
1469 Dec 23, 2017 0.01 0.01 0.01 0.01 70143100.0 689861000.0
1470 Dec 24, 2017 0.01 0.01 0.01 0.01 143767000.0 818985000.0
1471 Dec 25, 2017 0.01 0.01 0.01 0.01 178009000.0 972803000.0
1472 Dec 26, 2017 0.01 0.01 0.01 0.01 124427000.0 1005190000.0
1473 Dec 27, 2017 0.01 0.01 0.01 0.01 63625500.0 1051090000.0
1474 Dec 28, 2017 0.01 0.01 0.01 0.01 51201500.0 996509000.0
1475 Dec 29, 2017 0.01 0.01 0.01 0.01 62474900.0 958038000.0
1476 Dec 30, 2017 0.01 0.01 0.01 0.01 56175300.0 1054010000.0
1477 Dec 31, 2017 0.01 0.01 0.01 0.01 62256400.0 878318000.0
1478 Jan 01, 2018 0.01 0.01 0.01 0.01 50616900.0 1016690000.0
1479 Jan 02, 2018 0.01 0.01 0.01 0.01 89424100.0 998995000.0
1480 Jan 03, 2018 0.01 0.01 0.01 0.01 66349900.0 1023380000.0
1481 Jan 04, 2018 0.01 0.01 0.01 0.01 108986000.0 1052520000.0
1482 Jan 05, 2018 0.01 0.01 0.01 0.01 212383000.0 1088070000.0
1483 Jan 06, 2018 0.01 0.01 0.01 0.01 283717000.0 1377290000.0
1484 Jan 07, 2018 0.01 0.02 0.01 0.02 288184000.0 1653070000.0
1485 Jan 08, 2018 0.02 0.02 0.01 0.01 235114000.0 1928420000.0
1486 Jan 09, 2018 0.01 0.01 0.01 0.01 115255000.0 1698420000.0
1487 Jan 10, 2018 0.01 0.01 0.01 0.01 100243000.0 1527610000.0
1488 Jan 11, 2018 0.01 0.01 0.01 0.01 62722000.0 1467560000.0
1489 Jan 12, 2018 0.01 0.01 0.01 0.01 56971300.0 1294100000.0
1490 Jan 13, 2018 0.01 0.01 0.01 0.01 55890600.0 1472140000.0
1491 Jan 14, 2018 0.01 0.01 0.01 0.01 65899000.0 1472360000.0
1492 Jan 15, 2018 0.01 0.01 0.01 0.01 62765500.0 1311640000.0
1493 Jan 16, 2018 0.01 0.01 0.01 0.01 68099200.0 1112470000.0
1494 Jan 17, 2018 0.01 0.01 0.01 0.01 58846200.0 768365000.0
1495 Jan 18, 2018 0.01 0.01 0.01 0.01 56599300.0 861978000.0
1496 Jan 19, 2018 0.01 0.01 0.01 0.01 30335700.0 888183000.0
1497 Jan 20, 2018 0.01 0.01 0.01 0.01 22974100.0 897889000.0
1498 Jan 21, 2018 0.01 0.01 0.01 0.01 22933100.0 952223000.0
1499 Jan 22, 2018 0.01 0.01 0.01 0.01 19968600.0 812486000.0
1500 Jan 23, 2018 0.01 0.01 0.01 0.01 17882700.0 758898000.0
1501 Jan 24, 2018 0.01 0.01 0.01 0.01 17449900.0 749844000.0
1502 Jan 25, 2018 0.01 0.01 0.01 0.01 21329400.0 807855000.0
1503 Jan 26, 2018 0.01 0.01 0.01 0.01 19572300.0 869786000.0
1504 Jan 27, 2018 0.01 0.01 0.01 0.01 11672900.0 817646000.0
1505 Jan 28, 2018 0.01 0.01 0.01 0.01 14070700.0 836842000.0
1506 Jan 29, 2018 0.01 0.01 0.01 0.01 13073100.0 836111000.0
1507 Jan 30, 2018 0.01 0.01 0.01 0.01 15855900.0 787316000.0
1508 Jan 31, 2018 0.01 0.01 0.01 0.01 14754700.0 678023000.0
1509 Feb 01, 2018 0.01 0.01 0.0 0.01 18748700.0 680468000.0
1510 Feb 02, 2018 0.01 0.01 0.0 0.0 29913700.0 567659000.0
1511 Feb 03, 2018 0.0 0.01 0.0 0.01 18018100.0 508803000.0
1512 Feb 04, 2018 0.01 0.01 0.0 0.0 12961600.0 585833000.0
1513 Feb 05, 2018 0.0 0.0 0.0 0.0 12489400.0 497115000.0
1514 Feb 06, 2018 0.0 0.0 0.0 0.0 19139100.0 400769000.0
1515 Feb 07, 2018 0.0 0.0 0.0 0.0 12990100.0 487888000.0
1516 Feb 08, 2018 0.0 0.0 0.0 0.0 9462680.0 482167000.0
1517 Feb 09, 2018 0.0 0.01 0.0 0.01 11190100.0 515803000.0
1518 Feb 10, 2018 0.0 0.01 0.0 0.0 16717300.0 563597000.0
1519 Feb 11, 2018 0.0 0.01 0.0 0.0 11309800.0 562156000.0
1520 Feb 12, 2018 0.0 0.01 0.0 0.01 11124300.0 561776000.0
1521 Feb 13, 2018 0.01 0.01 0.01 0.01 14149700.0 619593000.0
1522 Feb 14, 2018 0.01 0.01 0.01 0.01 40527400.0 637324000.0
1523 Feb 15, 2018 0.01 0.01 0.01 0.01 43275000.0 760418000.0
1524 Feb 16, 2018 0.01 0.01 0.01 0.01 26553900.0 825924000.0
1525 Feb 17, 2018 0.01 0.01 0.01 0.01 18333100.0 799810000.0
1526 Feb 18, 2018 0.01 0.01 0.01 0.01 15291500.0 805583000.0
1527 Feb 19, 2018 0.01 0.01 0.01 0.01 13019200.0 725931000.0
1528 Feb 20, 2018 0.01 0.01 0.01 0.01 107911000.0 756518000.0
1529 Feb 21, 2018 0.01 0.01 0.01 0.01 36813100.0 802828000.0
1530 Feb 22, 2018 0.01 0.01 0.01 0.01 20365500.0 744078000.0
1531 Feb 23, 2018 0.01 0.01 0.01 0.01 19390500.0 708510000.0
1532 Feb 24, 2018 0.01 0.01 0.01 0.01 15687300.0 755429000.0
1533 Feb 25, 2018 0.01 0.01 0.01 0.01 11758800.0 716439000.0
1534 Feb 26, 2018 0.01 0.01 0.01 0.01 12068600.0 699210000.0
1535 Feb 27, 2018 0.01 0.01 0.01 0.01 12201900.0 721302000.0
1536 Feb 28, 2018 0.01 0.01 0.01 0.01 13227600.0 710879000.0
1537 Mar 01, 2018 0.01 0.01 0.01 0.01 15518400.0 685115000.0
1538 Mar 02, 2018 0.01 0.01 0.01 0.01 22498100.0 700188000.0
1539 Mar 03, 2018 0.01 0.01 0.01 0.01 21545000.0 623085000.0
1540 Mar 04, 2018 0.01 0.01 0.01 0.01 12133500.0 593765000.0
1541 Mar 05, 2018 0.01 0.01 0.01 0.01 13627700.0 619624000.0
1542 Mar 06, 2018 0.01 0.01 0.0 0.0 14766900.0 581174000.0
1543 Mar 07, 2018 0.0 0.0 0.0 0.0 17585500.0 524046000.0
1544 Mar 08, 2018 0.0 0.0 0.0 0.0 15499400.0 455646000.0
1545 Mar 09, 2018 0.0 0.0 0.0 0.0 13624400.0 454720000.0
1546 Mar 10, 2018 0.0 0.0 0.0 0.0 9880540.0 469620000.0
1547 Mar 11, 2018 0.0 0.0 0.0 0.0 9251440.0 449499000.0
1548 Mar 12, 2018 0.0 0.0 0.0 0.0 7601500.0 477642000.0
1549 Mar 13, 2018 0.0 0.0 0.0 0.0 6006560.0 456475000.0
1550 Mar 14, 2018 0.0 0.0 0.0 0.0 7532350.0 449121000.0
1551 Mar 15, 2018 0.0 0.0 0.0 0.0 9316740.0 399947000.0
1552 Mar 16, 2018 0.0 0.0 0.0 0.0 6407110.0 402362000.0
1553 Mar 17, 2018 0.0 0.0 0.0 0.0 6231110.0 398199000.0
1554 Mar 18, 2018 0.0 0.0 0.0 0.0 9029610.0 372740000.0
1555 Mar 19, 2018 0.0 0.0 0.0 0.0 8278910.0 363521000.0
1556 Mar 20, 2018 0.0 0.0 0.0 0.0 6638060.0 393936000.0
1557 Mar 21, 2018 0.0 0.0 0.0 0.0 6711100.0 415066000.0
1558 Mar 22, 2018 0.0 0.0 0.0 0.0 5210480.0 416756000.0
1559 Mar 23, 2018 0.0 0.0 0.0 0.0 6178530.0 401645000.0
1560 Mar 24, 2018 0.0 0.0 0.0 0.0 4461220.0 409043000.0
1561 Mar 25, 2018 0.0 0.0 0.0 0.0 3476340.0 403687000.0
1562 Mar 26, 2018 0.0 0.0 0.0 0.0 6061990.0 397845000.0
1563 Mar 27, 2018 0.0 0.0 0.0 0.0 5235300.0 372600000.0
