0 Aug 07, 2015 2.83 3.54 2.52 2.77 164329.0 0.0
1 >Aug 08, 201 2.79 2.8 0.71 0.75 674188.0 167911000.0
2 Aug 09, 2015 0.71 0.88 0.63 0.7 532170.0 42637600.0
3 Aug 10, 2015 0.71 0.73 0.64 0.71 405283.0 43130000.0
4 Aug 11, 2015 0.71 1.13 0.66 1.07 1463100.0 42796500.0
5 Aug 12, 2015 1.06 1.29 0.88 1.22 2150620.0 64018400.0
6 Aug 13, 2015 1.22 1.97 1.17 1.83 4068680.0 73935400.0
7 Aug 14, 2015 1.81 2.26 1.75 1.83 4637030.0 109594000.0
8 Aug 15, 2015 1.8 1.88 1.57 1.69 2554360.0 109160000.0
9 Aug 16, 2015 1.68 1.7 1.09 1.57 3550790.0 102028000.0
10 Aug 17, 2015 1.58 1.58 1.19 1.2 1942830.0 95819700.0
11 Aug 18, 2015 1.22 1.33 1.09 1.09 1485680.0 88143200.0
12 Aug 19, 2015 1.17 1.32 1.17 1.26 1486240.0 84663900.0
13 Aug 20, 2015 1.25 1.53 1.25 1.46 2843760.0 90809000.0
14 Aug 21, 2015 1.48 1.56 1.35 1.4 2020970.0 107266000.0
15 Aug 22, 2015 1.4 1.48 1.35 1.38 948310.0 101404000.0
16 Aug 23, 2015 1.38 1.41 1.3 1.35 1589300.0 99894500.0
17 Aug 24, 2015 1.34 1.36 1.23 1.23 924920.0 97791600.0
18 Aug 25, 2015 1.23 1.24 1.13 1.14 1307180.0 89321900.0
19 Aug 26, 2015 1.13 1.2 1.06 1.16 1056750.0 82384400.0
20 Aug 27, 2015 1.17 1.19 1.14 1.15 686662.0 85106100.0
21 Aug 28, 2015 1.15 1.21 1.12 1.19 721872.0 83521700.0
22 Aug 29, 2015 1.19 1.21 1.15 1.18 375377.0 86887600.0
23 Aug 30, 2015 1.18 1.37 1.17 1.32 1337650.0 86145900.0
24 Aug 31, 2015 1.32 1.4 1.2 1.36 1447180.0 96251000.0
25 Sep 01, 2015 1.35 1.39 1.34 1.35 778862.0 98617200.0
26 Sep 02, 2015 1.35 1.35 1.26 1.29 883769.0 98504600.0
27 Sep 03, 2015 1.29 1.31 1.21 1.26 702991.0 94418700.0
28 Sep 04, 2015 1.26 1.3 1.24 1.27 474391.0 92234100.0
29 Sep 05, 2015 1.28 1.34 1.27 1.34 448453.0 93402300.0
30 Sep 06, 2015 1.34 1.37 1.29 1.29 491968.0 97625500.0
31 Sep 07, 2015 1.29 1.3 1.24 1.25 489014.0 94585300.0
32 Sep 08, 2015 1.25 1.28 1.23 1.24 427892.0 91020700.0
33 Sep 09, 2015 1.24 1.26 1.2 1.21 366748.0 90518300.0
34 Sep 10, 2015 1.21 1.22 1.14 1.17 662782.0 88230500.0
35 Sep 11, 2015 1.16 1.17 0.94 0.98 1942600.0 85144300.0
36 Sep 12, 2015 0.99 1.11 0.97 1.04 772430.0 72179000.0
37 Sep 13, 2015 1.04 1.04 0.9 0.94 644138.0 76193600.0
38 Sep 14, 2015 0.94 0.95 0.87 0.88 741085.0 68814400.0
39 Sep 15, 2015 0.88 1.04 0.88 0.94 703390.0 64052400.0
40 Sep 16, 2015 0.94 0.95 0.9 0.91 615593.0 68963300.0
41 Sep 17, 2015 0.91 0.91 0.83 0.87 897940.0 66415200.0
42 Sep 18, 2015 0.87 0.89 0.83 0.85 484622.0 64071300.0
43 Sep 19, 2015 0.85 0.91 0.83 0.88 386988.0 62262700.0
44 Sep 20, 2015 0.88 0.95 0.87 0.94 508314.0 64600000.0
45 Sep 21, 2015 0.94 0.96 0.88 0.92 424039.0 69045900.0
46 Sep 22, 2015 0.92 0.92 0.86 0.9 487914.0 67444200.0
47 Sep 23, 2015 0.9 0.91 0.89 0.89 200541.0 66309600.0
48 Sep 24, 2015 0.9 0.91 0.79 0.81 842505.0 65836400.0
49 Sep 25, 2015 0.82 0.82 0.71 0.74 903457.0 60221400.0
50 Sep 26, 2015 0.74 0.79 0.71 0.79 369620.0 54188900.0
51 Sep 27, 2015 0.79 0.79 0.72 0.72 413801.0 58149600.0
52 Sep 28, 2015 0.72 0.72 0.56 0.58 1320890.0 53201800.0
53 Sep 29, 2015 0.58 0.68 0.56 0.66 913992.0 42607700.0
54 Sep 30, 2015 0.66 0.75 0.64 0.74 619926.0 48636600.0
55 Oct 01, 2015 0.73 0.73 0.66 0.69 596084.0 54032300.0
56 Oct 02, 2015 0.68 0.69 0.65 0.68 219318.0 50328700.0
57 Oct 03, 2015 0.68 0.71 0.68 0.69 163326.0 49981900.0
58 Oct 04, 2015 0.69 0.69 0.66 0.67 103497.0 50556000.0
59 Oct 05, 2015 0.67 0.67 0.62 0.63 234263.0 49131600.0
60 Oct 06, 2015 0.62 0.65 0.61 0.65 262674.0 45863300.0
61 Oct 07, 2015 0.65 0.66 0.6 0.61 218327.0 47964700.0
62 Oct 08, 2015 0.61 0.63 0.59 0.62 310266.0 44955900.0
63 Oct 09, 2015 0.66 0.69 0.63 0.65 386420.0 48334900.0
64 Oct 10, 2015 0.64 0.65 0.62 0.63 141555.0 47325200.0
65 Oct 11, 2015 0.63 0.64 0.62 0.63 102128.0 46327500.0
66 Oct 12, 2015 0.63 0.66 0.63 0.63 109567.0 46864200.0
67 Oct 13, 2015 0.63 0.63 0.6 0.61 303044.0 46395200.0
68 Oct 14, 2015 0.61 0.61 0.48 0.52 971664.0 45250600.0
69 Oct 15, 2015 0.52 0.57 0.51 0.56 371022.0 38688300.0
70 Oct 16, 2015 0.56 0.57 0.52 0.54 249891.0 41608900.0
71 Oct 17, 2015 0.53 0.56 0.53 0.55 313860.0 39515900.0
72 Oct 18, 2015 0.55 0.55 0.51 0.52 133690.0 40550400.0
73 Oct 19, 2015 0.52 0.52 0.48 0.49 243742.0 38321300.0
74 Oct 20, 2015 0.49 0.5 0.43 0.43 383921.0 36261200.0
75 Oct 21, 2015 0.43 0.48 0.42 0.45 609085.0 31973600.0
76 Oct 22, 2015 0.44 0.62 0.42 0.57 924822.0 32977300.0
77 Oct 23, 2015 0.57 0.61 0.5 0.54 878822.0 41986400.0
78 Oct 24, 2015 0.54 0.58 0.52 0.56 258356.0 40022100.0
79 Oct 25, 2015 0.56 0.69 0.56 0.62 635384.0 41781300.0
80 Oct 26, 2015 0.62 0.76 0.6 0.73 1089120.0 45991300.0
81 Oct 27, 2015 0.71 0.9 0.71 0.87 1846370.0 52624300.0
82 Oct 28, 2015 0.87 1.05 0.81 1.0 2373050.0 64676600.0
83 Oct 29, 2015 1.0 1.21 0.95 1.21 2279240.0 74675600.0
84 Oct 30, 2015 1.21 1.34 0.97 1.04 2429200.0 89857400.0
85 Oct 31, 2015 1.05 1.06 0.9 0.92 673892.0 77800300.0
86 Nov 01, 2015 0.92 1.08 0.9 1.05 588913.0 68477200.0
87 Nov 02, 2015 1.06 1.1 0.95 0.99 1145200.0 78701400.0
88 Nov 03, 2015 0.99 1.07 0.94 1.01 1907690.0 74010000.0
89 >Nov 04, 201 1.01 1.04 0.72 0.9 3060340.0 75232400.0
90 Nov 05, 2015 0.9 0.99 0.86 0.9 1179840.0 67070700.0
91 Nov 06, 2015 0.9 0.99 0.85 0.93 913666.0 67397100.0
92 Nov 07, 2015 0.92 0.94 0.86 0.93 890187.0 68833200.0
93 Nov 08, 2015 0.92 1.03 0.92 1.03 1021460.0 68254300.0
94 Nov 09, 2015 1.03 1.11 0.94 1.0 2045290.0 76991800.0
95 Nov 10, 2015 1.0 1.05 0.92 0.93 854581.0 74685300.0
96 Nov 11, 2015 0.94 0.94 0.73 0.79 1278580.0 70236200.0
97 Nov 12, 2015 0.8 0.91 0.76 0.9 806156.0 59448700.0
98 Nov 13, 2015 0.91 0.92 0.85 0.9 543671.0 67777000.0
99 Nov 14, 2015 0.91 0.91 0.88 0.89 372514.0 67631900.0
100 Nov 15, 2015 0.89 0.92 0.87 0.91 411848.0 66590200.0
101 Nov 16, 2015 0.91 0.94 0.89 0.93 620945.0 67730700.0
102 Nov 17, 2015 0.92 1.03 0.91 1.01 1145440.0 69157900.0
103 Nov 18, 2015 0.99 1.01 0.94 0.99 681104.0 74287700.0
104 Nov 19, 2015 0.99 1.01 0.94 0.95 443528.0 73976100.0
105 Nov 20, 2015 0.95 0.95 0.9 0.92 614335.0 71532500.0
106 Nov 21, 2015 0.93 0.98 0.92 0.98 455976.0 69535300.0
107 Nov 22, 2015 0.98 0.98 0.96 0.97 372173.0 73378800.0
108 Nov 23, 2015 0.97 0.97 0.93 0.95 441875.0 72484200.0
109 Nov 24, 2015 0.95 0.95 0.9 0.9 524195.0 70931100.0
110 Nov 25, 2015 0.89 0.9 0.85 0.86 622991.0 67010200.0
111 Nov 26, 2015 0.86 0.9 0.8 0.88 947473.0 64740900.0
112 Nov 27, 2015 0.88 0.9 0.86 0.87 403813.0 66174600.0
113 Nov 28, 2015 0.87 0.93 0.86 0.92 462464.0 65147000.0
114 Nov 29, 2015 0.91 0.91 0.86 0.88 448358.0 68625100.0
115 Nov 30, 2015 0.88 0.9 0.85 0.87 784439.0 66080400.0
116 Dec 01, 2015 0.88 0.89 0.85 0.87 652857.0 65980000.0
117 Dec 02, 2015 0.87 0.88 0.82 0.82 506307.0 65615700.0
118 Dec 03, 2015 0.82 0.84 0.79 0.81 539969.0 61530500.0
119 Dec 04, 2015 0.81 0.86 0.8 0.84 241278.0 61065700.0
120 Dec 05, 2015 0.84 0.87 0.82 0.86 232743.0 63276000.0
121 Dec 06, 2015 0.87 0.88 0.83 0.83 443608.0 65194900.0
122 Dec 07, 2015 0.84 0.85 0.79 0.81 520409.0 62950900.0
123 Dec 08, 2015 0.81 0.82 0.78 0.82 445903.0 60690400.0
124 Dec 09, 2015 0.82 0.82 0.77 0.79 624221.0 62098400.0
125 Dec 10, 2015 0.8 0.86 0.79 0.84 369589.0 59945000.0
126 Dec 11, 2015 0.84 0.93 0.82 0.93 801072.0 63312400.0
127 Dec 12, 2015 0.93 1.04 0.93 0.98 1376280.0 70210000.0
128 Dec 13, 2015 0.97 0.99 0.94 0.95 273614.0 73276400.0
129 Dec 14, 2015 0.96 1.01 0.95 0.99 563436.0 72176400.0
130 Dec 15, 2015 0.99 1.03 0.98 1.01 578618.0 74764100.0
131 Dec 16, 2015 1.02 1.02 0.97 0.99 320767.0 76791600.0
132 Dec 17, 2015 0.99 1.0 0.91 0.94 640765.0 74999300.0
133 Dec 18, 2015 0.94 0.94 0.91 0.92 300787.0 70890600.0
134 Dec 19, 2015 0.92 0.93 0.89 0.91 343535.0 69644200.0
135 Dec 20, 2015 0.91 0.94 0.9 0.9 472164.0 68663100.0
136 Dec 21, 2015 0.91 0.92 0.89 0.9 549113.0 68521200.0
137 Dec 22, 2015 0.89 0.91 0.86 0.86 454249.0 67704600.0
138 Dec 23, 2015 0.86 0.88 0.86 0.86 334993.0 65215800.0
139 Dec 24, 2015 0.86 0.88 0.85 0.86 354646.0 65060000.0
140 Dec 25, 2015 0.86 0.88 0.86 0.87 187114.0 65275400.0
141 Dec 26, 2015 0.87 0.9 0.84 0.85 425282.0 65961900.0
142 Dec 27, 2015 0.85 0.86 0.84 0.86 164565.0 64650000.0
143 Dec 28, 2015 0.86 0.87 0.83 0.84 235134.0 64913200.0
144 Dec 29, 2015 0.84 0.87 0.83 0.87 215742.0 63985600.0
145 Dec 30, 2015 0.87 0.94 0.87 0.91 604078.0 66314200.0
146 Dec 31, 2015 0.91 0.97 0.91 0.93 663994.0 69207400.0
147 Jan 01, 2016 0.93 0.95 0.93 0.95 206062.0 70870900.0
148 Jan 02, 2016 0.95 0.97 0.94 0.94 255504.0 71933100.0
149 Jan 03, 2016 0.94 0.99 0.93 0.97 407632.0 71275900.0
150 Jan 04, 2016 0.97 0.98 0.93 0.95 346245.0 73853900.0
151 Jan 05, 2016 0.95 0.97 0.95 0.95 219833.0 72442400.0
152 Jan 06, 2016 0.95 0.96 0.94 0.95 308791.0 72229700.0
153 Jan 07, 2016 0.95 0.97 0.94 0.94 647462.0 72692900.0
154 Jan 08, 2016 0.94 0.99 0.94 0.99 545600.0 71724000.0
155 Jan 09, 2016 0.98 0.99 0.97 0.99 226281.0 75001800.0
156 Jan 10, 2016 0.98 1.0 0.97 1.0 390888.0 75031200.0
157 Jan 11, 2016 1.0 1.07 1.0 1.06 1011920.0 76096500.0
158 Jan 12, 2016 1.07 1.28 1.05 1.14 2898760.0 81217300.0
159 Jan 13, 2016 1.14 1.15 1.08 1.13 1005910.0 86530000.0
160 Jan 14, 2016 1.12 1.19 1.1 1.19 751961.0 85539300.0
161 Jan 15, 2016 1.18 1.32 1.14 1.21 3910550.0 90321700.0
162 Jan 16, 2016 1.22 1.31 1.17 1.22 2462630.0 93099400.0
163 Jan 17, 2016 1.22 1.33 1.21 1.33 1171150.0 93207300.0
164 Jan 18, 2016 1.33 1.54 1.32 1.43 4278930.0 101699000.0
165 Jan 19, 2016 1.42 1.46 1.3 1.37 2446740.0 108628000.0
166 Jan 20, 2016 1.36 1.62 1.35 1.53 2933220.0 104124000.0
167 Jan 21, 2016 1.53 1.58 1.49 1.55 1614960.0 117111000.0
168 Jan 22, 2016 1.55 1.58 1.47 1.5 1567240.0 118244000.0
169 Jan 23, 2016 1.5 2.03 1.5 1.97 7370980.0 115002000.0
170 Jan 24, 2016 1.9 2.3 1.9 2.14 9669770.0 145358000.0
171 Jan 25, 2016 2.15 2.66 2.06 2.5 10739300.0 164313000.0
172 Jan 26, 2016 2.53 2.84 1.99 2.28 13939200.0 193838000.0
173 Jan 27, 2016 2.25 2.59 2.19 2.39 6961080.0 172061000.0
174 Jan 28, 2016 2.41 2.68 2.34 2.53 4903850.0 184294000.0
175 Jan 29, 2016 2.54 2.61 2.3 2.49 6662340.0 194815000.0
176 Jan 30, 2016 2.51 2.61 2.4 2.44 3725080.0 192176000.0
177 Jan 31, 2016 2.44 2.53 2.19 2.31 5847500.0 187289000.0
178 Feb 01, 2016 2.32 2.32 2.12 2.21 3994100.0 177881000.0
179 Feb 02, 2016 2.21 2.45 2.16 2.44 3451270.0 169923000.0
180 Feb 03, 2016 2.43 2.54 2.34 2.53 3987750.0 186609000.0
181 Feb 04, 2016 2.53 2.63 2.44 2.58 3552320.0 194126000.0
182 Feb 05, 2016 2.57 2.61 2.47 2.54 2636700.0 197363000.0
183 Feb 06, 2016 2.53 2.56 2.47 2.53 1921240.0 194621000.0
184 Feb 07, 2016 2.54 3.06 2.54 2.96 7007060.0 194884000.0
185 Feb 08, 2016 2.97 3.27 2.88 3.18 9725690.0 228504000.0
186 Feb 09, 2016 3.17 4.04 3.17 4.04 17954000.0 244110000.0
187 Feb 10, 2016 4.0 4.86 3.78 4.44 28640400.0 307684000.0
188 Feb 11, 2016 4.5 6.29 4.34 6.01 26408200.0 345964000.0
189 Feb 12, 2016 5.95 6.58 5.07 5.55 23360800.0 457618000.0
190 Feb 13, 2016 5.68 5.72 4.19 5.38 24218800.0 437667000.0
191 Feb 14, 2016 5.4 5.46 4.45 5.24 11226500.0 416193000.0
192 Feb 15, 2016 5.33 5.89 5.02 5.29 13934200.0 410643000.0
193 Feb 16, 2016 5.33 5.47 4.03 4.32 15889100.0 410605000.0
194 Feb 17, 2016 4.29 4.77 3.5 3.76 15451000.0 330635000.0
195 Feb 18, 2016 3.77 4.77 3.42 4.4 17054000.0 291068000.0
196 Feb 19, 2016 4.38 4.79 4.27 4.74 7666320.0 338222000.0
197 Feb 20, 2016 4.68 4.75 4.13 4.34 8631090.0 361281000.0
198 Feb 21, 2016 4.36 4.71 4.23 4.65 6413550.0 336572000.0
199 Feb 22, 2016 4.66 5.64 4.63 5.62 15056200.0 360185000.0
200 Feb 23, 2016 5.68 5.95 5.39 5.59 13380600.0 439084000.0
201 Feb 24, 2016 5.6 6.24 5.51 6.24 11426500.0 432977000.0
202 Feb 25, 2016 6.19 6.65 5.55 6.1 21471800.0 478149000.0
203 Feb 26, 2016 6.04 6.27 5.74 5.92 9526860.0 466797000.0
204 Feb 27, 2016 5.96 6.53 5.92 6.42 8903210.0 461169000.0
205 Feb 28, 2016 6.41 6.62 6.24 6.47 9851660.0 495545000.0
206 Feb 29, 2016 6.46 6.61 6.05 6.34 7648020.0 499587000.0
207 Mar 01, 2016 6.32 7.91 6.31 7.65 23098100.0 489188000.0
208 Mar 02, 2016 7.63 8.75 7.37 8.46 29130200.0 591078000.0
209 Mar 03, 2016 8.44 10.09 8.33 9.29 40314900.0 653959000.0
210 Mar 04, 2016 9.24 10.4 8.48 10.4 35520100.0 716027000.0
211 Mar 05, 2016 10.37 12.27 9.97 11.0 56439600.0 803827000.0
212 Mar 06, 2016 11.2 11.83 9.99 11.38 39112000.0 868736000.0
213 Mar 07, 2016 11.42 11.65 9.31 9.55 34085100.0 886447000.0
214 Mar 08, 2016 9.58 10.16 8.81 9.85 25524300.0 743456000.0
215 Mar 09, 2016 9.79 12.05 9.67 11.89 27540500.0 760017000.0
216 Mar 10, 2016 11.88 12.23 10.99 11.3 26851500.0 922452000.0
217 Mar 11, 2016 11.22 11.59 10.39 11.08 21002700.0 871511000.0
218 Mar 12, 2016 11.13 13.53 11.08 13.53 48957300.0 864733000.0
219 Mar 13, 2016 13.51 15.25 13.46 14.47 43915100.0 1049930000.0
220 Mar 14, 2016 14.51 15.01 11.58 12.45 58385100.0 1128180000.0
221 Mar 15, 2016 13.0 13.19 12.04 13.01 28404500.0 1011090000.0
222 Mar 16, 2016 13.02 13.73 12.49 12.52 24335500.0 1013020000.0
223 Mar 17, 2016 12.55 12.64 10.44 11.08 41650600.0 977389000.0
224 Mar 18, 2016 11.1 11.17 8.52 10.99 53956800.0 867949000.0
225 Mar 19, 2016 11.2 11.2 9.78 10.53 26735700.0 875689000.0
226 Mar 20, 2016 10.51 10.9 9.57 10.31 17651100.0 822297000.0
227 Mar 21, 2016 10.3 12.01 10.16 11.86 28572600.0 805997000.0
228 Mar 22, 2016 11.87 12.02 11.17 11.27 19730300.0 929610000.0
229 Mar 23, 2016 11.32 12.43 11.23 12.41 19353200.0 887595000.0
230 Mar 24, 2016 12.44 12.5 10.8 11.23 26081800.0 975295000.0
231 Mar 25, 2016 11.26 11.37 10.52 10.74 13782000.0 883012000.0
232 Mar 26, 2016 10.76 11.18 10.58 10.97 9425480.0 844742000.0
233 Mar 27, 2016 10.98 11.05 10.11 10.41 16744800.0 862211000.0
234 Mar 28, 2016 10.43 11.86 10.4 11.66 23188300.0 819007000.0
235 Mar 29, 2016 11.75 11.91 11.34 11.65 17684200.0 923114000.0
236 Mar 30, 2016 11.6 12.17 11.46 11.95 19351200.0 911902000.0
237 Mar 31, 2016 11.91 12.01 11.31 11.4 14966700.0 936992000.0
238 Apr 01, 2016 11.4 11.85 11.4 11.66 11373100.0 896537000.0
239 Apr 02, 2016 11.63 11.68 11.39 11.59 8682620.0 914995000.0
240 Apr 03, 2016 11.62 11.7 11.5 11.61 5580550.0 915175000.0
241 Apr 04, 2016 11.61 11.61 11.01 11.15 9599070.0 914560000.0
242 Apr 05, 2016 11.21 11.21 10.13 10.43 20557300.0 883170000.0
243 Apr 06, 2016 10.44 10.97 10.27 10.68 16997100.0 823420000.0
244 Apr 07, 2016 10.69 10.8 9.95 10.06 13464500.0 843091000.0
245 Apr 08, 2016 10.07 10.38 9.65 9.72 14660600.0 794705000.0
246 Apr 09, 2016 9.69 10.08 9.07 9.15 16194800.0 764797000.0
247 Apr 10, 2016 9.15 9.22 7.46 8.94 42613400.0 722133000.0
248 Apr 11, 2016 8.94 8.95 8.0 8.64 15138100.0 706074000.0
249 Apr 12, 2016 8.64 8.64 7.15 7.44 23190100.0 682395000.0
250 Apr 13, 2016 7.44 8.72 7.07 8.04 31403300.0 587994000.0
251 Apr 14, 2016 8.07 8.76 8.02 8.39 13590700.0 638330000.0
252 Apr 15, 2016 8.39 8.62 8.1 8.24 12179000.0 663169000.0
253 Apr 16, 2016 8.23 8.65 8.11 8.61 9888460.0 651554000.0
254 Apr 17, 2016 8.62 9.7 8.56 9.31 24619600.0 682467000.0
255 Apr 18, 2016 9.33 9.51 8.5 9.04 21084100.0 738916000.0
256 Apr 19, 2016 9.07 9.31 8.6 8.71 12899100.0 718825000.0
257 Apr 20, 2016 8.69 8.82 8.31 8.46 15634700.0 688434000.0
258 Apr 21, 2016 8.45 8.72 7.96 8.1 13355400.0 670104000.0
259 Apr 22, 2016 8.15 8.27 7.67 7.82 13309300.0 646298000.0
260 Apr 23, 2016 7.79 8.55 7.74 8.29 14565200.0 618147000.0
261 Apr 24, 2016 8.29 8.47 7.96 8.0 10786400.0 658203000.0
262 Apr 25, 2016 8.01 8.09 7.24 7.55 18239900.0 635784000.0
263 Apr 26, 2016 7.53 7.55 7.06 7.4 17667300.0 597819000.0
264 Apr 27, 2016 7.39 7.97 7.32 7.76 19254500.0 587076000.0
265 Apr 28, 2016 7.74 7.91 7.17 7.17 11576000.0 615316000.0
266 Apr 29, 2016 7.21 7.73 7.17 7.46 8762080.0 573124000.0
267 Apr 30, 2016 7.45 9.37 7.45 8.81 36573300.0 592992000.0
268 May 01, 2016 8.78 9.01 8.43 8.85 16713800.0 698377000.0
269 May 02, 2016 8.89 10.32 8.85 10.16 41019200.0 708137000.0
270 May 03, 2016 10.16 10.16 9.28 9.31 21463900.0 809644000.0
271 May 04, 2016 9.38 10.03 9.27 9.41 17622400.0 747638000.0
272 May 05, 2016 9.4 10.04 9.29 9.83 18296200.0 749038000.0
273 May 06, 2016 9.81 9.95 9.04 9.35 21510600.0 782261000.0
274 May 07, 2016 9.31 9.47 9.21 9.37 10806500.0 743166000.0
275 May 08, 2016 9.37 9.6 8.93 9.48 15031000.0 748030000.0
276 May 09, 2016 9.49 9.64 9.2 9.3 13085300.0 758000000.0
277 May 10, 2016 9.28 9.48 9.26 9.36 9321790.0 741417000.0
278 May 11, 2016 9.43 10.01 9.39 10.0 15267500.0 753600000.0
279 May 12, 2016 9.99 10.5 9.86 10.05 24137700.0 798952000.0
280 May 13, 2016 10.06 11.05 10.01 10.5 31276900.0 804647000.0
281 May 14, 2016 10.5 10.61 9.81 10.23 18808000.0 840395000.0
282 May 15, 2016 10.23 10.44 9.93 9.96 9218400.0 819399000.0
283 May 16, 2016 9.97 11.44 9.97 11.17 29079900.0 798116000.0
284 May 17, 2016 11.19 12.48 11.15 12.19 37198700.0 896505000.0
285 May 18, 2016 12.17 14.25 12.17 13.55 65389900.0 975878000.0
286 May 19, 2016 13.54 14.87 13.33 14.76 53757500.0 1085570000.0
287 May 20, 2016 14.85 15.04 13.38 13.63 50544100.0 1191080000.0
288 May 21, 2016 13.68 14.05 13.11 14.01 24648400.0 1098220000.0
289 May 22, 2016 14.04 14.34 13.76 14.28 17938900.0 1126810000.0
290 May 23, 2016 14.27 14.49 13.19 13.46 23842800.0 1146470000.0
291 May 24, 2016 13.3 13.77 12.01 12.73 41560600.0 1068670000.0
292 May 25, 2016 12.79 12.89 11.76 12.52 27444700.0 1027940000.0
293 May 26, 2016 12.51 12.98 12.05 12.43 20764000.0 1006080000.0
294 May 27, 2016 12.38 12.38 10.5 11.29 57496400.0 996293000.0
295 May 28, 2016 11.33 12.36 10.37 11.89 47274800.0 911724000.0
296 May 29, 2016 12.11 12.69 11.77 12.35 28598400.0 974784000.0
297 May 30, 2016 12.32 12.88 12.26 12.72 14733800.0 992329000.0
298 May 31, 2016 12.74 14.26 12.64 14.07 42433400.0 1026410000.0
299 Jun 01, 2016 14.1 14.31 13.43 14.0 22471300.0 1136900000.0
300 Jun 02, 2016 13.99 14.04 13.62 13.73 10477200.0 1127830000.0
301 Jun 03, 2016 13.74 13.87 13.25 13.84 22981500.0 1108220000.0
302 Jun 04, 2016 13.86 13.94 13.42 13.74 15792400.0 1118460000.0
303 Jun 05, 2016 13.76 14.07 13.56 13.97 11088400.0 1110690000.0
304 Jun 06, 2016 14.0 14.05 13.73 13.93 8720400.0 1130350000.0
305 Jun 07, 2016 13.94 14.51 13.81 14.51 21421600.0 1126330000.0
306 Jun 08, 2016 14.5 14.77 14.27 14.41 16941800.0 1172230000.0
307 Jun 09, 2016 14.43 14.56 14.34 14.39 8256830.0 1166450000.0
308 Jun 10, 2016 14.37 14.43 13.82 13.9 11312900.0 1162500000.0
309 Jun 11, 2016 13.9 14.19 13.72 14.19 12176500.0 1125180000.0
310 Jun 12, 2016 14.18 15.9 14.18 15.74 38210300.0 1148070000.0
311 Jun 13, 2016 15.77 17.64 15.71 17.6 38023400.0 1276930000.0
312 Jun 14, 2016 17.61 19.27 17.29 18.89 64412200.0 1426500000.0
313 Jun 15, 2016 18.9 18.9 17.7 18.35 19393400.0 1531790000.0
314 Jun 16, 2016 18.36 20.82 18.36 20.58 38531000.0 1488420000.0
315 Jun 17, 2016 20.65 21.52 13.56 15.37 199408000.0 1674540000.0
316 Jun 18, 2016 15.37 15.37 9.96 11.33 133937000.0 1247530000.0
317 Jun 19, 2016 11.16 13.18 10.63 12.23 69783600.0 906292000.0
318 Jun 20, 2016 12.23 12.44 10.52 11.83 58143600.0 993503000.0
319 Jun 21, 2016 11.81 13.42 11.29 13.3 69245600.0 960014000.0
320 Jun 22, 2016 13.19 15.78 13.09 13.09 96994100.0 1072510000.0
321 Jun 23, 2016 13.21 13.79 12.56 13.67 30806400.0 1074240000.0
322 Jun 24, 2016 13.68 14.56 13.21 14.33 33332900.0 1112590000.0
323 Jun 25, 2016 14.3 14.58 14.01 14.28 15383100.0 1163530000.0
324 Jun 26, 2016 14.26 14.37 13.65 13.85 14747600.0 1160590000.0
325 Jun 27, 2016 13.8 14.12 13.74 13.88 10994700.0 1124170000.0
326 Jun 28, 2016 13.92 13.98 11.71 12.17 43436600.0 1134340000.0
327 Jun 29, 2016 12.17 13.03 11.68 12.61 26982800.0 991926000.0
328 Jun 30, 2016 12.6 12.74 12.25 12.46 15801300.0 1027260000.0
329 Jul 01, 2016 12.43 12.49 11.73 12.19 17236500.0 1014220000.0
330 Jul 02, 2016 12.21 12.22 11.95 12.12 8987070.0 996510000.0
331 Jul 03, 2016 12.12 12.14 11.58 11.72 10588700.0 989132000.0
332 Jul 04, 2016 11.69 11.88 11.38 11.47 12943500.0 954849000.0
333 Jul 05, 2016 11.45 11.51 9.58 10.61 45526900.0 935730000.0
334 Jul 06, 2016 10.57 11.1 10.28 10.52 18137300.0 864063000.0
335 Jul 07, 2016 10.53 10.56 9.8 10.1 15407200.0 861144000.0
336 Jul 08, 2016 10.11 11.52 9.96 11.39 20039800.0 827090000.0
337 Jul 09, 2016 11.41 11.45 10.72 10.96 17254800.0 933946000.0
338 Jul 10, 2016 10.96 11.01 10.78 10.94 5479240.0 896899000.0
339 Jul 11, 2016 10.94 11.0 10.26 10.45 13098000.0 895670000.0
340 Jul 12, 2016 10.44 10.76 10.42 10.51 11127700.0 855555000.0
341 Jul 13, 2016 10.5 10.58 10.4 10.5 6715660.0 860770000.0
342 Jul 14, 2016 10.59 11.68 10.59 11.51 23621900.0 868509000.0
343 Jul 15, 2016 11.49 12.43 11.49 11.95 26838900.0 942817000.0
344 Jul 16, 2016 11.91 11.93 11.59 11.65 10445700.0 977658000.0
345 Jul 17, 2016 11.62 11.67 11.0 11.15 17921600.0 953762000.0
346 Jul 18, 2016 11.17 11.61 10.94 11.03 15931900.0 917151000.0
347 Jul 19, 2016 11.04 12.01 11.01 11.61 21730000.0 907135000.0
348 Jul 20, 2016 11.59 12.99 11.56 12.45 60226100.0 952143000.0
349 Jul 21, 2016 12.46 12.71 11.99 12.65 24636900.0 1024000000.0
350 Jul 22, 2016 12.65 14.81 12.53 14.66 74779500.0 1040640000.0
351 Jul 23, 2016 14.66 14.89 14.04 14.29 32489700.0 1206190000.0
352 Jul 24, 2016 14.29 14.43 12.31 12.74 77750800.0 1176250000.0
353 Jul 25, 2016 12.74 13.85 12.68 13.83 36673800.0 1048920000.0
354 Jul 26, 2016 13.81 13.85 11.72 11.98 94428800.0 1137660000.0
355 Jul 27, 2016 12.05 13.31 11.83 12.97 58278800.0 992645000.0
356 Jul 28, 2016 12.97 12.98 12.49 12.84 24603900.0 1069560000.0
357 Jul 29, 2016 12.83 12.87 12.55 12.79 14082300.0 1058220000.0
358 Jul 30, 2016 12.79 12.8 12.46 12.46 9047810.0 1055410000.0
359 Jul 31, 2016 12.43 12.5 11.54 11.87 25441400.0 1026310000.0
360 Aug 01, 2016 11.89 12.01 10.94 10.94 23999500.0 981735000.0
361 Aug 02, 2016 10.94 11.13 8.2 8.79 88803300.0 903978000.0
362 Aug 03, 2016 8.88 10.41 8.88 10.29 53979400.0 733204000.0
363 Aug 04, 2016 10.31 11.29 10.15 11.04 38151400.0 851992000.0
364 Aug 05, 2016 11.01 11.17 10.76 10.92 15487900.0 910856000.0
365 Aug 06, 2016 10.91 10.93 10.28 10.88 16712600.0 902752000.0
366 Aug 07, 2016 10.85 11.08 10.78 10.91 16551000.0 898340000.0
367 Aug 08, 2016 10.91 11.32 10.85 11.24 14956700.0 903184000.0
368 Aug 09, 2016 11.27 12.45 11.2 12.24 36656600.0 933431000.0
369 Aug 10, 2016 12.22 12.45 11.98 12.14 28096300.0 1012910000.0
370 Aug 11, 2016 12.13 12.27 11.63 11.69 17505000.0 1005720000.0
371 Aug 12, 2016 11.68 12.04 11.63 11.77 13690100.0 968865000.0
372 Aug 13, 2016 11.77 11.79 11.51 11.57 7539490.0 975999000.0
373 Aug 14, 2016 11.58 11.69 11.09 11.19 8680160.0 960855000.0
374 Aug 15, 2016 11.2 11.31 11.0 11.21 7500840.0 929558000.0
375 Aug 16, 2016 11.22 11.23 11.0 11.13 7051510.0 932162000.0
376 Aug 17, 2016 11.13 11.15 10.74 10.75 8833760.0 924591000.0
377 Aug 18, 2016 10.74 11.0 10.74 10.75 6935800.0 892903000.0
378 Aug 19, 2016 10.74 10.8 10.72 10.74 5390850.0 893156000.0
379 Aug 20, 2016 10.75 11.3 10.74 11.24 7443540.0 893814000.0
380 Aug 21, 2016 11.25 11.25 10.99 11.17 4355660.0 936015000.0
381 Aug 22, 2016 11.18 11.34 11.07 11.12 6588920.0 930708000.0
382 Aug 23, 2016 11.13 11.23 10.89 11.03 6489380.0 927065000.0
383 Aug 24, 2016 11.02 11.15 11.0 11.03 4423420.0 918039000.0
384 Aug 25, 2016 11.03 11.38 11.01 11.35 8552380.0 918977000.0
385 Aug 26, 2016 11.35 11.44 11.21 11.29 5857850.0 946092000.0
386 Aug 27, 2016 11.29 11.29 11.13 11.14 15108400.0 941585000.0
387 Aug 28, 2016 11.14 11.14 10.92 10.92 5303040.0 929690000.0
388 Aug 29, 2016 10.91 11.14 10.78 10.98 8130540.0 910698000.0
389 Aug 30, 2016 10.99 11.3 10.95 11.22 7221260.0 917474000.0
390 Aug 31, 2016 11.23 11.68 11.18 11.67 11073700.0 938406000.0
391 Sep 01, 2016 11.67 12.58 11.64 11.99 24051500.0 974844000.0
392 Sep 02, 2016 11.96 12.31 11.88 12.11 9368300.0 999757000.0
393 Sep 03, 2016 12.11 12.36 11.34 11.75 13358800.0 1012580000.0
394 Sep 04, 2016 11.75 11.79 11.47 11.67 7220550.0 982952000.0
395 Sep 05, 2016 11.68 11.8 11.59 11.71 5724100.0 977169000.0
396 Sep 06, 2016 11.72 11.72 11.47 11.68 6346330.0 981303000.0
397 Sep 07, 2016 11.69 11.72 11.51 11.54 6115050.0 979087000.0
398 Sep 08, 2016 11.54 11.7 11.25 11.34 11535000.0 967010000.0
399 Sep 09, 2016 11.41 11.68 11.38 11.65 6109200.0 956210000.0
400 Sep 10, 2016 11.66 12.21 11.54 12.16 7220300.0 977515000.0
401 Sep 11, 2016 12.2 12.2 11.58 11.63 8791180.0 1023640000.0
402 Sep 12, 2016 11.64 11.94 11.61 11.89 7478080.0 976645000.0
403 Sep 13, 2016 11.88 12.08 11.88 11.91 11704300.0 997638000.0
404 Sep 14, 2016 11.9 11.99 11.85 11.92 5694820.0 999352000.0
405 Sep 15, 2016 11.94 12.13 11.92 11.93 7309090.0 1002970000.0
406 Sep 16, 2016 11.95 12.74 11.9 12.55 17421500.0 1004740000.0
407 Sep 17, 2016 12.55 12.76 12.44 12.69 7446610.0 1055440000.0
408 Sep 18, 2016 12.68 12.98 12.15 12.43 22433300.0 1066620000.0
409 Sep 19, 2016 12.43 13.18 12.41 13.18 13838800.0 1045870000.0
410 Sep 20, 2016 13.21 14.43 13.11 14.43 31929100.0 1111810000.0
411 Sep 21, 2016 14.43 14.43 13.17 13.76 28645000.0 1214950000.0
412 Sep 22, 2016 13.66 13.66 12.47 13.24 27382800.0 1150650000.0
413 Sep 23, 2016 13.2 13.44 13.1 13.33 9166430.0 1112590000.0
414 Sep 24, 2016 13.32 13.34 12.68 12.87 9824880.0 1122670000.0
415 Sep 25, 2016 12.85 13.1 12.79 13.1 5283440.0 1083510000.0
416 Sep 26, 2016 13.16 13.16 12.74 12.82 7213070.0 1110700000.0
417 Sep 27, 2016 12.86 13.21 12.85 13.09 6831070.0 1085330000.0
418 Sep 28, 2016 13.1 13.48 13.08 13.27 10239000.0 1106330000.0
419 Sep 29, 2016 13.27 13.33 13.07 13.07 5990630.0 1121060000.0
420 Sep 30, 2016 13.07 13.34 13.02 13.22 5950840.0 1104530000.0
421 Oct 01, 2016 13.2 13.3 13.04 13.17 6331160.0 1115690000.0
422 Oct 02, 2016 13.18 13.29 13.14 13.19 4079660.0 1114200000.0
423 Oct 03, 2016 13.2 13.48 13.18 13.45 7458320.0 1116600000.0
424 Oct 04, 2016 13.45 13.53 13.21 13.27 8348280.0 1137980000.0
425 Oct 05, 2016 13.28 13.34 13.03 13.03 9881370.0 1124270000.0
426 Oct 06, 2016 13.02 13.14 12.68 12.85 12044800.0 1102940000.0
427 Oct 07, 2016 12.85 12.99 12.53 12.66 8933050.0 1088570000.0
428 Oct 08, 2016 12.67 12.68 12.04 12.21 11611200.0 1073990000.0
429 Oct 09, 2016 12.21 12.35 11.97 12.05 7208480.0 1035590000.0
430 Oct 10, 2016 12.06 12.06 11.62 11.75 10809200.0 1022860000.0
431 Oct 11, 2016 11.76 12.16 11.75 11.78 11727700.0 997949000.0
432 Oct 12, 2016 11.78 12.07 11.7 11.93 9694640.0 1000220000.0
433 Oct 13, 2016 11.9 12.13 11.78 11.96 8665190.0 1011190000.0
434 Oct 14, 2016 11.98 12.07 11.89 11.93 4333510.0 1018390000.0
435 Oct 15, 2016 11.93 11.99 11.77 11.98 4991840.0 1014280000.0
436 Oct 16, 2016 11.98 12.0 11.93 11.95 3617280.0 1018540000.0
437 Oct 17, 2016 11.95 12.03 11.86 12.0 5724440.0 1016710000.0
438 Oct 18, 2016 11.99 12.92 11.99 12.58 18864200.0 1020530000.0
439 Oct 19, 2016 12.59 12.61 11.9 12.02 10576200.0 1071710000.0
440 Oct 20, 2016 12.04 12.28 11.99 12.09 8170760.0 1025620000.0
441 Oct 21, 2016 12.12 12.2 12.02 12.17 5676920.0 1033140000.0
442 Oct 22, 2016 12.18 12.19 11.95 12.07 7583820.0 1037850000.0
443 Oct 23, 2016 12.13 12.14 11.93 12.03 5774660.0 1033970000.0
444 Oct 24, 2016 12.03 12.1 11.9 11.96 5739690.0 1026400000.0
445 Oct 25, 2016 11.96 11.99 11.14 11.41 19316000.0 1020850000.0
446 Oct 26, 2016 11.38 11.66 11.38 11.53 10221800.0 971440000.0
447 Oct 27, 2016 11.53 11.6 11.26 11.49 13255400.0 984361000.0
448 Oct 28, 2016 11.47 11.57 10.95 11.08 13971500.0 979916000.0
449 Oct 29, 2016 11.1 11.19 9.56 10.44 27070400.0 948271000.0
450 Oct 30, 2016 10.42 11.45 10.29 11.18 16694900.0 891164000.0
451 Oct 31, 2016 11.22 11.49 10.93 10.99 13393900.0 960008000.0
452 Nov 01, 2016 10.95 11.17 10.3 10.76 22901300.0 937123000.0
453 Nov 02, 2016 10.77 11.16 10.69 10.75 11691700.0 921691000.0
454 Nov 03, 2016 10.79 11.1 10.76 10.8 15228600.0 924097000.0
455 Nov 04, 2016 10.81 11.12 10.81 11.09 9958040.0 926129000.0
456 Nov 05, 2016 11.09 11.23 10.88 11.0 5502670.0 950213000.0
457 Nov 06, 2016 10.99 11.24 10.85 10.87 5688710.0 941729000.0
458 Nov 07, 2016 10.9 10.95 10.78 10.8 5992480.0 934536000.0
459 Nov 08, 2016 10.85 10.92 10.73 10.83 6258150.0 930345000.0
460 Nov 09, 2016 10.81 10.83 10.22 10.65 14606600.0 928063000.0
461 Nov 10, 2016 10.67 10.67 10.51 10.52 4253980.0 915940000.0
462 Nov 11, 2016 10.51 10.57 10.25 10.28 6056300.0 902479000.0
463 Nov 12, 2016 10.29 10.33 9.7 9.88 10052500.0 883780000.0
464 Nov 13, 2016 9.89 10.41 9.84 10.1 8227770.0 849342000.0
465 Nov 14, 2016 10.09 10.15 9.96 9.97 3573250.0 867755000.0
466 Nov 15, 2016 9.97 10.32 9.85 10.21 6557550.0 857223000.0
467 Nov 16, 2016 10.21 10.32 9.93 10.05 9533550.0 878610000.0
468 Nov 17, 2016 10.05 10.19 9.92 9.99 6984700.0 865393000.0
469 Nov 18, 2016 9.99 10.0 9.48 9.48 10816100.0 859571000.0
470 Nov 19, 2016 9.48 9.74 9.48 9.66 5186540.0 816380000.0
471 Nov 20, 2016 9.66 9.71 9.52 9.58 5173420.0 832050000.0
472 Nov 21, 2016 9.58 9.64 9.54 9.62 3663210.0 825381000.0
473 Nov 22, 2016 9.63 10.23 9.59 9.9 11284400.0 829616000.0
474 Nov 23, 2016 9.92 9.96 9.76 9.84 4812310.0 855265000.0
475 Nov 24, 2016 9.85 9.85 8.93 9.23 15987800.0 849229000.0
476 Nov 25, 2016 9.23 9.75 9.21 9.4 7669720.0 796268000.0
477 Nov 26, 2016 9.42 9.5 9.31 9.33 3505990.0 812795000.0
478 Nov 27, 2016 9.31 9.33 8.78 9.0 8707660.0 804085000.0
479 Nov 28, 2016 9.0 9.01 8.72 8.72 6046890.0 777311000.0
480 Nov 29, 2016 8.73 8.74 7.88 8.17 17000400.0 754307000.0
481 Nov 30, 2016 8.15 8.75 8.15 8.59 10626600.0 705040000.0
482 Dec 01, 2016 8.6 8.65 8.36 8.45 5882340.0 743882000.0
483 Dec 02, 2016 8.46 8.46 7.42 7.76 18579800.0 731520000.0
484 Dec 03, 2016 7.77 8.15 7.67 7.92 12112100.0 672138000.0
485 Dec 04, 2016 7.9 7.95 7.44 7.44 8450790.0 684258000.0
486 Dec 05, 2016 7.41 7.64 6.66 6.82 17344500.0 641820000.0
487 Dec 06, 2016 6.8 7.92 5.98 7.87 50671200.0 589548000.0
488 Dec 07, 2016 7.89 8.54 7.33 8.38 22229600.0 684258000.0
489 Dec 08, 2016 8.38 8.86 8.23 8.23 16042700.0 726878000.0
490 Dec 09, 2016 8.17 8.67 8.05 8.45 12916300.0 708468000.0
491 Dec 10, 2016 8.44 8.53 8.02 8.13 8108370.0 732173000.0
492 Dec 11, 2016 8.13 8.27 8.1 8.19 5545500.0 705363000.0
493 Dec 12, 2016 8.19 8.61 8.16 8.52 9119700.0 711348000.0
494 Dec 13, 2016 8.52 8.53 8.35 8.42 4486190.0 740099000.0
495 Dec 14, 2016 8.45 8.52 8.25 8.27 7337220.0 734382000.0
496 Dec 15, 2016 8.23 8.23 7.72 7.83 13184400.0 715861000.0
497 Dec 16, 2016 7.86 7.93 7.8 7.86 5178610.0 683399000.0
498 Dec 17, 2016 7.86 7.9 7.52 7.88 8502620.0 683357000.0
499 Dec 18, 2016 7.86 7.93 7.72 7.87 5890020.0 684028000.0
500 Dec 19, 2016 7.87 7.87 7.63 7.64 5894760.0 685054000.0
501 Dec 20, 2016 7.63 7.75 7.57 7.66 6313550.0 664772000.0
502 Dec 21, 2016 7.66 7.94 7.66 7.91 9393550.0 667625000.0
503 Dec 22, 2016 7.9 7.91 7.5 7.58 16376700.0 688380000.0
504 Dec 23, 2016 7.58 7.69 7.16 7.17 19613100.0 660546000.0
505 Dec 24, 2016 7.15 7.41 7.15 7.26 7626020.0 623759000.0
506 Dec 25, 2016 7.26 7.34 7.14 7.17 8671840.0 633792000.0
507 Dec 26, 2016 7.13 7.33 7.05 7.27 5836810.0 622439000.0
508 Dec 27, 2016 7.28 7.32 7.09 7.17 8778610.0 635260000.0
509 Dec 28, 2016 7.15 7.62 7.08 7.52 17453300.0 624359000.0
510 Dec 29, 2016 7.54 8.53 7.54 8.28 27543800.0 658674000.0
511 Dec 30, 2016 8.29 8.47 8.05 8.16 13909900.0 724528000.0
512 Dec 31, 2016 8.15 8.16 7.91 7.97 9066800.0 712662000.0
513 Jan 01, 2017 7.98 8.47 7.98 8.17 14731700.0 698149000.0
514 Jan 02, 2017 8.17 8.44 8.05 8.38 14579600.0 714900000.0
515 Jan 03, 2017 8.37 10.0 8.32 9.72 33625200.0 732988000.0
516 Jan 04, 2017 9.71 11.27 9.56 11.25 41051200.0 850115000.0
517 Jan 05, 2017 11.28 11.89 9.4 10.25 41557400.0 988599000.0
518 Jan 06, 2017 10.28 10.62 9.63 10.25 29471800.0 901249000.0
519 Jan 07, 2017 10.24 10.28 9.59 9.87 23153600.0 897636000.0
520 Jan 08, 2017 9.87 10.39 9.83 10.28 16676600.0 865667000.0
521 Jan 09, 2017 10.31 10.78 10.13 10.32 25718300.0 904682000.0
522 Jan 10, 2017 10.36 10.68 10.28 10.54 10879700.0 909897000.0
523 Jan 11, 2017 10.54 10.66 9.46 9.72 26823500.0 925320000.0
524 Jan 12, 2017 9.72 10.08 9.18 9.86 30453800.0 853638000.0
525 Jan 13, 2017 9.83 9.85 9.51 9.77 25066600.0 863241000.0
526 Jan 14, 2017 9.79 9.89 9.44 9.65 20085800.0 859971000.0
527 Jan 15, 2017 9.83 10.0 9.6 9.9 14837900.0 864037000.0
528 Jan 16, 2017 9.88 9.93 9.58 9.64 14937400.0 869126000.0
529 Jan 17, 2017 9.64 10.61 9.54 10.3 18391900.0 847981000.0
530 Jan 18, 2017 10.29 10.51 9.94 10.22 10788200.0 906079000.0
531 Jan 19, 2017 10.24 10.44 10.17 10.39 8347550.0 901484000.0
532 Jan 20, 2017 10.38 10.76 10.35 10.6 10992800.0 914696000.0
533 Jan 21, 2017 10.59 10.97 10.58 10.9 11937600.0 933405000.0
534 Jan 22, 2017 10.91 10.97 10.57 10.7 8678620.0 961463000.0
535 Jan 23, 2017 10.7 10.84 10.66 10.82 7267210.0 944159000.0
536 Jan 24, 2017 10.72 10.77 10.57 10.63 8327330.0 946083000.0
537 Jan 25, 2017 10.61 10.61 10.48 10.57 6751450.0 936769000.0
538 Jan 26, 2017 10.56 10.66 10.51 10.58 8465020.0 932575000.0
539 Jan 27, 2017 10.58 10.6 10.44 10.53 7189170.0 934404000.0
540 Jan 28, 2017 10.53 10.58 10.42 10.56 6580700.0 930688000.0
541 Jan 29, 2017 10.56 10.56 10.45 10.48 4689950.0 933087000.0
542 Jan 30, 2017 10.49 10.71 10.46 10.57 8042180.0 927415000.0
543 Jan 31, 2017 10.56 10.74 10.54 10.72 11648700.0 933975000.0
544 Feb 01, 2017 10.74 10.84 10.55 10.73 12852200.0 949969000.0
545 Feb 02, 2017 10.73 10.88 10.55 10.82 10172500.0 949793000.0
546 Feb 03, 2017 10.81 11.11 10.75 11.11 12897800.0 956944000.0
547 Feb 04, 2017 11.12 11.5 11.12 11.43 14139500.0 985277000.0
548 Feb 05, 2017 11.44 11.48 11.31 11.35 5942960.0 1013400000.0
549 Feb 06, 2017 11.35 11.47 11.34 11.38 5695440.0 1005930000.0
550 Feb 07, 2017 11.42 11.6 11.41 11.51 7629640.0 1012620000.0
551 Feb 08, 2017 11.54 11.63 11.24 11.43 9688630.0 1023170000.0
552 Feb 09, 2017 11.43 11.59 10.67 11.03 18400300.0 1014280000.0
553 Feb 10, 2017 11.04 11.34 10.78 11.27 11914200.0 979961000.0
554 Feb 11, 2017 11.29 11.43 11.24 11.34 7544520.0 1002130000.0
555 Feb 12, 2017 11.35 11.4 11.3 11.39 6264900.0 1008030000.0
556 Feb 13, 2017 11.38 11.39 11.17 11.26 7216520.0 1011080000.0
557 Feb 14, 2017 11.28 13.33 11.28 13.02 42911500.0 1002810000.0
558 Feb 15, 2017 13.03 13.03 12.63 12.91 18464700.0 1159000000.0
559 Feb 16, 2017 12.92 12.92 12.54 12.9 38002600.0 1148860000.0
560 Feb 17, 2017 12.89 12.9 12.66 12.67 11636500.0 1147260000.0
561 Feb 18, 2017 12.7 12.82 12.67 12.81 9370010.0 1130750000.0
562 Feb 19, 2017 12.81 12.87 12.71 12.75 7799740.0 1140870000.0
563 Feb 20, 2017 12.76 12.89 12.43 12.43 12994400.0 1136610000.0
564 Feb 21, 2017 12.34 12.77 12.21 12.66 15183300.0 1099330000.0
565 Feb 22, 2017 12.68 12.76 12.55 12.59 10360900.0 1130460000.0
566 Feb 23, 2017 12.59 13.2 12.56 13.11 14522300.0 1122910000.0
567 Feb 24, 2017 13.13 13.23 12.88 13.06 19574400.0 1171110000.0
568 Feb 25, 2017 13.06 13.72 12.98 13.54 18533900.0 1165230000.0
569 Feb 26, 2017 13.51 14.54 13.39 14.52 20307500.0 1206150000.0
570 Feb 27, 2017 14.5 15.67 14.27 15.39 31667000.0 1294770000.0
571 Feb 28, 2017 15.45 16.05 15.12 15.81 65478900.0 1379600000.0
572 Mar 01, 2017 15.84 17.37 15.55 17.34 44927500.0 1415510000.0
573 Mar 02, 2017 17.35 19.35 16.95 19.03 83627100.0 1550750000.0
574 Mar 03, 2017 19.04 20.66 18.41 19.45 95863400.0 1702140000.0
575 Mar 04, 2017 19.51 20.05 18.61 18.61 27341900.0 1745140000.0
576 Mar 05, 2017 18.5 19.42 18.23 19.3 26816300.0 1655030000.0
577 Mar 06, 2017 19.28 20.1 19.11 19.6 32432700.0 1725360000.0
578 Mar 07, 2017 19.57 19.62 18.64 18.88 37972200.0 1752530000.0
579 Mar 08, 2017 18.88 18.88 16.65 16.65 44304600.0 1690760000.0
580 Mar 09, 2017 16.64 17.87 16.36 17.75 31418400.0 1490500000.0
581 Mar 10, 2017 17.74 19.65 17.67 19.33 87506800.0 1589640000.0
582 Mar 11, 2017 19.37 21.58 19.0 21.47 69150100.0 1736630000.0
583 Mar 12, 2017 21.46 23.43 21.37 23.43 74628900.0 1924660000.0
584 Mar 13, 2017 23.5 30.6 23.5 28.59 255488000.0 2108300000.0
585 Mar 14, 2017 28.57 29.93 27.31 28.65 101797000.0 2563700000.0
586 Mar 15, 2017 28.64 35.05 28.43 35.05 170344000.0 2571160000.0
587 Mar 16, 2017 35.35 47.16 35.35 46.34 454418000.0 3174750000.0
588 Mar 17, 2017 45.92 55.11 38.2 46.82 497534000.0 4125480000.0
589 Mar 18, 2017 46.87 46.87 31.7 34.16 262180000.0 4211830000.0
590 Mar 19, 2017 35.52 46.99 35.34 44.74 239430000.0 3193600000.0
591 Mar 20, 2017 44.83 46.22 42.44 43.39 154701000.0 4031270000.0
592 Mar 21, 2017 43.5 44.26 42.37 43.14 91265400.0 3913620000.0
593 Mar 22, 2017 43.12 43.51 39.68 42.34 113952000.0 3880120000.0
594 Mar 23, 2017 42.56 44.75 41.3 43.67 100724000.0 3831310000.0
595 Mar 24, 2017 43.63 54.14 43.2 53.1 297046000.0 3929230000.0
596 Mar 25, 2017 53.57 53.57 48.31 51.25 223059000.0 4825700000.0
597 Mar 26, 2017 50.76 51.8 49.28 50.52 106859000.0 4574540000.0
598 Mar 27, 2017 51.31 52.46 48.92 49.66 118978000.0 4624990000.0
599 Mar 28, 2017 49.71 50.95 49.14 50.77 97745300.0 4482160000.0
600 Mar 29, 2017 50.56 53.86 50.54 53.12 144998000.0 4561150000.0
601 Mar 30, 2017 53.12 53.31 51.86 52.2 86885700.0 4793280000.0
602 Mar 31, 2017 51.75 51.76 47.38 50.03 151416000.0 4671190000.0
603 Apr 01, 2017 50.03 51.92 48.87 50.69 92461900.0 4517510000.0
604 Apr 02, 2017 50.73 51.27 45.42 48.74 134604000.0 4582700000.0
605 Apr 03, 2017 48.82 48.82 43.4 44.35 190513000.0 4411030000.0
606 Apr 04, 2017 43.92 45.73 41.72 44.64 157568000.0 3969730000.0
607 Apr 05, 2017 44.66 47.84 44.53 45.3 119733000.0 4037940000.0
608 Apr 06, 2017 45.22 45.64 40.9 43.24 147120000.0 4089930000.0
609 Apr 07, 2017 42.86 44.03 41.64 42.16 81474700.0 3878210000.0
610 Apr 08, 2017 41.79 45.2 41.73 44.3 74138800.0 3783000000.0
611 Apr 09, 2017 44.28 44.49 42.89 43.26 55143000.0 4009010000.0
612 Apr 10, 2017 43.27 44.13 42.41 43.43 44061500.0 3919520000.0
613 Apr 11, 2017 43.5 44.25 43.29 43.4 38303300.0 3941100000.0
614 Apr 12, 2017 43.46 47.23 43.11 46.28 88045700.0 3938930000.0
615 Apr 13, 2017 46.31 50.91 46.31 50.21 157200000.0 4198420000.0
616 Apr 14, 2017 49.97 50.05 46.76 47.57 91674400.0 4531810000.0
617 Apr 15, 2017 47.65 49.57 47.17 49.1 66207800.0 4323100000.0
618 Apr 16, 2017 49.03 49.14 48.18 48.71 31343800.0 4450140000.0
619 Apr 17, 2017 48.65 48.74 48.05 48.3 44013300.0 4417310000.0
620 Apr 18, 2017 48.31 51.03 48.29 50.7 78748500.0 4387860000.0
621 Apr 19, 2017 50.72 50.94 47.26 48.3 76281000.0 4608260000.0
622 Apr 20, 2017 48.13 49.98 48.13 49.67 79600900.0 4373800000.0
623 Apr 21, 2017 49.64 49.66 48.14 48.22 45048300.0 4512610000.0
624 Apr 22, 2017 48.18 48.74 48.17 48.55 37357600.0 4381290000.0
625 Apr 23, 2017 48.59 48.88 48.16 48.48 36234000.0 4420040000.0
626 Apr 24, 2017 48.86 50.18 48.86 50.03 55580600.0 4446470000.0
627 Apr 25, 2017 50.07 50.3 49.8 49.89 38264600.0 4557870000.0
628 Apr 26, 2017 49.9 53.43 49.9 52.72 104884000.0 4544370000.0
629 Apr 27, 2017 52.8 62.16 52.28 62.16 246775000.0 4809630000.0
630 Apr 28, 2017 62.22 70.84 62.13 70.15 346546000.0 5669550000.0
631 Apr 29, 2017 71.38 71.9 66.77 68.37 165448000.0 6506490000.0
632 Apr 30, 2017 68.54 79.02 68.34 79.02 229945000.0 6248840000.0
633 May 01, 2017 79.32 82.52 73.08 76.29 376842000.0 7234070000.0
634 May 02, 2017 76.65 79.35 74.37 77.26 193773000.0 6992980000.0
635 May 03, 2017 77.25 80.09 75.76 79.71 141922000.0 7050050000.0
636 May 04, 2017 79.72 97.56 79.43 96.98 366847000.0 7277480000.0
637 May 05, 2017 96.73 103.2 92.22 94.39 331928000.0 8833520000.0
638 May 06, 2017 94.91 97.87 90.95 97.81 151462000.0 8669910000.0
639 May 07, 2017 97.86 98.23 89.86 94.0 183295000.0 8942950000.0
640 May 08, 2017 93.74 95.13 89.51 91.42 231344000.0 8569060000.0
641 May 09, 2017 91.22 93.05 80.38 91.16 363434000.0 8341490000.0
642 May 10, 2017 91.15 92.84 85.28 89.52 145602000.0 8337180000.0
643 May 11, 2017 89.77 102.5 88.47 89.87 132722000.0 8213570000.0
644 May 12, 2017 89.42 93.12 88.65 88.65 145825000.0 8184930000.0
645 May 13, 2017 88.69 93.81 86.66 90.83 88742200.0 8120390000.0
646 May 14, 2017 90.87 91.24 89.6 90.78 66046600.0 8322380000.0
647 May 15, 2017 90.78 95.43 86.82 92.41 170999000.0 8316930000.0
648 May 16, 2017 92.38 93.55 89.11 89.43 152285000.0 8466470000.0
649 May 17, 2017 89.25 91.26 84.43 89.86 183031000.0 8181520000.0
650 May 18, 2017 89.84 97.36 89.84 96.9 196237000.0 8238110000.0
651 May 19, 2017 97.05 133.5 97.05 129.5 626945000.0 8902240000.0
652 May 20, 2017 129.2 133.6 124.7 126.5 331455000.0 11856600000.0
653 May 21, 2017 127.5 159.0 125.8 157.9 570361000.0 11705700000.0
654 May 22, 2017 158.1 201.7 152.4 174.2 1188910000.0 14522100000.0
655 May 23, 2017 170.8 183.5 169.9 181.9 530709000.0 15688000000.0
656 May 24, 2017 182.6 228.3 182.4 190.0 561014000.0 16779700000.0
657 May 25, 2017 189.8 210.9 170.5 174.4 943637000.0 17446600000.0
658 May 26, 2017 175.2 193.6 150.2 160.4 792458000.0 16107000000.0
659 May 27, 2017 159.8 166.9 120.4 157.7 1217060000.0 14696000000.0
660 May 28, 2017 158.8 179.9 157.6 170.5 717971000.0 14608600000.0
661 May 29, 2017 170.1 197.1 164.5 194.9 718828000.0 15654600000.0
662 May 30, 2017 195.6 233.7 189.2 231.9 1586670000.0 18004700000.0
663 May 31, 2017 231.5 236.9 215.5 230.6 1271600000.0 21321900000.0
664 Jun 01, 2017 230.8 236.2 214.4 222.2 812924000.0 21264800000.0
665 Jun 02, 2017 222.2 229.4 219.5 223.7 469532000.0 20479000000.0
666 Jun 03, 2017 223.4 225.9 219.4 224.3 427896000.0 20593500000.0
667 Jun 04, 2017 224.1 250.4 223.9 245.3 753820000.0 20659800000.0
668 Jun 05, 2017 245.2 249.4 243.0 248.4 435660000.0 22615800000.0
669 Jun 06, 2017 248.5 267.5 246.8 264.4 741553000.0 22930400000.0
670 Jun 07, 2017 264.2 264.6 254.0 258.0 461649000.0 24382200000.0
671 Jun 08, 2017 257.9 262.2 253.9 261.6 385494000.0 23810900000.0
672 Jun 09, 2017 261.7 282.7 261.7 281.7 557986000.0 24165000000.0
673 Jun 10, 2017 282.0 350.2 282.0 337.6 1611630000.0 26043700000.0
674 Jun 11, 2017 338.7 353.0 318.1 340.6 1373220000.0 31296800000.0
675 Jun 12, 2017 341.1 414.7 341.1 401.4 2882650000.0 31525300000.0
676 Jun 13, 2017 395.6 411.1 370.0 397.5 1717380000.0 36574500000.0
677 Jun 14, 2017 397.5 399.3 342.2 359.0 1272580000.0 36761600000.0
678 Jun 15, 2017 358.5 364.4 300.7 361.9 2463450000.0 33158200000.0
679 Jun 16, 2017 361.1 373.0 341.4 370.2 1096280000.0 33415800000.0
680 Jun 17, 2017 369.8 379.4 364.0 379.4 904653000.0 34231300000.0
681 Jun 18, 2017 379.5 390.5 368.8 371.4 904703000.0 35133800000.0
682 Jun 19, 2017 371.8 377.1 369.7 370.0 685172000.0 34435700000.0
683 Jun 20, 2017 370.3 377.9 350.9 359.0 1020390000.0 34304000000.0
684 Jun 21, 2017 359.5 361.3 319.4 336.8 1420130000.0 33310500000.0
685 Jun 22, 2017 337.7 342.0 330.6 336.3 925767000.0 31302600000.0
686 Jun 23, 2017 336.4 348.0 334.9 341.7 593207000.0 31195900000.0
687 Jun 24, 2017 341.6 343.6 322.0 323.6 673585000.0 31681300000.0
688 Jun 25, 2017 323.4 332.7 284.6 303.2 1186880000.0 30005900000.0
689 Jun 26, 2017 302.9 311.4 238.6 272.6 2081810000.0 28111200000.0
690 Jun 27, 2017 272.6 293.0 227.1 293.0 1973870000.0 25309700000.0
691 Jun 28, 2017 293.0 333.1 276.4 327.9 2056550000.0 27207000000.0
692 Jun 29, 2017 328.3 330.7 297.3 302.8 1508580000.0 30495300000.0
693 Jun 30, 2017 303.1 315.1 288.4 294.9 1011800000.0 28161900000.0
694 Jul 01, 2017 293.3 293.7 268.6 274.6 1089200000.0 27259400000.0
695 Jul 02, 2017 275.1 295.5 262.5 287.9 1123330000.0 25572800000.0
696 Jul 03, 2017 288.4 291.1 281.1 282.8 851408000.0 26815900000.0
697 Jul 04, 2017 282.1 287.3 273.1 273.3 687691000.0 26245000000.0
698 Jul 05, 2017 273.0 275.1 261.4 268.7 790256000.0 25406900000.0
699 Jul 06, 2017 268.8 278.4 265.5 270.5 623080000.0 25019500000.0
700 Jul 07, 2017 270.3 273.9 244.1 245.9 687252000.0 25160800000.0
701 Jul 08, 2017 245.8 273.4 236.5 251.6 754958000.0 22890700000.0
702 Jul 09, 2017 251.8 255.1 242.1 242.1 505118000.0 23454700000.0
703 Jul 10, 2017 243.0 243.0 196.9 215.3 937219000.0 22640500000.0
704 Jul 11, 2017 211.5 220.2 183.3 197.4 1440950000.0 19712300000.0
705 Jul 12, 2017 197.1 230.7 189.5 230.7 1241190000.0 18377600000.0
706 Jul 13, 2017 231.8 231.8 200.0 209.7 828489000.0 21613900000.0
707 Jul 14, 2017 209.5 211.1 187.3 199.6 749382000.0 19541300000.0
708 Jul 15, 2017 199.7 200.1 170.6 170.6 810452000.0 18630200000.0
709 Jul 16, 2017 169.5 172.0 133.7 157.3 1516890000.0 15823100000.0
710 Jul 17, 2017 159.9 194.7 158.0 193.4 1669500000.0 14932700000.0
711 Jul 18, 2017 195.0 267.9 182.0 234.3 2709260000.0 18207400000.0
712 Jul 19, 2017 234.9 245.6 191.7 199.7 2328790000.0 21939300000.0
713 Jul 20, 2017 205.4 233.9 203.2 227.2 2225000000.0 19187800000.0
714 Jul 21, 2017 226.0 235.1 213.0 218.3 1006130000.0 21121100000.0
715 Jul 22, 2017 217.8 232.6 216.8 229.4 618260000.0 20360100000.0
716 Jul 23, 2017 229.1 231.6 217.7 225.9 649615000.0 21418300000.0
717 Jul 24, 2017 226.2 227.5 222.4 224.7 431691000.0 21158500000.0
718 Jul 25, 2017 224.3 225.3 195.8 206.7 1095760000.0 20985200000.0
719 Jul 26, 2017 207.0 210.7 194.7 203.9 717692000.0 19373400000.0
720 Jul 27, 2017 204.8 206.4 201.2 204.3 393283000.0 19169800000.0
721 Jul 28, 2017 204.3 204.8 192.3 193.1 562571000.0 19125100000.0
722 Jul 29, 2017 193.3 208.6 179.6 205.7 824355000.0 18101800000.0
723 Jul 30, 2017 206.7 208.5 196.1 197.9 596234000.0 19360900000.0
724 Jul 31, 2017 197.4 203.8 193.4 203.8 569414000.0 18492000000.0
725 Aug 01, 2017 204.6 227.7 204.6 226.7 1585330000.0 19179100000.0
726 Aug 02, 2017 227.0 229.5 218.1 219.9 632606000.0 21275200000.0
727 Aug 03, 2017 220.1 228.2 219.8 225.3 557217000.0 20640100000.0
728 Aug 04, 2017 225.3 227.6 222.0 223.0 539783000.0 21125600000.0
729 Aug 05, 2017 222.8 256.5 221.9 256.5 1333000000.0 20900000000.0
730 Aug 06, 2017 256.4 271.0 252.8 261.5 1482980000.0 24053500000.0
731 Aug 07, 2017 261.2 271.9 256.6 269.1 935727000.0 24511000000.0
732 Aug 08, 2017 269.1 298.9 266.7 296.7 1502410000.0 25254600000.0
733 Aug 09, 2017 297.6 318.7 276.6 296.0 2638580000.0 27938700000.0
734 Aug 10, 2017 296.9 306.5 289.9 295.8 1076820000.0 27882200000.0
735 Aug 11, 2017 294.4 309.2 294.4 308.8 953576000.0 27657000000.0
736 Aug 12, 2017 308.7 317.5 307.8 310.6 1111650000.0 28998700000.0
737 Aug 13, 2017 310.3 310.8 289.3 298.0 1369370000.0 29161100000.0
738 Aug 14, 2017 298.0 306.8 296.4 300.0 864391000.0 28008700000.0
739 Aug 15, 2017 299.9 300.4 279.3 289.8 1051800000.0 28195800000.0
740 Aug 16, 2017 289.8 303.4 285.3 302.2 967643000.0 27249700000.0
741 Aug 17, 2017 302.8 311.0 300.2 301.4 909494000.0 28477500000.0
742 Aug 18, 2017 301.6 307.9 292.4 295.5 936160000.0 28380200000.0
743 Aug 19, 2017 296.1 301.6 286.1 297.4 860202000.0 27867900000.0
744 Aug 20, 2017 296.6 301.4 291.5 301.4 571947000.0 27918100000.0
745 Aug 21, 2017 300.4 347.0 297.2 321.5 2448970000.0 28285500000.0
746 Aug 22, 2017 321.0 327.3 297.9 314.7 1336400000.0 30229900000.0
747 Aug 23, 2017 315.2 324.2 314.5 317.5 811990000.0 29691900000.0
748 Aug 24, 2017 317.4 327.9 317.0 325.6 697665000.0 29904600000.0
749 Aug 25, 2017 326.1 336.3 325.7 331.9 760329000.0 30727900000.0
750 Aug 26, 2017 331.9 334.9 327.9 333.8 514181000.0 31288300000.0
751 Aug 27, 2017 334.3 347.8 334.3 347.8 633370000.0 31517500000.0
752 Aug 28, 2017 350.0 352.0 338.4 347.7 854319000.0 33002700000.0
753 Aug 29, 2017 347.9 373.7 347.7 370.6 1220030000.0 32813200000.0
754 Aug 30, 2017 369.4 388.7 361.9 378.4 1333320000.0 34848400000.0
755 Aug 31, 2017 378.4 386.1 376.3 383.0 706254000.0 35701500000.0
756 Sep 01, 2017 383.4 390.0 383.4 387.7 874222000.0 36182900000.0
757 Sep 02, 2017 387.8 389.3 328.0 348.9 1483600000.0 36601200000.0
758 Sep 03, 2017 350.2 366.4 332.2 347.4 986266000.0 33059800000.0
759 Sep 04, 2017 347.1 347.1 279.9 295.1 1801690000.0 32774000000.0
760 Sep 05, 2017 297.5 318.5 268.2 312.9 1551050000.0 28100000000.0
761 Sep 06, 2017 313.8 334.6 313.4 334.3 1058830000.0 29639100000.0
762 Sep 07, 2017 333.5 333.5 319.9 329.4 718624000.0 31507500000.0
763 Sep 08, 2017 329.6 329.6 285.1 296.4 1098780000.0 31147200000.0
764 Sep 09, 2017 296.1 299.8 287.2 294.4 528621000.0 27990500000.0
765 Sep 10, 2017 294.0 294.7 268.9 288.7 698326000.0 27797200000.0
766 Sep 11, 2017 289.7 300.6 286.6 294.5 571307000.0 27394400000.0
767 Sep 12, 2017 294.6 311.1 287.2 291.4 753144000.0 27861800000.0
768 Sep 13, 2017 291.1 291.1 260.6 277.1 921692000.0 27535700000.0
769 Sep 14, 2017 276.5 280.8 213.9 213.9 1184590000.0 26166100000.0
770 Sep 15, 2017 215.2 258.6 195.0 250.4 1935700000.0 20364900000.0
771 Sep 16, 2017 250.8 262.5 238.2 246.5 711737000.0 23742600000.0
772 Sep 17, 2017 245.8 256.9 235.2 251.7 427452000.0 23272500000.0
773 Sep 18, 2017 252.2 293.4 252.2 293.4 1127750000.0 23881200000.0
774 Sep 19, 2017 293.6 295.7 274.4 282.8 646909000.0 27809300000.0
775 Sep 20, 2017 282.0 290.8 278.0 283.7 421404000.0 26712400000.0
776 Sep 21, 2017 283.2 286.6 255.0 258.5 601266000.0 26836000000.0
777 Sep 22, 2017 258.1 270.5 256.2 264.3 430081000.0 24458400000.0
778 Sep 23, 2017 264.5 286.1 261.1 286.1 450934000.0 25077100000.0
779 Sep 24, 2017 286.2 292.9 278.1 282.4 571411000.0 27129900000.0
780 Sep 25, 2017 282.2 293.5 281.8 292.3 483161000.0 26755500000.0
781 Sep 26, 2017 292.3 293.7 287.0 287.4 345801000.0 27720000000.0
782 Sep 27, 2017 287.0 308.0 286.8 306.4 550244000.0 27219400000.0
783 Sep 28, 2017 306.4 307.1 295.4 299.1 501894000.0 29068700000.0
784 Sep 29, 2017 299.1 299.9 279.7 291.4 541375000.0 28375900000.0
785 Sep 30, 2017 291.4 303.9 291.1 301.4 332439000.0 27655200000.0
786 Oct 01, 2017 301.5 303.1 295.0 302.3 306185000.0 28615200000.0
787 Oct 02, 2017 302.4 302.9 294.5 297.4 339443000.0 28708500000.0
788 Oct 03, 2017 297.4 300.1 288.1 292.4 321680000.0 28238500000.0
789 Oct 04, 2017 292.7 299.3 290.8 292.6 257906000.0 27794100000.0
790 Oct 05, 2017 292.7 298.0 288.8 295.8 253747000.0 27800400000.0
791 Oct 06, 2017 295.1 308.8 294.9 308.5 318664000.0 28031100000.0
792 Oct 07, 2017 308.8 313.1 304.9 311.1 342205000.0 29340400000.0
793 Oct 08, 2017 311.0 312.5 308.0 308.6 293167000.0 29550900000.0
794 Oct 09, 2017 308.6 309.3 288.1 297.3 559467000.0 29328300000.0
795 Oct 10, 2017 297.6 306.1 293.1 299.8 359706000.0 28281400000.0
796 Oct 11, 2017 301.1 304.3 299.0 303.4 264146000.0 28626300000.0
797 Oct 12, 2017 303.4 309.1 303.2 304.1 527557000.0 28851200000.0
798 Oct 13, 2017 304.0 348.5 299.6 338.7 1304360000.0 28911100000.0
799 Oct 14, 2017 338.8 347.9 334.6 339.6 516562000.0 32222400000.0
800 Oct 15, 2017 339.5 342.7 320.4 336.5 635407000.0 32292100000.0
801 Oct 16, 2017 336.7 349.3 332.0 333.3 692885000.0 32029200000.0
802 Oct 17, 2017 333.4 333.4 311.7 317.0 509924000.0 31727700000.0
803 Oct 18, 2017 316.9 317.2 290.6 314.3 606114000.0 30160500000.0
804 Oct 19, 2017 314.5 316.7 305.8 308.0 349830000.0 29937900000.0
805 Oct 20, 2017 308.0 311.4 303.4 304.0 396673000.0 29326300000.0
806 Oct 21, 2017 303.5 303.9 291.7 300.1 408014000.0 28906600000.0
807 Oct 22, 2017 300.5 305.5 292.8 295.4 327387000.0 28624800000.0
808 Oct 23, 2017 295.0 295.7 277.5 286.9 482336000.0 28111400000.0
809 Oct 24, 2017 287.1 311.9 282.6 298.3 684281000.0 27357500000.0
810 Oct 25, 2017 298.4 301.8 290.7 297.9 325040000.0 28442000000.0
811 Oct 26, 2017 298.0 301.0 295.2 296.5 270273000.0 28408400000.0
812 Oct 27, 2017 296.5 299.2 294.0 297.4 257169000.0 28270100000.0
813 Oct 28, 2017 297.9 300.3 293.5 296.2 264424000.0 28410400000.0
814 Oct 29, 2017 296.3 313.7 296.3 305.0 551752000.0 28270200000.0
815 Oct 30, 2017 304.7 310.4 304.3 307.7 331442000.0 29077600000.0
816 Oct 31, 2017 307.3 310.5 305.8 305.8 369583000.0 29331500000.0
817 Nov 01, 2017 305.7 306.4 290.5 291.6 553864000.0 29183600000.0
818 Nov 02, 2017 290.7 293.9 281.1 287.4 904901000.0 27754200000.0
819 Nov 03, 2017 288.4 308.3 287.6 305.7 646340000.0 27547400000.0
820 Nov 04, 2017 305.4 305.4 295.8 300.4 416479000.0 29175300000.0
821 Nov 05, 2017 300.0 301.3 295.1 296.2 337658000.0 28661500000.0
822 Nov 06, 2017 296.4 305.4 293.7 298.8 579359000.0 28322700000.0
823 Nov 07, 2017 298.5 304.8 290.7 294.6 540766000.0 28533300000.0
824 Nov 08, 2017 294.2 318.7 293.1 309.0 967956000.0 28128700000.0
825 Nov 09, 2017 308.6 329.4 307.0 320.8 893250000.0 29509000000.0
826 Nov 10, 2017 320.6 324.7 294.5 299.2 885986000.0 30665200000.0
827 Nov 11, 2017 298.5 319.4 298.1 314.6 842301000.0 28559400000.0
828 Nov 12, 2017 314.6 319.1 298.5 307.9 1613480000.0 30106200000.0
829 Nov 13, 2017 307.0 328.4 307.0 316.7 1041890000.0 29379000000.0
830 Nov 14, 2017 316.7 340.1 316.7 337.6 1069680000.0 30317300000.0
831 Nov 15, 2017 337.9 340.9 329.8 333.3 722666000.0 32353200000.0
832 Nov 16, 2017 333.4 336.1 323.6 330.9 797254000.0 31927300000.0
833 Nov 17, 2017 330.1 334.9 327.5 332.3 621733000.0 31620300000.0
834 Nov 18, 2017 331.9 349.6 327.6 347.6 649639000.0 31800700000.0
835 Nov 19, 2017 347.4 371.2 344.7 354.3 1181530000.0 33284900000.0
836 Nov 20, 2017 354.0 372.1 353.2 366.7 807027000.0 33933400000.0
837 Nov 21, 2017 367.4 372.4 350.6 360.4 949912000.0 35220200000.0
838 Nov 22, 2017 360.3 381.4 360.1 380.6 800819000.0 34544000000.0
839 Nov 23, 2017 381.4 425.5 376.0 410.1 1845680000.0 36577300000.0
840 Nov 24, 2017 412.5 480.9 402.7 474.9 2292830000.0 39564300000.0
841 Nov 25, 2017 475.6 485.1 461.0 466.2 1422080000.0 45633400000.0
842 Nov 26, 2017 465.9 472.7 451.6 471.3 1197780000.0 44712100000.0
843 Nov 27, 2017 471.5 493.4 468.4 480.3 1396480000.0 45255000000.0
844 Nov 28, 2017 480.5 482.4 466.3 472.9 1346500000.0 46127200000.0
845 Nov 29, 2017 473.2 522.3 425.0 427.5 2675940000.0 45442100000.0
846 Nov 30, 2017 431.2 465.4 401.2 447.1 1903040000.0 41411900000.0
847 Dec 01, 2017 445.2 472.6 428.3 466.5 1247880000.0 42765000000.0
848 Dec 02, 2017 466.8 476.2 456.6 463.4 943650000.0 44853300000.0
849 Dec 03, 2017 463.7 482.8 451.8 465.8 990557000.0 44560500000.0
850 Dec 04, 2017 466.0 474.7 453.3 470.2 1005550000.0 44795700000.0
851 Dec 05, 2017 470.2 473.5 457.6 463.2 1216720000.0 45212800000.0
852 Dec 06, 2017 462.6 462.7 420.2 428.5 1998260000.0 44483100000.0
853 Dec 07, 2017 426.3 441.3 414.4 434.4 2129570000.0 41007600000.0
854 Dec 08, 2017 434.9 466.0 422.3 456.0 2336380000.0 41845800000.0
855 Dec 09, 2017 457.3 504.1 456.2 473.5 2003850000.0 44005600000.0
856 Dec 10, 2017 472.7 472.7 429.5 441.7 1404180000.0 45501400000.0
857 Dec 11, 2017 440.3 516.9 439.1 515.1 1771440000.0 42389300000.0
858 Dec 12, 2017 522.2 657.3 504.4 651.4 5179830000.0 50286400000.0
859 Dec 13, 2017 644.9 747.9 597.7 702.7 4524540000.0 62105600000.0
860 Dec 14, 2017 700.5 753.1 664.9 695.8 3821580000.0 67482900000.0
861 Dec 15, 2017 696.3 697.1 621.0 684.4 2758710000.0 67090900000.0
862 Dec 16, 2017 686.1 718.3 680.7 696.2 2165690000.0 66124200000.0
863 Dec 17, 2017 696.2 735.8 696.2 719.9 2147390000.0 67106400000.0
864 Dec 18, 2017 721.7 803.9 689.2 794.6 3249230000.0 69578400000.0
865 Dec 19, 2017 793.9 881.9 785.3 826.8 4096550000.0 76552200000.0
866 Dec 20, 2017 827.5 845.0 756.0 819.0 3969940000.0 79810600000.0
867 Dec 21, 2017 820.2 880.5 792.6 821.0 3569060000.0 79125300000.0
868 Dec 22, 2017 822.6 827.6 543.7 674.8 4977710000.0 79374400000.0
869 Dec 23, 2017 681.3 763.8 679.7 719.3 2480340000.0 65752100000.0
870 Dec 24, 2017 721.7 721.7 614.9 694.1 2300550000.0 69671200000.0
871 Dec 25, 2017 698.8 782.5 698.8 765.8 2491760000.0 67475100000.0
872 Dec 26, 2017 763.3 786.7 760.9 773.8 2201160000.0 73717800000.0
873 Dec 27, 2017 774.9 789.2 738.4 762.8 2100030000.0 74854100000.0
874 Dec 28, 2017 762.2 763.3 701.1 737.0 2389150000.0 73637100000.0
875 Dec 29, 2017 740.3 770.1 729.6 753.5 2648970000.0 71544300000.0
876 Dec 30, 2017 753.8 753.8 685.2 717.2 3187780000.0 72856900000.0
877 Dec 31, 2017 712.2 760.3 710.1 756.7 2554270000.0 68850800000.0
878 Jan 01, 2018 755.7 782.5 742.0 772.6 2595760000.0 73075800000.0
879 Jan 02, 2018 772.3 914.8 772.3 884.4 5783350000.0 74695700000.0
880 Jan 03, 2018 886.0 974.4 868.4 962.7 5093160000.0 85703500000.0
881 Jan 04, 2018 961.7 1045.0 946.0 980.9 6502860000.0 93049400000.0
882 Jan 05, 2018 975.7 1075.0 956.3 997.7 6683150000.0 94423900000.0
883 Jan 06, 2018 995.1 1060.0 994.6 1041.0 4662220000.0 96326500000.0
884 Jan 07, 2018 1043.0 1153.0 1043.0 1153.0 5569880000.0 inf
885 Jan 08, 2018 1158.0 1266.0 1016.0 1148.0 8450970000.0 inf
886 Jan 09, 2018 1146.0 1320.0 1145.0 1299.0 7965460000.0 inf
887 Jan 10, 2018 1300.0 1417.0 1226.0 1255.0 9214950000.0 inf
888 Jan 11, 2018 1268.0 1337.0 1135.0 1154.0 7235900000.0 inf
889 Jan 12, 2018 1158.0 1296.0 1120.0 1273.0 5222300000.0 inf
890 Jan 13, 2018 1270.0 1432.0 1270.0 1396.0 5746760000.0 inf
891 Jan 14, 2018 1397.0 1400.0 1286.0 1366.0 4841630000.0 inf
892 Jan 15, 2018 1365.0 1390.0 1290.0 1291.0 4781100000.0 inf
893 Jan 16, 2018 1292.0 1292.0 875.5 1053.0 8405140000.0 inf
894 Jan 17, 2018 1061.0 1090.0 780.9 1014.0 8545160000.0 inf
895 Jan 18, 2018 1016.0 1100.0 967.7 1036.0 5938320000.0 98642100000.0
896 Jan 19, 2018 1028.0 1093.0 1003.0 1039.0 4084450000.0 99863900000.0
897 Jan 20, 2018 1044.0 1167.0 1044.0 1155.0 3975190000.0 inf
898 Jan 21, 2018 1155.0 1155.0 1021.0 1049.0 3378090000.0 inf
899 Jan 22, 2018 1055.0 1089.0 930.7 1003.0 3810100000.0 inf
900 Jan 23, 2018 1004.0 1023.0 920.5 986.2 3556700000.0 97554300000.0
901 Jan 24, 2018 987.4 1062.0 965.8 1058.0 3944040000.0 95952700000.0
902 Jan 25, 2018 1063.0 1104.0 1034.0 1056.0 4050190000.0 inf
903 Jan 26, 2018 1052.0 1080.0 996.7 1055.0 3617690000.0 inf
904 Jan 27, 2018 1055.0 1121.0 1042.0 1107.0 3002870000.0 inf
905 Jan 28, 2018 1111.0 1257.0 1111.0 1246.0 5372330000.0 inf
906 Jan 29, 2018 1246.0 1256.0 1169.0 1182.0 3715080000.0 inf
907 Jan 30, 2018 1184.0 1184.0 1058.0 1071.0 4107860000.0 inf
908 Jan 31, 2018 1071.0 1128.0 1034.0 1118.0 3757560000.0 inf
909 Feb 01, 2018 1119.0 1161.0 984.8 1036.0 5261680000.0 inf
910 Feb 02, 2018 1035.0 1035.0 757.9 915.7 6713290000.0 inf
911 Feb 03, 2018 919.2 991.9 847.6 964.0 3243480000.0 89507600000.0
912 Feb 04, 2018 964.6 969.0 805.0 834.6 2997090000.0 93953400000.0
913 Feb 05, 2018 834.9 856.6 644.5 697.9 4269530000.0 81337400000.0
914 Feb 06, 2018 707.7 796.4 574.4 793.1 6518270000.0 68958700000.0
915 Feb 07, 2018 790.4 851.2 723.4 757.0 3896180000.0 77032000000.0
916 Feb 08, 2018 755.8 845.0 755.8 817.8 3708190000.0 73676900000.0
917 Feb 09, 2018 818.4 884.0 788.8 883.8 2495820000.0 79799300000.0
918 Feb 10, 2018 882.4 917.4 825.5 860.4 2930530000.0 86055600000.0
919 Feb 11, 2018 859.2 859.2 788.2 814.6 2486650000.0 83813000000.0
920 Feb 12, 2018 817.5 875.9 817.5 868.7 2243450000.0 79754400000.0
921 Feb 13, 2018 869.2 870.7 828.8 845.2 2081170000.0 84824200000.0
922 Feb 14, 2018 844.2 926.4 844.2 923.5 2818370000.0 82400600000.0
923 Feb 15, 2018 923.7 951.9 911.1 936.9 2900100000.0 90173300000.0
924 Feb 16, 2018 934.7 950.0 917.8 944.2 2369450000.0 91272100000.0
925 Feb 17, 2018 944.7 976.5 940.7 974.1 2525720000.0 92264000000.0
926 Feb 18, 2018 973.3 982.9 915.4 923.9 2567290000.0 95077100000.0
927 Feb 19, 2018 921.6 957.7 921.5 943.8 2169020000.0 90047700000.0
928 Feb 20, 2018 943.5 965.2 892.9 895.3 2545260000.0 92206500000.0
929 Feb 21, 2018 894.1 912.3 830.5 849.9 2531730000.0 87394200000.0
930 Feb 22, 2018 849.2 875.9 802.6 812.8 2150370000.0 83025800000.0
931 Feb 23, 2018 811.5 886.3 794.7 864.1 2334820000.0 79358900000.0
932 Feb 24, 2018 861.5 879.5 818.5 840.5 1926580000.0 84266700000.0
933 Feb 25, 2018 839.4 853.1 822.3 844.8 1646960000.0 82119100000.0
934 Feb 26, 2018 845.2 880.3 842.3 869.3 2044480000.0 82705400000.0
935 Feb 27, 2018 870.3 896.2 867.0 878.2 2053980000.0 85177800000.0
936 Feb 28, 2018 877.9 890.1 855.1 855.1 1963980000.0 85936400000.0
937 Mar 01, 2018 856.0 880.3 851.9 872.2 1868520000.0 83808200000.0
938 Mar 02, 2018 871.7 876.3 852.4 856.8 1894420000.0 85368100000.0
939 Mar 03, 2018 856.7 868.4 855.2 857.2 1699370000.0 83911700000.0
940 Mar 04, 2018 856.1 867.9 840.2 866.6 1697940000.0 83877800000.0
941 Mar 05, 2018 866.8 869.9 853.5 853.6 1898490000.0 84939700000.0
942 Mar 06, 2018 853.8 853.8 809.9 816.9 1943070000.0 83680400000.0
943 Mar 07, 2018 816.2 825.6 726.5 752.8 2175420000.0 80017300000.0
944 Mar 08, 2018 752.5 773.7 696.1 704.5 1891640000.0 73788400000.0
945 Mar 09, 2018 702.1 729.1 648.1 728.9 2233020000.0 68863600000.0
946 Mar 10, 2018 730.1 748.0 682.6 686.8 1532960000.0 71620700000.0
947 Mar 11, 2018 685.3 735.8 668.1 723.3 1562680000.0 67235700000.0
948 Mar 12, 2018 724.4 742.5 683.2 699.8 1765000000.0 71086000000.0
949 Mar 13, 2018 698.1 713.7 682.3 690.8 1425960000.0 68524000000.0
950 Mar 14, 2018 691.2 702.7 594.1 614.2 1810560000.0 67857600000.0
951 Mar 15, 2018 614.8 620.6 579.5 611.3 1770460000.0 60371800000.0
952 Mar 16, 2018 611.7 623.1 587.8 601.6 1417350000.0 60083700000.0
953 Mar 17, 2018 601.6 609.1 549.0 552.7 1267810000.0 59104200000.0
954 Mar 18, 2018 551.6 551.6 460.0 538.6 2685500000.0 54200100000.0
955 Mar 19, 2018 546.6 558.1 519.1 556.7 2046790000.0 53718600000.0
956 Mar 20, 2018 556.7 567.0 521.2 557.1 1833680000.0 54722100000.0
957 Mar 21, 2018 559.1 589.6 550.5 561.7 1781270000.0 54967300000.0
958 Mar 22, 2018 562.1 577.5 523.0 539.7 1523460000.0 55273800000.0
959 Mar 23, 2018 539.8 540.4 512.1 539.6 1596350000.0 53098100000.0
960 Mar 24, 2018 542.5 545.3 526.0 526.4 1300010000.0 53375400000.0
961 Mar 25, 2018 522.7 535.8 515.6 524.2 1151170000.0 51431600000.0
962 Mar 26, 2018 524.2 526.3 470.4 489.9 1638880000.0 51598000000.0
963 Mar 27, 2018 489.5 491.4 449.9 450.1 1617940000.0 48193300000.0
