0 Jan 29, 2017 22.09 24.6 22.05 22.64 13324.9 0.0
1 Jan 30, 2017 22.66 24.64 21.05 24.31 62568.0 0.0
2 Jan 31, 2017 24.29 24.48 24.25 24.45 62919.0 0.0
3 Aug 27, 2017 288.0 291.0 288.0 290.8 75657.2 0.0
4 Aug 28, 2017 291.4 295.8 280.1 286.0 19214.9 0.0
5 Aug 29, 2017 285.8 318.7 285.8 316.9 4370.82 0.0
6 Aug 30, 2017 316.7 335.7 295.7 295.7 182599.0 0.0
7 Aug 31, 2017 295.7 300.0 293.5 298.8 168815.0 0.0
8 Sep 01, 2017 298.8 345.0 298.8 309.3 28212.2 0.0
9 Sep 02, 2017 309.5 309.6 274.3 290.9 26845.2 0.0
10 Sep 03, 2017 291.7 307.3 280.5 292.3 1101.54 0.0
11 Sep 04, 2017 292.5 292.5 227.0 248.4 313606.0 0.0
12 Sep 05, 2017 248.6 598.4 218.2 256.0 341784.0 0.0
13 Sep 06, 2017 257.2 276.1 257.2 273.9 32725.2 0.0
14 Sep 07, 2017 273.8 276.5 241.9 274.4 13710.8 0.0
15 Sep 08, 2017 274.7 274.7 240.8 251.1 753.45 0.0
16 Sep 09, 2017 251.5 251.5 247.6 248.3 744.94 0.0
17 Nov 20, 2017 252.4 278.2 252.4 272.4 259174.0 0.0
18 Nov 21, 2017 272.0 288.9 260.0 279.9 9649.28 0.0
19 Nov 22, 2017 280.2 400.6 280.0 326.1 14576.5 0.0
20 Nov 23, 2017 326.9 359.4 320.8 347.4 1186.94 0.0
21 Nov 24, 2017 345.6 408.1 339.2 401.8 166167.0 0.0
22 Nov 25, 2017 401.7 423.2 364.4 395.2 200519.0 0.0
23 Nov 26, 2017 395.2 406.6 374.6 404.7 12131.8 0.0
24 Nov 27, 2017 404.6 572.8 393.3 421.4 1993.12 0.0
25 Nov 28, 2017 420.8 423.5 381.7 382.0 29741.2 0.0
26 Nov 29, 2017 382.3 420.1 319.7 327.5 1699.42 0.0
27 Nov 30, 2017 331.7 385.3 308.1 381.3 16339.2 0.0
28 Dec 01, 2017 380.4 391.5 341.8 376.9 5627.24 0.0
29 Dec 02, 2017 376.9 405.9 372.5 373.4 2612.43 0.0
30 Dec 03, 2017 373.5 420.7 369.6 403.0 6006.68 0.0
31 Dec 04, 2017 403.7 411.2 384.1 396.2 4041.5 0.0
32 Dec 05, 2017 396.4 402.7 377.6 396.3 11304.1 0.0
33 Dec 06, 2017 395.6 397.1 353.8 361.1 53172.0 0.0
34 Dec 07, 2017 359.9 377.8 347.2 358.6 65610.2 0.0
35 Dec 08, 2017 359.1 410.1 350.3 402.7 36391.4 0.0
36 Dec 09, 2017 402.7 453.3 402.7 425.9 3864.27 0.0
37 Dec 10, 2017 427.3 427.3 388.3 399.8 65533.7 0.0
38 Dec 11, 2017 400.2 486.5 391.8 486.5 71980.4 0.0
39 Dec 12, 2017 483.3 626.8 462.1 621.9 118742.0 0.0
40 Dec 13, 2017 622.4 822.5 553.2 820.7 100344.0 0.0
41 Dec 14, 2017 820.3 872.2 763.5 802.7 63565.1 0.0
42 Dec 15, 2017 803.5 861.7 712.2 791.0 206328.0 0.0
43 Dec 16, 2017 792.5 1116.0 792.5 1079.0 731649.0 0.0
44 Dec 17, 2017 1082.0 1154.0 1046.0 1070.0 259197.0 0.0
45 Dec 18, 2017 1068.0 1229.0 992.4 1218.0 455522.0 0.0
46 Dec 19, 2017 1221.0 1750.0 1219.0 1394.0 1282490.0 0.0
47 Dec 20, 2017 1393.0 1458.0 1118.0 1277.0 262010.0 0.0
48 Dec 21, 2017 1278.0 1361.0 1021.0 1095.0 799675.0 0.0
49 Dec 22, 2017 1098.0 1111.0 682.6 823.3 633680.0 0.0
50 Dec 23, 2017 830.2 1084.0 830.2 989.8 599721.0 0.0
51 Dec 24, 2017 1001.0 1103.0 809.2 1005.0 245322.0 0.0
52 Dec 25, 2017 1012.0 1054.0 918.2 1047.0 357740.0 0.0
53 Dec 26, 2017 1053.0 1114.0 823.5 1064.0 943383.0 0.0
54 Dec 27, 2017 1065.0 1100.0 1010.0 1038.0 877151.0 0.0
55 Dec 28, 2017 1041.0 1043.0 920.6 996.7 799689.0 0.0
56 Dec 29, 2017 1006.0 1044.0 970.5 1007.0 800242.0 0.0
57 Dec 30, 2017 1010.0 1012.0 869.2 918.4 528455.0 0.0
58 Dec 31, 2017 907.9 994.3 902.0 959.9 814006.0 0.0
59 Jan 01, 2018 961.0 985.5 882.9 970.0 502841.0 0.0
60 Jan 02, 2018 971.1 1070.0 958.8 1063.0 660736.0 0.0
61 Jan 03, 2018 1064.0 1090.0 999.2 1074.0 809445.0 0.0
62 Jan 04, 2018 998.3 1098.0 933.8 1040.0 733011.0 0.0
63 Jan 05, 2018 1033.0 1117.0 1012.0 1096.0 1657580.0 0.0
64 Jan 06, 2018 1105.0 1216.0 1092.0 1216.0 2040790.0 0.0
65 Jan 07, 2018 1224.0 1267.0 1134.0 1169.0 1802970.0 0.0
66 Jan 08, 2018 1171.0 1220.0 1015.0 1112.0 1242620.0 0.0
67 Jan 09, 2018 1112.0 1259.0 941.5 1096.0 1557700.0 0.0
68 Jan 10, 2018 1097.0 1151.0 1004.0 1076.0 1244900.0 0.0
69 Jan 11, 2018 1073.0 1133.0 958.5 1015.0 1686490.0 0.0
70 Jan 12, 2018 1023.0 1413.0 985.3 1327.0 976364.0 0.0
71 Jan 13, 2018 1326.0 1490.0 1326.0 1422.0 710161.0 0.0
72 Jan 14, 2018 1432.0 1534.0 1267.0 1403.0 378266.0 0.0
73 Jan 15, 2018 1387.0 1469.0 1201.0 1234.0 891849.0 0.0
74 Jan 16, 2018 1236.0 1287.0 902.5 1063.0 1692020.0 0.0
75 Jan 17, 2018 1070.0 1123.0 782.7 1046.0 1041520.0 0.0
76 Jan 18, 2018 1055.0 1773.0 1026.0 1654.0 2448320.0 652382000.0
77 Jan 19, 2018 1676.0 1762.0 1458.0 1560.0 1521410.0 1036420000.0
78 Jan 20, 2018 1573.0 1767.0 1562.0 1690.0 1254440.0 973043000.0
79 Jan 21, 2018 1692.0 1720.0 1537.0 1576.0 1261940.0 1046170000.0
80 Jan 22, 2018 1586.0 1659.0 1390.0 1524.0 1408450.0 980769000.0
81 Jan 23, 2018 1515.0 1568.0 1425.0 1523.0 1562460.0 936737000.0
82 Jan 24, 2018 1526.0 1590.0 1478.0 1535.0 1786450.0 943823000.0
83 Jan 25, 2018 1544.0 1599.0 1321.0 1345.0 2070310.0 954707000.0
84 Jan 26, 2018 1348.0 1497.0 1348.0 1472.0 1693530.0 833648000.0
85 Jan 27, 2018 1464.0 1485.0 1335.0 1439.0 1847870.0 905129000.0
86 Jan 28, 2018 1448.0 1587.0 1424.0 1488.0 2374320.0 895328000.0
87 Jan 29, 2018 1489.0 1499.0 1307.0 1403.0 1049540.0 920783000.0
88 Jan 30, 2018 1402.0 1411.0 1251.0 1277.0 1076760.0 866978000.0
89 Jan 31, 2018 1280.0 1386.0 1243.0 1386.0 1062640.0 791923000.0
90 Feb 01, 2018 1387.0 1399.0 1189.0 1272.0 700913.0 857953000.0
91 Feb 02, 2018 1269.0 1269.0 980.2 1148.0 716121.0 785105000.0
92 Feb 03, 2018 1148.0 1254.0 1069.0 1212.0 543682.0 710327000.0
93 Feb 04, 2018 1206.0 1209.0 1015.0 1061.0 579735.0 746069000.0
94 Feb 05, 2018 1054.0 1069.0 725.4 821.4 1266110.0 651786000.0
95 Feb 06, 2018 825.8 926.0 648.2 910.7 501568.0 510569000.0
96 Feb 07, 2018 913.4 1021.0 833.0 914.2 412692.0 564725000.0
97 Feb 08, 2018 914.2 1043.0 914.2 1008.0 751872.0 565244000.0
98 Feb 09, 2018 1014.0 1100.0 964.5 1093.0 643441.0 627299000.0
99 Feb 10, 2018 1086.0 1211.0 1021.0 1064.0 891114.0 671814000.0
100 Feb 11, 2018 1062.0 1062.0 970.8 987.7 643665.0 657111000.0
101 Feb 12, 2018 1000.0 1104.0 998.9 1074.0 936639.0 618456000.0
102 Feb 13, 2018 1074.0 1080.0 997.8 1010.0 664687.0 664523000.0
103 Feb 14, 2018 1008.0 1124.0 1008.0 1119.0 900798.0 623203000.0
104 Feb 15, 2018 1122.0 1165.0 1104.0 1136.0 886075.0 694178000.0
105 Feb 16, 2018 1135.0 1173.0 1103.0 1143.0 1683010.0 701714000.0
106 Feb 17, 2018 1144.0 1216.0 1118.0 1165.0 1223070.0 707468000.0
107 Feb 18, 2018 1161.0 1166.0 1067.0 1077.0 1327250.0 717802000.0
108 Feb 19, 2018 1074.0 1173.0 1072.0 1111.0 1206840.0 664356000.0
109 Feb 20, 2018 1111.0 1162.0 1051.0 1057.0 814543.0 687418000.0
110 Feb 21, 2018 1053.0 1079.0 968.2 993.2 882767.0 651545000.0
111 Feb 22, 2018 993.6 1028.0 939.8 959.0 1210590.0 614297000.0
112 Feb 23, 2018 956.5 1056.0 938.0 1024.0 911752.0 591378000.0
113 Feb 24, 2018 1031.0 1055.0 949.0 986.0 1371900.0 637947000.0
114 Feb 25, 2018 982.4 1009.0 963.3 997.7 687989.0 607348000.0
115 Feb 26, 2018 997.3 1054.0 997.0 1037.0 651886.0 616567000.0
116 Feb 27, 2018 1037.0 1067.0 1025.0 1054.0 332902.0 641232000.0
117 Feb 28, 2018 1054.0 1080.0 1015.0 1028.0 312214.0 651699000.0
118 Mar 01, 2018 1029.0 1057.0 1018.0 1044.0 1106640.0 636436000.0
119 Mar 02, 2018 1044.0 1050.0 1005.0 1015.0 1038790.0 645773000.0
120 Mar 03, 2018 1013.0 1033.0 987.2 1005.0 798650.0 626866000.0
121 Mar 04, 2018 1002.0 1010.0 837.9 974.0 603578.0 619548000.0
122 Mar 05, 2018 996.5 1003.0 963.1 968.6 900388.0 616113000.0
123 Mar 06, 2018 965.5 974.3 940.6 947.8 612383.0 596956000.0
124 Mar 07, 2018 949.8 958.3 842.2 856.1 885248.0 587195000.0
125 Mar 08, 2018 855.7 902.7 819.7 834.7 687914.0 529022000.0
126 Mar 09, 2018 832.3 836.2 755.6 827.3 876707.0 514567000.0
127 Mar 10, 2018 827.3 852.1 788.3 795.9 1352570.0 511477000.0
128 Mar 11, 2018 793.4 862.8 766.6 833.4 756465.0 490557000.0
129 Mar 12, 2018 825.4 862.5 782.8 810.5 842693.0 510295000.0
130 Mar 13, 2018 810.0 826.9 764.4 804.2 708845.0 500813000.0
131 Mar 14, 2018 803.3 825.7 731.7 750.1 655764.0 496680000.0
132 Mar 15, 2018 747.0 748.6 704.8 734.2 671045.0 461835000.0
133 Mar 16, 2018 735.9 741.9 696.4 710.5 712502.0 454977000.0
134 Mar 17, 2018 708.4 724.0 658.8 662.7 218728.0 438003000.0
135 Mar 18, 2018 666.8 677.0 572.8 670.4 753135.0 412247000.0
136 Mar 19, 2018 666.5 703.0 653.3 692.2 463696.0 412049000.0
137 Mar 20, 2018 701.1 718.6 664.7 710.5 469812.0 433470000.0
138 Mar 21, 2018 713.4 756.2 701.3 708.1 148390.0 441083000.0
139 Mar 22, 2018 709.6 730.7 679.1 686.5 134714.0 438746000.0
140 Mar 23, 2018 699.5 706.5 653.7 706.5 51688.7 432491000.0
141 Mar 24, 2018 713.1 714.7 675.8 688.7 89348.3 440892000.0
142 Mar 25, 2018 680.4 696.6 668.1 680.6 57395.6 420666000.0
143 Mar 26, 2018 679.4 684.2 608.7 643.2 208885.0 420079000.0
144 Mar 27, 2018 637.8 647.7 583.4 590.9 132833.0 394358000.0
