0 Oct 20, 2017 0.06 0.06 0.05 0.06 5914220.0 0.0
1 Oct 21, 2017 0.06 0.06 0.05 0.05 1639670.0 38608200.0
2 Oct 22, 2017 0.05 0.06 0.05 0.05 1245180.0 33465500.0
3 Oct 23, 2017 0.05 0.05 0.05 0.05 832145.0 32959500.0
4 Oct 24, 2017 0.05 0.06 0.04 0.04 1284900.0 32449900.0
5 Oct 25, 2017 0.04 0.05 0.04 0.05 931713.0 27517300.0
6 Oct 26, 2017 0.05 0.05 0.04 0.04 565052.0 30455900.0
7 Oct 27, 2017 0.04 0.05 0.04 0.05 4822410.0 29086600.0
8 Oct 28, 2017 0.05 0.05 0.04 0.04 868531.0 31711300.0
9 Oct 29, 2017 0.04 0.05 0.04 0.04 865314.0 28660900.0
10 Oct 30, 2017 0.04 0.05 0.04 0.04 792476.0 28158700.0
11 Oct 31, 2017 0.04 0.04 0.04 0.04 988661.0 28283500.0
12 Nov 01, 2017 0.04 0.04 0.03 0.04 999690.0 24483900.0
13 Nov 02, 2017 0.04 0.04 0.03 0.03 797942.0 22642500.0
14 Nov 03, 2017 0.03 0.04 0.03 0.04 1218340.0 21206400.0
15 Nov 04, 2017 0.04 0.04 0.04 0.04 599526.0 28407500.0
16 Nov 05, 2017 0.04 0.04 0.04 0.04 504456.0 26732000.0
17 Nov 06, 2017 0.04 0.05 0.04 0.05 891474.0 27460700.0
18 Nov 07, 2017 0.05 0.06 0.05 0.05 2508120.0 30010000.0
19 Nov 08, 2017 0.05 0.06 0.05 0.06 2132430.0 33482800.0
20 Nov 09, 2017 0.06 0.07 0.06 0.07 3332220.0 35705600.0
21 Nov 10, 2017 0.07 0.07 0.05 0.06 2281420.0 43404300.0
22 Nov 11, 2017 0.06 0.06 0.05 0.06 1236560.0 36513000.0
23 Nov 12, 2017 0.06 0.06 0.04 0.05 2727640.0 35246400.0
24 Nov 13, 2017 0.05 0.06 0.05 0.06 1433980.0 30421000.0
25 Nov 14, 2017 0.06 0.06 0.05 0.06 1356620.0 36447700.0
26 Nov 15, 2017 0.06 0.06 0.05 0.06 1206350.0 35729700.0
27 Nov 16, 2017 0.06 0.06 0.05 0.05 1434370.0 35631500.0
28 Nov 17, 2017 0.05 0.05 0.04 0.04 1170020.0 32844300.0
29 Nov 18, 2017 0.04 0.05 0.04 0.05 850895.0 28866600.0
30 Nov 19, 2017 0.05 0.05 0.05 0.05 735454.0 29930600.0
31 Nov 20, 2017 0.05 0.05 0.05 0.05 1186050.0 32645600.0
32 Nov 21, 2017 0.05 0.05 0.05 0.05 1077260.0 31800800.0
33 Nov 22, 2017 0.05 0.06 0.05 0.06 1861860.0 29786800.0
34 Nov 23, 2017 0.06 0.08 0.05 0.07 6487150.0 35450400.0
35 Nov 24, 2017 0.07 0.07 0.06 0.07 5717520.0 45733900.0
36 Nov 25, 2017 0.07 0.07 0.06 0.07 3164900.0 45512500.0
37 Nov 26, 2017 0.07 0.07 0.06 0.07 1625240.0 41691500.0
38 Nov 27, 2017 0.07 0.07 0.06 0.07 3375890.0 41831000.0
39 Nov 28, 2017 0.07 0.07 0.07 0.07 3771390.0 43850000.0
40 Nov 29, 2017 0.07 0.08 0.06 0.06 3437910.0 45970600.0
41 Nov 30, 2017 0.06 0.07 0.06 0.06 2817380.0 39153300.0
42 Dec 01, 2017 0.06 0.07 0.06 0.06 2468760.0 40790400.0
43 Dec 02, 2017 0.06 0.07 0.06 0.07 2240470.0 41218900.0
44 Dec 03, 2017 0.07 0.08 0.07 0.08 3874740.0 43188600.0
45 Dec 04, 2017 0.08 0.1 0.08 0.1 7771790.0 49906600.0
46 Dec 05, 2017 0.1 0.12 0.1 0.11 15195300.0 63042800.0
47 Dec 06, 2017 0.11 0.11 0.09 0.1 9517760.0 68314600.0
48 Dec 07, 2017 0.1 0.13 0.1 0.12 13564500.0 65778500.0
49 Dec 08, 2017 0.12 0.13 0.1 0.11 10885800.0 78705500.0
50 Dec 09, 2017 0.11 0.13 0.11 0.12 8072170.0 71371500.0
51 Dec 10, 2017 0.13 0.17 0.11 0.16 21094300.0 80911100.0
52 Dec 11, 2017 0.16 0.21 0.16 0.19 24906100.0 104678000.0
53 Dec 12, 2017 0.19 0.2 0.16 0.18 17063100.0 123235000.0
54 Dec 13, 2017 0.18 0.27 0.16 0.26 28625700.0 113608000.0
55 Dec 14, 2017 0.26 0.29 0.24 0.26 28330000.0 163557000.0
56 Dec 15, 2017 0.26 0.27 0.21 0.26 16429200.0 167552000.0
57 Dec 16, 2017 0.25 0.27 0.23 0.26 16147400.0 163314000.0
58 Dec 17, 2017 0.26 0.3 0.26 0.28 17974300.0 167680000.0
59 Dec 18, 2017 0.28 0.38 0.26 0.35 35262400.0 181575000.0
60 Dec 19, 2017 0.35 0.38 0.29 0.31 19799300.0 227969000.0
61 Dec 20, 2017 0.31 0.32 0.26 0.3 21705800.0 198763000.0
62 Dec 21, 2017 0.3 0.33 0.27 0.29 16067100.0 192082000.0
63 Dec 22, 2017 0.29 0.3 0.19 0.25 14081300.0 188608000.0
64 Dec 23, 2017 0.26 0.33 0.25 0.29 9936340.0 164024000.0
65 Dec 24, 2017 0.29 0.29 0.23 0.28 5508550.0 185869000.0
66 Dec 25, 2017 0.29 0.39 0.27 0.33 12432300.0 184986000.0
67 Dec 26, 2017 0.33 0.38 0.29 0.33 11405100.0 209773000.0
68 Dec 27, 2017 0.34 0.34 0.3 0.32 7611190.0 214720000.0
69 Dec 28, 2017 0.32 0.32 0.28 0.3 6840890.0 204046000.0
70 Dec 29, 2017 0.3 0.37 0.29 0.36 12046300.0 194754000.0
71 Dec 30, 2017 0.36 0.41 0.32 0.4 19320300.0 231006000.0
72 Dec 31, 2017 0.4 0.65 0.38 0.6 47903000.0 254085000.0
73 Jan 01, 2018 0.61 0.89 0.53 0.82 106965000.0 388658000.0
74 Jan 02, 2018 0.81 0.88 0.65 0.78 56771500.0 520698000.0
75 Jan 03, 2018 0.78 0.81 0.7 0.77 30318500.0 500942000.0
76 Jan 04, 2018 0.77 0.9 0.72 0.78 34914100.0 492256000.0
77 Jan 05, 2018 0.77 0.83 0.65 0.71 32682500.0 494741000.0
78 Jan 06, 2018 0.71 1.18 0.71 0.99 89019600.0 456953000.0
79 Jan 07, 2018 0.98 1.05 0.92 0.94 24492400.0 626839000.0
80 Jan 08, 2018 0.94 0.97 0.78 0.93 30092800.0 604372000.0
81 Jan 09, 2018 0.93 0.98 0.88 0.89 29940900.0 595673000.0
82 Jan 10, 2018 0.88 0.88 0.78 0.85 30264900.0 565717000.0
83 Jan 11, 2018 0.84 0.98 0.7 0.75 33750100.0 541896000.0
84 Jan 12, 2018 0.75 0.82 0.72 0.77 23359800.0 482622000.0
85 Jan 13, 2018 0.77 0.8 0.69 0.74 29395400.0 494454000.0
86 Jan 14, 2018 0.76 0.81 0.66 0.75 27384800.0 488412000.0
87 Jan 15, 2018 0.75 0.75 0.64 0.64 22469400.0 482862000.0
88 Jan 16, 2018 0.64 0.64 0.37 0.52 25687200.0 411559000.0
89 Jan 17, 2018 0.52 0.58 0.34 0.54 24368700.0 336185000.0
90 Jan 18, 2018 0.55 0.69 0.54 0.61 23603100.0 353550000.0
91 Jan 19, 2018 0.6 0.65 0.54 0.56 21751300.0 386966000.0
92 Jan 20, 2018 0.57 0.63 0.55 0.59 21739200.0 364232000.0
93 Jan 21, 2018 0.59 0.59 0.48 0.5 10738500.0 378557000.0
94 Jan 22, 2018 0.5 0.51 0.43 0.47 14939000.0 320449000.0
95 Jan 23, 2018 0.47 0.51 0.43 0.49 13710400.0 303598000.0
96 Jan 24, 2018 0.49 0.49 0.46 0.47 14439800.0 312746000.0
97 Jan 25, 2018 0.48 0.5 0.46 0.46 13375700.0 309677000.0
98 Jan 26, 2018 0.46 0.48 0.42 0.45 12525500.0 296099000.0
99 Jan 27, 2018 0.45 0.49 0.44 0.49 13011500.0 287960000.0
100 Jan 28, 2018 0.49 0.52 0.48 0.48 15180900.0 317475000.0
101 Jan 29, 2018 0.48 0.49 0.45 0.45 12166100.0 310136000.0
102 Jan 30, 2018 0.45 0.46 0.36 0.39 11177500.0 290191000.0
103 Jan 31, 2018 0.39 0.5 0.36 0.42 23189500.0 252506000.0
104 Feb 01, 2018 0.42 0.42 0.32 0.35 10563900.0 268534000.0
105 Feb 02, 2018 0.35 0.35 0.25 0.32 7737610.0 225421000.0
106 Feb 03, 2018 0.32 0.36 0.29 0.34 8541000.0 205344000.0
107 Feb 04, 2018 0.34 0.34 0.25 0.28 8278220.0 220552000.0
108 Feb 05, 2018 0.28 0.28 0.18 0.2 7329070.0 180236000.0
109 Feb 06, 2018 0.2 0.3 0.15 0.29 10591300.0 130633000.0
110 Feb 07, 2018 0.28 0.31 0.25 0.25 9075690.0 182368000.0
111 Feb 08, 2018 0.25 0.29 0.25 0.28 6574010.0 161271000.0
112 Feb 09, 2018 0.28 0.31 0.27 0.31 2448460.0 180649000.0
113 Feb 10, 2018 0.31 0.33 0.27 0.28 3703170.0 197461000.0
114 Feb 11, 2018 0.28 0.28 0.24 0.25 2358850.0 178248000.0
115 Feb 12, 2018 0.26 0.3 0.26 0.29 3735380.0 164395000.0
116 Feb 13, 2018 0.29 0.3 0.26 0.27 3581560.0 189357000.0
117 Feb 14, 2018 0.27 0.32 0.27 0.31 3652080.0 175367000.0
118 Feb 15, 2018 0.31 0.37 0.31 0.35 7401790.0 201977000.0
119 Feb 16, 2018 0.35 0.35 0.33 0.33 4239690.0 223098000.0
120 Feb 17, 2018 0.33 0.36 0.33 0.35 3379130.0 214713000.0
121 Feb 18, 2018 0.35 0.35 0.31 0.31 3013720.0 223143000.0
122 Feb 19, 2018 0.31 0.34 0.31 0.32 3013600.0 199481000.0
123 Feb 20, 2018 0.32 0.33 0.29 0.29 4083820.0 206112000.0
124 Feb 21, 2018 0.29 0.29 0.26 0.27 2698680.0 187540000.0
125 Feb 22, 2018 0.27 0.34 0.26 0.29 20317600.0 173945000.0
126 Feb 23, 2018 0.29 0.35 0.28 0.31 19599000.0 186279000.0
127 Feb 24, 2018 0.31 0.33 0.29 0.3 6071840.0 196856000.0
128 Feb 25, 2018 0.3 0.31 0.29 0.3 3144010.0 194583000.0
129 Feb 26, 2018 0.3 0.31 0.29 0.3 3260700.0 193058000.0
130 Feb 27, 2018 0.3 0.31 0.3 0.3 3375480.0 194167000.0
131 Feb 28, 2018 0.3 0.31 0.28 0.28 3442130.0 196143000.0
132 Mar 01, 2018 0.28 0.3 0.27 0.29 3582380.0 177626000.0
133 Mar 02, 2018 0.29 0.31 0.29 0.3 3262780.0 187809000.0
134 Mar 03, 2018 0.3 0.3 0.28 0.29 2932070.0 192465000.0
135 Mar 04, 2018 0.29 0.3 0.28 0.3 2636680.0 187015000.0
136 Mar 05, 2018 0.3 0.3 0.29 0.29 2801210.0 190756000.0
137 Mar 06, 2018 0.29 0.29 0.26 0.27 2456360.0 188140000.0
138 Mar 07, 2018 0.27 0.27 0.22 0.24 3236680.0 172777000.0
139 Mar 08, 2018 0.24 0.24 0.21 0.21 2153610.0 155261000.0
140 Mar 09, 2018 0.21 0.22 0.19 0.21 2602720.0 137506000.0
141 Mar 10, 2018 0.21 0.23 0.2 0.2 1618080.0 136783000.0
142 Mar 11, 2018 0.2 0.22 0.19 0.22 1686860.0 130940000.0
143 Mar 12, 2018 0.22 0.22 0.2 0.2 4740120.0 146819000.0
144 Mar 13, 2018 0.2 0.21 0.2 0.21 1621720.0 135335000.0
145 Mar 14, 2018 0.21 0.22 0.18 0.18 4248000.0 137422000.0
146 Mar 15, 2018 0.18 0.18 0.16 0.17 4315350.0 122654000.0
147 Mar 16, 2018 0.17 0.19 0.17 0.18 3402020.0 115847000.0
148 Mar 17, 2018 0.18 0.18 0.16 0.16 3389320.0 117930000.0
149 Mar 18, 2018 0.16 0.16 0.13 0.16 3657150.0 107914000.0
150 Mar 19, 2018 0.16 0.2 0.15 0.18 6406300.0 106986000.0
151 Mar 20, 2018 0.18 0.22 0.18 0.21 5196450.0 120432000.0
152 Mar 21, 2018 0.22 0.25 0.21 0.24 8184970.0 143517000.0
153 Mar 22, 2018 0.24 0.26 0.21 0.23 6212170.0 158847000.0
154 Mar 23, 2018 0.23 0.23 0.2 0.21 5041890.0 150111000.0
155 Mar 24, 2018 0.21 0.24 0.21 0.23 4921600.0 140918000.0
156 Mar 25, 2018 0.23 0.25 0.23 0.25 4331910.0 151626000.0
157 Mar 26, 2018 0.24 0.28 0.2 0.23 11553500.0 162887000.0
158 Mar 27, 2018 0.23 0.23 0.21 0.22 3707060.0 150745000.0
