0 Aug 22, 2017 0.24 0.26 0.23 0.25 7478420.0 0.0
1 Aug 23, 2017 0.26 0.32 0.26 0.28 10956900.0 0.0
2 Aug 24, 2017 0.28 0.3 0.24 0.25 6074270.0 0.0
3 Aug 25, 2017 0.25 0.25 0.24 0.24 3718990.0 0.0
4 Aug 26, 2017 0.24 0.24 0.23 0.23 3459540.0 0.0
5 Aug 27, 2017 0.23 0.26 0.23 0.24 5238990.0 0.0
6 Aug 28, 2017 0.24 0.25 0.23 0.23 4223700.0 0.0
7 Aug 29, 2017 0.23 0.24 0.23 0.23 5284410.0 0.0
8 Aug 30, 2017 0.23 0.23 0.15 0.2 11348900.0 0.0
9 Aug 31, 2017 0.2 0.2 0.18 0.19 2681500.0 0.0
10 Sep 01, 2017 0.19 0.19 0.17 0.17 3298480.0 0.0
11 Sep 02, 2017 0.17 0.18 0.13 0.14 8672000.0 0.0
12 Sep 03, 2017 0.14 0.14 0.1 0.11 5362440.0 0.0
13 Sep 04, 2017 0.11 0.13 0.05 0.06 4568850.0 0.0
14 Sep 05, 2017 0.06 0.06 0.04 0.06 1156340.0 0.0
15 Sep 06, 2017 0.06 0.06 0.05 0.06 451.04 0.0
16 Sep 07, 2017 0.06 0.07 0.06 0.07 3310.97 0.0
17 Sep 08, 2017 0.07 0.1 0.06 0.08 1879.85 0.0
18 Sep 09, 2017 0.08 0.08 0.05 0.05 258.35 0.0
19 Sep 10, 2017 0.05 0.06 0.05 0.05 0.04 0.0
20 Sep 11, 2017 0.05 0.06 0.05 0.05 0.04 0.0
21 Sep 12, 2017 0.05 0.05 0.05 0.05 0.04 0.0
22 Sep 13, 2017 0.05 0.08 0.05 0.07 659.05 0.0
23 Sep 14, 2017 0.07 0.08 0.06 0.06 34978.5 0.0
24 Sep 15, 2017 0.06 0.07 0.05 0.06 20441.7 0.0
25 Sep 16, 2017 0.06 0.08 0.06 0.07 26581.9 0.0
26 Sep 17, 2017 0.07 0.07 0.06 0.07 12557.6 0.0
27 Sep 18, 2017 0.07 0.07 0.04 0.07 3684.79 0.0
28 Sep 19, 2017 0.07 0.07 0.06 0.06 3405.73 0.0
29 Sep 20, 2017 0.06 0.07 0.05 0.07 45506.6 0.0
30 Sep 21, 2017 0.07 0.07 0.06 0.06 116188.0 0.0
31 Sep 22, 2017 0.06 0.07 0.06 0.06 93726.5 0.0
32 Sep 23, 2017 0.06 0.07 0.06 0.07 153867.0 0.0
33 Sep 24, 2017 0.07 0.09 0.07 0.08 129066.0 0.0
34 Sep 25, 2017 0.08 0.11 0.08 0.1 230925.0 0.0
35 Sep 26, 2017 0.1 0.1 0.1 0.1 219629.0 0.0
36 Sep 27, 2017 0.1 0.17 0.1 0.15 290530.0 0.0
37 Sep 28, 2017 0.15 0.15 0.12 0.14 319853.0 0.0
38 Sep 29, 2017 0.14 0.15 0.11 0.15 368233.0 0.0
39 Sep 30, 2017 0.15 0.17 0.15 0.16 443594.0 0.0
40 Oct 01, 2017 0.16 0.18 0.16 0.17 497711.0 0.0
41 Oct 02, 2017 0.17 0.33 0.17 0.3 2614570.0 0.0
42 Oct 03, 2017 0.3 0.39 0.27 0.38 3445270.0 85220300.0
43 Oct 04, 2017 0.38 0.38 0.29 0.3 1342440.0 107026000.0
44 Oct 05, 2017 0.31 0.34 0.26 0.33 833600.0 85435800.0
45 Oct 06, 2017 0.33 0.33 0.29 0.3 534257.0 92916200.0
46 Oct 07, 2017 0.3 0.32 0.27 0.31 699534.0 85198300.0
47 Oct 08, 2017 0.3 0.31 0.25 0.26 609297.0 85173100.0
48 Oct 09, 2017 0.25 0.31 0.24 0.28 818564.0 70850600.0
49 Oct 10, 2017 0.28 0.28 0.24 0.26 537691.0 76900100.0
50 Oct 11, 2017 0.26 0.27 0.23 0.23 459206.0 73737900.0
51 Oct 12, 2017 0.23 0.25 0.2 0.22 683349.0 65767300.0
52 Oct 13, 2017 0.22 0.23 0.18 0.2 616856.0 61651500.0
53 Oct 14, 2017 0.2 0.24 0.2 0.23 398967.0 56124900.0
54 Oct 15, 2017 0.23 0.24 0.21 0.22 393751.0 65557400.0
55 Oct 16, 2017 0.22 0.23 0.21 0.22 414904.0 62200300.0
56 Oct 17, 2017 0.22 0.23 0.21 0.23 450269.0 62319300.0
57 Oct 18, 2017 0.23 0.29 0.22 0.29 1174310.0 65384400.0
58 Oct 19, 2017 0.29 0.31 0.27 0.3 1253670.0 81272400.0
59 Oct 20, 2017 0.3 0.3 0.24 0.25 812966.0 82306600.0
60 Oct 21, 2017 0.25 0.27 0.24 0.25 344300.0 69274500.0
61 Oct 22, 2017 0.25 0.26 0.23 0.25 457619.0 69596900.0
62 Oct 23, 2017 0.25 0.25 0.22 0.24 569408.0 68643000.0
63 Oct 24, 2017 0.24 0.26 0.23 0.24 537452.0 65791000.0
64 Oct 25, 2017 0.24 0.25 0.22 0.23 508684.0 67406200.0
65 Oct 26, 2017 0.23 0.23 0.21 0.22 504600.0 63131400.0
66 Oct 27, 2017 0.22 0.22 0.19 0.21 625105.0 60481200.0
67 Oct 28, 2017 0.21 0.21 0.19 0.19 366837.0 57266400.0
68 Oct 29, 2017 0.19 0.21 0.19 0.21 373718.0 52986800.0
69 Oct 30, 2017 0.21 0.22 0.2 0.22 405068.0 57166400.0
70 Oct 31, 2017 0.22 0.22 0.2 0.21 456158.0 59941700.0
71 Nov 01, 2017 0.22 0.22 0.18 0.18 553665.0 60019800.0
72 Nov 02, 2017 0.18 0.19 0.16 0.18 733194.0 51435500.0
73 Nov 03, 2017 0.18 0.2 0.17 0.2 548399.0 49146900.0
74 Nov 04, 2017 0.2 0.23 0.2 0.22 543297.0 55527900.0
75 Nov 05, 2017 0.22 0.22 0.21 0.21 503566.0 60482600.0
76 Nov 06, 2017 0.21 0.25 0.21 0.23 1169720.0 57986700.0
77 Nov 07, 2017 0.23 0.25 0.23 0.24 970278.0 64051900.0
78 Nov 08, 2017 0.24 0.28 0.22 0.26 1631760.0 67508800.0
79 Nov 09, 2017 0.26 0.28 0.25 0.27 1189380.0 72031300.0
80 Nov 10, 2017 0.27 0.28 0.23 0.24 902045.0 74810200.0
81 Nov 11, 2017 0.24 0.26 0.24 0.24 921946.0 66601300.0
82 Nov 12, 2017 0.24 0.24 0.2 0.21 1862810.0 66156800.0
83 Nov 13, 2017 0.21 0.23 0.21 0.22 778468.0 57434100.0
84 Nov 14, 2017 0.22 0.24 0.22 0.23 1064470.0 61608100.0
85 Nov 15, 2017 0.24 0.27 0.24 0.26 1783740.0 65594700.0
86 Nov 16, 2017 0.27 0.33 0.26 0.28 4352160.0 73742100.0
87 Nov 17, 2017 0.27 0.28 0.25 0.26 1477450.0 74129600.0
88 Nov 18, 2017 0.26 0.27 0.25 0.27 909141.0 72134200.0
89 Nov 19, 2017 0.26 0.27 0.24 0.25 1146710.0 73351200.0
90 Nov 20, 2017 0.25 0.28 0.25 0.27 1772860.0 69042900.0
91 Nov 21, 2017 0.27 0.27 0.24 0.27 1583940.0 73946300.0
92 Nov 22, 2017 0.27 0.27 0.25 0.26 1893560.0 74990800.0
93 Nov 23, 2017 0.26 0.27 0.24 0.24 2133510.0 72606000.0
94 Nov 24, 2017 0.24 0.26 0.23 0.26 1884340.0 65854200.0
95 Nov 25, 2017 0.26 0.26 0.25 0.26 1416020.0 70996600.0
96 Nov 26, 2017 0.26 0.26 0.24 0.24 1667250.0 71017500.0
97 Nov 27, 2017 0.24 0.27 0.23 0.24 2216870.0 67860900.0
98 Nov 28, 2017 0.24 0.3 0.23 0.27 4031420.0 68064100.0
99 Nov 29, 2017 0.27 0.29 0.23 0.23 3674300.0 74445000.0
100 Nov 30, 2017 0.23 0.27 0.21 0.26 2991240.0 64164000.0
101 Dec 01, 2017 0.25 0.34 0.23 0.33 7863330.0 70670300.0
102 Dec 02, 2017 0.33 0.37 0.31 0.37 7044710.0 92226400.0
103 Dec 03, 2017 0.37 0.45 0.34 0.44 10074100.0 102029000.0
104 Dec 04, 2017 0.44 0.5 0.41 0.5 9729420.0 122912000.0
105 Dec 05, 2017 0.51 0.72 0.44 0.68 25974900.0 140049000.0
106 Dec 06, 2017 0.68 0.68 0.57 0.59 13177000.0 189319000.0
107 Dec 07, 2017 0.58 0.64 0.43 0.47 11494900.0 160161000.0
108 Dec 08, 2017 0.46 0.65 0.46 0.56 13042900.0 127983000.0
109 Dec 09, 2017 0.57 0.6 0.48 0.55 7636390.0 157257000.0
110 Dec 10, 2017 0.56 0.56 0.44 0.46 7447170.0 153976000.0
111 Dec 11, 2017 0.47 0.59 0.46 0.58 10485300.0 128953000.0
112 Dec 12, 2017 0.58 0.61 0.52 0.58 10869400.0 160542000.0
113 Dec 13, 2017 0.59 0.59 0.51 0.55 8953480.0 162817000.0
114 Dec 14, 2017 0.55 0.7 0.51 0.67 17569000.0 152465000.0
115 Dec 15, 2017 0.67 0.91 0.58 0.85 31718200.0 185592000.0
116 Dec 16, 2017 0.85 0.94 0.75 0.92 20799200.0 236014000.0
117 Dec 17, 2017 0.94 1.33 0.88 1.25 41104100.0 259819000.0
118 Dec 18, 2017 1.25 1.85 1.1 1.71 142528000.0 347034000.0
119 Dec 19, 2017 1.71 1.81 1.4 1.46 74583900.0 472756000.0
120 Dec 20, 2017 1.46 1.58 1.28 1.51 61082900.0 403682000.0
121 Dec 21, 2017 1.51 1.58 1.33 1.52 57319900.0 419676000.0
122 Dec 22, 2017 1.53 1.54 0.97 1.26 36469600.0 424252000.0
123 Dec 23, 2017 1.27 1.58 1.24 1.37 43179100.0 352385000.0
124 Dec 24, 2017 1.36 1.39 1.15 1.29 24165000.0 378370000.0
125 Dec 25, 2017 1.3 1.39 1.23 1.37 22799100.0 361875000.0
126 Dec 26, 2017 1.37 1.49 1.24 1.46 32262400.0 379553000.0
127 Dec 27, 2017 1.46 2.53 1.41 1.99 136863000.0 405370000.0
128 Dec 28, 2017 1.99 2.02 1.69 1.86 82967600.0 550666000.0
129 Dec 29, 2017 1.88 2.41 1.83 2.39 90929400.0 521207000.0
130 Dec 30, 2017 2.39 2.42 1.94 2.1 94525600.0 661758000.0
131 Dec 31, 2017 2.07 2.31 2.02 2.28 57486200.0 574563000.0
132 Jan 01, 2018 2.3 2.46 2.23 2.43 68193900.0 636456000.0
133 Jan 02, 2018 2.43 2.63 2.23 2.61 121598000.0 674724000.0
134 Jan 03, 2018 2.61 3.47 2.61 3.47 241740000.0 722827000.0
135 Jan 04, 2018 3.47 3.93 3.22 3.74 192222000.0 962175000.0
136 Jan 05, 2018 3.77 4.18 3.19 3.64 192141000.0 1046450000.0
137 Jan 06, 2018 3.67 4.85 3.64 4.74 178983000.0 1017310000.0
138 Jan 07, 2018 4.74 4.88 4.55 4.59 121009000.0 1314190000.0
139 Jan 08, 2018 4.57 4.62 3.72 4.23 117303000.0 1265540000.0
140 Jan 09, 2018 4.25 4.63 4.19 4.59 128018000.0 1176920000.0
141 Jan 10, 2018 4.61 6.75 4.16 6.34 271476000.0 1278870000.0
142 Jan 11, 2018 6.36 7.31 4.97 6.44 288487000.0 1762480000.0
143 Jan 12, 2018 6.49 6.75 5.74 6.25 158992000.0 1799210000.0
144 Jan 13, 2018 6.24 6.63 5.21 5.86 194477000.0 1729740000.0
145 Jan 14, 2018 5.89 6.92 5.82 6.06 211935000.0 1632920000.0
146 Jan 15, 2018 6.06 6.26 5.57 6.06 134816000.0 1678810000.0
147 Jan 16, 2018 6.1 6.17 3.74 4.92 173975000.0 1690070000.0
148 Jan 17, 2018 4.88 5.13 3.44 4.79 127252000.0 1353590000.0
149 Jan 18, 2018 4.83 6.28 4.54 5.5 167536000.0 1338430000.0
150 Jan 19, 2018 5.44 6.17 5.25 5.92 114293000.0 1508380000.0
151 Jan 20, 2018 5.98 8.16 5.97 8.14 252285000.0 1657350000.0
152 Jan 21, 2018 8.17 8.51 6.99 7.88 207469000.0 2264110000.0
153 Jan 22, 2018 8.05 9.55 7.61 8.27 393081000.0 2231640000.0
154 Jan 23, 2018 8.28 8.46 6.7 7.69 214146000.0 2293920000.0
155 Jan 24, 2018 7.68 8.64 7.31 7.44 230986000.0 2130040000.0
156 Jan 25, 2018 7.52 8.01 6.87 6.93 161326000.0 3425390000.0
157 Jan 26, 2018 6.94 7.75 6.04 7.3 188134000.0 3162870000.0
158 Jan 27, 2018 7.29 7.53 6.81 6.92 115057000.0 3321160000.0
159 Jan 28, 2018 7.0 7.31 6.64 6.8 128359000.0 3207930000.0
160 Jan 29, 2018 6.76 6.84 6.36 6.43 103079000.0 3100270000.0
161 Jan 30, 2018 6.43 6.88 5.42 5.83 132171000.0 2966510000.0
162 Jan 31, 2018 5.87 6.46 5.63 6.33 120768000.0 2706700000.0
163 Feb 01, 2018 6.33 6.43 4.8 5.27 103601000.0 2910600000.0
164 Feb 02, 2018 5.27 5.33 3.57 4.9 96082900.0 2466510000.0
165 Feb 03, 2018 4.93 5.91 4.44 5.52 84763400.0 2308390000.0
166 Feb 04, 2018 5.51 5.57 4.26 4.54 69855900.0 2575760000.0
167 Feb 05, 2018 4.5 4.58 2.94 3.51 84120300.0 2101630000.0
168 Feb 06, 2018 3.58 4.46 2.63 4.19 111053000.0 1673400000.0
169 Feb 07, 2018 4.14 4.65 3.67 3.87 77747300.0 1935680000.0
170 Feb 08, 2018 3.84 4.47 3.84 4.28 72426300.0 1791710000.0
171 Feb 09, 2018 4.27 4.69 4.06 4.66 24856800.0 1991670000.0
172 Feb 10, 2018 4.66 5.04 4.15 4.4 51292400.0 2172710000.0
173 Feb 11, 2018 4.38 4.38 3.74 3.97 44862300.0 2061420000.0
174 Feb 12, 2018 4.0 4.46 4.0 4.31 29326600.0 1882270000.0
175 Feb 13, 2018 4.31 4.36 3.96 4.2 37546900.0 2031340000.0
176 Feb 14, 2018 4.18 5.0 4.18 5.0 56104500.0 1967590000.0
177 Feb 15, 2018 5.01 6.03 4.82 5.98 124499000.0 2361210000.0
178 Feb 16, 2018 5.96 6.06 5.45 5.69 83310300.0 2804650000.0
179 Feb 17, 2018 5.72 6.08 5.64 5.99 64632700.0 2687850000.0
180 Feb 18, 2018 6.0 6.01 5.27 5.35 49595600.0 2820900000.0
181 Feb 19, 2018 5.34 6.49 5.33 6.46 97820400.0 2535610000.0
182 Feb 20, 2018 6.49 7.17 6.18 6.24 156506000.0 3080770000.0
183 Feb 21, 2018 6.23 6.49 5.69 5.95 83844800.0 2955150000.0
184 Feb 22, 2018 5.92 6.33 5.32 5.47 75031300.0 2835810000.0
185 Feb 23, 2018 5.46 6.2 5.25 5.99 74050200.0 2613700000.0
186 Feb 24, 2018 5.96 6.2 5.39 5.56 62538800.0 2843850000.0
187 Feb 25, 2018 5.57 5.94 5.42 5.87 67857100.0 2656900000.0
188 Feb 26, 2018 5.85 5.85 5.28 5.6 144727000.0 2786080000.0
189 Feb 27, 2018 5.58 5.69 5.16 5.23 80397100.0 2653660000.0
190 Feb 28, 2018 5.23 5.55 4.54 4.54 73839500.0 2485090000.0
191 Mar 01, 2018 4.54 5.32 4.51 4.95 79097200.0 2157860000.0
192 Mar 02, 2018 4.95 5.03 4.5 4.51 61330700.0 2347490000.0
193 Mar 03, 2018 4.5 4.71 4.36 4.44 57747400.0 2141270000.0
194 Mar 04, 2018 4.42 4.86 4.39 4.56 59067800.0 2100760000.0
195 Mar 05, 2018 4.56 4.81 4.56 4.69 43447100.0 2167770000.0
196 Mar 06, 2018 4.71 5.11 4.24 4.78 108928000.0 2239750000.0
197 Mar 07, 2018 4.76 4.91 3.74 4.1 91903400.0 2264240000.0
198 Mar 08, 2018 4.09 4.23 3.56 3.72 74630900.0 1952560000.0
199 Mar 09, 2018 3.7 3.74 3.11 3.71 83895100.0 1770700000.0
200 Mar 10, 2018 3.71 3.89 3.45 3.5 65018300.0 1786280000.0
201 Mar 11, 2018 3.47 3.93 3.32 3.88 68766600.0 1672220000.0
202 Mar 12, 2018 3.87 4.26 3.75 4.02 118397000.0 1878560000.0
203 Mar 13, 2018 4.0 4.38 3.96 4.27 112069000.0 1953490000.0
204 Mar 14, 2018 4.3 4.59 3.79 3.85 96115800.0 2102300000.0
205 Mar 15, 2018 3.81 3.97 3.42 3.78 82232600.0 1873350000.0
206 Mar 16, 2018 3.78 4.05 3.6 3.9 76375000.0 1867640000.0
207 Mar 17, 2018 3.91 4.07 3.56 3.69 74617800.0 1943650000.0
208 Mar 18, 2018 3.71 3.76 2.95 3.71 84708700.0 1857460000.0
209 Mar 19, 2018 3.68 3.89 3.54 3.76 79043900.0 1863440000.0
210 Mar 20, 2018 3.8 3.89 3.47 3.7 85168900.0 1943940000.0
211 Mar 21, 2018 3.73 3.89 3.58 3.67 73672800.0 1935360000.0
212 Mar 22, 2018 3.67 3.8 3.31 3.52 64977500.0 1891070000.0
213 Mar 23, 2018 3.52 3.52 3.2 3.37 55475600.0 1819370000.0
214 Mar 24, 2018 3.42 3.6 3.33 3.35 64780900.0 1769900000.0
215 Mar 25, 2018 3.29 3.52 3.21 3.35 61590900.0 1708630000.0
216 Mar 26, 2018 3.35 3.46 3.0 3.2 59767500.0 1740010000.0
217 Mar 27, 2018 3.19 3.2 2.93 2.95 52477200.0 1657100000.0
