0 Aug 12, 2017 0.0 0.0 0.0 0.0 71565.0 0.0
1 Aug 13, 2017 0.0 0.0 0.0 0.0 245442.0 6572050.0
2 Aug 14, 2017 0.0 0.0 0.0 0.0 126866.0 13877500.0
3 Aug 15, 2017 0.0 0.0 0.0 0.0 106183.0 9131840.0
4 Aug 16, 2017 0.0 0.0 0.0 0.0 57105.4 8776510.0
5 Aug 17, 2017 0.0 0.0 0.0 0.0 100070.0 7986880.0
6 Aug 18, 2017 0.0 0.0 0.0 0.0 127184.0 9239620.0
7 Aug 19, 2017 0.0 0.0 0.0 0.0 276638.0 9673440.0
8 Aug 20, 2017 0.0 0.0 0.0 0.0 204514.0 13838200.0
9 Aug 21, 2017 0.0 0.0 0.0 0.0 173181.0 17495000.0
10 Aug 22, 2017 0.0 0.0 0.0 0.0 55623.3 13520200.0
11 Aug 23, 2017 0.0 0.0 0.0 0.0 132694.0 11974900.0
12 Aug 24, 2017 0.0 0.0 0.0 0.0 177159.0 15204400.0
13 Aug 25, 2017 0.0 0.0 0.0 0.0 95491.6 12492800.0
14 Aug 26, 2017 0.0 0.0 0.0 0.0 47170.7 11890100.0
15 Aug 27, 2017 0.0 0.0 0.0 0.0 57938.1 13748000.0
16 Aug 28, 2017 0.0 0.0 0.0 0.0 36688.7 11126800.0
17 Aug 29, 2017 0.0 0.0 0.0 0.0 47483.4 10503700.0
18 Aug 30, 2017 0.0 0.0 0.0 0.0 124267.0 10931000.0
19 Aug 31, 2017 0.0 0.0 0.0 0.0 32004.4 11663800.0
20 Sep 01, 2017 0.0 0.0 0.0 0.0 25147.9 9007590.0
21 Sep 02, 2017 0.0 0.0 0.0 0.0 22345.0 9008120.0
22 Sep 03, 2017 0.0 0.0 0.0 0.0 30063.5 9126910.0
23 Sep 04, 2017 0.0 0.0 0.0 0.0 44812.3 10183500.0
24 Sep 05, 2017 0.0 0.0 0.0 0.0 22281.3 6004690.0
25 Sep 06, 2017 0.0 0.0 0.0 0.0 12771.0 9197500.0
26 Sep 07, 2017 0.0 0.0 0.0 0.0 11579.3 7025040.0
27 Sep 08, 2017 0.0 0.0 0.0 0.0 20522.5 6853470.0
28 Sep 09, 2017 0.0 0.0 0.0 0.0 11925.3 6344470.0
29 Sep 10, 2017 0.0 0.0 0.0 0.0 15114.1 5035070.0
30 Sep 11, 2017 0.0 0.0 0.0 0.0 19915.9 5705690.0
31 Sep 12, 2017 0.0 0.0 0.0 0.0 16720.0 5941690.0
32 Sep 13, 2017 0.0 0.0 0.0 0.0 10441.8 4563250.0
33 Sep 14, 2017 0.0 0.0 0.0 0.0 6449.4 4676540.0
34 Sep 15, 2017 0.0 0.0 0.0 0.0 6574.17 4386570.0
35 Sep 16, 2017 0.0 0.0 0.0 0.0 20971.2 4903080.0
36 Sep 17, 2017 0.0 0.0 0.0 0.0 6842.76 4354160.0
37 Sep 18, 2017 0.0 0.0 0.0 0.0 10810.1 5107200.0
38 Sep 19, 2017 0.0 0.0 0.0 0.0 5712.81 5073460.0
39 Sep 20, 2017 0.0 0.0 0.0 0.0 15639.5 4823750.0
40 Sep 21, 2017 0.0 0.0 0.0 0.0 6638.12 4515320.0
41 Sep 22, 2017 0.0 0.0 0.0 0.0 16689.0 4858280.0
42 Sep 23, 2017 0.0 0.0 0.0 0.0 5634.17 4688990.0
43 Sep 24, 2017 0.0 0.0 0.0 0.0 9784.77 4515270.0
44 Sep 25, 2017 0.0 0.0 0.0 0.0 15400.7 5355970.0
45 Sep 26, 2017 0.0 0.0 0.0 0.0 19076.7 5750720.0
46 Sep 27, 2017 0.0 0.0 0.0 0.0 25005.6 6727910.0
47 Sep 28, 2017 0.0 0.0 0.0 0.0 17020.4 3797680.0
48 Sep 29, 2017 0.0 0.0 0.0 0.0 25538.0 3663080.0
49 Sep 30, 2017 0.0 0.0 0.0 0.0 20244.8 5927820.0
50 Oct 01, 2017 0.0 0.0 0.0 0.0 11352.4 3470320.0
51 Oct 02, 2017 0.0 0.0 0.0 0.0 1430.4 4858310.0
52 Oct 03, 2017 0.0 0.0 0.0 0.0 6876.88 5861180.0
53 Oct 04, 2017 0.0 0.0 0.0 0.0 4560.1 4438000.0
54 Oct 05, 2017 0.0 0.0 0.0 0.0 5888.48 5344490.0
55 Oct 06, 2017 0.0 0.0 0.0 0.0 9893.36 5802880.0
56 Oct 07, 2017 0.0 0.0 0.0 0.0 12014.8 5830020.0
57 Oct 08, 2017 0.0 0.0 0.0 0.0 4341.69 5530890.0
58 Oct 09, 2017 0.0 0.0 0.0 0.0 9003.79 6053650.0
59 Oct 10, 2017 0.0 0.0 0.0 0.0 11414.0 4397400.0
60 Oct 11, 2017 0.0 0.0 0.0 0.0 4131.37 5328060.0
61 Oct 12, 2017 0.0 0.0 0.0 0.0 5301.33 4331470.0
62 Oct 13, 2017 0.0 0.0 0.0 0.0 12294.2 4918090.0
63 Oct 14, 2017 0.0 0.0 0.0 0.0 5504.85 5508400.0
64 Oct 15, 2017 0.0 0.0 0.0 0.0 5121.71 5645400.0
65 Oct 16, 2017 0.0 0.0 0.0 0.0 3265.8 5243670.0
66 Oct 17, 2017 0.0 0.0 0.0 0.0 9065.77 5408600.0
67 Oct 18, 2017 0.0 0.0 0.0 0.0 3958.47 4719210.0
68 Oct 19, 2017 0.0 0.0 0.0 0.0 10028.2 5011140.0
69 Oct 20, 2017 0.0 0.0 0.0 0.0 12497.3 4941220.0
70 Oct 21, 2017 0.0 0.0 0.0 0.0 2220.21 3062170.0
71 Oct 22, 2017 0.0 0.0 0.0 0.0 6688.12 3912290.0
72 Oct 23, 2017 0.0 0.0 0.0 0.0 6782.42 4568050.0
73 Oct 24, 2017 0.0 0.0 0.0 0.0 14884.2 4588320.0
74 Oct 25, 2017 0.0 0.0 0.0 0.0 10555.5 4156150.0
75 Oct 26, 2017 0.0 0.0 0.0 0.0 17162.1 5487890.0
76 Oct 27, 2017 0.0 0.0 0.0 0.0 8505.8 5029160.0
77 Oct 28, 2017 0.0 0.0 0.0 0.0 5286.71 4385580.0
78 Oct 29, 2017 0.0 0.0 0.0 0.0 3982.41 4204200.0
79 Oct 30, 2017 0.0 0.0 0.0 0.0 7257.12 5028500.0
80 Oct 31, 2017 0.0 0.0 0.0 0.0 12887.5 5443860.0
81 Nov 01, 2017 0.0 0.0 0.0 0.0 7782.22 4102090.0
82 Nov 02, 2017 0.0 0.0 0.0 0.0 9203.31 3288590.0
83 Nov 03, 2017 0.0 0.0 0.0 0.0 2739.91 4958930.0
84 Nov 04, 2017 0.0 0.0 0.0 0.0 6243.28 3928090.0
85 Nov 05, 2017 0.0 0.0 0.0 0.0 8820.57 4455580.0
86 Nov 06, 2017 0.0 0.0 0.0 0.0 1274.28 3653550.0
87 Nov 07, 2017 0.0 0.0 0.0 0.0 3939.11 4857440.0
88 Nov 08, 2017 0.0 0.0 0.0 0.0 5274.74 3177410.0
89 Nov 09, 2017 0.0 0.0 0.0 0.0 10869.1 3721830.0
90 Nov 10, 2017 0.0 0.0 0.0 0.0 10654.8 4380830.0
91 Nov 11, 2017 0.0 0.0 0.0 0.0 2814.93 5660650.0
92 Nov 12, 2017 0.0 0.0 0.0 0.0 11736.9 5295550.0
93 Nov 13, 2017 0.0 0.0 0.0 0.0 6082.13 4847000.0
94 Nov 14, 2017 0.0 0.0 0.0 0.0 12182.8 5996000.0
95 Nov 15, 2017 0.0 0.0 0.0 0.0 12251.4 3957730.0
96 Nov 16, 2017 0.0 0.0 0.0 0.0 5787.6 4190700.0
97 Nov 17, 2017 0.0 0.0 0.0 0.0 14263.5 4442820.0
98 Nov 18, 2017 0.0 0.0 0.0 0.0 14254.0 5525270.0
99 Nov 19, 2017 0.0 0.0 0.0 0.0 4625.59 5009970.0
100 Nov 20, 2017 0.0 0.0 0.0 0.0 27911.5 5607610.0
101 Nov 21, 2017 0.0 0.0 0.0 0.0 3584.13 6989870.0
102 Nov 22, 2017 0.0 0.0 0.0 0.0 25857.7 5248160.0
103 Nov 23, 2017 0.0 0.0 0.0 0.0 9879.62 5914000.0
104 Nov 24, 2017 0.0 0.0 0.0 0.0 54951.0 5916710.0
105 Nov 25, 2017 0.0 0.0 0.0 0.0 51572.4 9134330.0
106 Nov 26, 2017 0.0 0.0 0.0 0.0 23359.5 6609460.0
107 Nov 27, 2017 0.0 0.0 0.0 0.0 31548.7 8293810.0
108 Nov 28, 2017 0.0 0.0 0.0 0.0 14402.8 7653500.0
109 Nov 29, 2017 0.0 0.0 0.0 0.0 26239.8 7823930.0
110 Nov 30, 2017 0.0 0.0 0.0 0.0 25280.5 8260490.0
111 Dec 01, 2017 0.0 0.0 0.0 0.0 54859.5 7681570.0
112 Dec 02, 2017 0.0 0.0 0.0 0.0 20055.5 8869560.0
113 Dec 03, 2017 0.0 0.0 0.0 0.0 10688.6 6183730.0
114 Dec 04, 2017 0.0 0.0 0.0 0.0 15091.6 7384170.0
115 Dec 05, 2017 0.0 0.0 0.0 0.0 17640.4 8006170.0
116 Dec 06, 2017 0.0 0.0 0.0 0.0 12789.4 8760950.0
117 Dec 07, 2017 0.0 0.0 0.0 0.0 85600.4 8589260.0
118 Dec 08, 2017 0.0 0.0 0.0 0.0 281786.0 8855960.0
119 Dec 09, 2017 0.0 0.0 0.0 0.0 172638.0 14314900.0
120 Dec 10, 2017 0.0 0.0 0.0 0.0 730487.0 20161600.0
121 Dec 11, 2017 0.0 0.0 0.0 0.0 544152.0 22884600.0
122 Dec 12, 2017 0.0 0.0 0.0 0.0 188663.0 21597700.0
123 Dec 13, 2017 0.0 0.0 0.0 0.0 195124.0 26727500.0
124 Dec 14, 2017 0.0 0.0 0.0 0.0 276798.0 15927200.0
125 Dec 15, 2017 0.0 0.0 0.0 0.0 2848350.0 21482600.0
126 Dec 16, 2017 0.0 0.01 0.0 0.01 13977600.0 43949000.0
127 Dec 17, 2017 0.01 0.02 0.01 0.01 18240700.0 111070000.0
128 Dec 18, 2017 0.01 0.01 0.01 0.01 13639400.0 161451000.0
129 Dec 19, 2017 0.01 0.01 0.01 0.01 6577920.0 129859000.0
130 Dec 20, 2017 0.01 0.01 0.01 0.01 4331000.0 115845000.0
131 Dec 21, 2017 0.01 0.01 0.01 0.01 4598290.0 95454100.0
132 Dec 22, 2017 0.01 0.01 0.01 0.01 3340720.0 118341000.0
133 Dec 23, 2017 0.01 0.02 0.01 0.02 10870400.0 107961000.0
134 Dec 24, 2017 0.02 0.02 0.01 0.02 5529310.0 183734000.0
135 Dec 25, 2017 0.02 0.04 0.02 0.03 20397800.0 185245000.0
136 Dec 26, 2017 0.03 0.03 0.03 0.03 15522100.0 332925000.0
137 Dec 27, 2017 0.03 0.03 0.02 0.03 18662600.0 327166000.0
138 Dec 28, 2017 0.03 0.03 0.02 0.03 16548100.0 322233000.0
139 Dec 29, 2017 0.03 0.03 0.02 0.02 11519200.0 279246000.0
140 Dec 30, 2017 0.02 0.02 0.01 0.02 9897250.0 221616000.0
141 Dec 31, 2017 0.02 0.02 0.02 0.02 6698050.0 186694000.0
142 Jan 01, 2018 0.02 0.02 0.02 0.02 5310690.0 207893000.0
143 Jan 02, 2018 0.02 0.03 0.01 0.02 19603700.0 194260000.0
144 Jan 03, 2018 0.02 0.03 0.02 0.03 20706800.0 257134000.0
145 Jan 04, 2018 0.03 0.06 0.03 0.06 50990100.0 363135000.0
146 Jan 05, 2018 0.06 0.09 0.05 0.08 99149400.0 600804000.0
147 Jan 06, 2018 0.08 0.08 0.06 0.07 46017300.0 853321000.0
148 Jan 07, 2018 0.07 0.08 0.07 0.07 35168300.0 792907000.0
149 Jan 08, 2018 0.07 0.08 0.06 0.08 54355300.0 717621000.0
150 Jan 09, 2018 0.08 0.11 0.07 0.1 91694500.0 823201000.0
151 Jan 10, 2018 0.1 0.1 0.08 0.08 60780700.0 1044980000.0
152 Jan 11, 2018 0.08 0.09 0.05 0.07 67511500.0 856253000.0
153 Jan 12, 2018 0.07 0.07 0.06 0.07 36508600.0 705933000.0
154 Jan 13, 2018 0.07 0.07 0.06 0.06 24048600.0 758222000.0
155 Jan 14, 2018 0.06 0.06 0.05 0.06 19473900.0 662004000.0
156 Jan 15, 2018 0.06 0.06 0.05 0.05 17434900.0 608852000.0
157 Jan 16, 2018 0.05 0.05 0.02 0.03 39028600.0 510885000.0
158 Jan 17, 2018 0.03 0.05 0.03 0.05 47796100.0 352392000.0
159 Jan 18, 2018 0.05 0.06 0.04 0.05 33664400.0 509353000.0
160 Jan 19, 2018 0.05 0.05 0.04 0.04 14086200.0 535136000.0
161 Jan 20, 2018 0.04 0.05 0.04 0.05 14949800.0 484054000.0
162 Jan 21, 2018 0.05 0.05 0.04 0.04 11811600.0 492672000.0
163 Jan 22, 2018 0.04 0.04 0.03 0.04 10722300.0 426905000.0
164 Jan 23, 2018 0.04 0.04 0.03 0.04 8258470.0 390419000.0
165 Jan 24, 2018 0.04 0.04 0.03 0.04 9564350.0 372031000.0
166 >Jan 25, 201 0.04 0.04 0.03 0.03 6338710.0 377682000.0
167 Jan 26, 2018 0.03 0.04 0.03 0.03 9200790.0 364995000.0
168 Jan 27, 2018 0.03 0.04 0.03 0.03 5692110.0 354511000.0
169 Jan 28, 2018 0.03 0.04 0.03 0.03 4320580.0 365591000.0
170 Jan 29, 2018 0.03 0.04 0.03 0.04 19713600.0 356391000.0
171 Jan 30, 2018 0.04 0.04 0.03 0.03 10826600.0 438109000.0
172 Jan 31, 2018 0.03 0.03 0.03 0.03 5722510.0 341771000.0
173 Feb 01, 2018 0.03 0.03 0.02 0.03 6233370.0 327051000.0
174 Feb 02, 2018 0.03 0.03 0.01 0.02 13074100.0 272005000.0
175 Feb 03, 2018 0.02 0.03 0.02 0.03 17538800.0 260360000.0
176 Feb 04, 2018 0.03 0.03 0.02 0.03 8510830.0 345721000.0
177 Feb 05, 2018 0.03 0.03 0.02 0.02 10905100.0 265473000.0
178 Feb 06, 2018 0.02 0.03 0.01 0.02 31767500.0 196109000.0
179 Feb 07, 2018 0.02 0.03 0.02 0.02 5593420.0 258110000.0
180 Feb 08, 2018 0.02 0.03 0.02 0.03 3996720.0 243796000.0
181 Feb 09, 2018 0.03 0.03 0.02 0.03 3423970.0 274911000.0
182 Feb 10, 2018 0.03 0.03 0.02 0.02 4810050.0 286293000.0
183 Feb 11, 2018 0.02 0.02 0.02 0.02 2836270.0 258044000.0
184 Feb 12, 2018 0.02 0.03 0.02 0.02 2353910.0 244572000.0
185 Feb 13, 2018 0.02 0.02 0.02 0.02 1664020.0 263623000.0
186 Feb 14, 2018 0.02 0.03 0.02 0.03 2204130.0 242624000.0
187 Feb 15, 2018 0.03 0.03 0.02 0.03 1782320.0 268283000.0
188 Feb 16, 2018 0.03 0.03 0.03 0.03 2527020.0 274289000.0
189 Feb 17, 2018 0.03 0.03 0.03 0.03 2686850.0 278721000.0
190 Feb 18, 2018 0.03 0.03 0.02 0.02 2216380.0 280324000.0
191 Feb 19, 2018 0.02 0.03 0.02 0.03 1809150.0 258705000.0
192 Feb 20, 2018 0.03 0.03 0.02 0.02 2757230.0 287323000.0
193 Feb 21, 2018 0.02 0.03 0.02 0.03 12174300.0 258567000.0
194 Feb 22, 2018 0.03 0.04 0.03 0.03 19274800.0 312844000.0
195 Feb 23, 2018 0.03 0.03 0.03 0.03 5305630.0 294797000.0
196 Feb 24, 2018 0.03 0.03 0.03 0.03 3135090.0 313036000.0
197 Feb 25, 2018 0.03 0.03 0.03 0.03 5729270.0 289906000.0
198 Feb 26, 2018 0.03 0.03 0.03 0.03 6166200.0 321938000.0
199 Feb 27, 2018 0.03 0.03 0.03 0.03 3975200.0 301388000.0
200 Feb 28, 2018 0.03 0.03 0.02 0.02 2518610.0 283161000.0
201 Mar 01, 2018 0.02 0.03 0.02 0.02 2129670.0 258172000.0
202 Mar 02, 2018 0.02 0.02 0.02 0.02 5779060.0 257515000.0
203 Mar 03, 2018 0.02 0.02 0.02 0.02 2344930.0 238724000.0
204 Mar 04, 2018 0.02 0.02 0.02 0.02 3063530.0 229858000.0
205 Mar 05, 2018 0.02 0.02 0.02 0.02 3787730.0 225212000.0
206 Mar 06, 2018 0.02 0.02 0.02 0.02 2106600.0 239767000.0
207 Mar 07, 2018 0.02 0.02 0.02 0.02 2859080.0 205520000.0
208 Mar 08, 2018 0.02 0.02 0.01 0.01 2476480.0 180022000.0
209 Mar 09, 2018 0.01 0.01 0.01 0.01 2738870.0 153337000.0
210 Mar 10, 2018 0.01 0.02 0.01 0.01 856478.0 166290000.0
211 Mar 11, 2018 0.01 0.01 0.01 0.01 708656.0 147705000.0
212 Mar 12, 2018 0.01 0.02 0.01 0.01 1324140.0 159831000.0
213 Mar 13, 2018 0.01 0.01 0.01 0.01 748634.0 157776000.0
214 Mar 14, 2018 0.01 0.01 0.01 0.01 1053150.0 150334000.0
215 Mar 15, 2018 0.01 0.01 0.01 0.01 1673380.0 120463000.0
216 Mar 16, 2018 0.01 0.01 0.01 0.01 653741.0 119693000.0
217 Mar 17, 2018 0.01 0.01 0.01 0.01 646822.0 116685000.0
218 Mar 18, 2018 0.01 0.01 0.01 0.01 2327640.0 102754000.0
219 Mar 19, 2018 0.01 0.01 0.01 0.01 1270370.0 95522000.0
220 Mar 20, 2018 0.01 0.01 0.01 0.01 1775840.0 119307000.0
221 Mar 21, 2018 0.01 0.01 0.01 0.01 1118990.0 112931000.0
222 Mar 22, 2018 0.01 0.01 0.01 0.01 1075860.0 115806000.0
223 Mar 23, 2018 0.01 0.01 0.01 0.01 1474080.0 104334000.0
224 Mar 24, 2018 0.01 0.01 0.01 0.01 1801400.0 112390000.0
225 Mar 25, 2018 0.01 0.01 0.01 0.01 1511000.0 118740000.0
226 Mar 26, 2018 0.01 0.01 0.01 0.01 1411540.0 124055000.0
227 Mar 27, 2018 0.01 0.01 0.01 0.01 865701.0 115461000.0
