0 Sep 12, 2017 0.61 0.98 0.58 0.63 257746.0 0.0
1 Sep 13, 2017 0.63 1.75 0.63 1.28 521254.0 0.0
2 Sep 14, 2017 1.28 1.53 0.94 1.14 326545.0 15824900.0
3 Sep 15, 2017 1.14 1.45 0.84 1.35 150395.0 14142600.0
4 Sep 16, 2017 1.36 1.51 1.05 1.28 265917.0 16837900.0
5 Sep 17, 2017 1.28 1.34 1.1 1.29 114147.0 15856300.0
6 Sep 18, 2017 1.29 1.46 1.18 1.24 165211.0 15986800.0
7 Sep 19, 2017 1.25 1.33 1.05 1.21 114676.0 15458600.0
8 Sep 20, 2017 1.21 1.21 0.77 0.92 94403.4 15033100.0
9 Sep 21, 2017 0.92 0.99 0.87 0.95 55863.5 11343300.0
10 Sep 22, 2017 0.94 1.17 0.91 1.12 102911.0 11625800.0
11 Sep 23, 2017 1.15 1.19 1.05 1.07 252009.0 14224700.0
12 Sep 24, 2017 1.07 1.08 0.95 1.01 107388.0 13265400.0
13 Sep 25, 2017 1.03 1.18 1.02 1.14 90874.4 12785200.0
14 Sep 26, 2017 1.11 1.15 1.04 1.09 95987.5 13817500.0
15 Sep 27, 2017 1.12 1.18 0.96 1.0 87055.0 13939900.0
16 Sep 28, 2017 1.0 1.18 0.8 1.06 116005.0 12370900.0
17 Sep 29, 2017 1.01 1.09 0.84 0.95 115864.0 12564200.0
18 Sep 30, 2017 0.96 1.07 0.94 0.98 70904.2 11873000.0
19 Oct 01, 2017 0.98 1.15 0.91 1.09 143693.0 12214600.0
20 Oct 02, 2017 1.07 1.13 0.99 1.1 146971.0 13364300.0
21 Oct 03, 2017 1.1 1.59 1.1 1.56 241967.0 13686100.0
22 Oct 04, 2017 1.53 2.49 1.33 1.94 389876.0 18995500.0
23 Oct 05, 2017 1.99 2.39 1.75 2.33 320554.0 24683700.0
24 Oct 06, 2017 2.37 2.99 2.18 2.45 589588.0 29478900.0
25 Oct 07, 2017 2.52 2.52 1.83 2.09 200175.0 31339200.0
26 Oct 08, 2017 2.08 2.44 1.76 1.94 265192.0 25952800.0
27 Oct 09, 2017 1.94 2.11 1.44 1.84 209820.0 24185100.0
28 Oct 10, 2017 1.73 1.85 1.52 1.77 129318.0 21549900.0
29 Oct 11, 2017 1.77 2.3 1.64 1.7 157037.0 22068400.0
30 Oct 12, 2017 1.7 1.93 1.64 1.81 76484.0 21179200.0
31 Oct 13, 2017 1.81 2.26 1.76 2.04 151895.0 22573600.0
32 Oct 14, 2017 1.97 2.56 1.95 2.5 208909.0 24593200.0
33 Oct 15, 2017 2.5 2.5 1.93 2.43 193211.0 31189100.0
34 Oct 16, 2017 2.43 3.09 2.15 2.89 383784.0 30320100.0
35 Oct 17, 2017 2.9 3.74 2.78 3.58 889541.0 36111100.0
36 Oct 18, 2017 3.42 4.68 3.21 4.53 1980250.0 42702900.0
37 Oct 19, 2017 4.53 4.55 3.84 4.12 472055.0 56504000.0
38 Oct 20, 2017 4.22 4.54 3.96 4.25 476738.0 52651700.0
39 Oct 21, 2017 4.25 4.28 3.64 3.74 316624.0 52992000.0
40 Oct 22, 2017 3.77 4.45 3.63 4.4 318137.0 47092700.0
41 Oct 23, 2017 4.42 5.21 4.1 5.2 499088.0 55222700.0
42 Oct 24, 2017 5.19 5.88 4.91 5.19 900605.0 64805700.0
43 Oct 25, 2017 5.19 5.36 4.54 5.14 447547.0 64882600.0
44 Oct 26, 2017 5.14 5.99 4.92 5.78 459691.0 64208800.0
45 Oct 27, 2017 5.78 5.91 5.15 5.2 387179.0 72277900.0
46 Oct 28, 2017 5.31 5.39 4.56 4.98 347010.0 66331900.0
47 Oct 29, 2017 4.97 5.23 4.57 4.73 270925.0 62173100.0
48 Oct 30, 2017 4.7 4.96 3.5 4.48 698406.0 58720400.0
49 Oct 31, 2017 4.47 5.1 4.13 4.83 447235.0 55867700.0
50 Nov 01, 2017 4.83 5.09 4.09 4.2 404690.0 60363000.0
51 Nov 02, 2017 4.2 4.26 2.77 4.04 745693.0 52542100.0
52 Nov 03, 2017 4.03 4.23 3.5 4.04 228962.0 50370100.0
53 Nov 04, 2017 3.97 5.35 3.7 3.7 209124.0 49721800.0
54 Nov 05, 2017 3.69 4.2 3.69 3.79 245500.0 46186500.0
55 Nov 06, 2017 3.83 3.97 3.29 3.8 290900.0 48016100.0
56 Nov 07, 2017 3.79 4.03 3.62 3.96 180467.0 47480200.0
57 Nov 08, 2017 3.94 5.17 3.93 4.64 489596.0 49416000.0
58 Nov 09, 2017 4.64 5.29 4.33 4.92 652781.0 58104500.0
59 Nov 10, 2017 4.93 4.98 3.87 4.0 400021.0 61822100.0
60 Nov 11, 2017 4.06 4.4 3.79 3.88 470746.0 50957600.0
61 Nov 12, 2017 3.88 4.07 3.31 3.56 300980.0 48605400.0
62 Nov 13, 2017 3.57 4.15 3.5 3.83 283372.0 44757200.0
63 Nov 14, 2017 3.84 3.94 2.91 3.62 368012.0 48177500.0
64 Nov 15, 2017 3.62 3.72 3.29 3.52 393762.0 45390000.0
65 Nov 16, 2017 3.54 4.6 3.41 3.99 684305.0 44368000.0
66 Nov 17, 2017 4.23 4.23 3.26 3.37 463203.0 53156000.0
67 Nov 18, 2017 3.35 3.52 3.13 3.37 296049.0 42099100.0
68 Nov 19, 2017 3.39 3.39 2.67 3.17 471144.0 42548800.0
69 Nov 20, 2017 3.17 3.54 2.96 3.06 261967.0 39768500.0
70 Nov 21, 2017 3.05 3.21 2.89 3.02 266378.0 38329600.0
71 Nov 22, 2017 3.0 3.08 2.71 2.92 300506.0 37659600.0
72 Nov 23, 2017 2.92 3.12 2.47 2.73 416008.0 36719500.0
73 Nov 24, 2017 2.74 3.65 2.68 3.48 308611.0 34478200.0
74 Nov 25, 2017 3.44 3.6 3.06 3.22 325835.0 43211200.0
75 Nov 26, 2017 3.22 3.39 2.92 3.19 277734.0 40548900.0
76 Nov 27, 2017 3.2 3.31 2.93 3.05 286401.0 40217200.0
77 Nov 28, 2017 3.06 3.39 2.93 2.98 342147.0 38488100.0
78 Nov 29, 2017 3.02 3.2 2.51 2.67 307601.0 38080600.0
79 Nov 30, 2017 2.71 3.04 2.42 2.93 219988.0 34095400.0
80 Dec 01, 2017 2.92 3.06 2.56 2.95 346399.0 36755500.0
81 Dec 02, 2017 2.95 2.97 2.64 2.67 284357.0 37111500.0
82 Dec 03, 2017 2.64 3.07 2.62 2.9 288911.0 33216800.0
83 Dec 04, 2017 2.9 3.91 2.86 3.65 672699.0 36511000.0
84 Dec 05, 2017 3.65 4.24 3.39 4.07 518455.0 46083400.0
85 Dec 06, 2017 3.96 4.33 3.73 4.12 616653.0 49977200.0
86 Dec 07, 2017 4.2 4.59 3.6 4.09 616727.0 52998500.0
87 Dec 08, 2017 4.1 4.22 3.14 3.78 580263.0 51707400.0
88 Dec 09, 2017 3.81 3.87 3.33 3.62 345927.0 48129000.0
89 Dec 10, 2017 3.63 3.73 3.08 3.29 355318.0 45806400.0
90 Dec 11, 2017 3.27 3.84 3.21 3.32 291876.0 41275400.0
91 Dec 12, 2017 3.33 3.73 2.95 3.42 346566.0 41997500.0
92 Dec 13, 2017 3.39 4.78 3.05 4.38 594952.0 42771100.0
93 Dec 14, 2017 4.28 4.55 3.56 3.99 356777.0 54091900.0
94 Dec 15, 2017 3.96 4.15 3.48 3.92 335296.0 50007200.0
95 Dec 16, 2017 3.93 4.38 3.68 4.28 433080.0 49634500.0
96 Dec 17, 2017 4.21 4.34 3.9 4.09 452794.0 53220700.0
97 Dec 18, 2017 4.1 4.83 3.85 4.8 504052.0 51871200.0
98 Dec 19, 2017 4.85 5.03 4.07 4.38 623820.0 61355100.0
99 Dec 20, 2017 4.37 4.58 3.78 4.52 605108.0 55252700.0
100 Dec 21, 2017 4.54 5.25 4.2 4.82 600706.0 57388900.0
101 Dec 22, 2017 4.83 9.91 3.9 7.5 7843310.0 61135300.0
102 Dec 23, 2017 7.57 8.89 7.36 7.64 3941520.0 95809600.0
103 Dec 24, 2017 7.63 7.63 6.13 6.54 1545340.0 96530800.0
104 Dec 25, 2017 6.58 7.28 6.33 6.74 1261440.0 83281100.0
105 Dec 26, 2017 6.82 7.11 5.44 6.36 1692320.0 86433200.0
106 Dec 27, 2017 6.37 8.01 5.76 7.66 2012800.0 80631600.0
107 Dec 28, 2017 7.69 8.66 6.11 6.96 1511940.0 97398700.0
108 Dec 29, 2017 7.15 9.32 6.61 8.49 3289740.0 90638300.0
109 Dec 30, 2017 8.44 8.57 6.77 7.44 1538800.0 106947000.0
110 Dec 31, 2017 7.35 8.58 7.0 8.35 1713930.0 93197100.0
111 Jan 01, 2018 8.36 9.33 7.72 9.13 2443900.0 105982000.0
112 Jan 02, 2018 9.05 9.72 7.98 8.31 2407610.0 114757000.0
113 Jan 03, 2018 8.31 8.89 7.99 8.43 2770880.0 105450000.0
114 Jan 04, 2018 8.48 8.54 7.5 8.11 2888930.0 107629000.0
115 >Jan 05, 201 8.12 8.86 7.02 7.53 3280040.0 103083000.0
116 Jan 06, 2018 7.75 28.38 7.62 22.85 72246800.0 98452400.0
117 Jan 07, 2018 22.14 31.37 17.44 25.08 103923000.0 281265000.0
118 Jan 08, 2018 23.97 51.02 23.31 44.67 310931000.0 304548000.0
119 Jan 09, 2018 44.8 64.87 40.37 44.46 222014000.0 569252000.0
120 Jan 10, 2018 45.33 56.5 36.27 38.71 91383300.0 576140000.0
121 Jan 11, 2018 38.28 39.84 27.58 29.94 35328800.0 486608000.0
122 Jan 12, 2018 30.12 41.63 28.53 36.82 34940300.0 383054000.0
123 Jan 13, 2018 36.8 37.42 29.64 32.64 24524700.0 468025000.0
124 Jan 14, 2018 32.54 32.54 24.63 27.78 18080500.0 414006000.0
125 Jan 15, 2018 27.64 28.92 22.09 22.09 10330000.0 351746000.0
126 Jan 16, 2018 22.13 31.23 14.17 23.52 76247800.0 281628000.0
127 Jan 17, 2018 23.4 33.86 22.31 26.53 93353900.0 297911000.0
128 Jan 18, 2018 26.36 30.85 25.35 26.37 27568100.0 335720000.0
129 Jan 19, 2018 26.03 29.67 25.13 26.99 12536700.0 331560000.0
130 Jan 20, 2018 27.24 31.79 26.96 31.21 16059900.0 347065000.0
131 Jan 21, 2018 30.94 31.18 23.76 25.13 9588240.0 394206000.0
132 Jan 22, 2018 25.84 26.31 19.99 22.26 7241140.0 329294000.0
133 Jan 23, 2018 22.17 22.71 19.39 21.05 5872280.0 282630000.0
134 Jan 24, 2018 21.09 24.48 20.44 21.46 16784500.0 268940000.0
135 Jan 25, 2018 21.97 22.88 20.63 20.76 4307440.0 280278000.0
136 Jan 26, 2018 20.66 21.54 18.47 19.97 4449880.0 263640000.0
137 Jan 27, 2018 19.95 21.77 19.42 20.85 4554200.0 254586000.0
138 Jan 28, 2018 20.94 24.03 20.54 20.7 11389400.0 267286000.0
139 Jan 29, 2018 20.62 20.95 18.91 19.28 3493170.0 263210000.0
140 Jan 30, 2018 19.25 19.26 15.5 16.31 3546130.0 245819000.0
141 Jan 31, 2018 16.35 17.38 15.43 17.16 4591030.0 208810000.0
142 Feb 01, 2018 17.15 18.04 13.08 14.42 4344220.0 219143000.0
143 Feb 02, 2018 14.53 14.54 10.28 12.89 4566820.0 185708000.0
144 Feb 03, 2018 12.97 14.55 11.79 14.06 2578680.0 165888000.0
145 Feb 04, 2018 14.07 14.32 11.07 11.98 2230170.0 179876000.0
146 Feb 05, 2018 11.87 12.12 7.83 8.64 2505870.0 151865000.0
147 Feb 06, 2018 8.86 12.14 6.93 12.0 3613470.0 113299000.0
148 Feb 07, 2018 11.98 12.91 9.77 10.52 3084850.0 153291000.0
149 Feb 08, 2018 10.48 11.95 10.42 11.51 3217800.0 134185000.0
150 Feb 09, 2018 11.54 13.89 11.04 13.79 256549.0 147728000.0
151 Feb 10, 2018 13.81 14.06 11.01 11.75 2172730.0 176814000.0
152 Feb 11, 2018 11.69 12.04 10.31 10.82 2325390.0 149761000.0
153 Feb 12, 2018 10.87 13.7 10.87 13.59 2909730.0 139317000.0
154 Feb 13, 2018 13.55 13.64 11.3 11.5 1737860.0 173647000.0
155 Feb 14, 2018 11.49 14.86 11.49 14.86 4152390.0 147279000.0
156 Feb 15, 2018 15.16 22.27 14.09 18.56 83055100.0 194389000.0
157 Feb 16, 2018 18.6 19.49 16.44 18.07 21028200.0 238531000.0
158 Feb 17, 2018 17.93 19.04 17.31 17.75 8966690.0 230029000.0
159 Feb 18, 2018 17.71 17.74 15.5 16.17 5277620.0 227273000.0
160 Feb 19, 2018 16.16 19.81 16.14 18.42 19410400.0 207436000.0
161 Feb 20, 2018 18.39 18.66 15.58 15.58 7469010.0 236034000.0
162 Feb 21, 2018 15.36 17.62 14.41 15.02 7882850.0 197258000.0
163 Feb 22, 2018 15.16 15.8 13.12 13.31 3096320.0 194753000.0
164 Feb 23, 2018 13.33 14.65 12.8 14.28 3479680.0 171188000.0
165 Feb 24, 2018 14.26 14.53 12.67 13.13 2625070.0 183261000.0
166 Feb 25, 2018 13.11 14.99 12.91 13.65 5732600.0 168453000.0
167 Feb 26, 2018 13.66 14.95 13.39 13.93 4307770.0 175634000.0
168 Feb 27, 2018 13.94 15.0 13.73 14.09 3494090.0 179236000.0
169 Feb 28, 2018 14.1 20.06 14.02 16.05 39374500.0 181360000.0
170 Mar 01, 2018 16.12 17.78 15.42 15.96 14257000.0 207385000.0
171 Mar 02, 2018 16.0 16.0 14.92 15.56 4074000.0 205917000.0
172 Mar 03, 2018 15.64 18.58 15.31 17.07 11323300.0 201291000.0
173 Mar 04, 2018 17.01 17.01 15.69 16.54 4977800.0 228200000.0
174 Mar 05, 2018 16.44 16.57 15.92 15.94 3684860.0 212146000.0
175 Mar 06, 2018 15.87 18.98 14.87 15.28 15203600.0 204497000.0
176 Mar 07, 2018 15.28 15.72 11.84 13.09 6447580.0 196810000.0
177 Mar 08, 2018 13.05 13.34 11.52 11.86 3001220.0 168170000.0
178 Mar 09, 2018 11.81 12.07 9.35 11.97 3621810.0 152269000.0
179 Mar 10, 2018 11.93 12.87 11.07 11.37 3596990.0 153823000.0
180 Mar 11, 2018 11.34 13.05 10.89 12.71 3499730.0 146233000.0
181 Mar 12, 2018 12.73 13.44 11.29 11.87 3715790.0 164202000.0
182 Mar 13, 2018 11.85 12.34 11.26 11.44 2210290.0 152855000.0
183 Mar 14, 2018 11.4 11.78 9.36 9.7 2199010.0 147180000.0
184 Mar 15, 2018 9.68 10.46 8.92 10.38 8666500.0 124886000.0
185 Mar 16, 2018 10.4 10.97 9.32 9.84 11627400.0 134300000.0
186 Mar 17, 2018 9.82 9.9 8.79 8.88 9337750.0 126853000.0
187 Mar 18, 2018 8.86 8.91 6.65 8.65 10712700.0 114372000.0
188 Mar 19, 2018 8.68 9.19 8.29 8.81 9804430.0 112077000.0
189 Mar 20, 2018 8.85 9.81 8.53 9.63 12259800.0 114332000.0
190 Mar 21, 2018 9.66 11.03 9.44 9.98 13945800.0 124795000.0
191 Mar 22, 2018 9.94 10.13 8.81 9.26 12822900.0 128426000.0
192 Mar 23, 2018 9.24 11.81 8.68 11.81 24330300.0 119425000.0
193 Mar 24, 2018 12.15 12.83 10.52 10.91 27593800.0 157183000.0
194 Mar 25, 2018 10.72 12.64 10.36 11.79 18000400.0 138766000.0
195 Mar 26, 2018 11.75 12.74 9.99 11.37 15736200.0 152121000.0
196 Mar 27, 2018 11.33 11.57 9.85 9.88 10254500.0 146751000.0
