0 Aug 05, 2014 0.0 0.0 0.0 0.0 30316.3 772597.0
1 Aug 06, 2014 0.0 0.0 0.0 0.0 35819.8 746554.0
2 Aug 07, 2014 0.0 0.0 0.0 0.0 142864.0 976942.0
3 Aug 08, 2014 0.0 0.0 0.0 0.0 93707.8 1075820.0
4 Aug 09, 2014 0.0 0.0 0.0 0.0 233579.0 1261300.0
5 Aug 10, 2014 0.0 0.01 0.0 0.0 352737.0 1652770.0
6 Aug 11, 2014 0.0 0.01 0.0 0.0 479942.0 2351620.0
7 Aug 12, 2014 0.0 0.0 0.0 0.0 345441.0 2274180.0
8 Aug 13, 2014 0.0 0.0 0.0 0.0 256302.0 2237580.0
9 Aug 14, 2014 0.0 0.0 0.0 0.0 169177.0 2580570.0
10 Aug 15, 2014 0.0 0.0 0.0 0.0 135243.0 2513090.0
11 Aug 16, 2014 0.0 0.0 0.0 0.0 116834.0 2429190.0
12 Aug 17, 2014 0.0 0.0 0.0 0.0 61889.0 2576620.0
13 Aug 18, 2014 0.0 0.0 0.0 0.0 104237.0 2421500.0
14 Aug 19, 2014 0.0 0.0 0.0 0.0 66940.6 2114990.0
15 Aug 20, 2014 0.0 0.0 0.0 0.0 96583.8 2318890.0
16 Aug 21, 2014 0.0 0.0 0.0 0.0 76029.3 2595540.0
17 Aug 22, 2014 0.0 0.0 0.0 0.0 50589.1 2495560.0
18 Aug 23, 2014 0.0 0.0 0.0 0.0 43776.3 2460170.0
19 Aug 24, 2014 0.0 0.0 0.0 0.0 37470.4 2333070.0
20 Aug 25, 2014 0.0 0.0 0.0 0.0 38511.6 2332310.0
21 Aug 26, 2014 0.0 0.0 0.0 0.0 99823.0 2316850.0
22 Aug 27, 2014 0.0 0.0 0.0 0.0 60131.8 2379110.0
23 Aug 28, 2014 0.0 0.0 0.0 0.0 90044.1 2368000.0
24 Aug 29, 2014 0.0 0.0 0.0 0.0 43048.5 2278590.0
25 Aug 30, 2014 0.0 0.0 0.0 0.0 39115.8 2314020.0
26 Aug 31, 2014 0.0 0.0 0.0 0.0 22843.5 2284040.0
27 >Sep 01, 201 0.0 0.0 0.0 0.0 27974.9 2149450.0
28 Sep 02, 2014 0.0 0.0 0.0 0.0 23792.5 2094120.0
29 Sep 03, 2014 0.0 0.0 0.0 0.0 36080.6 2084530.0
30 Sep 04, 2014 0.0 0.0 0.0 0.0 58031.0 2296730.0
31 Sep 05, 2014 0.0 0.0 0.0 0.0 26119.0 2386010.0
32 Sep 06, 2014 0.0 0.0 0.0 0.0 31676.0 2342120.0
33 Sep 07, 2014 0.0 0.0 0.0 0.0 34743.6 2328500.0
34 Sep 08, 2014 0.0 0.0 0.0 0.0 105569.0 2319720.0
35 Sep 09, 2014 0.0 0.0 0.0 0.0 51288.7 2586270.0
36 Sep 10, 2014 0.0 0.0 0.0 0.0 59877.9 2501190.0
37 Sep 11, 2014 0.0 0.0 0.0 0.0 113300.0 2590280.0
38 Sep 12, 2014 0.0 0.0 0.0 0.0 117052.0 2902440.0
39 Sep 13, 2014 0.0 0.0 0.0 0.0 111452.0 3539410.0
40 Sep 14, 2014 0.0 0.0 0.0 0.0 113315.0 3635190.0
41 Sep 15, 2014 0.0 0.0 0.0 0.0 72903.1 3394810.0
42 Sep 16, 2014 0.0 0.0 0.0 0.0 86554.9 3600720.0
43 Sep 17, 2014 0.0 0.0 0.0 0.0 118073.0 3568360.0
44 Sep 18, 2014 0.0 0.0 0.0 0.0 205474.0 3697400.0
45 Sep 19, 2014 0.0 0.0 0.0 0.0 204649.0 4160240.0
46 Sep 20, 2014 0.0 0.0 0.0 0.0 186971.0 4760040.0
47 Sep 21, 2014 0.0 0.0 0.0 0.0 145626.0 4374580.0
48 Sep 22, 2014 0.0 0.0 0.0 0.0 178810.0 4234030.0
49 Sep 23, 2014 0.0 0.0 0.0 0.0 120447.0 4903240.0
50 Sep 24, 2014 0.0 0.0 0.0 0.0 163121.0 4860820.0
51 Sep 25, 2014 0.0 0.0 0.0 0.0 81902.3 4800810.0
52 Sep 26, 2014 0.0 0.0 0.0 0.0 117908.0 4503470.0
53 Sep 27, 2014 0.0 0.0 0.0 0.0 44491.5 3829790.0
54 Sep 28, 2014 0.0 0.0 0.0 0.0 77804.4 4128940.0
55 Sep 29, 2014 0.0 0.0 0.0 0.0 32857.8 4038750.0
56 Sep 30, 2014 0.0 0.0 0.0 0.0 21131.0 4131310.0
57 Oct 01, 2014 0.0 0.0 0.0 0.0 70180.0 4147990.0
58 Oct 02, 2014 0.0 0.0 0.0 0.0 30541.9 3745360.0
59 Oct 03, 2014 0.0 0.0 0.0 0.0 34169.0 3582830.0
60 Oct 04, 2014 0.0 0.0 0.0 0.0 45969.4 3433990.0
61 Oct 05, 2014 0.0 0.0 0.0 0.0 29395.7 3231660.0
62 Oct 06, 2014 0.0 0.0 0.0 0.0 34445.5 3157090.0
63 Oct 07, 2014 0.0 0.0 0.0 0.0 35419.5 3412980.0
64 Oct 08, 2014 0.0 0.0 0.0 0.0 28232.1 3219510.0
65 Oct 09, 2014 0.0 0.0 0.0 0.0 11066.1 3316890.0
66 Oct 10, 2014 0.0 0.0 0.0 0.0 14306.5 3185650.0
67 Oct 11, 2014 0.0 0.0 0.0 0.0 34908.8 3147830.0
68 Oct 12, 2014 0.0 0.0 0.0 0.0 76977.5 3215900.0
69 Oct 13, 2014 0.0 0.0 0.0 0.0 44926.7 3096940.0
70 Oct 14, 2014 0.0 0.0 0.0 0.0 32532.5 3209080.0
71 Oct 15, 2014 0.0 0.0 0.0 0.0 46515.5 3288880.0
72 Oct 16, 2014 0.0 0.0 0.0 0.0 39043.9 3055120.0
73 Oct 17, 2014 0.0 0.0 0.0 0.0 22242.1 2943660.0
74 Oct 18, 2014 0.0 0.0 0.0 0.0 27435.3 2875970.0
75 Oct 19, 2014 0.0 0.0 0.0 0.0 18945.2 2941420.0
76 Oct 20, 2014 0.0 0.0 0.0 0.0 38282.2 2904680.0
77 Oct 21, 2014 0.0 0.0 0.0 0.0 26100.7 2919940.0
78 Oct 22, 2014 0.0 0.0 0.0 0.0 19376.2 2990180.0
79 Oct 23, 2014 0.0 0.0 0.0 0.0 15613.8 2952570.0
80 Oct 24, 2014 0.0 0.0 0.0 0.0 29512.3 2804450.0
81 Oct 25, 2014 0.0 0.0 0.0 0.0 13101.4 2875720.0
82 Oct 26, 2014 0.0 0.0 0.0 0.0 9559.15 2785750.0
83 Oct 27, 2014 0.0 0.0 0.0 0.0 14395.9 2859770.0
84 Oct 28, 2014 0.0 0.0 0.0 0.0 73811.3 2890500.0
85 Oct 29, 2014 0.0 0.0 0.0 0.0 24172.4 2480090.0
86 Oct 30, 2014 0.0 0.0 0.0 0.0 13178.7 2518280.0
87 Oct 31, 2014 0.0 0.0 0.0 0.0 10732.7 2599070.0
88 Nov 01, 2014 0.0 0.0 0.0 0.0 494272.0 2508800.0
89 Nov 02, 2014 0.0 0.0 0.0 0.0 9242.42 2306560.0
90 Nov 03, 2014 0.0 0.0 0.0 0.0 15148.8 2357680.0
91 Nov 04, 2014 0.0 0.0 0.0 0.0 9766.41 2521800.0
92 Nov 05, 2014 0.0 0.0 0.0 0.0 10616.9 2543690.0
93 Nov 06, 2014 0.0 0.0 0.0 0.0 13531.0 2623700.0
94 Nov 07, 2014 0.0 0.0 0.0 0.0 11531.1 2646700.0
95 Nov 08, 2014 0.0 0.0 0.0 0.0 4482.91 2531960.0
96 Nov 09, 2014 0.0 0.0 0.0 0.0 12705.0 6073100.0
97 Nov 10, 2014 0.0 0.0 0.0 0.0 16001.1 6145080.0
98 Nov 11, 2014 0.0 0.0 0.0 0.0 12534.0 6298920.0
99 Nov 12, 2014 0.0 0.0 0.0 0.0 15429.6 6166040.0
100 Nov 13, 2014 0.0 0.0 0.0 0.0 17376.2 6569220.0
101 Nov 14, 2014 0.0 0.0 0.0 0.0 10410.7 6286800.0
102 Nov 15, 2014 0.0 0.0 0.0 0.0 5382.07 6054010.0
103 Nov 16, 2014 0.0 0.0 0.0 0.0 5267.41 5700640.0
104 Nov 17, 2014 0.0 0.0 0.0 0.0 8443.06 5771490.0
105 Nov 18, 2014 0.0 0.0 0.0 0.0 16761.5 5678010.0
106 Nov 19, 2014 0.0 0.0 0.0 0.0 16849.1 4773240.0
107 Nov 20, 2014 0.0 0.0 0.0 0.0 14781.9 5475820.0
108 Nov 21, 2014 0.0 0.0 0.0 0.0 10259.8 5621460.0
109 Nov 22, 2014 0.0 0.0 0.0 0.0 35205.7 5540550.0
110 Nov 23, 2014 0.0 0.0 0.0 0.0 42071.3 6407620.0
111 Nov 24, 2014 0.0 0.0 0.0 0.0 13496.1 7660570.0
112 Nov 25, 2014 0.0 0.0 0.0 0.0 14659.1 6929320.0
113 Nov 26, 2014 0.0 0.0 0.0 0.0 32113.8 6729120.0
114 Nov 27, 2014 0.0 0.0 0.0 0.0 544484.0 7574340.0
115 Nov 28, 2014 0.0 0.0 0.0 0.0 209843.0 12144700.0
116 Nov 29, 2014 0.0 0.0 0.0 0.0 109351.0 9956170.0
117 Nov 30, 2014 0.0 0.0 0.0 0.0 61161.6 8932960.0
118 Dec 01, 2014 0.0 0.0 0.0 0.0 73122.2 7832720.0
119 Dec 02, 2014 0.0 0.0 0.0 0.0 48024.2 9003320.0
120 Dec 03, 2014 0.0 0.0 0.0 0.0 23619.8 8536960.0
121 Dec 04, 2014 0.0 0.0 0.0 0.0 27556.8 8415700.0
122 Dec 05, 2014 0.0 0.0 0.0 0.0 20562.3 8414030.0
123 Dec 06, 2014 0.0 0.0 0.0 0.0 31682.7 8349620.0
124 Dec 07, 2014 0.0 0.0 0.0 0.0 23877.1 8531720.0
125 Dec 08, 2014 0.0 0.0 0.0 0.0 34383.2 8258520.0
126 Dec 09, 2014 0.0 0.0 0.0 0.0 32196.5 8292180.0
127 Dec 10, 2014 0.0 0.0 0.0 0.0 38566.8 7982180.0
128 Dec 11, 2014 0.0 0.0 0.0 0.0 44074.7 8608130.0
129 Dec 12, 2014 0.0 0.0 0.0 0.0 29877.1 9059130.0
130 Dec 13, 2014 0.0 0.0 0.0 0.0 21917.6 8952690.0
131 Dec 14, 2014 0.0 0.0 0.0 0.0 27160.0 9006280.0
132 Dec 15, 2014 0.0 0.0 0.0 0.0 43740.1 8778660.0
133 Dec 16, 2014 0.0 0.0 0.0 0.0 259325.0 9129480.0
134 Dec 17, 2014 0.0 0.0 0.0 0.0 883715.0 11572500.0
135 Dec 18, 2014 0.0 0.01 0.0 0.01 1247810.0 14659400.0
136 Dec 19, 2014 0.01 0.01 0.01 0.01 2205890.0 21587300.0
137 Dec 20, 2014 0.01 0.01 0.0 0.01 736524.0 20132800.0
138 Dec 21, 2014 0.01 0.01 0.01 0.01 356552.0 20903800.0
139 Dec 22, 2014 0.01 0.01 0.01 0.01 329485.0 21046400.0
140 Dec 23, 2014 0.01 0.01 0.01 0.01 219787.0 20985200.0
141 Dec 24, 2014 0.01 0.01 0.01 0.01 158568.0 20514900.0
142 Dec 25, 2014 0.01 0.01 0.01 0.01 244758.0 18127400.0
143 Dec 26, 2014 0.01 0.01 0.01 0.01 125258.0 20570100.0
144 Dec 27, 2014 0.01 0.01 0.01 0.01 88666.1 22017800.0
145 Dec 28, 2014 0.01 0.01 0.01 0.01 117923.0 21344600.0
146 Dec 29, 2014 0.01 0.01 0.01 0.01 93474.7 20636400.0
147 Dec 30, 2014 0.01 0.01 0.01 0.01 97499.7 19881200.0
148 Dec 31, 2014 0.01 0.01 0.01 0.01 42090.8 19484500.0
149 Jan 01, 2015 0.01 0.01 0.01 0.01 20514.3 19624300.0
150 Jan 02, 2015 0.01 0.01 0.01 0.01 55380.6 19342400.0
151 Jan 03, 2015 0.01 0.01 0.0 0.0 135921.0 19470100.0
152 Jan 04, 2015 0.0 0.0 0.0 0.0 137593.0 16268200.0
153 Jan 05, 2015 0.0 0.01 0.0 0.0 144416.0 15737900.0
154 Jan 06, 2015 0.0 0.01 0.0 0.0 73402.8 17687100.0
155 Jan 07, 2015 0.0 0.01 0.0 0.01 84601.0 17702900.0
156 Jan 08, 2015 0.01 0.01 0.01 0.01 222723.0 18813500.0
157 Jan 09, 2015 0.01 0.01 0.01 0.01 83885.6 19793400.0
158 Jan 10, 2015 0.01 0.01 0.0 0.01 123545.0 20039300.0
159 Jan 11, 2015 0.01 0.01 0.0 0.01 40552.0 18456000.0
160 Jan 12, 2015 0.01 0.01 0.0 0.0 60808.0 17962800.0
161 Jan 13, 2015 0.0 0.0 0.0 0.0 131331.0 17356200.0
162 Jan 14, 2015 0.0 0.0 0.0 0.0 181567.0 14335800.0
163 Jan 15, 2015 0.0 0.01 0.0 0.01 196676.0 15452100.0
164 Jan 16, 2015 0.0 0.01 0.0 0.0 129665.0 17768800.0
165 Jan 17, 2015 0.0 0.0 0.0 0.0 39284.9 15582800.0
166 Jan 18, 2015 0.0 0.01 0.0 0.0 54344.3 16601000.0
167 Jan 19, 2015 0.0 0.01 0.0 0.0 57051.5 16982200.0
168 Jan 20, 2015 0.0 0.0 0.0 0.0 35158.5 17163400.0
169 Jan 21, 2015 0.0 0.01 0.0 0.01 65655.9 17047700.0
170 Jan 22, 2015 0.0 0.01 0.0 0.0 59947.3 17835000.0
171 Jan 23, 2015 0.0 0.0 0.0 0.0 42575.0 17582600.0
172 Jan 24, 2015 0.0 0.01 0.0 0.01 59005.6 17441200.0
173 Jan 25, 2015 0.01 0.01 0.0 0.0 69844.2 18006200.0
174 Jan 26, 2015 0.0 0.01 0.0 0.0 148296.0 17208500.0
175 Jan 27, 2015 0.0 0.0 0.0 0.0 92001.4 16860000.0
176 Jan 28, 2015 0.0 0.01 0.0 0.0 30636.2 17246900.0
177 Jan 29, 2015 0.0 0.0 0.0 0.0 92086.4 17564700.0
178 Jan 30, 2015 0.0 0.01 0.0 0.0 41891.9 16306400.0
179 Jan 31, 2015 0.0 0.01 0.0 0.0 24902.8 15950700.0
180 Feb 01, 2015 0.0 0.0 0.0 0.0 70974.5 15527200.0
181 Feb 02, 2015 0.0 0.0 0.0 0.0 28422.8 14857100.0
182 Feb 03, 2015 0.0 0.0 0.0 0.0 38689.1 14943900.0
183 Feb 04, 2015 0.0 0.0 0.0 0.0 33568.0 13479800.0
184 Feb 05, 2015 0.0 0.0 0.0 0.0 48565.2 13530400.0
185 Feb 06, 2015 0.0 0.0 0.0 0.0 68194.0 14598100.0
186 Feb 07, 2015 0.0 0.0 0.0 0.0 15482.4 13729800.0
187 Feb 08, 2015 0.0 0.0 0.0 0.0 20382.5 13782800.0
188 Feb 09, 2015 0.0 0.0 0.0 0.0 23287.1 13439800.0
189 Feb 10, 2015 0.0 0.0 0.0 0.0 30400.8 13107400.0
190 Feb 11, 2015 0.0 0.0 0.0 0.0 20838.7 12800900.0
191 Feb 12, 2015 0.0 0.0 0.0 0.0 22950.4 12675200.0
192 Feb 13, 2015 0.0 0.0 0.0 0.0 20250.0 12343900.0
193 Feb 14, 2015 0.0 0.0 0.0 0.0 27228.4 12886200.0
194 Feb 15, 2015 0.0 0.0 0.0 0.0 29544.7 13332400.0
195 Feb 16, 2015 0.0 0.0 0.0 0.0 19822.4 11885700.0
196 Feb 17, 2015 0.0 0.0 0.0 0.0 10246.5 11917400.0
197 Feb 18, 2015 0.0 0.0 0.0 0.0 11491.6 12113300.0
198 Feb 19, 2015 0.0 0.0 0.0 0.0 8161.73 11410700.0
199 Feb 20, 2015 0.0 0.0 0.0 0.0 3263.17 11635500.0
200 Feb 21, 2015 0.0 0.0 0.0 0.0 3103.15 11619800.0
201 Feb 22, 2015 0.0 0.0 0.0 0.0 14026.5 11558500.0
202 Feb 23, 2015 0.0 0.0 0.0 0.0 6965.66 10223600.0
203 Feb 24, 2015 0.0 0.0 0.0 0.0 9283.72 11234700.0
204 Feb 25, 2015 0.0 0.0 0.0 0.0 11097.7 11277500.0
205 Feb 26, 2015 0.0 0.0 0.0 0.0 14215.8 11442800.0
206 Feb 27, 2015 0.0 0.0 0.0 0.0 27445.3 11265400.0
207 Feb 28, 2015 0.0 0.0 0.0 0.0 12332.3 11442000.0
208 Mar 01, 2015 0.0 0.0 0.0 0.0 17782.1 11020100.0
209 Mar 02, 2015 0.0 0.0 0.0 0.0 28398.0 10057900.0
210 Mar 03, 2015 0.0 0.0 0.0 0.0 32141.9 10745600.0
211 Mar 04, 2015 0.0 0.0 0.0 0.0 22569.5 10274400.0
212 Mar 05, 2015 0.0 0.0 0.0 0.0 25406.8 10410400.0
213 Mar 06, 2015 0.0 0.0 0.0 0.0 22389.5 10847800.0
214 Mar 07, 2015 0.0 0.0 0.0 0.0 7588.54 10704300.0
215 Mar 08, 2015 0.0 0.0 0.0 0.0 12793.7 10686600.0
216 Mar 09, 2015 0.0 0.0 0.0 0.0 29029.7 10729600.0
217 Mar 10, 2015 0.0 0.0 0.0 0.0 17921.4 10524800.0
218 Mar 11, 2015 0.0 0.0 0.0 0.0 21506.5 10659300.0
219 Mar 12, 2015 0.0 0.0 0.0 0.0 42002.4 10640000.0
220 Mar 13, 2015 0.0 0.0 0.0 0.0 13469.6 11249200.0
221 Mar 14, 2015 0.0 0.0 0.0 0.0 15789.9 10763500.0
222 Mar 15, 2015 0.0 0.0 0.0 0.0 7250.83 10764200.0
223 Mar 16, 2015 0.0 0.0 0.0 0.0 29363.3 10925500.0
224 Mar 17, 2015 0.0 0.0 0.0 0.0 12128.1 11439200.0
225 Mar 18, 2015 0.0 0.0 0.0 0.0 15105.5 10917900.0
226 Mar 19, 2015 0.0 0.0 0.0 0.0 25187.4 9703950.0
227 Mar 20, 2015 0.0 0.0 0.0 0.0 14655.2 10260300.0
228 Mar 21, 2015 0.0 0.0 0.0 0.0 26724.8 11975700.0
229 Mar 22, 2015 0.0 0.0 0.0 0.0 40728.5 12827800.0
230 Mar 23, 2015 0.0 0.0 0.0 0.0 91491.6 13801300.0
231 Mar 24, 2015 0.0 0.0 0.0 0.0 41354.7 13798800.0
232 Mar 25, 2015 0.0 0.0 0.0 0.0 24844.0 12665200.0
233 Mar 26, 2015 0.0 0.0 0.0 0.0 15682.2 12587300.0
234 Mar 27, 2015 0.0 0.0 0.0 0.0 25115.2 12670000.0
235 Mar 28, 2015 0.0 0.0 0.0 0.0 26230.4 13201600.0
236 Mar 29, 2015 0.0 0.0 0.0 0.0 6928.23 12706000.0
237 Mar 30, 2015 0.0 0.0 0.0 0.0 29998.0 13085600.0
238 Mar 31, 2015 0.0 0.0 0.0 0.0 37060.2 11741900.0
239 Apr 01, 2015 0.0 0.0 0.0 0.0 10522.6 12346900.0
240 Apr 02, 2015 0.0 0.0 0.0 0.0 16447.7 12045700.0
241 Apr 03, 2015 0.0 0.0 0.0 0.0 15430.2 11464100.0
242 Apr 04, 2015 0.0 0.0 0.0 0.0 9276.23 11896500.0
243 Apr 05, 2015 0.0 0.0 0.0 0.0 12082.4 11562800.0
244 Apr 06, 2015 0.0 0.0 0.0 0.0 11074.9 11471000.0
245 Apr 07, 2015 0.0 0.0 0.0 0.0 37000.0 11064300.0
246 Apr 08, 2015 0.0 0.0 0.0 0.0 19430.0 11571300.0
247 Apr 09, 2015 0.0 0.0 0.0 0.0 14529.9 13010400.0
248 Apr 10, 2015 0.0 0.0 0.0 0.0 18290.7 12725400.0
249 >Apr 11, 201 0.0 0.0 0.0 0.0 26596.1 12682400.0
250 Apr 12, 2015 0.0 0.0 0.0 0.0 99750.1 13342500.0
251 Apr 13, 2015 0.0 0.0 0.0 0.0 12500.6 13619200.0
252 Apr 14, 2015 0.0 0.0 0.0 0.0 10358.0 13060600.0
253 Apr 15, 2015 0.0 0.0 0.0 0.0 7341.96 12767600.0
254 Apr 16, 2015 0.0 0.0 0.0 0.0 8688.86 12847400.0
255 Apr 17, 2015 0.0 0.0 0.0 0.0 11958.8 13294400.0
256 Apr 18, 2015 0.0 0.0 0.0 0.0 10026.4 12973600.0
257 Apr 19, 2015 0.0 0.0 0.0 0.0 23254.8 13192000.0
258 Apr 20, 2015 0.0 0.0 0.0 0.0 8071.89 12921700.0
259 Apr 21, 2015 0.0 0.0 0.0 0.0 14345.1 12922300.0
260 Apr 22, 2015 0.0 0.0 0.0 0.0 7431.98 13299200.0
261 Apr 23, 2015 0.0 0.0 0.0 0.0 9865.75 12797100.0
262 Apr 24, 2015 0.0 0.0 0.0 0.0 6647.41 13240900.0
263 Apr 25, 2015 0.0 0.0 0.0 0.0 5959.31 12764000.0
264 Apr 26, 2015 0.0 0.0 0.0 0.0 8843.87 12799500.0
265 Apr 27, 2015 0.0 0.0 0.0 0.0 13546.3 12739700.0
266 Apr 28, 2015 0.0 0.0 0.0 0.0 9069.08 12980500.0
267 Apr 29, 2015 0.0 0.0 0.0 0.0 15414.5 12688600.0
268 Apr 30, 2015 0.0 0.0 0.0 0.0 10060.1 12406800.0
269 May 01, 2015 0.0 0.0 0.0 0.0 5404.7 13191700.0
270 May 02, 2015 0.0 0.0 0.0 0.0 10688.7 12762600.0
271 May 03, 2015 0.0 0.0 0.0 0.0 6849.35 13003800.0
272 May 04, 2015 0.0 0.0 0.0 0.0 4014.51 12917000.0
273 May 05, 2015 0.0 0.0 0.0 0.0 6409.91 14578400.0
274 May 06, 2015 0.0 0.0 0.0 0.0 4242.4 12989200.0
275 May 07, 2015 0.0 0.0 0.0 0.0 17195.6 13330300.0
276 May 08, 2015 0.0 0.0 0.0 0.0 40148.7 13389200.0
277 May 09, 2015 0.0 0.0 0.0 0.0 18015.5 14130200.0
278 May 10, 2015 0.0 0.0 0.0 0.0 6673.2 13699200.0
279 May 11, 2015 0.0 0.0 0.0 0.0 7693.44 13458600.0
280 May 12, 2015 0.0 0.0 0.0 0.0 16604.6 14354200.0
281 May 13, 2015 0.0 0.0 0.0 0.0 7557.48 13482100.0
282 May 14, 2015 0.0 0.0 0.0 0.0 8934.89 13575700.0
283 May 15, 2015 0.0 0.0 0.0 0.0 6607.66 13763200.0
284 May 16, 2015 0.0 0.0 0.0 0.0 6243.07 13910800.0
285 May 17, 2015 0.0 0.0 0.0 0.0 9991.74 12563800.0
286 May 18, 2015 0.0 0.0 0.0 0.0 9633.31 12455600.0
287 May 19, 2015 0.0 0.0 0.0 0.0 46705.0 12142600.0
288 May 20, 2015 0.0 0.0 0.0 0.0 33006.0 12833400.0
289 May 21, 2015 0.0 0.0 0.0 0.0 10161.1 13165000.0
290 May 22, 2015 0.0 0.0 0.0 0.0 45597.9 13375700.0
291 May 23, 2015 0.0 0.0 0.0 0.0 42822.5 14976300.0
292 May 24, 2015 0.0 0.0 0.0 0.0 25014.9 14646400.0
293 May 25, 2015 0.0 0.0 0.0 0.0 44798.9 15165000.0
294 May 26, 2015 0.0 0.0 0.0 0.0 10086.9 15379300.0
295 May 27, 2015 0.0 0.0 0.0 0.0 21903.6 15439700.0
296 May 28, 2015 0.0 0.0 0.0 0.0 116009.0 15317600.0
297 May 29, 2015 0.0 0.0 0.0 0.0 164867.0 17173000.0
298 May 30, 2015 0.0 0.0 0.0 0.0 70294.4 17468100.0
299 May 31, 2015 0.0 0.0 0.0 0.0 34077.2 15731300.0
300 Jun 01, 2015 0.0 0.0 0.0 0.0 20680.6 16432800.0
301 Jun 02, 2015 0.0 0.0 0.0 0.0 70138.5 14969100.0
302 Jun 03, 2015 0.0 0.0 0.0 0.0 23415.4 15619700.0
303 Jun 04, 2015 0.0 0.0 0.0 0.0 17067.5 14657300.0
304 Jun 05, 2015 0.0 0.0 0.0 0.0 14581.1 15266300.0
305 Jun 06, 2015 0.0 0.0 0.0 0.0 11849.8 15262400.0
306 Jun 07, 2015 0.0 0.0 0.0 0.0 8642.87 15163100.0
307 Jun 08, 2015 0.0 0.0 0.0 0.0 6534.08 14924700.0
308 Jun 09, 2015 0.0 0.0 0.0 0.0 17227.6 15119100.0
309 Jun 10, 2015 0.0 0.0 0.0 0.0 7419.34 15506500.0
310 Jun 11, 2015 0.0 0.0 0.0 0.0 18371.1 15290000.0
311 Jun 12, 2015 0.0 0.0 0.0 0.0 7946.99 15011900.0
312 Jun 13, 2015 0.0 0.0 0.0 0.0 23848.2 14923900.0
313 Jun 14, 2015 0.0 0.0 0.0 0.0 26759.9 15632000.0
314 Jun 15, 2015 0.0 0.0 0.0 0.0 38840.9 15765600.0
315 Jun 16, 2015 0.0 0.0 0.0 0.0 104286.0 16741100.0
316 Jun 17, 2015 0.0 0.0 0.0 0.0 148541.0 18124600.0
317 Jun 18, 2015 0.0 0.0 0.0 0.0 103675.0 17419000.0
318 Jun 19, 2015 0.0 0.0 0.0 0.0 132710.0 18256800.0
319 Jun 20, 2015 0.0 0.0 0.0 0.0 52776.3 18058000.0
320 Jun 21, 2015 0.0 0.0 0.0 0.0 25279.0 17749300.0
321 Jun 22, 2015 0.0 0.0 0.0 0.0 22128.1 17063000.0
322 Jun 23, 2015 0.0 0.0 0.0 0.0 26465.6 17806500.0
323 Jun 24, 2015 0.0 0.0 0.0 0.0 12698.5 16970200.0
324 Jun 25, 2015 0.0 0.0 0.0 0.0 27296.6 16565600.0
325 Jun 26, 2015 0.0 0.0 0.0 0.0 10574.0 16815700.0
326 Jun 27, 2015 0.0 0.0 0.0 0.0 33468.7 16481100.0
327 Jun 28, 2015 0.0 0.0 0.0 0.0 12404.0 17193200.0
328 Jun 29, 2015 0.0 0.0 0.0 0.0 23191.7 16576400.0
329 Jun 30, 2015 0.0 0.0 0.0 0.0 42462.4 16947000.0
330 Jul 01, 2015 0.0 0.0 0.0 0.0 13853.1 16782500.0
331 Jul 02, 2015 0.0 0.0 0.0 0.0 10949.9 16729600.0
332 Jul 03, 2015 0.0 0.0 0.0 0.0 24471.6 16450800.0
333 Jul 04, 2015 0.0 0.0 0.0 0.0 6970.03 15795800.0
334 Jul 05, 2015 0.0 0.0 0.0 0.0 30745.4 15451000.0
335 Jul 06, 2015 0.0 0.0 0.0 0.0 19318.6 15079200.0
336 Jul 07, 2015 0.0 0.0 0.0 0.0 14882.7 15618800.0
337 Jul 08, 2015 0.0 0.0 0.0 0.0 27219.4 15190200.0
338 Jul 09, 2015 0.0 0.0 0.0 0.0 19031.7 15549700.0
339 Jul 10, 2015 0.0 0.0 0.0 0.0 59967.8 14804500.0
340 Jul 11, 2015 0.0 0.0 0.0 0.0 11057.5 15064900.0
341 Jul 12, 2015 0.0 0.0 0.0 0.0 9505.0 14904200.0
342 Jul 13, 2015 0.0 0.0 0.0 0.0 23801.1 15395800.0
343 Jul 14, 2015 0.0 0.0 0.0 0.0 11488.9 15572900.0
344 Jul 15, 2015 0.0 0.0 0.0 0.0 13357.8 14876900.0
345 Jul 16, 2015 0.0 0.0 0.0 0.0 14118.7 14485500.0
346 Jul 17, 2015 0.0 0.0 0.0 0.0 12207.3 13696400.0
347 Jul 18, 2015 0.0 0.0 0.0 0.0 2672.17 13793500.0
348 Jul 19, 2015 0.0 0.0 0.0 0.0 2580.45 14019300.0
349 Jul 20, 2015 0.0 0.0 0.0 0.0 6337.99 13891100.0
350 Jul 21, 2015 0.0 0.0 0.0 0.0 23510.7 14463800.0
351 Jul 22, 2015 0.0 0.0 0.0 0.0 19236.4 14824100.0
352 Jul 23, 2015 0.0 0.0 0.0 0.0 5113.7 15056300.0
353 Jul 24, 2015 0.0 0.0 0.0 0.0 3958.8 14689800.0
354 Jul 25, 2015 0.0 0.0 0.0 0.0 31664.9 14964100.0
355 Jul 26, 2015 0.0 0.0 0.0 0.0 3877.75 14219300.0
356 Jul 27, 2015 0.0 0.0 0.0 0.0 12245.4 14587900.0
357 Jul 28, 2015 0.0 0.0 0.0 0.0 17746.4 14246100.0
358 Jul 29, 2015 0.0 0.0 0.0 0.0 8950.81 13192500.0
359 Jul 30, 2015 0.0 0.0 0.0 0.0 4347.51 13654600.0
360 Jul 31, 2015 0.0 0.0 0.0 0.0 12919.0 13599100.0
361 Aug 01, 2015 0.0 0.0 0.0 0.0 11103.3 12792500.0
362 Aug 02, 2015 0.0 0.0 0.0 0.0 6686.79 12768400.0
363 Aug 03, 2015 0.0 0.0 0.0 0.0 7155.3 13181200.0
364 Aug 04, 2015 0.0 0.0 0.0 0.0 4293.66 12709500.0
365 Aug 05, 2015 0.0 0.0 0.0 0.0 40512.3 12729200.0
366 Aug 06, 2015 0.0 0.0 0.0 0.0 7125.67 12740600.0
367 Aug 07, 2015 0.0 0.0 0.0 0.0 4100.57 12209600.0
368 Aug 08, 2015 0.0 0.0 0.0 0.0 22350.1 11768000.0
369 Aug 09, 2015 0.0 0.0 0.0 0.0 12955.8 11710100.0
370 Aug 10, 2015 0.0 0.0 0.0 0.0 17338.6 11345900.0
371 Aug 11, 2015 0.0 0.0 0.0 0.0 7244.81 11928900.0
372 Aug 12, 2015 0.0 0.0 0.0 0.0 21374.9 11592600.0
373 Aug 13, 2015 0.0 0.0 0.0 0.0 9789.12 11507500.0
374 Aug 14, 2015 0.0 0.0 0.0 0.0 11426.3 10955700.0
375 Aug 15, 2015 0.0 0.0 0.0 0.0 6685.07 11190400.0
376 Aug 16, 2015 0.0 0.0 0.0 0.0 15113.3 10979200.0
377 Aug 17, 2015 0.0 0.0 0.0 0.0 4373.23 10370900.0
378 Aug 18, 2015 0.0 0.0 0.0 0.0 28467.6 10496700.0
379 Aug 19, 2015 0.0 0.0 0.0 0.0 36661.2 9047600.0
380 Aug 20, 2015 0.0 0.0 0.0 0.0 13325.5 8694080.0
381 Aug 21, 2015 0.0 0.0 0.0 0.0 13672.9 9807060.0
382 Aug 22, 2015 0.0 0.0 0.0 0.0 8307.36 9644820.0
383 Aug 23, 2015 0.0 0.0 0.0 0.0 2286.35 9679940.0
384 Aug 24, 2015 0.0 0.0 0.0 0.0 3367.24 9535200.0
385 Aug 25, 2015 0.0 0.0 0.0 0.0 6407.37 9103130.0
386 Aug 26, 2015 0.0 0.0 0.0 0.0 5898.92 8980460.0
387 Aug 27, 2015 0.0 0.0 0.0 0.0 4431.53 9837490.0
388 Aug 28, 2015 0.0 0.0 0.0 0.0 71682.8 9705240.0
389 Aug 29, 2015 0.0 0.0 0.0 0.0 74172.6 11396900.0
390 Aug 30, 2015 0.0 0.0 0.0 0.0 45670.4 12466900.0
391 Aug 31, 2015 0.0 0.0 0.0 0.0 32458.6 11433800.0
392 Sep 01, 2015 0.0 0.0 0.0 0.0 4817.81 11986800.0
393 >Sep 02, 201 0.0 0.0 0.0 0.0 25216.1 11781800.0
394 Sep 03, 2015 0.0 0.0 0.0 0.0 8753.33 11722200.0
395 Sep 04, 2015 0.0 0.0 0.0 0.0 7558.37 11498900.0
396 Sep 05, 2015 0.0 0.0 0.0 0.0 9478.22 11226600.0
397 Sep 06, 2015 0.0 0.0 0.0 0.0 9566.09 11691700.0
398 Sep 07, 2015 0.0 0.0 0.0 0.0 3074.17 12225100.0
399 Sep 08, 2015 0.0 0.0 0.0 0.0 11353.6 11857100.0
400 Sep 09, 2015 0.0 0.0 0.0 0.0 18552.0 11125300.0
401 Sep 10, 2015 0.0 0.0 0.0 0.0 8187.63 10618700.0
402 Sep 11, 2015 0.0 0.0 0.0 0.0 4021.38 10679200.0
403 Sep 12, 2015 0.0 0.0 0.0 0.0 1074.93 10790700.0
404 Sep 13, 2015 0.0 0.0 0.0 0.0 1582.59 10832600.0
405 Sep 14, 2015 0.0 0.0 0.0 0.0 4633.97 10435100.0
406 Sep 15, 2015 0.0 0.0 0.0 0.0 3673.79 10345300.0
407 Sep 16, 2015 0.0 0.0 0.0 0.0 7901.23 10559700.0
408 Sep 17, 2015 0.0 0.0 0.0 0.0 4024.42 10410200.0
409 Sep 18, 2015 0.0 0.0 0.0 0.0 22668.7 10778100.0
410 Sep 19, 2015 0.0 0.0 0.0 0.0 5375.15 10853700.0
411 Sep 20, 2015 0.0 0.0 0.0 0.0 3068.77 11101100.0
412 Sep 21, 2015 0.0 0.0 0.0 0.0 1970.18 10755000.0
413 Sep 22, 2015 0.0 0.0 0.0 0.0 2836.19 10360400.0
414 Sep 23, 2015 0.0 0.0 0.0 0.0 2495.38 10341300.0
415 Sep 24, 2015 0.0 0.0 0.0 0.0 3528.4 10026000.0
416 Sep 25, 2015 0.0 0.0 0.0 0.0 1192.95 9954750.0
417 Sep 26, 2015 0.0 0.0 0.0 0.0 6179.86 9944640.0
418 Sep 27, 2015 0.0 0.0 0.0 0.0 3104.76 10014700.0
419 Sep 28, 2015 0.0 0.0 0.0 0.0 4256.47 10001200.0
420 Sep 29, 2015 0.0 0.0 0.0 0.0 6057.9 10116100.0
421 Sep 30, 2015 0.0 0.0 0.0 0.0 15364.9 10037800.0
422 Oct 01, 2015 0.0 0.0 0.0 0.0 12893.8 9596740.0
423 Oct 02, 2015 0.0 0.0 0.0 0.0 2849.78 10555900.0
424 Oct 03, 2015 0.0 0.0 0.0 0.0 1917.29 10042700.0
425 Oct 04, 2015 0.0 0.0 0.0 0.0 945.42 9943910.0
426 Oct 05, 2015 0.0 0.0 0.0 0.0 861.79 9923840.0
427 Oct 06, 2015 0.0 0.0 0.0 0.0 2189.96 9785390.0
428 Oct 07, 2015 0.0 0.0 0.0 0.0 1569.77 10048600.0
429 Oct 08, 2015 0.0 0.0 0.0 0.0 3519.72 10041900.0
430 Oct 09, 2015 0.0 0.0 0.0 0.0 2853.57 9654350.0
431 Oct 10, 2015 0.0 0.0 0.0 0.0 2474.61 10146500.0
432 Oct 11, 2015 0.0 0.0 0.0 0.0 1111.85 10078900.0
433 Oct 12, 2015 0.0 0.0 0.0 0.0 3607.67 10204100.0
434 Oct 13, 2015 0.0 0.0 0.0 0.0 980.28 9826610.0
435 Oct 14, 2015 0.0 0.0 0.0 0.0 4159.12 10164000.0
436 Oct 15, 2015 0.0 0.0 0.0 0.0 14152.3 9243900.0
437 Oct 16, 2015 0.0 0.0 0.0 0.0 1630.06 9372090.0
438 Oct 17, 2015 0.0 0.0 0.0 0.0 3971.59 9362220.0
439 Oct 18, 2015 0.0 0.0 0.0 0.0 1999.45 9600850.0
440 Oct 19, 2015 0.0 0.0 0.0 0.0 1912.18 9537770.0
441 Oct 20, 2015 0.0 0.0 0.0 0.0 3158.59 9389160.0
442 Oct 21, 2015 0.0 0.0 0.0 0.0 3541.08 9047940.0
443 Oct 22, 2015 0.0 0.0 0.0 0.0 2144.71 9556880.0
444 Oct 23, 2015 0.0 0.0 0.0 0.0 3233.59 9473480.0
445 Oct 24, 2015 0.0 0.0 0.0 0.0 943.3 9460610.0
446 Oct 25, 2015 0.0 0.0 0.0 0.0 7265.92 9311910.0
447 Oct 26, 2015 0.0 0.0 0.0 0.0 11445.8 9136700.0
448 Oct 27, 2015 0.0 0.0 0.0 0.0 3776.97 8898460.0
449 Oct 28, 2015 0.0 0.0 0.0 0.0 6781.0 9659330.0
450 Oct 29, 2015 0.0 0.0 0.0 0.0 8212.08 9904200.0
451 Oct 30, 2015 0.0 0.0 0.0 0.0 19613.0 10012600.0
452 Oct 31, 2015 0.0 0.0 0.0 0.0 17813.5 10481500.0
453 Nov 01, 2015 0.0 0.0 0.0 0.0 10484.2 10450300.0
454 Nov 02, 2015 0.0 0.0 0.0 0.0 3747.79 10288300.0
455 Nov 03, 2015 0.0 0.0 0.0 0.0 21833.8 10633600.0
456 Nov 04, 2015 0.0 0.0 0.0 0.0 52465.3 10627400.0
457 Nov 05, 2015 0.0 0.0 0.0 0.0 10392.2 10558100.0
458 Nov 06, 2015 0.0 0.0 0.0 0.0 6285.05 9712060.0
459 Nov 07, 2015 0.0 0.0 0.0 0.0 2878.45 9283660.0
460 Nov 08, 2015 0.0 0.0 0.0 0.0 1699.82 9742530.0
461 Nov 09, 2015 0.0 0.0 0.0 0.0 2082.19 9411710.0
462 Nov 10, 2015 0.0 0.0 0.0 0.0 10658.2 9822400.0
463 >Nov 11, 201 0.0 0.0 0.0 0.0 3593.6 9878220.0
464 Nov 12, 2015 0.0 0.0 0.0 0.0 3517.78 9495050.0
465 Nov 13, 2015 0.0 0.0 0.0 0.0 1099.73 10015500.0
466 Nov 14, 2015 0.0 0.0 0.0 0.0 527.09 9575260.0
467 Nov 15, 2015 0.0 0.0 0.0 0.0 491.09 9584640.0
468 Nov 16, 2015 0.0 0.0 0.0 0.0 492.73 9610860.0
469 Nov 17, 2015 0.0 0.0 0.0 0.0 778.26 9298900.0
470 Nov 18, 2015 0.0 0.0 0.0 0.0 1736.54 9745440.0
471 Nov 19, 2015 0.0 0.0 0.0 0.0 1207.29 9240660.0
472 Nov 20, 2015 0.0 0.0 0.0 0.0 2032.37 9339150.0
473 Nov 21, 2015 0.0 0.0 0.0 0.0 2218.72 9162150.0
474 Nov 22, 2015 0.0 0.0 0.0 0.0 552.35 9237560.0
475 Nov 23, 2015 0.0 0.0 0.0 0.0 698.0 9541640.0
476 Nov 24, 2015 0.0 0.0 0.0 0.0 928.41 9190400.0
477 Nov 25, 2015 0.0 0.0 0.0 0.0 1502.61 9033860.0
478 Nov 26, 2015 0.0 0.0 0.0 0.0 3909.52 9227980.0
479 Nov 27, 2015 0.0 0.0 0.0 0.0 2337.72 9260340.0
480 Nov 28, 2015 0.0 0.0 0.0 0.0 4100.68 8536970.0
481 Nov 29, 2015 0.0 0.0 0.0 0.0 4142.33 8429140.0
482 Nov 30, 2015 0.0 0.0 0.0 0.0 3270.06 8414780.0
483 Dec 01, 2015 0.0 0.0 0.0 0.0 4810.21 8324030.0
484 Dec 02, 2015 0.0 0.0 0.0 0.0 2569.08 8409700.0
485 Dec 03, 2015 0.0 0.0 0.0 0.0 1760.38 8551670.0
486 Dec 04, 2015 0.0 0.0 0.0 0.0 7756.8 8284070.0
487 Dec 05, 2015 0.0 0.0 0.0 0.0 8005.84 9725550.0
488 Dec 06, 2015 0.0 0.0 0.0 0.0 11490.6 9017940.0
489 Dec 07, 2015 0.0 0.0 0.0 0.0 4635.78 9273600.0
490 Dec 08, 2015 0.0 0.0 0.0 0.0 35702.4 9508700.0
491 Dec 09, 2015 0.0 0.0 0.0 0.0 180884.0 11106400.0
492 Dec 10, 2015 0.0 0.0 0.0 0.0 77096.6 9980630.0
493 Dec 11, 2015 0.0 0.0 0.0 0.0 56224.5 9798790.0
494 Dec 12, 2015 0.0 0.0 0.0 0.0 20232.3 10326800.0
495 Dec 13, 2015 0.0 0.0 0.0 0.0 13148.7 9605100.0
496 Dec 14, 2015 0.0 0.0 0.0 0.0 8616.89 9989040.0
497 Dec 15, 2015 0.0 0.0 0.0 0.0 25705.7 9594070.0
498 Dec 16, 2015 0.0 0.0 0.0 0.0 18098.5 9048130.0
499 Dec 17, 2015 0.0 0.0 0.0 0.0 9561.53 8927870.0
500 Dec 18, 2015 0.0 0.0 0.0 0.0 11456.5 8981180.0
501 Dec 19, 2015 0.0 0.0 0.0 0.0 13348.0 8943110.0
502 Dec 20, 2015 0.0 0.0 0.0 0.0 8714.14 8911430.0
503 Dec 21, 2015 0.0 0.0 0.0 0.0 8594.76 8450230.0
504 Dec 22, 2015 0.0 0.0 0.0 0.0 23377.1 8614320.0
505 Dec 23, 2015 0.0 0.0 0.0 0.0 17710.9 8347920.0
506 Dec 24, 2015 0.0 0.0 0.0 0.0 22655.7 8431660.0
507 Dec 25, 2015 0.0 0.0 0.0 0.0 14656.9 8496860.0
508 Dec 26, 2015 0.0 0.0 0.0 0.0 14772.7 8851350.0
509 Dec 27, 2015 0.0 0.0 0.0 0.0 47298.0 7978740.0
510 Dec 28, 2015 0.0 0.0 0.0 0.0 21904.2 8331330.0
511 Dec 29, 2015 0.0 0.0 0.0 0.0 47759.8 8567100.0
512 Dec 30, 2015 0.0 0.0 0.0 0.0 46252.0 8443070.0
513 Dec 31, 2015 0.0 0.0 0.0 0.0 27309.5 8533920.0
514 Jan 01, 2016 0.0 0.0 0.0 0.0 4947.47 8472820.0
515 >Jan 02, 201 0.0 0.0 0.0 0.0 45950.1 8462960.0
516 Jan 03, 2016 0.0 0.0 0.0 0.0 43530.6 8479600.0
517 Jan 04, 2016 0.0 0.0 0.0 0.0 4634.31 8439010.0
518 Jan 05, 2016 0.0 0.0 0.0 0.0 18238.6 8456040.0
519 Jan 06, 2016 0.0 0.0 0.0 0.0 27863.2 8325820.0
520 Jan 07, 2016 0.0 0.0 0.0 0.0 26671.1 8073020.0
521 Jan 08, 2016 0.0 0.0 0.0 0.0 28245.6 8399830.0
522 Jan 09, 2016 0.0 0.0 0.0 0.0 38630.4 8137060.0
523 Jan 10, 2016 0.0 0.0 0.0 0.0 51522.4 8461790.0
524 Jan 11, 2016 0.0 0.0 0.0 0.0 24870.9 8544660.0
525 Jan 12, 2016 0.0 0.0 0.0 0.0 25467.5 8397600.0
526 Jan 13, 2016 0.0 0.0 0.0 0.0 50968.2 8424060.0
527 Jan 14, 2016 0.0 0.0 0.0 0.0 64126.5 8822900.0
528 Jan 15, 2016 0.0 0.0 0.0 0.0 60906.9 9323670.0
529 Jan 16, 2016 0.0 0.0 0.0 0.0 24153.2 8404280.0
530 Jan 17, 2016 0.0 0.0 0.0 0.0 25329.4 8453860.0
531 Jan 18, 2016 0.0 0.0 0.0 0.0 14408.2 8291710.0
532 Jan 19, 2016 0.0 0.0 0.0 0.0 36628.7 8283780.0
533 Jan 20, 2016 0.0 0.0 0.0 0.0 37725.8 8772500.0
534 Jan 21, 2016 0.0 0.0 0.0 0.0 28653.2 8787300.0
535 Jan 22, 2016 0.0 0.0 0.0 0.0 29515.2 8384060.0
536 Jan 23, 2016 0.0 0.0 0.0 0.0 38222.1 8232070.0
537 Jan 24, 2016 0.0 0.0 0.0 0.0 28011.9 8199270.0
538 Jan 25, 2016 0.0 0.0 0.0 0.0 39139.8 8334910.0
539 Jan 26, 2016 0.0 0.0 0.0 0.0 115830.0 8279470.0
540 Jan 27, 2016 0.0 0.0 0.0 0.0 213842.0 9205830.0
541 Jan 28, 2016 0.0 0.0 0.0 0.0 137591.0 10822500.0
542 Jan 29, 2016 0.0 0.0 0.0 0.0 78803.4 9235240.0
543 Jan 30, 2016 0.0 0.0 0.0 0.0 37269.5 9128770.0
544 Jan 31, 2016 0.0 0.0 0.0 0.0 26362.3 8392620.0
545 Feb 01, 2016 0.0 0.0 0.0 0.0 14159.0 8591390.0
546 Feb 02, 2016 0.0 0.0 0.0 0.0 40151.7 8674930.0
547 Feb 03, 2016 0.0 0.0 0.0 0.0 33079.3 8687840.0
548 Feb 04, 2016 0.0 0.0 0.0 0.0 22477.8 8739020.0
549 Feb 05, 2016 0.0 0.0 0.0 0.0 27232.3 8721120.0
550 Feb 06, 2016 0.0 0.0 0.0 0.0 19430.8 8876890.0
551 Feb 07, 2016 0.0 0.0 0.0 0.0 48477.9 9017410.0
552 Feb 08, 2016 0.0 0.0 0.0 0.0 15538.7 8893770.0
553 Feb 09, 2016 0.0 0.0 0.0 0.0 17155.9 8965270.0
554 Feb 10, 2016 0.0 0.0 0.0 0.0 28846.9 8840410.0
555 Feb 11, 2016 0.0 0.0 0.0 0.0 31081.8 8921680.0
556 Feb 12, 2016 0.0 0.0 0.0 0.0 715496.0 9085090.0
557 Feb 13, 2016 0.0 0.0 0.0 0.0 87956.2 11277700.0
558 Feb 14, 2016 0.0 0.0 0.0 0.0 47727.2 10631800.0
559 Feb 15, 2016 0.0 0.0 0.0 0.0 27720.3 10605000.0
560 Feb 16, 2016 0.0 0.0 0.0 0.0 114749.0 10594400.0
561 Feb 17, 2016 0.0 0.0 0.0 0.0 123493.0 12792200.0
562 Feb 18, 2016 0.0 0.0 0.0 0.0 22193.6 10450700.0
563 Feb 19, 2016 0.0 0.0 0.0 0.0 43957.0 10247100.0
564 Feb 20, 2016 0.0 0.0 0.0 0.0 33897.6 10208300.0
565 Feb 21, 2016 0.0 0.0 0.0 0.0 29418.5 9952180.0
566 Feb 22, 2016 0.0 0.0 0.0 0.0 27369.5 10425600.0
567 Feb 23, 2016 0.0 0.0 0.0 0.0 43864.8 9598720.0
568 Feb 24, 2016 0.0 0.0 0.0 0.0 21033.0 9210470.0
569 Feb 25, 2016 0.0 0.0 0.0 0.0 9213.5 9405560.0
570 Feb 26, 2016 0.0 0.0 0.0 0.0 28136.0 9557410.0
571 Feb 27, 2016 0.0 0.0 0.0 0.0 21999.5 9457180.0
572 Feb 28, 2016 0.0 0.0 0.0 0.0 33415.6 9688940.0
573 Feb 29, 2016 0.0 0.0 0.0 0.0 23302.4 9583340.0
574 Mar 01, 2016 0.0 0.0 0.0 0.0 15993.5 9427770.0
575 Mar 02, 2016 0.0 0.0 0.0 0.0 22380.9 9237270.0
576 Mar 03, 2016 0.0 0.0 0.0 0.0 24504.2 9131580.0
577 Mar 04, 2016 0.0 0.0 0.0 0.0 25208.0 9148750.0
578 Mar 05, 2016 0.0 0.0 0.0 0.0 39964.2 9252750.0
579 Mar 06, 2016 0.0 0.0 0.0 0.0 41217.9 8822080.0
580 Mar 07, 2016 0.0 0.0 0.0 0.0 325391.0 9383360.0
581 Mar 08, 2016 0.0 0.0 0.0 0.0 127065.0 11358400.0
582 Mar 09, 2016 0.0 0.0 0.0 0.0 52341.1 10719200.0
583 Mar 10, 2016 0.0 0.0 0.0 0.0 119765.0 10783600.0
584 Mar 11, 2016 0.0 0.0 0.0 0.0 346969.0 13024200.0
585 Mar 12, 2016 0.0 0.0 0.0 0.0 102896.0 14017300.0
586 Mar 13, 2016 0.0 0.0 0.0 0.0 56827.3 12495100.0
587 Mar 14, 2016 0.0 0.0 0.0 0.0 74930.5 12008000.0
588 Mar 15, 2016 0.0 0.0 0.0 0.0 45365.6 11737300.0
589 Mar 16, 2016 0.0 0.0 0.0 0.0 24793.7 12049700.0
590 Mar 17, 2016 0.0 0.0 0.0 0.0 45510.3 11725900.0
591 Mar 18, 2016 0.0 0.0 0.0 0.0 50037.9 11774300.0
592 Mar 19, 2016 0.0 0.0 0.0 0.0 46715.2 10889800.0
593 Mar 20, 2016 0.0 0.0 0.0 0.0 23788.8 10960300.0
594 Mar 21, 2016 0.0 0.0 0.0 0.0 24440.1 11455700.0
595 Mar 22, 2016 0.0 0.0 0.0 0.0 18784.1 11379400.0
596 Mar 23, 2016 0.0 0.0 0.0 0.0 20972.1 11404300.0
597 Mar 24, 2016 0.0 0.0 0.0 0.0 19201.2 11924700.0
598 Mar 25, 2016 0.0 0.0 0.0 0.0 23036.5 11451100.0
599 Mar 26, 2016 0.0 0.0 0.0 0.0 15615.8 11385100.0
600 Mar 27, 2016 0.0 0.0 0.0 0.0 31234.0 11293500.0
601 Mar 28, 2016 0.0 0.0 0.0 0.0 84150.2 11142300.0
602 Mar 29, 2016 0.0 0.0 0.0 0.0 17061.5 11588000.0
603 Mar 30, 2016 0.0 0.0 0.0 0.0 18345.4 11446400.0
604 Mar 31, 2016 0.0 0.0 0.0 0.0 34233.3 11185600.0
605 Apr 01, 2016 0.0 0.0 0.0 0.0 20021.5 11112600.0
606 Apr 02, 2016 0.0 0.0 0.0 0.0 30735.0 11230300.0
607 Apr 03, 2016 0.0 0.0 0.0 0.0 43510.6 11458600.0
608 Apr 04, 2016 0.0 0.0 0.0 0.0 179638.0 12096900.0
609 Apr 05, 2016 0.0 0.0 0.0 0.0 79658.2 12611500.0
610 Apr 06, 2016 0.0 0.0 0.0 0.0 30023.2 11849100.0
611 Apr 07, 2016 0.0 0.0 0.0 0.0 43760.8 11817100.0
612 Apr 08, 2016 0.0 0.0 0.0 0.0 33986.2 11824800.0
613 >Apr 09, 201 0.0 0.0 0.0 0.0 29153.9 11981700.0
614 Apr 10, 2016 0.0 0.0 0.0 0.0 128084.0 11067400.0
615 Apr 11, 2016 0.0 0.0 0.0 0.0 26655.2 10341500.0
616 Apr 12, 2016 0.0 0.0 0.0 0.0 38237.3 10436900.0
617 Apr 13, 2016 0.0 0.0 0.0 0.0 43097.3 10289800.0
618 Apr 14, 2016 0.0 0.0 0.0 0.0 23350.7 10278800.0
619 Apr 15, 2016 0.0 0.0 0.0 0.0 40559.2 10296600.0
620 Apr 16, 2016 0.0 0.0 0.0 0.0 18872.4 10305100.0
621 Apr 17, 2016 0.0 0.0 0.0 0.0 14645.0 10543400.0
622 Apr 18, 2016 0.0 0.0 0.0 0.0 24121.7 10418700.0
623 Apr 19, 2016 0.0 0.0 0.0 0.0 13111.4 10441300.0
624 Apr 20, 2016 0.0 0.0 0.0 0.0 39461.2 10577700.0
625 Apr 21, 2016 0.0 0.0 0.0 0.0 54310.1 10525900.0
626 Apr 22, 2016 0.0 0.0 0.0 0.0 26975.7 10282900.0
627 Apr 23, 2016 0.0 0.0 0.0 0.0 22819.1 10516300.0
628 Apr 24, 2016 0.0 0.0 0.0 0.0 18229.8 10565900.0
629 Apr 25, 2016 0.0 0.0 0.0 0.0 55865.0 10491200.0
630 Apr 26, 2016 0.0 0.0 0.0 0.0 93637.3 10279500.0
631 Apr 27, 2016 0.0 0.0 0.0 0.0 31873.4 9982290.0
632 Apr 28, 2016 0.0 0.0 0.0 0.0 44635.6 10056100.0
633 Apr 29, 2016 0.0 0.0 0.0 0.0 11889.2 10444900.0
634 Apr 30, 2016 0.0 0.0 0.0 0.0 24008.4 10141500.0
635 May 01, 2016 0.0 0.0 0.0 0.0 6884.4 10158800.0
636 >May 02, 201 0.0 0.0 0.0 0.0 19403.3 10330700.0
637 May 03, 2016 0.0 0.0 0.0 0.0 17242.0 10248500.0
638 May 04, 2016 0.0 0.0 0.0 0.0 16614.5 10216600.0
639 May 05, 2016 0.0 0.0 0.0 0.0 12584.8 10228500.0
640 May 06, 2016 0.0 0.0 0.0 0.0 8634.33 10094100.0
641 May 07, 2016 0.0 0.0 0.0 0.0 10780.3 10076000.0
642 May 08, 2016 0.0 0.0 0.0 0.0 18197.0 9951850.0
643 May 09, 2016 0.0 0.0 0.0 0.0 7597.44 9852060.0
644 May 10, 2016 0.0 0.0 0.0 0.0 22841.4 9884810.0
645 May 11, 2016 0.0 0.0 0.0 0.0 10743.5 9735820.0
646 May 12, 2016 0.0 0.0 0.0 0.0 13568.2 9855850.0
647 May 13, 2016 0.0 0.0 0.0 0.0 33122.4 9877520.0
648 May 14, 2016 0.0 0.0 0.0 0.0 5036.68 9709270.0
649 May 15, 2016 0.0 0.0 0.0 0.0 6509.07 9780640.0
650 May 16, 2016 0.0 0.0 0.0 0.0 18729.0 9544640.0
651 May 17, 2016 0.0 0.0 0.0 0.0 14873.9 9454680.0
652 May 18, 2016 0.0 0.0 0.0 0.0 5071.14 9327460.0
653 May 19, 2016 0.0 0.0 0.0 0.0 24544.3 9384080.0
654 May 20, 2016 0.0 0.0 0.0 0.0 34739.7 9135470.0
655 May 21, 2016 0.0 0.0 0.0 0.0 34692.8 9053020.0
656 May 22, 2016 0.0 0.0 0.0 0.0 11343.5 8963000.0
657 May 23, 2016 0.0 0.0 0.0 0.0 15998.0 8919600.0
658 May 24, 2016 0.0 0.0 0.0 0.0 22195.4 8769630.0
659 May 25, 2016 0.0 0.0 0.0 0.0 23105.8 8833320.0
660 May 26, 2016 0.0 0.0 0.0 0.0 38920.5 8505980.0
661 May 27, 2016 0.0 0.0 0.0 0.0 43505.5 8124070.0
662 May 28, 2016 0.0 0.0 0.0 0.0 50703.9 7920390.0
663 May 29, 2016 0.0 0.0 0.0 0.0 51175.3 8090770.0
664 May 30, 2016 0.0 0.0 0.0 0.0 15508.5 8213930.0
665 May 31, 2016 0.0 0.0 0.0 0.0 18898.3 8292700.0
666 Jun 01, 2016 0.0 0.0 0.0 0.0 24847.7 8461280.0
667 Jun 02, 2016 0.0 0.0 0.0 0.0 3797.51 8372080.0
668 Jun 03, 2016 0.0 0.0 0.0 0.0 11139.4 8294730.0
669 Jun 04, 2016 0.0 0.0 0.0 0.0 13521.9 8391660.0
670 Jun 05, 2016 0.0 0.0 0.0 0.0 7181.11 8372630.0
671 Jun 06, 2016 0.0 0.0 0.0 0.0 3611.84 8217880.0
672 Jun 07, 2016 0.0 0.0 0.0 0.0 19108.8 8208440.0
673 Jun 08, 2016 0.0 0.0 0.0 0.0 9521.44 8160500.0
674 Jun 09, 2016 0.0 0.0 0.0 0.0 26346.6 8208060.0
675 Jun 10, 2016 0.0 0.0 0.0 0.0 7053.16 8707360.0
676 Jun 11, 2016 0.0 0.0 0.0 0.0 16468.9 8627440.0
677 Jun 12, 2016 0.0 0.0 0.0 0.0 42720.1 8647460.0
678 Jun 13, 2016 0.0 0.0 0.0 0.0 37627.9 8888500.0
679 Jun 14, 2016 0.0 0.0 0.0 0.0 176486.0 8561010.0
680 Jun 15, 2016 0.0 0.0 0.0 0.0 31926.8 9622540.0
681 Jun 16, 2016 0.0 0.0 0.0 0.0 30780.4 9145780.0
682 Jun 17, 2016 0.0 0.0 0.0 0.0 60975.9 9451880.0
683 Jun 18, 2016 0.0 0.0 0.0 0.0 37093.3 9311890.0
684 Jun 19, 2016 0.0 0.0 0.0 0.0 57598.7 9642670.0
685 Jun 20, 2016 0.0 0.0 0.0 0.0 77259.6 10065200.0
686 Jun 21, 2016 0.0 0.0 0.0 0.0 124214.0 9661820.0
687 Jun 22, 2016 0.0 0.0 0.0 0.0 70192.4 9377330.0
688 Jun 23, 2016 0.0 0.0 0.0 0.0 37747.4 8999480.0
689 Jun 24, 2016 0.0 0.0 0.0 0.0 80903.7 9137990.0
690 Jun 25, 2016 0.0 0.0 0.0 0.0 52335.2 9814370.0
691 Jun 26, 2016 0.0 0.0 0.0 0.0 394757.0 9807240.0
692 Jun 27, 2016 0.0 0.0 0.0 0.0 543934.0 11081200.0
693 Jun 28, 2016 0.0 0.0 0.0 0.0 849604.0 13962800.0
694 Jun 29, 2016 0.0 0.0 0.0 0.0 299766.0 12872500.0
695 Jun 30, 2016 0.0 0.0 0.0 0.0 152025.0 11236200.0
696 Jul 01, 2016 0.0 0.0 0.0 0.0 77518.9 11615800.0
697 Jul 02, 2016 0.0 0.0 0.0 0.0 46648.8 11164600.0
698 Jul 03, 2016 0.0 0.0 0.0 0.0 49340.1 11161200.0
699 Jul 04, 2016 0.0 0.0 0.0 0.0 99561.9 10582900.0
700 Jul 05, 2016 0.0 0.0 0.0 0.0 81722.5 10599300.0
701 Jul 06, 2016 0.0 0.0 0.0 0.0 45332.1 10253100.0
702 Jul 07, 2016 0.0 0.0 0.0 0.0 71044.0 10130000.0
703 Jul 08, 2016 0.0 0.0 0.0 0.0 63067.2 9543160.0
704 Jul 09, 2016 0.0 0.0 0.0 0.0 29462.5 10003800.0
705 Jul 10, 2016 0.0 0.0 0.0 0.0 52317.3 9671470.0
706 Jul 11, 2016 0.0 0.0 0.0 0.0 73548.0 10154900.0
707 Jul 12, 2016 0.0 0.0 0.0 0.0 206642.0 9964790.0
708 Jul 13, 2016 0.0 0.0 0.0 0.0 472760.0 10810000.0
709 Jul 14, 2016 0.0 0.0 0.0 0.0 208913.0 11817600.0
710 Jul 15, 2016 0.0 0.0 0.0 0.0 55698.4 11187400.0
711 Jul 16, 2016 0.0 0.0 0.0 0.0 34166.7 10821800.0
712 Jul 17, 2016 0.0 0.0 0.0 0.0 40946.6 10566000.0
713 Jul 18, 2016 0.0 0.0 0.0 0.0 36209.1 10569300.0
714 Jul 19, 2016 0.0 0.0 0.0 0.0 38328.5 10889700.0
715 Jul 20, 2016 0.0 0.0 0.0 0.0 29103.9 10740700.0
716 Jul 21, 2016 0.0 0.0 0.0 0.0 33816.6 10634500.0
717 Jul 22, 2016 0.0 0.0 0.0 0.0 28249.3 10404200.0
718 Jul 23, 2016 0.0 0.0 0.0 0.0 184081.0 10338800.0
719 Jul 24, 2016 0.0 0.0 0.0 0.0 365060.0 11883800.0
720 Jul 25, 2016 0.0 0.0 0.0 0.0 126331.0 12854900.0
721 Jul 26, 2016 0.0 0.0 0.0 0.0 85306.4 12142500.0
722 Jul 27, 2016 0.0 0.0 0.0 0.0 42518.3 10958500.0
723 Jul 28, 2016 0.0 0.0 0.0 0.0 26245.5 10918200.0
724 Jul 29, 2016 0.0 0.0 0.0 0.0 20760.9 11018800.0
725 Jul 30, 2016 0.0 0.0 0.0 0.0 29194.8 11380300.0
726 Jul 31, 2016 0.0 0.0 0.0 0.0 41971.0 10967500.0
727 Aug 01, 2016 0.0 0.0 0.0 0.0 44883.3 10824100.0
728 Aug 02, 2016 0.0 0.0 0.0 0.0 68214.2 10659000.0
729 Aug 03, 2016 0.0 0.0 0.0 0.0 74610.9 10022200.0
730 Aug 04, 2016 0.0 0.0 0.0 0.0 29099.4 10179800.0
731 Aug 05, 2016 0.0 0.0 0.0 0.0 69207.2 10622200.0
732 Aug 06, 2016 0.0 0.0 0.0 0.0 60716.8 10740000.0
733 Aug 07, 2016 0.0 0.0 0.0 0.0 18833.4 11058200.0
734 Aug 08, 2016 0.0 0.0 0.0 0.0 26338.2 10669300.0
735 Aug 09, 2016 0.0 0.0 0.0 0.0 24533.1 10450600.0
736 Aug 10, 2016 0.0 0.0 0.0 0.0 34673.8 10574400.0
737 Aug 11, 2016 0.0 0.0 0.0 0.0 24310.0 10683700.0
738 Aug 12, 2016 0.0 0.0 0.0 0.0 75248.2 10676200.0
739 Aug 13, 2016 0.0 0.0 0.0 0.0 224229.0 10350300.0
740 Aug 14, 2016 0.0 0.0 0.0 0.0 109736.0 11542600.0
741 Aug 15, 2016 0.0 0.0 0.0 0.0 73171.3 11289700.0
742 Aug 16, 2016 0.0 0.0 0.0 0.0 35419.7 11430500.0
743 Aug 17, 2016 0.0 0.0 0.0 0.0 26694.3 11399300.0
744 Aug 18, 2016 0.0 0.0 0.0 0.0 19779.6 11290300.0
745 Aug 19, 2016 0.0 0.0 0.0 0.0 17689.4 11171700.0
746 Aug 20, 2016 0.0 0.0 0.0 0.0 21146.6 11135900.0
747 Aug 21, 2016 0.0 0.0 0.0 0.0 17520.3 10909800.0
748 Aug 22, 2016 0.0 0.0 0.0 0.0 13561.3 10798700.0
749 Aug 23, 2016 0.0 0.0 0.0 0.0 16207.4 10874100.0
750 Aug 24, 2016 0.0 0.0 0.0 0.0 6614.0 10614500.0
751 Aug 25, 2016 0.0 0.0 0.0 0.0 10011.7 10676800.0
752 Aug 26, 2016 0.0 0.0 0.0 0.0 49643.1 10494800.0
753 Aug 27, 2016 0.0 0.0 0.0 0.0 16952.8 10675300.0
754 Aug 28, 2016 0.0 0.0 0.0 0.0 47598.1 10520700.0
755 Aug 29, 2016 0.0 0.0 0.0 0.0 29491.4 10283500.0
756 Aug 30, 2016 0.0 0.0 0.0 0.0 16263.4 10345900.0
757 Aug 31, 2016 0.0 0.0 0.0 0.0 28165.0 10459700.0
758 Sep 01, 2016 0.0 0.0 0.0 0.0 25271.9 10776700.0
759 Sep 02, 2016 0.0 0.0 0.0 0.0 15997.4 10668700.0
760 Sep 03, 2016 0.0 0.0 0.0 0.0 16974.8 10655800.0
761 Sep 04, 2016 0.0 0.0 0.0 0.0 36103.7 10757100.0
762 Sep 05, 2016 0.0 0.0 0.0 0.0 27784.8 10979700.0
763 Sep 06, 2016 0.0 0.0 0.0 0.0 14360.2 10809400.0
764 Sep 07, 2016 0.0 0.0 0.0 0.0 29307.3 10880100.0
765 Sep 08, 2016 0.0 0.0 0.0 0.0 17421.8 10883100.0
766 Sep 09, 2016 0.0 0.0 0.0 0.0 51985.7 10909900.0
767 Sep 10, 2016 0.0 0.0 0.0 0.0 173430.0 11322900.0
768 Sep 11, 2016 0.0 0.0 0.0 0.0 51896.4 11438400.0
769 Sep 12, 2016 0.0 0.0 0.0 0.0 25450.8 10889700.0
770 Sep 13, 2016 0.0 0.0 0.0 0.0 62818.3 10974800.0
771 Sep 14, 2016 0.0 0.0 0.0 0.0 13080.9 11002900.0
772 Sep 15, 2016 0.0 0.0 0.0 0.0 555936.0 11098600.0
773 Sep 16, 2016 0.0 0.0 0.0 0.0 204787.0 13022700.0
774 Sep 17, 2016 0.0 0.0 0.0 0.0 39092.7 12684000.0
775 Sep 18, 2016 0.0 0.0 0.0 0.0 57507.5 13172200.0
776 Sep 19, 2016 0.0 0.0 0.0 0.0 48729.0 12728500.0
777 Sep 20, 2016 0.0 0.0 0.0 0.0 79812.9 12960000.0
778 Sep 21, 2016 0.0 0.0 0.0 0.0 53003.1 12522600.0
779 Sep 22, 2016 0.0 0.0 0.0 0.0 67088.2 12705200.0
780 Sep 23, 2016 0.0 0.0 0.0 0.0 47176.3 13024200.0
781 Sep 24, 2016 0.0 0.0 0.0 0.0 75068.8 12598300.0
782 Sep 25, 2016 0.0 0.0 0.0 0.0 366417.0 13479500.0
783 Sep 26, 2016 0.0 0.0 0.0 0.0 379360.0 14978900.0
784 Sep 27, 2016 0.0 0.0 0.0 0.0 136361.0 14527200.0
785 Sep 28, 2016 0.0 0.0 0.0 0.0 1211050.0 15570700.0
786 Sep 29, 2016 0.0 0.0 0.0 0.0 484615.0 19105200.0
787 Sep 30, 2016 0.0 0.0 0.0 0.0 320074.0 18380600.0
788 Oct 01, 2016 0.0 0.0 0.0 0.0 187694.0 17298900.0
789 Oct 02, 2016 0.0 0.0 0.0 0.0 105129.0 16946600.0
790 Oct 03, 2016 0.0 0.0 0.0 0.0 83759.6 17495000.0
791 Oct 04, 2016 0.0 0.0 0.0 0.0 100249.0 16478600.0
792 Oct 05, 2016 0.0 0.0 0.0 0.0 119902.0 15780400.0
793 Oct 06, 2016 0.0 0.0 0.0 0.0 108291.0 15210900.0
794 Oct 07, 2016 0.0 0.0 0.0 0.0 72282.5 14046100.0
795 Oct 08, 2016 0.0 0.0 0.0 0.0 36448.6 15725800.0
796 Oct 09, 2016 0.0 0.0 0.0 0.0 167282.0 15267300.0
797 Oct 10, 2016 0.0 0.0 0.0 0.0 119501.0 15686300.0
798 Oct 11, 2016 0.0 0.0 0.0 0.0 429422.0 16899400.0
799 Oct 12, 2016 0.0 0.0 0.0 0.0 76408.2 18349200.0
800 Oct 13, 2016 0.0 0.0 0.0 0.0 52851.3 18069600.0
801 Oct 14, 2016 0.0 0.0 0.0 0.0 100389.0 17374200.0
802 Oct 15, 2016 0.0 0.0 0.0 0.0 14235.4 16983100.0
803 Oct 16, 2016 0.0 0.0 0.0 0.0 57966.2 16693700.0
804 Oct 17, 2016 0.0 0.0 0.0 0.0 58354.7 16574200.0
805 Oct 18, 2016 0.0 0.0 0.0 0.0 31260.8 15692600.0
806 Oct 19, 2016 0.0 0.0 0.0 0.0 61623.5 16359100.0
807 Oct 20, 2016 0.0 0.0 0.0 0.0 245923.0 16004800.0
808 Oct 21, 2016 0.0 0.0 0.0 0.0 184807.0 18278200.0
809 Oct 22, 2016 0.0 0.0 0.0 0.0 80103.4 16924000.0
810 Oct 23, 2016 0.0 0.0 0.0 0.0 23756.3 16504400.0
811 Oct 24, 2016 0.0 0.0 0.0 0.0 48913.2 16709600.0
812 Oct 25, 2016 0.0 0.0 0.0 0.0 68368.2 16928200.0
813 Oct 26, 2016 0.0 0.0 0.0 0.0 53831.8 16153800.0
814 Oct 27, 2016 0.0 0.0 0.0 0.0 159436.0 16014900.0
815 Oct 28, 2016 0.0 0.0 0.0 0.0 64020.1 14697900.0
816 Oct 29, 2016 0.0 0.0 0.0 0.0 201667.0 14351700.0
817 Oct 30, 2016 0.0 0.0 0.0 0.0 80875.1 13458900.0
818 Oct 31, 2016 0.0 0.0 0.0 0.0 88239.2 14517100.0
819 Nov 01, 2016 0.0 0.0 0.0 0.0 39127.7 14308400.0
820 Nov 02, 2016 0.0 0.0 0.0 0.0 43063.7 13544800.0
821 Nov 03, 2016 0.0 0.0 0.0 0.0 54323.8 13797300.0
822 Nov 04, 2016 0.0 0.0 0.0 0.0 18106.8 13640700.0
823 Nov 05, 2016 0.0 0.0 0.0 0.0 11173.9 13724700.0
824 Nov 06, 2016 0.0 0.0 0.0 0.0 58461.2 13845800.0
825 Nov 07, 2016 0.0 0.0 0.0 0.0 34635.4 13492500.0
826 Nov 08, 2016 0.0 0.0 0.0 0.0 30553.3 13792800.0
827 Nov 09, 2016 0.0 0.0 0.0 0.0 44284.3 13658700.0
828 Nov 10, 2016 0.0 0.0 0.0 0.0 36825.1 13486300.0
829 Nov 11, 2016 0.0 0.0 0.0 0.0 38438.4 13347300.0
830 Nov 12, 2016 0.0 0.0 0.0 0.0 24842.2 13105300.0
831 Nov 13, 2016 0.0 0.0 0.0 0.0 30930.1 13010000.0
832 Nov 14, 2016 0.0 0.0 0.0 0.0 32400.8 12986100.0
833 Nov 15, 2016 0.0 0.0 0.0 0.0 26786.7 12903900.0
834 Nov 16, 2016 0.0 0.0 0.0 0.0 43748.8 12687400.0
835 Nov 17, 2016 0.0 0.0 0.0 0.0 74553.6 12159800.0
836 Nov 18, 2016 0.0 0.0 0.0 0.0 21364.2 12414400.0
837 Nov 19, 2016 0.0 0.0 0.0 0.0 9237.39 12374800.0
838 Nov 20, 2016 0.0 0.0 0.0 0.0 17976.9 12308700.0
839 Nov 21, 2016 0.0 0.0 0.0 0.0 4924.52 12055600.0
840 Nov 22, 2016 0.0 0.0 0.0 0.0 32403.0 12022900.0
841 Nov 23, 2016 0.0 0.0 0.0 0.0 21587.5 11831700.0
842 Nov 24, 2016 0.0 0.0 0.0 0.0 35767.5 11873200.0
843 Nov 25, 2016 0.0 0.0 0.0 0.0 13353.5 11583900.0
844 Nov 26, 2016 0.0 0.0 0.0 0.0 31598.0 11766800.0
845 Nov 27, 2016 0.0 0.0 0.0 0.0 7384.03 11294900.0
846 Nov 28, 2016 0.0 0.0 0.0 0.0 13301.3 11405800.0
847 Nov 29, 2016 0.0 0.0 0.0 0.0 9852.81 11340900.0
848 Nov 30, 2016 0.0 0.0 0.0 0.0 15504.9 11417200.0
849 Dec 01, 2016 0.0 0.0 0.0 0.0 60747.2 11164200.0
850 Dec 02, 2016 0.0 0.0 0.0 0.0 29715.0 11102000.0
851 Dec 03, 2016 0.0 0.0 0.0 0.0 29494.6 10476300.0
852 Dec 04, 2016 0.0 0.0 0.0 0.0 8555.93 10904800.0
853 Dec 05, 2016 0.0 0.0 0.0 0.0 17746.6 10492900.0
854 Dec 06, 2016 0.0 0.0 0.0 0.0 856036.0 10563300.0
855 Dec 07, 2016 0.0 0.0 0.0 0.0 2369690.0 18174700.0
856 Dec 08, 2016 0.0 0.0 0.0 0.0 1531460.0 18831300.0
857 Dec 09, 2016 0.0 0.0 0.0 0.0 519467.0 16742000.0
858 Dec 10, 2016 0.0 0.0 0.0 0.0 481548.0 17721400.0
859 Dec 11, 2016 0.0 0.0 0.0 0.0 306783.0 15102000.0
860 Dec 12, 2016 0.0 0.0 0.0 0.0 230324.0 16124600.0
861 Dec 13, 2016 0.0 0.0 0.0 0.0 207838.0 15676100.0
862 Dec 14, 2016 0.0 0.0 0.0 0.0 83790.1 14973400.0
863 Dec 15, 2016 0.0 0.0 0.0 0.0 673328.0 14887800.0
864 Dec 16, 2016 0.0 0.0 0.0 0.0 1241390.0 19528800.0
865 Dec 17, 2016 0.0 0.0 0.0 0.0 350471.0 21660900.0
866 Dec 18, 2016 0.0 0.0 0.0 0.0 142791.0 19186100.0
867 Dec 19, 2016 0.0 0.0 0.0 0.0 125139.0 20078900.0
868 Dec 20, 2016 0.0 0.0 0.0 0.0 130279.0 19847400.0
869 Dec 21, 2016 0.0 0.0 0.0 0.0 123212.0 19669400.0
870 Dec 22, 2016 0.0 0.0 0.0 0.0 195628.0 19549800.0
871 Dec 23, 2016 0.0 0.0 0.0 0.0 176957.0 19080200.0
872 Dec 24, 2016 0.0 0.0 0.0 0.0 53322.4 17850900.0
873 Dec 25, 2016 0.0 0.0 0.0 0.0 29175.3 18631500.0
874 Dec 26, 2016 0.0 0.0 0.0 0.0 23143.2 17843400.0
875 Dec 27, 2016 0.0 0.0 0.0 0.0 126849.0 18400800.0
876 Dec 28, 2016 0.0 0.0 0.0 0.0 66922.5 17665800.0
877 Dec 29, 2016 0.0 0.0 0.0 0.0 144014.0 17370800.0
878 Dec 30, 2016 0.0 0.0 0.0 0.0 55767.9 17714100.0
879 Dec 31, 2016 0.0 0.0 0.0 0.0 43346.2 17612200.0
880 Jan 01, 2017 0.0 0.0 0.0 0.0 39325.4 17052000.0
881 Jan 02, 2017 0.0 0.0 0.0 0.0 46379.6 17129800.0
882 Jan 03, 2017 0.0 0.0 0.0 0.0 39943.6 17295800.0
883 Jan 04, 2017 0.0 0.0 0.0 0.0 85385.4 17673500.0
884 Jan 05, 2017 0.0 0.0 0.0 0.0 208399.0 18946300.0
885 Jan 06, 2017 0.0 0.0 0.0 0.0 121804.0 18034100.0
886 Jan 07, 2017 0.0 0.0 0.0 0.0 74459.4 17286000.0
887 Jan 08, 2017 0.0 0.0 0.0 0.0 26201.9 16586000.0
888 Jan 09, 2017 0.0 0.0 0.0 0.0 36857.6 16313100.0
889 Jan 10, 2017 0.0 0.0 0.0 0.0 24044.4 16235200.0
890 Jan 11, 2017 0.0 0.0 0.0 0.0 168734.0 16303000.0
891 Jan 12, 2017 0.0 0.0 0.0 0.0 196679.0 14396500.0
892 Jan 13, 2017 0.0 0.0 0.0 0.0 88947.8 17021400.0
893 Jan 14, 2017 0.0 0.0 0.0 0.0 65155.2 16461700.0
894 Jan 15, 2017 0.0 0.0 0.0 0.0 50895.0 17012400.0
895 Jan 16, 2017 0.0 0.0 0.0 0.0 49555.6 16893600.0
896 Jan 17, 2017 0.0 0.0 0.0 0.0 52441.9 16475800.0
897 Jan 18, 2017 0.0 0.0 0.0 0.0 133001.0 17624100.0
898 Jan 19, 2017 0.0 0.0 0.0 0.0 136244.0 17233400.0
899 Jan 20, 2017 0.0 0.0 0.0 0.0 123512.0 16254400.0
900 Jan 21, 2017 0.0 0.0 0.0 0.0 71721.7 16411000.0
901 Jan 22, 2017 0.0 0.0 0.0 0.0 60391.7 15888100.0
902 Jan 23, 2017 0.0 0.0 0.0 0.0 84696.9 16076200.0
903 Jan 24, 2017 0.0 0.0 0.0 0.0 64051.9 16169000.0
904 Jan 25, 2017 0.0 0.0 0.0 0.0 95888.6 15465500.0
905 Jan 26, 2017 0.0 0.0 0.0 0.0 68879.1 14930300.0
906 Jan 27, 2017 0.0 0.0 0.0 0.0 106139.0 15602800.0
907 Jan 28, 2017 0.0 0.0 0.0 0.0 63588.9 15247000.0
908 Jan 29, 2017 0.0 0.0 0.0 0.0 31415.8 15175100.0
909 Jan 30, 2017 0.0 0.0 0.0 0.0 168268.0 15399600.0
910 Jan 31, 2017 0.0 0.0 0.0 0.0 154049.0 17008100.0
911 Feb 01, 2017 0.0 0.0 0.0 0.0 60079.0 16290400.0
912 Feb 02, 2017 0.0 0.0 0.0 0.0 82584.4 16351600.0
913 Feb 03, 2017 0.0 0.0 0.0 0.0 63774.8 16791800.0
914 Feb 04, 2017 0.0 0.0 0.0 0.0 64987.8 16629700.0
915 Feb 05, 2017 0.0 0.0 0.0 0.0 82642.2 16589400.0
916 Feb 06, 2017 0.0 0.0 0.0 0.0 61960.3 16273600.0
917 Feb 07, 2017 0.0 0.0 0.0 0.0 112816.0 16417800.0
918 Feb 08, 2017 0.0 0.0 0.0 0.0 135615.0 16214400.0
919 Feb 09, 2017 0.0 0.0 0.0 0.0 132588.0 15679000.0
920 Feb 10, 2017 0.0 0.0 0.0 0.0 98448.3 15071000.0
921 Feb 11, 2017 0.0 0.0 0.0 0.0 63281.3 14961300.0
922 Feb 12, 2017 0.0 0.0 0.0 0.0 64662.4 14740700.0
923 Feb 13, 2017 0.0 0.0 0.0 0.0 70642.1 14599700.0
924 Feb 14, 2017 0.0 0.0 0.0 0.0 63693.1 14458100.0
925 Feb 15, 2017 0.0 0.0 0.0 0.0 163475.0 14685800.0
926 Feb 16, 2017 0.0 0.0 0.0 0.0 112630.0 15410300.0
927 Feb 17, 2017 0.0 0.0 0.0 0.0 79791.7 14927100.0
928 Feb 18, 2017 0.0 0.0 0.0 0.0 127180.0 14627300.0
929 Feb 19, 2017 0.0 0.0 0.0 0.0 65984.3 14126400.0
930 Feb 20, 2017 0.0 0.0 0.0 0.0 62491.4 14122700.0
931 Feb 21, 2017 0.0 0.0 0.0 0.0 149743.0 14285900.0
932 Feb 22, 2017 0.0 0.0 0.0 0.0 162748.0 14033800.0
933 Feb 23, 2017 0.0 0.0 0.0 0.0 131865.0 14114800.0
934 Feb 24, 2017 0.0 0.0 0.0 0.0 186269.0 13485100.0
935 Feb 25, 2017 0.0 0.0 0.0 0.0 119102.0 13144800.0
936 Feb 26, 2017 0.0 0.0 0.0 0.0 149964.0 13139300.0
937 Feb 27, 2017 0.0 0.0 0.0 0.0 99411.2 13135300.0
938 Feb 28, 2017 0.0 0.0 0.0 0.0 73171.1 12408500.0
939 Mar 01, 2017 0.0 0.0 0.0 0.0 263991.0 12872900.0
940 Mar 02, 2017 0.0 0.0 0.0 0.0 443801.0 12094900.0
941 Mar 03, 2017 0.0 0.0 0.0 0.0 242064.0 12478800.0
942 Mar 04, 2017 0.0 0.0 0.0 0.0 104298.0 12401900.0
943 Mar 05, 2017 0.0 0.0 0.0 0.0 105342.0 12190200.0
944 Mar 06, 2017 0.0 0.0 0.0 0.0 192854.0 12099700.0
945 Mar 07, 2017 0.0 0.0 0.0 0.0 434802.0 13883900.0
946 Mar 08, 2017 0.0 0.0 0.0 0.0 310617.0 14024100.0
947 Mar 09, 2017 0.0 0.0 0.0 0.0 186214.0 12880500.0
948 Mar 10, 2017 0.0 0.0 0.0 0.0 344787.0 12464400.0
949 Mar 11, 2017 0.0 0.0 0.0 0.0 393229.0 12106000.0
950 Mar 12, 2017 0.0 0.0 0.0 0.0 352712.0 12548100.0
951 Mar 13, 2017 0.0 0.0 0.0 0.0 667701.0 12990500.0
952 Mar 14, 2017 0.0 0.0 0.0 0.0 389076.0 13732800.0
953 Mar 15, 2017 0.0 0.0 0.0 0.0 482234.0 13401600.0
954 Mar 16, 2017 0.0 0.0 0.0 0.0 447895.0 13580400.0
955 Mar 17, 2017 0.0 0.0 0.0 0.0 469909.0 13641400.0
956 Mar 18, 2017 0.0 0.0 0.0 0.0 691703.0 13693700.0
957 Mar 19, 2017 0.0 0.0 0.0 0.0 433766.0 13102600.0
958 Mar 20, 2017 0.0 0.0 0.0 0.0 370907.0 13414400.0
959 Mar 21, 2017 0.0 0.0 0.0 0.0 619468.0 13835800.0
960 Mar 22, 2017 0.0 0.0 0.0 0.0 432155.0 15530800.0
961 Mar 23, 2017 0.0 0.0 0.0 0.0 618716.0 14093500.0
962 Mar 24, 2017 0.0 0.0 0.0 0.0 1801530.0 16279800.0
963 Mar 25, 2017 0.0 0.0 0.0 0.0 600309.0 15006300.0
964 Mar 26, 2017 0.0 0.0 0.0 0.0 632107.0 14275300.0
965 Mar 27, 2017 0.0 0.0 0.0 0.0 736513.0 14457100.0
966 Mar 28, 2017 0.0 0.0 0.0 0.0 570028.0 13495400.0
967 Mar 29, 2017 0.0 0.0 0.0 0.0 653952.0 14605700.0
968 Mar 30, 2017 0.0 0.0 0.0 0.0 1959610.0 14363300.0
969 Mar 31, 2017 0.0 0.0 0.0 0.0 3674930.0 15866800.0
970 Apr 01, 2017 0.0 0.0 0.0 0.0 1708130.0 16425600.0
971 Apr 02, 2017 0.0 0.0 0.0 0.0 9856240.0 18385800.0
972 Apr 03, 2017 0.0 0.0 0.0 0.0 7365010.0 29039100.0
973 Apr 04, 2017 0.0 0.0 0.0 0.0 2078250.0 22227000.0
974 Apr 05, 2017 0.0 0.0 0.0 0.0 2314330.0 21195500.0
975 Apr 06, 2017 0.0 0.0 0.0 0.0 1977700.0 22141500.0
976 Apr 07, 2017 0.0 0.0 0.0 0.0 2167870.0 19799100.0
977 Apr 08, 2017 0.0 0.0 0.0 0.0 1112600.0 24869500.0
978 Apr 09, 2017 0.0 0.0 0.0 0.0 1153510.0 26356300.0
979 Apr 10, 2017 0.0 0.0 0.0 0.0 584656.0 24924900.0
980 Apr 11, 2017 0.0 0.0 0.0 0.0 464053.0 25429600.0
981 Apr 12, 2017 0.0 0.0 0.0 0.0 1672850.0 25068200.0
982 Apr 13, 2017 0.0 0.0 0.0 0.0 940308.0 28128200.0
983 Apr 14, 2017 0.0 0.0 0.0 0.0 1618350.0 28657400.0
984 Apr 15, 2017 0.0 0.0 0.0 0.0 997774.0 29154800.0
985 Apr 16, 2017 0.0 0.0 0.0 0.0 2437240.0 31579100.0
986 Apr 17, 2017 0.0 0.0 0.0 0.0 2006350.0 35001800.0
987 Apr 18, 2017 0.0 0.0 0.0 0.0 1311170.0 33376300.0
988 Apr 19, 2017 0.0 0.0 0.0 0.0 1247360.0 34749200.0
989 Apr 20, 2017 0.0 0.0 0.0 0.0 1480220.0 33117900.0
990 Apr 21, 2017 0.0 0.0 0.0 0.0 832714.0 31349100.0
991 Apr 22, 2017 0.0 0.0 0.0 0.0 562394.0 32279900.0
992 Apr 23, 2017 0.0 0.0 0.0 0.0 455599.0 32460900.0
993 Apr 24, 2017 0.0 0.0 0.0 0.0 1869950.0 32805200.0
994 Apr 25, 2017 0.0 0.0 0.0 0.0 964780.0 35863900.0
995 Apr 26, 2017 0.0 0.0 0.0 0.0 1690360.0 35452800.0
996 Apr 27, 2017 0.0 0.0 0.0 0.0 1146270.0 35766700.0
997 Apr 28, 2017 0.0 0.0 0.0 0.0 3809910.0 36998100.0
998 Apr 29, 2017 0.0 0.01 0.0 0.0 3841410.0 42227300.0
999 Apr 30, 2017 0.0 0.01 0.0 0.0 4071450.0 46349100.0
1000 May 01, 2017 0.0 0.01 0.0 0.01 6020040.0 45049600.0
1001 May 02, 2017 0.01 0.01 0.0 0.0 3915940.0 48009000.0
1002 May 03, 2017 0.0 0.01 0.0 0.01 3243780.0 44873600.0
1003 May 04, 2017 0.01 0.01 0.01 0.01 9005050.0 48432800.0
1004 May 05, 2017 0.01 0.01 0.01 0.01 61331300.0 61711300.0
1005 May 06, 2017 0.01 0.02 0.01 0.02 106770000.0 100476000.0
1006 May 07, 2017 0.02 0.06 0.02 0.04 280845000.0 199521000.0
1007 May 08, 2017 0.04 0.05 0.03 0.04 235721000.0 403409000.0
1008 May 09, 2017 0.04 0.04 0.02 0.03 102791000.0 378440000.0
1009 May 10, 2017 0.03 0.04 0.03 0.03 56635600.0 271140000.0
1010 May 11, 2017 0.03 0.04 0.03 0.04 78875500.0 296425000.0
1011 May 12, 2017 0.04 0.05 0.04 0.04 82480400.0 355144000.0
1012 May 13, 2017 0.04 0.04 0.03 0.04 38550000.0 381237000.0
1013 May 14, 2017 0.04 0.04 0.04 0.04 24580000.0 357571000.0
1014 May 15, 2017 0.04 0.04 0.04 0.04 45247300.0 368128000.0
1015 May 16, 2017 0.04 0.05 0.04 0.05 88963700.0 414824000.0
1016 May 17, 2017 0.05 0.05 0.04 0.05 62153000.0 477352000.0
1017 May 18, 2017 0.05 0.05 0.04 0.05 32403600.0 459646000.0
1018 May 19, 2017 0.05 0.06 0.04 0.05 43101100.0 442621000.0
1019 May 20, 2017 0.05 0.05 0.05 0.05 28521900.0 474053000.0
1020 May 21, 2017 0.05 0.07 0.05 0.06 68217900.0 516464000.0
1021 May 22, 2017 0.06 0.06 0.05 0.05 51927100.0 602024000.0
1022 May 23, 2017 0.05 0.06 0.05 0.06 27316000.0 492950000.0
1023 May 24, 2017 0.06 0.06 0.05 0.05 33639600.0 533257000.0
1024 May 25, 2017 0.05 0.05 0.04 0.04 38523600.0 490217000.0
1025 May 26, 2017 0.04 0.05 0.04 0.04 29999000.0 380046000.0
1026 May 27, 2017 0.04 0.04 0.02 0.03 34650400.0 392052000.0
1027 May 28, 2017 0.03 0.04 0.03 0.04 22760700.0 319531000.0
1028 May 29, 2017 0.04 0.04 0.03 0.04 14856200.0 341020000.0
1029 May 30, 2017 0.04 0.04 0.03 0.03 15039500.0 355173000.0
1030 May 31, 2017 0.03 0.04 0.03 0.03 20809500.0 297641000.0
1031 Jun 01, 2017 0.03 0.04 0.03 0.04 46517700.0 332674000.0
1032 Jun 02, 2017 0.04 0.04 0.04 0.04 15282100.0 417434000.0
1033 Jun 03, 2017 0.04 0.04 0.04 0.04 14987500.0 387003000.0
1034 Jun 04, 2017 0.04 0.04 0.04 0.04 11654400.0 376823000.0
1035 Jun 05, 2017 0.04 0.04 0.04 0.04 16897100.0 384981000.0
1036 Jun 06, 2017 0.04 0.05 0.04 0.04 27300600.0 401239000.0
1037 Jun 07, 2017 0.04 0.05 0.04 0.05 50180500.0 439598000.0
1038 Jun 08, 2017 0.05 0.06 0.04 0.05 69077400.0 452663000.0
1039 Jun 09, 2017 0.05 0.05 0.05 0.05 27987400.0 486440000.0
1040 Jun 10, 2017 0.05 0.05 0.04 0.04 22225600.0 457775000.0
1041 Jun 11, 2017 0.04 0.05 0.04 0.04 18273600.0 413186000.0
1042 Jun 12, 2017 0.04 0.05 0.04 0.04 14843000.0 442903000.0
1043 Jun 13, 2017 0.04 0.04 0.04 0.04 14126100.0 383584000.0
1044 Jun 14, 2017 0.04 0.04 0.04 0.04 16478300.0 405019000.0
1045 Jun 15, 2017 0.04 0.04 0.03 0.04 13021600.0 386546000.0
1046 Jun 16, 2017 0.04 0.04 0.04 0.04 7608740.0 362124000.0
1047 Jun 17, 2017 0.04 0.04 0.04 0.04 9302020.0 362693000.0
1048 Jun 18, 2017 0.04 0.04 0.04 0.04 6462560.0 378259000.0
1049 Jun 19, 2017 0.04 0.04 0.04 0.04 10118500.0 370273000.0
1050 Jun 20, 2017 0.04 0.04 0.04 0.04 22146100.0 393419000.0
1051 Jun 21, 2017 0.04 0.04 0.04 0.04 8606140.0 383822000.0
1052 Jun 22, 2017 0.04 0.04 0.04 0.04 7197940.0 373535000.0
1053 Jun 23, 2017 0.04 0.04 0.04 0.04 7804070.0 376717000.0
1054 Jun 24, 2017 0.04 0.04 0.04 0.04 6225160.0 394317000.0
1055 Jun 25, 2017 0.04 0.04 0.03 0.03 14106200.0 371411000.0
1056 Jun 26, 2017 0.03 0.04 0.03 0.03 16853100.0 326126000.0
1057 Jun 27, 2017 0.03 0.03 0.02 0.03 16402100.0 294588000.0
1058 Jun 28, 2017 0.03 0.03 0.03 0.03 17106400.0 291560000.0
1059 Jun 29, 2017 0.03 0.03 0.03 0.03 10598500.0 323762000.0
1060 Jun 30, 2017 0.03 0.03 0.03 0.03 7756010.0 296282000.0
1061 Jul 01, 2017 0.03 0.03 0.02 0.02 9301920.0 277895000.0
1062 Jul 02, 2017 0.02 0.03 0.02 0.03 11857600.0 253559000.0
1063 Jul 03, 2017 0.03 0.03 0.02 0.03 7572990.0 266527000.0
1064 Jul 04, 2017 0.03 0.03 0.03 0.03 6393470.0 272443000.0
1065 Jul 05, 2017 0.03 0.03 0.02 0.03 3517740.0 267600000.0
1066 Jul 06, 2017 0.03 0.03 0.03 0.03 3682330.0 266509000.0
1067 Jul 07, 2017 0.03 0.03 0.02 0.02 8666130.0 266472000.0
1068 Jul 08, 2017 0.02 0.02 0.02 0.02 10411800.0 215352000.0
1069 Jul 09, 2017 0.02 0.02 0.02 0.02 4104420.0 228281000.0
1070 Jul 10, 2017 0.02 0.02 0.01 0.01 10800400.0 206559000.0
1071 Jul 11, 2017 0.01 0.01 0.01 0.01 17042700.0 157375000.0
1072 Jul 12, 2017 0.01 0.02 0.01 0.02 16361500.0 151965000.0
1073 Jul 13, 2017 0.02 0.02 0.01 0.02 28951100.0 193139000.0
1074 Jul 14, 2017 0.02 0.02 0.01 0.02 12282200.0 185269000.0
1075 Jul 15, 2017 0.02 0.02 0.01 0.02 20287200.0 173411000.0
1076 Jul 16, 2017 0.02 0.02 0.01 0.01 23584100.0 187684000.0
1077 Jul 17, 2017 0.01 0.02 0.01 0.02 11344300.0 165682000.0
1078 Jul 18, 2017 0.02 0.02 0.02 0.02 9243940.0 200557000.0
1079 Jul 19, 2017 0.02 0.02 0.02 0.02 6628620.0 201166000.0
1080 Jul 20, 2017 0.02 0.02 0.02 0.02 11307300.0 186133000.0
1081 Jul 21, 2017 0.02 0.02 0.02 0.02 9737820.0 203945000.0
1082 Jul 22, 2017 0.02 0.02 0.02 0.02 16277000.0 206136000.0
1083 Jul 23, 2017 0.02 0.02 0.02 0.02 10264600.0 246289000.0
1084 Jul 24, 2017 0.02 0.02 0.02 0.02 6419140.0 233061000.0
1085 Jul 25, 2017 0.02 0.02 0.02 0.02 11337500.0 243311000.0
1086 Jul 26, 2017 0.02 0.02 0.02 0.02 7069110.0 200071000.0
1087 Jul 27, 2017 0.02 0.02 0.02 0.02 4931040.0 203990000.0
1088 Jul 28, 2017 0.02 0.02 0.02 0.02 8881060.0 198466000.0
1089 Jul 29, 2017 0.02 0.02 0.01 0.02 4313590.0 182499000.0
1090 Jul 30, 2017 0.02 0.02 0.01 0.01 3890430.0 188601000.0
1091 Jul 31, 2017 0.01 0.02 0.01 0.02 4522640.0 171434000.0
1092 Aug 01, 2017 0.02 0.02 0.01 0.02 7577370.0 174282000.0
1093 Aug 02, 2017 0.02 0.02 0.02 0.02 8405370.0 193885000.0
1094 Aug 03, 2017 0.02 0.02 0.02 0.02 3565840.0 198503000.0
1095 Aug 04, 2017 0.02 0.02 0.02 0.02 14348900.0 206288000.0
1096 Aug 05, 2017 0.02 0.03 0.02 0.02 28582700.0 249620000.0
1097 Aug 06, 2017 0.02 0.02 0.02 0.02 11789300.0 261044000.0
1098 Aug 07, 2017 0.02 0.02 0.02 0.02 10141400.0 248695000.0
1099 Aug 08, 2017 0.02 0.02 0.02 0.02 8748670.0 244457000.0
1100 Aug 09, 2017 0.02 0.02 0.02 0.02 9943390.0 261957000.0
1101 Aug 10, 2017 0.02 0.02 0.02 0.02 5144750.0 253129000.0
1102 Aug 11, 2017 0.02 0.02 0.02 0.02 6968740.0 241679000.0
1103 Aug 12, 2017 0.02 0.02 0.02 0.02 8536080.0 235813000.0
1104 Aug 13, 2017 0.02 0.02 0.02 0.02 18070400.0 223033000.0
1105 Aug 14, 2017 0.02 0.02 0.02 0.02 9974570.0 201960000.0
1106 Aug 15, 2017 0.02 0.02 0.02 0.02 15330000.0 194212000.0
1107 Aug 16, 2017 0.02 0.02 0.02 0.02 8427430.0 191837000.0
1108 Aug 17, 2017 0.02 0.02 0.02 0.02 7228100.0 195588000.0
1109 Aug 18, 2017 0.02 0.02 0.02 0.02 4253200.0 191461000.0
1110 Aug 19, 2017 0.02 0.02 0.01 0.02 4290190.0 186374000.0
1111 Aug 20, 2017 0.02 0.02 0.02 0.02 7276760.0 182687000.0
1112 Aug 21, 2017 0.02 0.02 0.02 0.02 9391270.0 195916000.0
1113 Aug 22, 2017 0.02 0.02 0.02 0.02 18062400.0 219050000.0
1114 Aug 23, 2017 0.02 0.02 0.02 0.02 25240300.0 239479000.0
1115 Aug 24, 2017 0.02 0.02 0.02 0.02 9530830.0 228611000.0
1116 Aug 25, 2017 0.02 0.02 0.02 0.02 6734260.0 212806000.0
1117 Aug 26, 2017 0.02 0.02 0.02 0.02 6739770.0 232706000.0
1118 Aug 27, 2017 0.02 0.02 0.02 0.02 4308080.0 243160000.0
1119 Aug 28, 2017 0.02 0.02 0.02 0.02 6305440.0 229305000.0
1120 Aug 29, 2017 0.02 0.02 0.02 0.02 5990490.0 237355000.0
1121 Aug 30, 2017 0.02 0.02 0.02 0.02 5836630.0 232392000.0
1122 Aug 31, 2017 0.02 0.02 0.02 0.02 5039660.0 245572000.0
1123 Sep 01, 2017 0.02 0.02 0.02 0.02 8806440.0 370517000.0
1124 Sep 02, 2017 0.02 0.02 0.02 0.02 6551880.0 399054000.0
1125 Sep 03, 2017 0.02 0.02 0.02 0.02 2524130.0 345215000.0
1126 Sep 04, 2017 0.02 0.02 0.02 0.02 6341980.0 353461000.0
1127 Sep 05, 2017 0.02 0.02 0.01 0.02 5204660.0 296191000.0
1128 Sep 06, 2017 0.02 0.02 0.02 0.02 4741770.0 308182000.0
1129 Sep 07, 2017 0.02 0.02 0.02 0.02 3784650.0 337593000.0
1130 Sep 08, 2017 0.02 0.02 0.02 0.02 5110680.0 332706000.0
1131 Sep 09, 2017 0.02 0.02 0.02 0.02 2461230.0 290623000.0
1132 Sep 10, 2017 0.02 0.02 0.01 0.02 3452690.0 283785000.0
1133 Sep 11, 2017 0.02 0.02 0.01 0.02 3903590.0 269966000.0
1134 Sep 12, 2017 0.02 0.02 0.02 0.02 3189200.0 282216000.0
1135 Sep 13, 2017 0.02 0.02 0.01 0.01 2671500.0 268670000.0
1136 Sep 14, 2017 0.01 0.01 0.01 0.01 4609450.0 254686000.0
1137 Sep 15, 2017 0.01 0.01 0.01 0.01 11877600.0 184601000.0
1138 Sep 16, 2017 0.01 0.01 0.01 0.01 3639010.0 199831000.0
1139 Sep 17, 2017 0.01 0.01 0.01 0.01 2253630.0 194242000.0
1140 Sep 18, 2017 0.01 0.01 0.01 0.01 4635400.0 185334000.0
1141 Sep 19, 2017 0.01 0.01 0.01 0.01 3583140.0 223138000.0
1142 Sep 20, 2017 0.01 0.01 0.01 0.01 2522500.0 195421000.0
1143 Sep 21, 2017 0.01 0.01 0.01 0.01 2524650.0 200775000.0
1144 Sep 22, 2017 0.01 0.01 0.01 0.01 1825510.0 177458000.0
1145 Sep 23, 2017 0.01 0.01 0.01 0.01 2032830.0 178394000.0
1146 Sep 24, 2017 0.01 0.01 0.01 0.01 1065700.0 197631000.0
1147 Sep 25, 2017 0.01 0.01 0.01 0.01 2426680.0 191597000.0
1148 Sep 26, 2017 0.01 0.01 0.01 0.01 2222670.0 200327000.0
1149 Sep 27, 2017 0.01 0.01 0.01 0.01 5645900.0 204008000.0
1150 Sep 28, 2017 0.01 0.01 0.01 0.01 2978100.0 237469000.0
1151 Sep 29, 2017 0.01 0.01 0.01 0.01 1967140.0 229178000.0
1152 Sep 30, 2017 0.01 0.01 0.01 0.01 1668730.0 218327000.0
1153 Oct 01, 2017 0.01 0.01 0.01 0.01 1534340.0 229128000.0
1154 Oct 02, 2017 0.01 0.01 0.01 0.01 2362700.0 227204000.0
1155 Oct 03, 2017 0.01 0.01 0.01 0.01 2577540.0 214765000.0
1156 Oct 04, 2017 0.01 0.01 0.01 0.01 1670080.0 206833000.0
1157 Oct 05, 2017 0.01 0.01 0.01 0.01 9616220.0 197068000.0
1158 Oct 06, 2017 0.01 0.02 0.01 0.02 24002100.0 243125000.0
1159 Oct 07, 2017 0.02 0.02 0.02 0.02 56853100.0 305922000.0
1160 Oct 08, 2017 0.02 0.02 0.02 0.02 23922100.0 343218000.0
1161 Oct 09, 2017 0.02 0.02 0.02 0.02 29343800.0 311848000.0
1162 Oct 10, 2017 0.02 0.02 0.02 0.02 11082800.0 289284000.0
1163 Oct 11, 2017 0.02 0.02 0.02 0.02 12189100.0 313004000.0
1164 Oct 12, 2017 0.02 0.02 0.02 0.02 14626800.0 323428000.0
1165 Oct 13, 2017 0.02 0.02 0.02 0.02 10486000.0 292768000.0
1166 Oct 14, 2017 0.02 0.02 0.02 0.02 5671720.0 298861000.0
1167 Oct 15, 2017 0.02 0.02 0.02 0.02 9059430.0 286809000.0
1168 Oct 16, 2017 0.02 0.05 0.02 0.04 291627000.0 313995000.0
1169 Oct 17, 2017 0.04 0.05 0.04 0.04 146372000.0 605629000.0
1170 Oct 18, 2017 0.04 0.04 0.03 0.04 66483500.0 759890000.0
1171 Oct 19, 2017 0.04 0.04 0.03 0.03 41683000.0 583492000.0
1172 Oct 20, 2017 0.03 0.03 0.03 0.03 35088200.0 518303000.0
1173 Oct 21, 2017 0.03 0.04 0.02 0.04 60801200.0 453565000.0
1174 Oct 22, 2017 0.04 0.04 0.03 0.03 56070400.0 605233000.0
1175 Oct 23, 2017 0.03 0.04 0.03 0.03 43494400.0 517635000.0
1176 Oct 24, 2017 0.03 0.04 0.03 0.04 73178900.0 571714000.0
1177 Oct 25, 2017 0.04 0.04 0.03 0.04 35434500.0 604354000.0
1178 Oct 26, 2017 0.04 0.04 0.03 0.03 23633200.0 584651000.0
1179 Oct 27, 2017 0.03 0.04 0.03 0.03 15974900.0 575271000.0
1180 Oct 28, 2017 0.03 0.03 0.03 0.03 8887170.0 568695000.0
1181 Oct 29, 2017 0.03 0.03 0.03 0.03 22646700.0 515949000.0
1182 Oct 30, 2017 0.03 0.03 0.03 0.03 14186100.0 509767000.0
1183 Oct 31, 2017 0.03 0.03 0.03 0.03 16918000.0 524277000.0
1184 Nov 01, 2017 0.03 0.03 0.03 0.03 14361700.0 487471000.0
1185 Nov 02, 2017 0.03 0.03 0.02 0.03 34417400.0 448293000.0
1186 Nov 03, 2017 0.03 0.03 0.03 0.03 18470900.0 456146000.0
1187 Nov 04, 2017 0.03 0.03 0.03 0.03 10822300.0 461640000.0
1188 Nov 05, 2017 0.03 0.03 0.03 0.03 8898200.0 451932000.0
1189 Nov 06, 2017 0.03 0.03 0.03 0.03 12830800.0 442813000.0
1190 Nov 07, 2017 0.03 0.03 0.03 0.03 30855800.0 478974000.0
1191 Nov 08, 2017 0.03 0.04 0.03 0.03 39618700.0 508549000.0
1192 Nov 09, 2017 0.03 0.04 0.03 0.04 32813200.0 560545000.0
1193 Nov 10, 2017 0.04 0.04 0.03 0.03 32634200.0 660767000.0
1194 Nov 11, 2017 0.03 0.04 0.03 0.03 17914400.0 548787000.0
1195 Nov 12, 2017 0.03 0.03 0.03 0.03 17002300.0 546827000.0
1196 Nov 13, 2017 0.03 0.03 0.03 0.03 11245700.0 466386000.0
1197 Nov 14, 2017 0.03 0.04 0.03 0.04 18880900.0 507761000.0
1198 Nov 15, 2017 0.04 0.04 0.03 0.04 28206500.0 604993000.0
1199 Nov 16, 2017 0.04 0.04 0.03 0.04 20597200.0 655235000.0
1200 Nov 17, 2017 0.04 0.04 0.03 0.04 11612900.0 658006000.0
1201 Nov 18, 2017 0.04 0.04 0.03 0.04 6979350.0 628776000.0
1202 Nov 19, 2017 0.04 0.04 0.04 0.04 17796700.0 646281000.0
1203 Nov 20, 2017 0.04 0.04 0.04 0.04 13726200.0 648715000.0
1204 Nov 21, 2017 0.04 0.04 0.04 0.04 9113270.0 675367000.0
1205 Nov 22, 2017 0.04 0.04 0.04 0.04 13859400.0 667261000.0
1206 Nov 23, 2017 0.04 0.04 0.04 0.04 22012000.0 755911000.0
1207 Nov 24, 2017 0.04 0.04 0.04 0.04 11277900.0 716293000.0
1208 Nov 25, 2017 0.04 0.04 0.04 0.04 10488700.0 713515000.0
1209 Nov 26, 2017 0.04 0.05 0.04 0.05 30583700.0 775201000.0
1210 Nov 27, 2017 0.05 0.06 0.05 0.06 45702000.0 865597000.0
1211 Nov 28, 2017 0.06 0.08 0.06 0.08 142589000.0 1007510000.0
1212 Nov 29, 2017 0.08 0.1 0.06 0.06 232135000.0 1453630000.0
1213 Nov 30, 2017 0.07 0.08 0.06 0.07 66684900.0 1164430000.0
1214 Dec 01, 2017 0.07 0.09 0.07 0.09 102074000.0 1282140000.0
1215 Dec 02, 2017 0.09 0.1 0.09 0.09 82791100.0 1601920000.0
1216 Dec 03, 2017 0.09 0.1 0.09 0.09 55809800.0 1661390000.0
1217 Dec 04, 2017 0.09 0.1 0.09 0.1 37476600.0 1589540000.0
1218 Dec 05, 2017 0.1 0.13 0.09 0.12 152741000.0 1727270000.0
1219 Dec 06, 2017 0.12 0.17 0.11 0.15 384659000.0 2164040000.0
1220 Dec 07, 2017 0.15 0.18 0.13 0.13 312353000.0 2734310000.0
1221 Dec 08, 2017 0.14 0.14 0.12 0.14 188452000.0 2459440000.0
1222 Dec 09, 2017 0.14 0.15 0.12 0.14 102117000.0 2503310000.0
1223 Dec 10, 2017 0.14 0.14 0.1 0.12 91047600.0 2462460000.0
1224 Dec 11, 2017 0.12 0.15 0.12 0.14 117548000.0 2109300000.0
1225 Dec 12, 2017 0.14 0.16 0.14 0.16 135847000.0 2555100000.0
1226 Dec 13, 2017 0.15 0.16 0.14 0.15 107122000.0 2765100000.0
1227 Dec 14, 2017 0.15 0.21 0.15 0.19 281635000.0 2656890000.0
1228 Dec 15, 2017 0.2 0.2 0.16 0.2 260229000.0 3544830000.0
1229 Dec 16, 2017 0.2 0.24 0.19 0.23 234173000.0 3500490000.0
1230 Dec 17, 2017 0.23 0.3 0.23 0.27 423361000.0 4189510000.0
1231 Dec 18, 2017 0.27 0.28 0.26 0.28 201721000.0 4876760000.0
1232 Dec 19, 2017 0.28 0.3 0.24 0.26 212549000.0 4927630000.0
1233 Dec 20, 2017 0.26 0.27 0.21 0.25 250599000.0 4729210000.0
1234 Dec 21, 2017 0.25 0.28 0.24 0.26 199122000.0 4516350000.0
1235 Dec 22, 2017 0.26 0.28 0.16 0.22 229459000.0 4616600000.0
1236 Dec 23, 2017 0.22 0.26 0.21 0.23 116122000.0 3943440000.0
1237 Dec 24, 2017 0.24 0.24 0.2 0.22 71071600.0 4228850000.0
1238 Dec 25, 2017 0.23 0.23 0.21 0.23 71737300.0 4045700000.0
1239 Dec 26, 2017 0.23 0.23 0.21 0.23 96759300.0 4083400000.0
1240 Dec 27, 2017 0.23 0.23 0.22 0.23 78509400.0 4040790000.0
1241 Dec 28, 2017 0.23 0.23 0.2 0.22 75925400.0 4068660000.0
1242 Dec 29, 2017 0.22 0.34 0.22 0.32 387880000.0 3996450000.0
1243 Dec 30, 2017 0.32 0.39 0.29 0.32 537916000.0 5651880000.0
1244 Dec 31, 2017 0.32 0.36 0.31 0.36 183768000.0 5676400000.0
1245 >Jan 01, 201 0.36 0.52 0.36 0.48 669372000.0 6436760000.0
1246 Jan 02, 2018 0.5 0.59 0.47 0.56 676667000.0 8873700000.0
1247 Jan 03, 2018 0.56 0.92 0.56 0.9 1513270000.0 10059800000.0
1248 Jan 04, 2018 0.89 0.94 0.68 0.72 892268000.0 15953600000.0
1249 Jan 05, 2018 0.74 0.79 0.58 0.66 727409000.0 13219400000.0
1250 Jan 06, 2018 0.66 0.79 0.61 0.71 440182000.0 11854000000.0
1251 Jan 07, 2018 0.71 0.74 0.66 0.7 347557000.0 12688400000.0
1252 Jan 08, 2018 0.69 0.69 0.56 0.63 249426000.0 12442100000.0
1253 Jan 09, 2018 0.63 0.65 0.57 0.58 208330000.0 11229100000.0
1254 Jan 10, 2018 0.59 0.59 0.48 0.57 249019000.0 10523600000.0
1255 Jan 11, 2018 0.56 0.61 0.44 0.56 330878000.0 10084400000.0
1256 Jan 12, 2018 0.56 0.71 0.53 0.68 394376000.0 9998070000.0
1257 Jan 13, 2018 0.68 0.72 0.64 0.67 189183000.0 12198400000.0
1258 Jan 14, 2018 0.67 0.67 0.58 0.63 116460000.0 12025900000.0
1259 Jan 15, 2018 0.63 0.67 0.6 0.6 345562000.0 11190600000.0
1260 Jan 16, 2018 0.6 0.6 0.32 0.44 466139000.0 10736400000.0
1261 Jan 17, 2018 0.44 0.5 0.3 0.48 486789000.0 7906720000.0
1262 Jan 18, 2018 0.48 0.57 0.45 0.51 472047000.0 8579040000.0
1263 Jan 19, 2018 0.5 0.54 0.48 0.51 207275000.0 9005680000.0
1264 Jan 20, 2018 0.51 0.55 0.5 0.53 204013000.0 9123480000.0
1265 Jan 21, 2018 0.53 0.53 0.45 0.46 161687000.0 9560800000.0
1266 Jan 22, 2018 0.47 0.53 0.43 0.49 442542000.0 8336150000.0
1267 Jan 23, 2018 0.47 0.52 0.43 0.49 207031000.0 8487840000.0
1268 Jan 24, 2018 0.49 0.59 0.47 0.57 669319000.0 8693050000.0
1269 Jan 25, 2018 0.57 0.65 0.56 0.61 627336000.0 10146600000.0
1270 Jan 26, 2018 0.6 0.65 0.55 0.63 787644000.0 10759400000.0
1271 Jan 27, 2018 0.63 0.64 0.61 0.61 216913000.0 11283600000.0
1272 Jan 28, 2018 0.61 0.64 0.61 0.63 194610000.0 11005200000.0
1273 Jan 29, 2018 0.63 0.63 0.58 0.59 118507000.0 11303400000.0
1274 Jan 30, 2018 0.59 0.59 0.47 0.49 178893000.0 10557100000.0
1275 Jan 31, 2018 0.49 0.56 0.44 0.54 288693000.0 8732980000.0
1276 Feb 01, 2018 0.54 0.54 0.43 0.46 172407000.0 9967480000.0
1277 Feb 02, 2018 0.46 0.46 0.28 0.41 396784000.0 8387820000.0
1278 Feb 03, 2018 0.41 0.48 0.34 0.43 282349000.0 7482160000.0
1279 Feb 04, 2018 0.42 0.47 0.37 0.38 231808000.0 7851160000.0
1280 Feb 05, 2018 0.38 0.42 0.31 0.33 339507000.0 7064590000.0
1281 Feb 06, 2018 0.34 0.37 0.27 0.37 518085000.0 6208170000.0
1282 Feb 07, 2018 0.37 0.38 0.34 0.34 188328000.0 6800610000.0
1283 Feb 08, 2018 0.34 0.37 0.34 0.36 121448000.0 6357810000.0
1284 Feb 09, 2018 0.36 0.4 0.35 0.4 144231000.0 6648690000.0
1285 Feb 10, 2018 0.4 0.45 0.38 0.41 227551000.0 7344120000.0
1286 Feb 11, 2018 0.41 0.41 0.36 0.37 85791700.0 7494820000.0
1287 Feb 12, 2018 0.37 0.4 0.37 0.4 61140000.0 6897000000.0
1288 Feb 13, 2018 0.4 0.43 0.37 0.41 196175000.0 7306910000.0
1289 Feb 14, 2018 0.41 0.46 0.4 0.45 192629000.0 7554980000.0
1290 Feb 15, 2018 0.45 0.46 0.44 0.45 106142000.0 8334660000.0
1291 Feb 16, 2018 0.45 0.46 0.44 0.46 53289200.0 8330000000.0
1292 Feb 17, 2018 0.46 0.48 0.45 0.48 104733000.0 8390980000.0
1293 Feb 18, 2018 0.48 0.49 0.44 0.45 74452000.0 8847360000.0
1294 Feb 19, 2018 0.45 0.46 0.45 0.45 57015400.0 8318460000.0
1295 Feb 20, 2018 0.45 0.46 0.4 0.4 104842000.0 8362940000.0
1296 Feb 21, 2018 0.4 0.43 0.38 0.4 132189000.0 7381920000.0
1297 Feb 22, 2018 0.39 0.41 0.36 0.37 69561100.0 7274300000.0
1298 Feb 23, 2018 0.36 0.39 0.35 0.38 56829000.0 6724760000.0
1299 Feb 24, 2018 0.38 0.39 0.35 0.35 34738100.0 7067390000.0
1300 Feb 25, 2018 0.35 0.37 0.34 0.36 42268800.0 6547760000.0
1301 Feb 26, 2018 0.36 0.37 0.35 0.36 42535600.0 6624170000.0
1302 Feb 27, 2018 0.36 0.37 0.35 0.36 38136100.0 6733960000.0
1303 Feb 28, 2018 0.36 0.36 0.33 0.33 38961000.0 6656080000.0
1304 Mar 01, 2018 0.33 0.35 0.32 0.34 46631800.0 6170520000.0
1305 Mar 02, 2018 0.34 0.34 0.32 0.32 38378100.0 6254990000.0
1306 Mar 03, 2018 0.32 0.35 0.31 0.35 52827100.0 5891720000.0
1307 Mar 04, 2018 0.35 0.36 0.34 0.36 99892700.0 6538290000.0
1308 Mar 05, 2018 0.36 0.4 0.35 0.35 98523700.0 6718270000.0
1309 Mar 06, 2018 0.35 0.37 0.34 0.34 44141000.0 6496220000.0
1310 Mar 07, 2018 0.34 0.35 0.3 0.33 62389100.0 6238880000.0
1311 Mar 08, 2018 0.33 0.34 0.31 0.31 47233100.0 6091740000.0
1312 Mar 09, 2018 0.31 0.32 0.27 0.31 56838800.0 5757390000.0
1313 Mar 10, 2018 0.32 0.32 0.29 0.29 21963200.0 5838430000.0
1314 Mar 11, 2018 0.29 0.31 0.28 0.3 26023900.0 5399090000.0
1315 Mar 12, 2018 0.3 0.31 0.29 0.29 29443200.0 5629090000.0
1316 Mar 13, 2018 0.29 0.3 0.28 0.29 24814700.0 5367350000.0
1317 Mar 14, 2018 0.29 0.3 0.24 0.25 49138300.0 5398850000.0
1318 Mar 15, 2018 0.25 0.25 0.22 0.24 54358800.0 4603470000.0
1319 Mar 16, 2018 0.24 0.24 0.23 0.23 23756700.0 4457950000.0
1320 Mar 17, 2018 0.23 0.23 0.2 0.21 33001800.0 4259820000.0
1321 Mar 18, 2018 0.21 0.22 0.16 0.22 91400500.0 3818300000.0
1322 Mar 19, 2018 0.22 0.25 0.21 0.25 93820800.0 4113520000.0
1323 Mar 20, 2018 0.25 0.28 0.23 0.27 88101600.0 4624530000.0
1324 Mar 21, 2018 0.27 0.27 0.25 0.25 93970500.0 5020630000.0
1325 Mar 22, 2018 0.26 0.26 0.23 0.24 53777200.0 4733130000.0
1326 Mar 23, 2018 0.24 0.24 0.22 0.24 49937100.0 4507260000.0
1327 Mar 24, 2018 0.24 0.24 0.23 0.23 37806800.0 4409910000.0
1328 Mar 25, 2018 0.23 0.24 0.23 0.24 31527600.0 4323060000.0
1329 Mar 26, 2018 0.24 0.25 0.22 0.23 44406300.0 4437990000.0
1330 Mar 27, 2018 0.23 0.23 0.2 0.22 37693300.0 4239960000.0
