0 Aug 04, 2013 0.01 0.01 0.01 0.01 0.0 45921000.0
1 >Aug 05, 201 0.01 0.01 0.01 0.01 0.0 45928400.0
2 Aug 06, 2013 0.01 0.01 0.0 0.0 0.0 44067600.0
3 Aug 07, 2013 0.0 0.0 0.0 0.0 0.0 36503500.0
4 Aug 08, 2013 0.0 0.0 0.0 0.0 0.0 34372500.0
5 Aug 09, 2013 0.0 0.0 0.0 0.0 0.0 33282700.0
6 Aug 10, 2013 0.0 0.0 0.0 0.0 0.0 33547500.0
7 Aug 11, 2013 0.0 0.0 0.0 0.0 0.0 33725000.0
8 Aug 12, 2013 0.0 0.0 0.0 0.0 0.0 34511100.0
9 Aug 13, 2013 0.0 0.0 0.0 0.0 0.0 34893700.0
10 Aug 14, 2013 0.0 0.0 0.0 0.0 0.0 33359300.0
11 Aug 15, 2013 0.0 0.0 0.0 0.0 0.0 29615000.0
12 Aug 16, 2013 0.0 0.0 0.0 0.0 0.0 24092600.0
13 Aug 17, 2013 0.0 0.01 0.0 0.01 0.0 24533400.0
14 Aug 18, 2013 0.01 0.01 0.01 0.01 0.0 44458200.0
15 Aug 19, 2013 0.01 0.01 0.01 0.01 0.0 43678200.0
16 Aug 20, 2013 0.01 0.01 0.01 0.01 0.0 42031100.0
17 Aug 21, 2013 0.01 0.01 0.01 0.01 0.0 47675800.0
18 Aug 22, 2013 0.01 0.01 0.01 0.01 0.0 47928700.0
19 Aug 23, 2013 0.01 0.01 0.0 0.01 0.0 40487300.0
20 Aug 24, 2013 0.01 0.01 0.01 0.01 0.0 40176000.0
21 Aug 25, 2013 0.01 0.01 0.01 0.01 0.0 43198100.0
22 Aug 26, 2013 0.01 0.01 0.01 0.01 0.0 47719500.0
23 Aug 27, 2013 0.01 0.01 0.01 0.01 0.0 50569200.0
24 Aug 28, 2013 0.01 0.01 0.01 0.01 0.0 50433400.0
25 Aug 29, 2013 0.01 0.01 0.01 0.01 0.0 48829100.0
26 Aug 30, 2013 0.01 0.01 0.01 0.01 0.0 45034300.0
27 Aug 31, 2013 0.01 0.01 0.01 0.01 0.0 46223800.0
28 Sep 01, 2013 0.01 0.01 0.01 0.01 0.0 43960300.0
29 Sep 02, 2013 0.01 0.01 0.01 0.01 0.0 45334600.0
30 Sep 03, 2013 0.01 0.01 0.01 0.01 0.0 43139800.0
31 Sep 04, 2013 0.01 0.01 0.01 0.01 0.0 44248300.0
32 Sep 05, 2013 0.01 0.01 0.01 0.01 0.0 44529800.0
33 Sep 06, 2013 0.01 0.01 0.01 0.01 0.0 44698500.0
34 Sep 07, 2013 0.01 0.01 0.01 0.01 0.0 45756200.0
35 Sep 08, 2013 0.01 0.01 0.01 0.01 0.0 48251900.0
36 Sep 09, 2013 0.01 0.01 0.01 0.01 0.0 48417800.0
37 Sep 10, 2013 0.01 0.01 0.01 0.01 0.0 49079900.0
38 Sep 11, 2013 0.01 0.01 0.01 0.01 0.0 45397700.0
39 Sep 12, 2013 0.01 0.01 0.01 0.01 0.0 49152200.0
40 Sep 13, 2013 0.01 0.01 0.01 0.01 0.0 49521000.0
41 Sep 14, 2013 0.01 0.01 0.01 0.01 0.0 50930100.0
42 Sep 15, 2013 0.01 0.01 0.01 0.01 0.0 49633200.0
43 Sep 16, 2013 0.01 0.01 0.01 0.01 0.0 50785700.0
44 Sep 17, 2013 0.01 0.01 0.01 0.01 0.0 55397400.0
45 Sep 18, 2013 0.01 0.01 0.01 0.01 0.0 75181400.0
46 Sep 19, 2013 0.01 0.01 0.01 0.01 0.0 84227600.0
47 Sep 20, 2013 0.01 0.01 0.01 0.01 0.0 85699700.0
48 Sep 21, 2013 0.01 0.01 0.01 0.01 0.0 79006800.0
49 Sep 22, 2013 0.01 0.01 0.01 0.01 0.0 76097500.0
50 Sep 23, 2013 0.01 0.01 0.01 0.01 0.0 81265400.0
51 Sep 24, 2013 0.01 0.01 0.01 0.01 0.0 78301600.0
52 Sep 25, 2013 0.01 0.01 0.01 0.01 0.0 81768100.0
53 Sep 26, 2013 0.01 0.01 0.01 0.01 0.0 81557000.0
54 Sep 27, 2013 0.01 0.01 0.01 0.01 0.0 91973600.0
55 Sep 28, 2013 0.01 0.01 0.01 0.01 0.0 117006000.0
56 Sep 29, 2013 0.01 0.01 0.01 0.01 0.0 108254000.0
57 Sep 30, 2013 0.01 0.01 0.01 0.01 0.0 100460000.0
58 Oct 01, 2013 0.01 0.01 0.01 0.01 0.0 85261900.0
59 Oct 02, 2013 0.01 0.01 0.01 0.01 0.0 82231700.0
60 Oct 03, 2013 0.01 0.01 0.01 0.01 0.0 60813300.0
61 Oct 04, 2013 0.01 0.01 0.01 0.01 0.0 69748000.0
62 Oct 05, 2013 0.01 0.01 0.01 0.01 0.0 75642700.0
63 Oct 06, 2013 0.01 0.01 0.01 0.01 0.0 74066400.0
64 Oct 07, 2013 0.01 0.01 0.01 0.01 0.0 75587700.0
65 Oct 08, 2013 0.01 0.01 0.01 0.01 0.0 72120200.0
66 Oct 09, 2013 0.01 0.01 0.01 0.01 0.0 73796500.0
67 Oct 10, 2013 0.01 0.01 0.01 0.01 0.0 75533700.0
68 Oct 11, 2013 0.01 0.01 0.01 0.01 0.0 77269300.0
69 Oct 12, 2013 0.01 0.01 0.01 0.01 0.0 69671600.0
70 Oct 13, 2013 0.01 0.01 0.01 0.01 0.0 73347800.0
71 Oct 14, 2013 0.01 0.01 0.01 0.01 0.0 66332400.0
72 Oct 15, 2013 0.01 0.01 0.01 0.01 0.0 66484600.0
73 Oct 16, 2013 0.01 0.01 0.01 0.01 0.0 63074800.0
74 Oct 17, 2013 0.01 0.01 0.01 0.01 0.0 57051600.0
75 Oct 18, 2013 0.01 0.01 0.01 0.01 0.0 65277700.0
76 Oct 19, 2013 0.01 0.01 0.01 0.01 0.0 62073400.0
77 Oct 20, 2013 0.01 0.01 0.01 0.01 0.0 56444800.0
78 Oct 21, 2013 0.01 0.01 0.01 0.01 0.0 52433500.0
79 Oct 22, 2013 0.01 0.01 0.01 0.01 0.0 51991300.0
80 Oct 23, 2013 0.01 0.01 0.01 0.01 0.0 53384500.0
81 Oct 24, 2013 0.01 0.01 0.01 0.01 0.0 61808600.0
82 Oct 25, 2013 0.01 0.01 0.01 0.01 0.0 66998000.0
83 Oct 26, 2013 0.01 0.01 0.01 0.01 0.0 53850600.0
84 Oct 27, 2013 0.01 0.01 0.01 0.01 0.0 47218300.0
85 Oct 28, 2013 0.01 0.01 0.01 0.01 0.0 53430600.0
86 Oct 29, 2013 0.01 0.01 0.01 0.01 0.0 46453800.0
87 Oct 30, 2013 0.01 0.01 0.01 0.01 0.0 47018500.0
88 Oct 31, 2013 0.01 0.01 0.01 0.01 0.0 45756500.0
89 Nov 01, 2013 0.01 0.01 0.01 0.01 0.0 47494500.0
90 Nov 02, 2013 0.01 0.01 0.01 0.01 0.0 49616200.0
91 Nov 03, 2013 0.01 0.01 0.01 0.01 0.0 53215000.0
92 Nov 04, 2013 0.01 0.01 0.01 0.01 0.0 55876500.0
93 Nov 05, 2013 0.01 0.01 0.01 0.01 0.0 54838300.0
94 Nov 06, 2013 0.01 0.01 0.01 0.01 0.0 55794300.0
95 Nov 07, 2013 0.01 0.01 0.01 0.01 0.0 60599400.0
96 Nov 08, 2013 0.01 0.01 0.01 0.01 0.0 70229100.0
97 Nov 09, 2013 0.01 0.01 0.01 0.01 0.0 83484100.0
98 Nov 10, 2013 0.01 0.01 0.01 0.01 0.0 69261400.0
99 Nov 11, 2013 0.01 0.01 0.01 0.01 0.0 67191600.0
100 Nov 12, 2013 0.01 0.01 0.01 0.01 0.0 67988900.0
101 Nov 13, 2013 0.01 0.01 0.01 0.01 0.0 74879700.0
102 Nov 14, 2013 0.01 0.01 0.01 0.01 0.0 84591900.0
103 Nov 15, 2013 0.01 0.01 0.01 0.01 0.0 75271300.0
104 Nov 16, 2013 0.01 0.01 0.01 0.01 0.0 75592700.0
105 Nov 17, 2013 0.01 0.01 0.01 0.01 0.0 79404000.0
106 Nov 18, 2013 0.01 0.01 0.01 0.01 0.0 80536000.0
107 Nov 19, 2013 0.01 0.01 0.01 0.01 0.0 82888400.0
108 Nov 20, 2013 0.01 0.01 0.01 0.01 0.0 55771700.0
109 Nov 21, 2013 0.01 0.01 0.01 0.01 0.0 58718600.0
110 Nov 22, 2013 0.01 0.01 0.01 0.01 0.0 77849100.0
111 Nov 23, 2013 0.01 0.01 0.01 0.01 0.0 74696500.0
112 Nov 24, 2013 0.01 0.01 0.01 0.01 0.0 76403900.0
113 Nov 25, 2013 0.01 0.02 0.01 0.02 0.0 91799200.0
114 Nov 26, 2013 0.02 0.03 0.02 0.03 0.0 147429000.0
115 Nov 27, 2013 0.03 0.03 0.02 0.02 0.0 234464000.0
116 Nov 28, 2013 0.03 0.03 0.03 0.03 0.0 217958000.0
117 Nov 29, 2013 0.03 0.03 0.03 0.03 0.0 228781000.0
118 Nov 30, 2013 0.03 0.04 0.03 0.04 0.0 241572000.0
119 Dec 01, 2013 0.04 0.06 0.04 0.05 0.0 306152000.0
120 Dec 02, 2013 0.05 0.06 0.05 0.06 0.0 409530000.0
121 Dec 03, 2013 0.06 0.06 0.05 0.05 0.0 433226000.0
122 Dec 04, 2013 0.05 0.06 0.05 0.06 0.0 379569000.0
123 Dec 05, 2013 0.06 0.06 0.05 0.06 0.0 459470000.0
124 Dec 06, 2013 0.06 0.06 0.04 0.04 0.0 430054000.0
125 Dec 07, 2013 0.04 0.04 0.03 0.03 0.0 329974000.0
126 Dec 08, 2013 0.03 0.04 0.03 0.04 0.0 256084000.0
127 Dec 09, 2013 0.04 0.04 0.04 0.04 0.0 284264000.0
128 Dec 10, 2013 0.04 0.04 0.04 0.04 0.0 304037000.0
129 Dec 11, 2013 0.04 0.04 0.04 0.04 0.0 342565000.0
130 Dec 12, 2013 0.04 0.04 0.03 0.03 0.0 298030000.0
131 Dec 13, 2013 0.03 0.04 0.03 0.04 0.0 270879000.0
132 Dec 14, 2013 0.04 0.04 0.03 0.03 0.0 276998000.0
133 Dec 15, 2013 0.03 0.03 0.03 0.03 0.0 250477000.0
134 Dec 16, 2013 0.03 0.03 0.02 0.02 0.0 228375000.0
135 Dec 17, 2013 0.02 0.02 0.02 0.02 0.0 167292000.0
136 Dec 18, 2013 0.02 0.02 0.01 0.01 0.0 140495000.0
137 Dec 19, 2013 0.01 0.02 0.01 0.02 0.0 123390000.0
138 Dec 20, 2013 0.02 0.02 0.02 0.02 0.0 165276000.0
139 Dec 21, 2013 0.02 0.02 0.02 0.02 0.0 164010000.0
140 Dec 22, 2013 0.02 0.02 0.02 0.02 0.0 168637000.0
141 Dec 23, 2013 0.02 0.02 0.02 0.02 0.0 168640000.0
142 Dec 24, 2013 0.02 0.02 0.02 0.02 0.0 185269000.0
143 Dec 25, 2013 0.02 0.02 0.02 0.02 0.0 176680000.0
144 Dec 26, 2013 0.02 0.02 0.02 0.02 0.0 172756000.0
145 Dec 27, 2013 0.02 0.03 0.02 0.03 148422.0 190964000.0
146 Dec 28, 2013 0.03 0.03 0.03 0.03 143404.0 215413000.0
147 Dec 29, 2013 0.03 0.03 0.03 0.03 56771.6 213518000.0
148 Dec 30, 2013 0.03 0.03 0.03 0.03 72634.4 211515000.0
149 Dec 31, 2013 0.03 0.03 0.03 0.03 63620.6 216359000.0
150 Jan 01, 2014 0.03 0.03 0.03 0.03 58533.4 213937000.0
151 Jan 02, 2014 0.03 0.03 0.03 0.03 128914.0 211195000.0
152 Jan 03, 2014 0.03 0.03 0.03 0.03 89779.8 225065000.0
153 Jan 04, 2014 0.03 0.03 0.03 0.03 60973.4 217189000.0
154 Jan 05, 2014 0.03 0.03 0.02 0.03 200438.0 219665000.0
155 Jan 06, 2014 0.03 0.03 0.02 0.03 184478.0 197774000.0
156 Jan 07, 2014 0.03 0.03 0.02 0.02 73760.7 201691000.0
157 Jan 08, 2014 0.02 0.02 0.02 0.02 82940.9 178440000.0
158 Jan 09, 2014 0.02 0.02 0.02 0.02 100357.0 179784000.0
159 Jan 10, 2014 0.02 0.02 0.02 0.02 64110.7 174864000.0
160 Jan 11, 2014 0.02 0.02 0.02 0.02 70390.4 177631000.0
161 Jan 12, 2014 0.02 0.02 0.02 0.02 42580.7 188894000.0
162 Jan 13, 2014 0.02 0.02 0.02 0.02 15328.0 171688000.0
163 Jan 14, 2014 0.02 0.02 0.02 0.02 41916.1 169835000.0
164 Jan 15, 2014 0.02 0.02 0.02 0.02 25188.9 165599000.0
165 Jan 16, 2014 0.02 0.02 0.02 0.02 58850.9 173599000.0
166 Jan 17, 2014 0.02 0.02 0.02 0.02 72572.4 164096000.0
167 Jan 18, 2014 0.02 0.02 0.02 0.02 21242.3 160724000.0
168 Jan 19, 2014 0.02 0.02 0.02 0.02 69842.3 166631000.0
169 Jan 20, 2014 0.02 0.02 0.02 0.02 67712.0 163282000.0
170 Jan 21, 2014 0.02 0.02 0.02 0.02 82453.0 155179000.0
171 Jan 22, 2014 0.02 0.02 0.02 0.02 60703.1 156246000.0
172 Jan 23, 2014 0.02 0.02 0.02 0.02 106755.0 151554000.0
173 Jan 24, 2014 0.02 0.02 0.02 0.02 136622.0 144826000.0
174 Jan 25, 2014 0.02 0.02 0.02 0.02 75029.0 141560000.0
175 Jan 26, 2014 0.02 0.02 0.02 0.02 77411.2 149573000.0
176 Jan 27, 2014 0.02 0.02 0.02 0.02 124685.0 157241000.0
177 Jan 28, 2014 0.02 0.02 0.02 0.02 100169.0 151368000.0
178 Jan 29, 2014 0.02 0.02 0.02 0.02 73133.8 160584000.0
179 Jan 30, 2014 0.02 0.02 0.02 0.02 90862.4 158906000.0
180 Jan 31, 2014 0.02 0.02 0.02 0.02 98528.7 158873000.0
181 Feb 01, 2014 0.02 0.02 0.02 0.02 123949.0 160418000.0
182 Feb 02, 2014 0.02 0.02 0.02 0.02 112301.0 162182000.0
183 Feb 03, 2014 0.02 0.02 0.02 0.02 74738.8 168326000.0
184 Feb 04, 2014 0.02 0.02 0.02 0.02 75453.1 167302000.0
185 Feb 05, 2014 0.02 0.02 0.02 0.02 54085.0 164552000.0
186 Feb 06, 2014 0.02 0.02 0.02 0.02 97666.8 159872000.0
187 Feb 07, 2014 0.02 0.02 0.02 0.02 153029.0 154639000.0
188 Feb 08, 2014 0.02 0.02 0.02 0.02 54013.3 141085000.0
189 Feb 09, 2014 0.02 0.02 0.02 0.02 64662.4 136211000.0
190 Feb 10, 2014 0.02 0.02 0.01 0.02 38466.2 135726000.0
191 Feb 11, 2014 0.02 0.02 0.01 0.02 63155.4 142071000.0
192 Feb 12, 2014 0.02 0.02 0.01 0.02 67225.9 138352000.0
193 Feb 13, 2014 0.02 0.02 0.01 0.02 64398.7 134164000.0
194 Feb 14, 2014 0.02 0.02 0.01 0.02 126825.0 125544000.0
195 Feb 15, 2014 0.02 0.02 0.01 0.02 82830.9 129075000.0
196 Feb 16, 2014 0.02 0.02 0.01 0.01 80121.7 125780000.0
197 Feb 17, 2014 0.01 0.01 0.01 0.01 110878.0 119537000.0
198 Feb 18, 2014 0.01 0.01 0.01 0.01 152124.0 119676000.0
199 Feb 19, 2014 0.01 0.01 0.01 0.01 106281.0 119171000.0
200 Feb 20, 2014 0.01 0.01 0.01 0.01 217393.0 118819000.0
201 Feb 21, 2014 0.01 0.01 0.01 0.01 124321.0 111811000.0
202 Feb 22, 2014 0.01 0.01 0.01 0.01 88005.5 118074000.0
203 Feb 23, 2014 0.01 0.02 0.01 0.01 103944.0 122034000.0
204 Feb 24, 2014 0.01 0.01 0.01 0.01 141564.0 120485000.0
205 Feb 25, 2014 0.01 0.01 0.01 0.01 293736.0 106362000.0
206 Feb 26, 2014 0.01 0.01 0.01 0.01 70978.9 101779000.0
207 Feb 27, 2014 0.01 0.01 0.01 0.01 101022.0 110391000.0
208 Feb 28, 2014 0.01 0.01 0.01 0.01 166863.0 110421000.0
209 Mar 01, 2014 0.01 0.01 0.01 0.01 111575.0 107003000.0
210 Mar 02, 2014 0.01 0.01 0.01 0.01 62982.0 107770000.0
211 Mar 03, 2014 0.01 0.01 0.01 0.01 127717.0 106245000.0
212 Mar 04, 2014 0.01 0.02 0.01 0.02 179747.0 119680000.0
213 Mar 05, 2014 0.01 0.02 0.01 0.02 122347.0 125053000.0
214 Mar 06, 2014 0.01 0.02 0.01 0.01 142277.0 125022000.0
215 Mar 07, 2014 0.01 0.02 0.01 0.01 169553.0 124524000.0
216 Mar 08, 2014 0.01 0.01 0.01 0.01 56616.9 117415000.0
217 Mar 09, 2014 0.01 0.01 0.01 0.01 47281.4 112963000.0
218 Mar 10, 2014 0.01 0.01 0.01 0.01 101610.0 114829000.0
219 Mar 11, 2014 0.01 0.01 0.01 0.01 33227.5 115491000.0
220 Mar 12, 2014 0.01 0.01 0.01 0.01 135171.0 111007000.0
221 Mar 13, 2014 0.01 0.01 0.01 0.01 57137.8 112413000.0
222 Mar 14, 2014 0.01 0.01 0.01 0.01 121852.0 112055000.0
223 Mar 15, 2014 0.01 0.01 0.01 0.01 37092.6 111061000.0
224 Mar 16, 2014 0.01 0.01 0.01 0.01 82338.5 112250000.0
225 Mar 17, 2014 0.01 0.01 0.01 0.01 121541.0 111814000.0
226 Mar 18, 2014 0.01 0.01 0.01 0.01 87513.9 110251000.0
227 Mar 19, 2014 0.01 0.01 0.01 0.01 132717.0 109815000.0
228 Mar 20, 2014 0.01 0.01 0.01 0.01 162797.0 108980000.0
229 Mar 21, 2014 0.01 0.01 0.01 0.01 192607.0 107013000.0
230 Mar 22, 2014 0.01 0.01 0.01 0.01 137122.0 103550000.0
231 Mar 23, 2014 0.01 0.01 0.01 0.01 137413.0 101328000.0
232 Mar 24, 2014 0.01 0.01 0.01 0.01 115538.0 99053400.0
233 Mar 25, 2014 0.01 0.01 0.01 0.01 90024.9 100619000.0
234 Mar 26, 2014 0.01 0.01 0.01 0.01 154104.0 100255000.0
235 Mar 27, 2014 0.01 0.01 0.01 0.01 272507.0 98338100.0
236 Mar 28, 2014 0.01 0.01 0.01 0.01 220765.0 80670500.0
237 Mar 29, 2014 0.01 0.01 0.01 0.01 121921.0 83070500.0
238 Mar 30, 2014 0.01 0.01 0.01 0.01 177965.0 80971400.0
239 Mar 31, 2014 0.01 0.01 0.01 0.01 244598.0 75654300.0
240 Apr 01, 2014 0.01 0.01 0.01 0.01 172709.0 68678000.0
241 Apr 02, 2014 0.01 0.01 0.01 0.01 306889.0 68758700.0
242 Apr 03, 2014 0.01 0.01 0.01 0.01 172873.0 61772800.0
243 Apr 04, 2014 0.01 0.01 0.01 0.01 132007.0 62219800.0
244 Apr 05, 2014 0.01 0.01 0.01 0.01 73596.2 63133800.0
245 Apr 06, 2014 0.01 0.01 0.01 0.01 95707.9 65277000.0
246 Apr 07, 2014 0.01 0.01 0.01 0.01 62186.8 64598400.0
247 Apr 08, 2014 0.01 0.01 0.01 0.01 65204.3 62579500.0
248 Apr 09, 2014 0.01 0.01 0.01 0.01 221844.0 62653200.0
249 Apr 10, 2014 0.01 0.01 0.01 0.01 332953.0 61423400.0
250 Apr 11, 2014 0.01 0.01 0.01 0.01 345888.0 49218900.0
251 Apr 12, 2014 0.01 0.01 0.01 0.01 182421.0 51449100.0
252 Apr 13, 2014 0.01 0.01 0.01 0.01 153005.0 49026100.0
253 Apr 14, 2014 0.01 0.01 0.01 0.01 466329.0 46878800.0
254 Apr 15, 2014 0.01 0.01 0.01 0.01 274616.0 50917900.0
255 Apr 16, 2014 0.01 0.01 0.01 0.01 1024970.0 60613700.0
256 Apr 17, 2014 0.01 0.01 0.01 0.01 261187.0 55512600.0
257 Apr 18, 2014 0.01 0.01 0.01 0.01 209538.0 49604000.0
258 Apr 19, 2014 0.01 0.01 0.01 0.01 207541.0 48541900.0
259 Apr 20, 2014 0.01 0.01 0.01 0.01 162830.0 50618300.0
260 Apr 21, 2014 0.01 0.01 0.01 0.01 172813.0 48515300.0
261 Apr 22, 2014 0.01 0.01 0.01 0.01 205655.0 47990200.0
262 Apr 23, 2014 0.01 0.01 0.01 0.01 248284.0 47409900.0
263 Apr 24, 2014 0.01 0.01 0.01 0.01 201064.0 47729700.0
264 Apr 25, 2014 0.01 0.01 0.01 0.01 115698.0 47450000.0
265 Apr 26, 2014 0.01 0.01 0.01 0.01 62246.0 42929700.0
266 Apr 27, 2014 0.01 0.01 0.0 0.0 183777.0 42064000.0
267 Apr 28, 2014 0.0 0.01 0.0 0.01 179020.0 37559000.0
268 Apr 29, 2014 0.01 0.01 0.01 0.01 66925.0 40152400.0
269 Apr 30, 2014 0.01 0.01 0.01 0.01 222003.0 41897800.0
270 May 01, 2014 0.01 0.01 0.01 0.01 167861.0 41933900.0
271 May 02, 2014 0.01 0.01 0.01 0.01 292881.0 42287000.0
272 May 03, 2014 0.01 0.01 0.0 0.01 78781.5 41554000.0
273 May 04, 2014 0.01 0.01 0.0 0.01 50949.6 39349100.0
274 >May 05, 201 0.01 0.01 0.0 0.01 184156.0 39144600.0
275 May 06, 2014 0.01 0.01 0.01 0.01 518867.0 40757900.0
276 May 07, 2014 0.01 0.01 0.01 0.01 566819.0 46700600.0
277 May 08, 2014 0.01 0.01 0.01 0.01 293424.0 49592600.0
278 May 09, 2014 0.01 0.01 0.01 0.01 234478.0 47381200.0
279 May 10, 2014 0.01 0.01 0.01 0.01 173762.0 47482200.0
280 May 11, 2014 0.01 0.01 0.01 0.01 120923.0 46453700.0
281 May 12, 2014 0.01 0.01 0.01 0.01 168471.0 44946600.0
282 May 13, 2014 0.01 0.01 0.01 0.01 331979.0 46418200.0
283 May 14, 2014 0.01 0.01 0.01 0.01 972270.0 49557400.0
284 May 15, 2014 0.01 0.01 0.01 0.01 367672.0 56072400.0
285 May 16, 2014 0.01 0.01 0.01 0.01 313468.0 55508000.0
286 May 17, 2014 0.01 0.01 0.01 0.01 248157.0 53954400.0
287 May 18, 2014 0.01 0.01 0.01 0.01 346678.0 50620100.0
288 May 19, 2014 0.01 0.01 0.01 0.01 247907.0 46906900.0
289 May 20, 2014 0.01 0.01 0.01 0.01 395587.0 47261100.0
290 May 21, 2014 0.01 0.01 0.01 0.01 474992.0 52495600.0
291 May 22, 2014 0.01 0.01 0.0 0.0 2846750.0 52191100.0
292 May 23, 2014 0.0 0.0 0.0 0.0 1174650.0 30979600.0
293 May 24, 2014 0.0 0.0 0.0 0.0 1111310.0 26047000.0
294 May 25, 2014 0.0 0.0 0.0 0.0 638473.0 32280700.0
295 May 26, 2014 0.0 0.0 0.0 0.0 464861.0 28672700.0
296 May 27, 2014 0.0 0.0 0.0 0.0 1358170.0 29406600.0
297 May 28, 2014 0.0 0.01 0.0 0.01 1550580.0 36424500.0
298 May 29, 2014 0.01 0.01 0.0 0.0 485322.0 39312100.0
299 May 30, 2014 0.0 0.0 0.0 0.0 166638.0 37265100.0
300 May 31, 2014 0.0 0.0 0.0 0.0 201568.0 33082700.0
301 Jun 01, 2014 0.0 0.0 0.0 0.0 246244.0 32404200.0
302 Jun 02, 2014 0.0 0.0 0.0 0.0 274937.0 31940900.0
303 Jun 03, 2014 0.0 0.0 0.0 0.0 612441.0 33921000.0
304 Jun 04, 2014 0.0 0.0 0.0 0.0 438672.0 34239100.0
305 Jun 05, 2014 0.0 0.0 0.0 0.0 251994.0 30595600.0
306 Jun 06, 2014 0.0 0.0 0.0 0.0 62554.3 30940700.0
307 Jun 07, 2014 0.0 0.0 0.0 0.0 103888.0 30616000.0
308 Jun 08, 2014 0.0 0.0 0.0 0.0 115875.0 31038700.0
309 Jun 09, 2014 0.0 0.0 0.0 0.0 434971.0 31050900.0
310 Jun 10, 2014 0.0 0.0 0.0 0.0 386360.0 33060900.0
311 Jun 11, 2014 0.0 0.0 0.0 0.0 257057.0 35564400.0
312 Jun 12, 2014 0.0 0.0 0.0 0.0 264548.0 34436500.0
313 Jun 13, 2014 0.0 0.0 0.0 0.0 172430.0 31571800.0
314 Jun 14, 2014 0.0 0.0 0.0 0.0 144324.0 32341900.0
315 Jun 15, 2014 0.0 0.0 0.0 0.0 82034.8 31357000.0
316 Jun 16, 2014 0.0 0.0 0.0 0.0 177955.0 32894000.0
317 Jun 17, 2014 0.0 0.0 0.0 0.0 115743.0 32552800.0
318 Jun 18, 2014 0.0 0.0 0.0 0.0 153448.0 33275500.0
319 Jun 19, 2014 0.0 0.0 0.0 0.0 24118.1 33231500.0
320 Jun 20, 2014 0.0 0.0 0.0 0.0 157677.0 33073200.0
321 Jun 21, 2014 0.0 0.0 0.0 0.0 77188.6 32730700.0
322 Jun 22, 2014 0.0 0.0 0.0 0.0 204893.0 32464500.0
323 Jun 23, 2014 0.0 0.0 0.0 0.0 104712.0 32723700.0
324 Jun 24, 2014 0.0 0.0 0.0 0.0 196770.0 31936400.0
325 Jun 25, 2014 0.0 0.0 0.0 0.0 208741.0 31629500.0
326 Jun 26, 2014 0.0 0.0 0.0 0.0 19022.2 30716300.0
327 Jun 27, 2014 0.0 0.0 0.0 0.0 17793.7 31679700.0
328 Jun 28, 2014 0.0 0.0 0.0 0.0 8315.68 31347600.0
329 Jun 29, 2014 0.0 0.0 0.0 0.0 13533.1 30774500.0
330 Jun 30, 2014 0.0 0.0 0.0 0.0 20027.6 31372400.0
331 Jul 01, 2014 0.0 0.0 0.0 0.0 241870.0 29549400.0
332 Jul 02, 2014 0.0 0.0 0.0 0.0 157412.0 28263600.0
333 Jul 03, 2014 0.0 0.0 0.0 0.0 140023.0 27215900.0
334 Jul 04, 2014 0.0 0.0 0.0 0.0 224680.0 26244100.0
335 Jul 05, 2014 0.0 0.0 0.0 0.0 215980.0 25372300.0
336 Jul 06, 2014 0.0 0.0 0.0 0.0 148862.0 24500300.0
337 Jul 07, 2014 0.0 0.0 0.0 0.0 191510.0 21960300.0
338 Jul 08, 2014 0.0 0.0 0.0 0.0 222957.0 24069800.0
339 Jul 09, 2014 0.0 0.0 0.0 0.0 178918.0 25805500.0
340 Jul 10, 2014 0.0 0.0 0.0 0.0 281909.0 30332200.0
341 Jul 11, 2014 0.0 0.0 0.0 0.0 406560.0 31851000.0
342 Jul 12, 2014 0.0 0.0 0.0 0.0 172674.0 33597900.0
343 Jul 13, 2014 0.0 0.0 0.0 0.0 64623.0 33756900.0
344 Jul 14, 2014 0.0 0.0 0.0 0.0 113927.0 33664800.0
345 Jul 15, 2014 0.0 0.0 0.0 0.0 176067.0 34148100.0
346 Jul 16, 2014 0.0 0.0 0.0 0.0 351852.0 35289600.0
347 Jul 17, 2014 0.0 0.01 0.0 0.01 952310.0 38288200.0
348 Jul 18, 2014 0.01 0.01 0.01 0.01 613098.0 48216700.0
349 Jul 19, 2014 0.01 0.01 0.01 0.01 538408.0 49764300.0
350 Jul 20, 2014 0.01 0.01 0.01 0.01 175004.0 41137900.0
351 Jul 21, 2014 0.01 0.01 0.01 0.01 136967.0 42080500.0
352 Jul 22, 2014 0.01 0.01 0.01 0.01 280454.0 41911900.0
353 Jul 23, 2014 0.01 0.01 0.01 0.01 327880.0 44145400.0
354 Jul 24, 2014 0.01 0.01 0.01 0.01 263739.0 50717600.0
355 Jul 25, 2014 0.01 0.01 0.01 0.01 153002.0 48929400.0
356 Jul 26, 2014 0.01 0.01 0.01 0.01 146117.0 49984400.0
357 Jul 27, 2014 0.01 0.01 0.01 0.01 99552.6 49836200.0
358 Jul 28, 2014 0.01 0.01 0.01 0.01 159893.0 49695200.0
359 Jul 29, 2014 0.01 0.01 0.01 0.01 123408.0 50811700.0
360 Jul 30, 2014 0.01 0.01 0.01 0.01 474010.0 50051600.0
361 Jul 31, 2014 0.01 0.01 0.01 0.01 572621.0 42131800.0
362 Aug 01, 2014 0.01 0.01 0.01 0.01 393153.0 42771000.0
363 Aug 02, 2014 0.01 0.01 0.01 0.01 220518.0 44323000.0
364 Aug 03, 2014 0.01 0.01 0.01 0.01 70579.4 43434700.0
365 Aug 04, 2014 0.01 0.01 0.0 0.0 341765.0 43025900.0
366 Aug 05, 2014 0.0 0.01 0.0 0.01 256947.0 40836600.0
367 Aug 06, 2014 0.01 0.01 0.01 0.01 203335.0 42151300.0
368 Aug 07, 2014 0.01 0.01 0.01 0.01 221958.0 43379700.0
369 Aug 08, 2014 0.01 0.01 0.01 0.01 192304.0 44095600.0
370 Aug 09, 2014 0.01 0.01 0.01 0.01 325886.0 45065600.0
371 Aug 10, 2014 0.01 0.01 0.0 0.0 250863.0 43256000.0
372 Aug 11, 2014 0.0 0.01 0.0 0.01 272387.0 41056900.0
373 Aug 12, 2014 0.01 0.01 0.01 0.01 289977.0 43019200.0
374 Aug 13, 2014 0.01 0.01 0.0 0.0 291148.0 41634600.0
375 Aug 14, 2014 0.0 0.01 0.0 0.01 665506.0 41006000.0
376 Aug 15, 2014 0.01 0.01 0.01 0.01 300831.0 43311100.0
377 Aug 16, 2014 0.01 0.01 0.01 0.01 94313.5 44662900.0
378 Aug 17, 2014 0.01 0.01 0.01 0.01 118160.0 44654700.0
379 Aug 18, 2014 0.01 0.01 0.0 0.0 495720.0 42740400.0
380 Aug 19, 2014 0.0 0.01 0.0 0.01 176197.0 41089200.0
381 Aug 20, 2014 0.01 0.01 0.0 0.01 190557.0 41673800.0
382 Aug 21, 2014 0.01 0.01 0.01 0.01 152905.0 43370700.0
383 Aug 22, 2014 0.01 0.01 0.0 0.01 169540.0 42208200.0
384 Aug 23, 2014 0.01 0.01 0.0 0.01 104190.0 42028300.0
385 Aug 24, 2014 0.01 0.01 0.01 0.01 83677.8 41405200.0
386 Aug 25, 2014 0.01 0.01 0.0 0.0 291023.0 42524700.0
387 Aug 26, 2014 0.0 0.0 0.0 0.0 455688.0 41046500.0
388 Aug 27, 2014 0.0 0.01 0.0 0.01 167374.0 140243000.0
389 Aug 28, 2014 0.01 0.01 0.0 0.01 365820.0 145504000.0
390 Aug 29, 2014 0.01 0.01 0.0 0.01 169548.0 146794000.0
391 Aug 30, 2014 0.01 0.01 0.0 0.0 136957.0 145432000.0
392 Aug 31, 2014 0.0 0.0 0.0 0.0 113365.0 143729000.0
393 Sep 01, 2014 0.0 0.01 0.0 0.01 267095.0 141641000.0
394 Sep 02, 2014 0.01 0.01 0.0 0.0 230315.0 145650000.0
395 Sep 03, 2014 0.0 0.0 0.0 0.0 193017.0 134674000.0
396 Sep 04, 2014 0.0 0.0 0.0 0.0 124814.0 138453000.0
397 Sep 05, 2014 0.0 0.0 0.0 0.0 119145.0 139285000.0
398 Sep 06, 2014 0.0 0.0 0.0 0.0 65744.7 141297000.0
399 Sep 07, 2014 0.0 0.0 0.0 0.0 87858.1 139021000.0
400 Sep 08, 2014 0.0 0.0 0.0 0.0 108080.0 136309000.0
401 Sep 09, 2014 0.0 0.0 0.0 0.0 181677.0 136548000.0
402 Sep 10, 2014 0.0 0.0 0.0 0.0 161440.0 136890000.0
403 Sep 11, 2014 0.0 0.0 0.0 0.0 105518.0 137732000.0
404 Sep 12, 2014 0.0 0.0 0.0 0.0 195038.0 137595000.0
405 Sep 13, 2014 0.0 0.0 0.0 0.0 131835.0 136491000.0
406 >Sep 14, 201 0.0 0.01 0.0 0.01 983382.0 136427000.0
407 Sep 15, 2014 0.01 0.01 0.01 0.01 319290.0 148637000.0
408 Sep 16, 2014 0.01 0.01 0.0 0.01 590507.0 147034000.0
409 Sep 17, 2014 0.01 0.01 0.01 0.01 1281960.0 148498000.0
410 Sep 18, 2014 0.01 0.01 0.01 0.01 491147.0 156488000.0
411 Sep 19, 2014 0.01 0.01 0.0 0.0 407109.0 148827000.0
412 Sep 20, 2014 0.0 0.0 0.0 0.0 322621.0 143259000.0
413 Sep 21, 2014 0.0 0.0 0.0 0.0 309571.0 138229000.0
414 Sep 22, 2014 0.0 0.0 0.0 0.0 267342.0 132223000.0
415 Sep 23, 2014 0.0 0.0 0.0 0.0 323106.0 134951000.0
416 Sep 24, 2014 0.0 0.0 0.0 0.0 349329.0 133633000.0
417 Sep 25, 2014 0.0 0.0 0.0 0.0 745348.0 135379000.0
418 Sep 26, 2014 0.0 0.0 0.0 0.0 497323.0 136882000.0
419 Sep 27, 2014 0.0 0.0 0.0 0.0 221573.0 133567000.0
420 Sep 28, 2014 0.0 0.01 0.0 0.01 464102.0 136416000.0
421 Sep 29, 2014 0.01 0.01 0.0 0.0 122073.0 153048000.0
422 Sep 30, 2014 0.0 0.0 0.0 0.0 109352.0 136401000.0
423 Oct 01, 2014 0.0 0.0 0.0 0.0 64998.2 134654000.0
424 Oct 02, 2014 0.0 0.0 0.0 0.0 209158.0 137849000.0
425 Oct 03, 2014 0.0 0.01 0.0 0.01 264083.0 141352000.0
426 Oct 04, 2014 0.01 0.01 0.0 0.0 168516.0 145639000.0
427 Oct 05, 2014 0.0 0.01 0.0 0.0 181316.0 143049000.0
428 Oct 06, 2014 0.0 0.0 0.0 0.0 218684.0 138493000.0
429 Oct 07, 2014 0.0 0.0 0.0 0.0 136439.0 137147000.0
430 Oct 08, 2014 0.0 0.0 0.0 0.0 398026.0 138260000.0
431 Oct 09, 2014 0.0 0.0 0.0 0.0 214591.0 138783000.0
432 Oct 10, 2014 0.0 0.0 0.0 0.0 140436.0 139848000.0
433 Oct 11, 2014 0.0 0.0 0.0 0.0 263175.0 141270000.0
434 Oct 12, 2014 0.0 0.0 0.0 0.0 272667.0 137828000.0
435 Oct 13, 2014 0.0 0.0 0.0 0.0 463679.0 140689000.0
436 Oct 14, 2014 0.0 0.0 0.0 0.0 231490.0 138974000.0
437 Oct 15, 2014 0.0 0.0 0.0 0.0 235627.0 141230000.0
438 Oct 16, 2014 0.0 0.0 0.0 0.0 119623.0 139872000.0
439 Oct 17, 2014 0.0 0.0 0.0 0.0 245692.0 140750000.0
440 Oct 18, 2014 0.0 0.0 0.0 0.0 69145.3 142172000.0
441 Oct 19, 2014 0.0 0.0 0.0 0.0 55747.9 143908000.0
442 Oct 20, 2014 0.0 0.01 0.0 0.01 295888.0 143363000.0
443 Oct 21, 2014 0.01 0.01 0.01 0.01 146796.0 147031000.0
444 Oct 22, 2014 0.01 0.01 0.01 0.01 107561.0 150449000.0
445 Oct 23, 2014 0.01 0.01 0.01 0.01 378216.0 150314000.0
446 Oct 24, 2014 0.01 0.01 0.01 0.01 282070.0 149084000.0
447 Oct 25, 2014 0.01 0.01 0.0 0.0 272566.0 147344000.0
448 Oct 26, 2014 0.0 0.0 0.0 0.0 440679.0 136823000.0
449 Oct 27, 2014 0.0 0.0 0.0 0.0 299518.0 131794000.0
450 Oct 28, 2014 0.0 0.0 0.0 0.0 272894.0 141770000.0
451 Oct 29, 2014 0.0 0.0 0.0 0.0 346606.0 140318000.0
452 Oct 30, 2014 0.0 0.0 0.0 0.0 220063.0 138404000.0
453 Oct 31, 2014 0.0 0.0 0.0 0.0 151046.0 141675000.0
454 Nov 01, 2014 0.0 0.0 0.0 0.0 190204.0 141038000.0
455 Nov 02, 2014 0.0 0.0 0.0 0.0 119913.0 135486000.0
456 Nov 03, 2014 0.0 0.0 0.0 0.0 212517.0 135044000.0
457 Nov 04, 2014 0.0 0.0 0.0 0.0 276134.0 139424000.0
458 Nov 05, 2014 0.0 0.0 0.0 0.0 309820.0 139324000.0
459 Nov 06, 2014 0.0 0.0 0.0 0.0 416386.0 140920000.0
460 Nov 07, 2014 0.0 0.0 0.0 0.0 434075.0 141408000.0
461 Nov 08, 2014 0.0 0.0 0.0 0.0 143181.0 141377000.0
462 Nov 09, 2014 0.0 0.0 0.0 0.0 240824.0 142175000.0
463 Nov 10, 2014 0.0 0.0 0.0 0.0 545390.0 142616000.0
464 Nov 11, 2014 0.0 0.0 0.0 0.0 781614.0 141946000.0
465 Nov 12, 2014 0.0 0.01 0.0 0.01 447173.0 141950000.0
466 Nov 13, 2014 0.01 0.01 0.0 0.01 486595.0 148656000.0
467 Nov 14, 2014 0.01 0.01 0.0 0.01 300910.0 145596000.0
468 Nov 15, 2014 0.01 0.01 0.01 0.01 116803.0 150926000.0
469 Nov 16, 2014 0.01 0.01 0.01 0.01 78345.1 146081000.0
470 Nov 17, 2014 0.01 0.01 0.01 0.01 431359.0 150187000.0
471 Nov 18, 2014 0.01 0.01 0.01 0.01 454544.0 154730000.0
472 Nov 19, 2014 0.01 0.01 0.01 0.01 434916.0 157224000.0
473 Nov 20, 2014 0.01 0.01 0.01 0.01 932564.0 165026000.0
474 Nov 21, 2014 0.01 0.01 0.01 0.01 720035.0 176014000.0
475 Nov 22, 2014 0.01 0.01 0.01 0.01 1123560.0 191067000.0
476 Nov 23, 2014 0.01 0.01 0.01 0.01 1288050.0 222324000.0
477 Nov 24, 2014 0.01 0.01 0.01 0.01 836154.0 265429000.0
478 Nov 25, 2014 0.01 0.01 0.01 0.01 2617990.0 264386000.0
479 Nov 26, 2014 0.01 0.01 0.01 0.01 2382860.0 300853000.0
480 Nov 27, 2014 0.01 0.01 0.01 0.01 5355350.0 339818000.0
481 Nov 28, 2014 0.01 0.01 0.01 0.01 2815520.0 438546000.0
482 Nov 29, 2014 0.01 0.01 0.01 0.01 1878500.0 468174000.0
483 Nov 30, 2014 0.01 0.01 0.01 0.01 2857340.0 431635000.0
484 Dec 01, 2014 0.01 0.01 0.01 0.01 3453750.0 345989000.0
485 Dec 02, 2014 0.01 0.01 0.01 0.01 2206040.0 388688000.0
486 Dec 03, 2014 0.01 0.01 0.01 0.01 1063000.0 406531000.0
487 Dec 04, 2014 0.01 0.01 0.01 0.01 2363160.0 405688000.0
488 Dec 05, 2014 0.01 0.01 0.01 0.01 1281290.0 411840000.0
489 Dec 06, 2014 0.01 0.01 0.01 0.01 1402450.0 425276000.0
490 Dec 07, 2014 0.01 0.01 0.01 0.01 935386.0 444877000.0
491 Dec 08, 2014 0.01 0.01 0.01 0.01 2568380.0 456825000.0
492 Dec 09, 2014 0.01 0.01 0.01 0.01 1621600.0 414363000.0
493 Dec 10, 2014 0.01 0.01 0.01 0.01 1116220.0 465401000.0
494 Dec 11, 2014 0.01 0.02 0.01 0.02 1620910.0 490557000.0
495 Dec 12, 2014 0.02 0.02 0.02 0.02 1620910.0 505654000.0
496 Dec 13, 2014 0.02 0.02 0.02 0.02 1210950.0 505654000.0
497 Dec 14, 2014 0.02 0.02 0.02 0.02 431814.0 524702000.0
498 Dec 15, 2014 0.02 0.02 0.02 0.02 2633740.0 528528000.0
499 Dec 16, 2014 0.02 0.02 0.02 0.02 6249780.0 563471000.0
500 Dec 17, 2014 0.02 0.03 0.02 0.03 5981140.0 665595000.0
501 Dec 18, 2014 0.03 0.03 0.03 0.03 4016710.0 803709000.0
502 Dec 19, 2014 0.03 0.03 0.02 0.02 6254590.0 863897000.0
503 Dec 20, 2014 0.02 0.02 0.02 0.02 3224770.0 721154000.0
504 Dec 21, 2014 0.02 0.03 0.02 0.02 1523180.0 748110000.0
505 Dec 22, 2014 0.02 0.03 0.02 0.03 2150370.0 770428000.0
506 Dec 23, 2014 0.03 0.03 0.02 0.02 2778770.0 791660000.0
507 Dec 24, 2014 0.02 0.02 0.02 0.02 1428390.0 738455000.0
508 Dec 25, 2014 0.02 0.02 0.02 0.02 1234800.0 724515000.0
509 Dec 26, 2014 0.02 0.03 0.02 0.03 2011780.0 748000000.0
510 Dec 27, 2014 0.03 0.03 0.02 0.02 837992.0 783705000.0
511 Dec 28, 2014 0.02 0.02 0.02 0.02 1005650.0 745890000.0
512 Dec 29, 2014 0.02 0.02 0.02 0.02 1145800.0 736587000.0
513 Dec 30, 2014 0.02 0.02 0.02 0.02 795505.0 750555000.0
514 Dec 31, 2014 0.02 0.02 0.02 0.02 640940.0 749477000.0
515 Jan 01, 2015 0.02 0.02 0.02 0.02 399022.0 757566000.0
516 Jan 02, 2015 0.02 0.02 0.02 0.02 459956.0 755156000.0
517 Jan 03, 2015 0.02 0.02 0.02 0.02 2171040.0 752687000.0
518 Jan 04, 2015 0.02 0.02 0.02 0.02 3801010.0 684619000.0
519 Jan 05, 2015 0.02 0.02 0.02 0.02 3051930.0 586821000.0
520 Jan 06, 2015 0.02 0.02 0.02 0.02 1752160.0 629636000.0
521 Jan 07, 2015 0.02 0.02 0.02 0.02 787462.0 642092000.0
522 Jan 08, 2015 0.02 0.02 0.02 0.02 823446.0 645667000.0
523 Jan 09, 2015 0.02 0.02 0.02 0.02 1092300.0 639700000.0
524 Jan 10, 2015 0.02 0.02 0.02 0.02 1550330.0 638861000.0
525 Jan 11, 2015 0.02 0.02 0.02 0.02 558120.0 596151000.0
526 Jan 12, 2015 0.02 0.02 0.02 0.02 560642.0 581824000.0
527 Jan 13, 2015 0.02 0.02 0.01 0.01 3113440.0 570861000.0
528 Jan 14, 2015 0.01 0.02 0.01 0.01 1886420.0 483608000.0
529 Jan 15, 2015 0.01 0.02 0.01 0.02 2285810.0 440025000.0
530 Jan 16, 2015 0.02 0.02 0.02 0.02 1651550.0 509568000.0
531 Jan 17, 2015 0.02 0.02 0.01 0.01 737736.0 507827000.0
532 Jan 18, 2015 0.01 0.01 0.01 0.01 1170730.0 476629000.0
533 Jan 19, 2015 0.01 0.02 0.01 0.01 1093540.0 485018000.0
534 Jan 20, 2015 0.01 0.02 0.01 0.02 1029700.0 494001000.0
535 Jan 21, 2015 0.02 0.02 0.02 0.02 1141990.0 498982000.0
536 Jan 22, 2015 0.02 0.02 0.02 0.02 1105630.0 517337000.0
537 Jan 23, 2015 0.02 0.02 0.02 0.02 1080800.0 527018000.0
538 Jan 24, 2015 0.02 0.02 0.02 0.02 945649.0 517947000.0
539 Jan 25, 2015 0.02 0.02 0.02 0.02 892182.0 517430000.0
540 Jan 26, 2015 0.02 0.02 0.01 0.02 3079280.0 513812000.0
541 Jan 27, 2015 0.02 0.02 0.01 0.01 1316000.0 495869000.0
542 Jan 28, 2015 0.01 0.01 0.01 0.01 1380280.0 490560000.0
543 Jan 29, 2015 0.01 0.01 0.01 0.01 1097200.0 463609000.0
544 Jan 30, 2015 0.01 0.01 0.01 0.01 807399.0 455096000.0
545 Jan 31, 2015 0.01 0.01 0.01 0.01 557619.0 447342000.0
546 Feb 01, 2015 0.01 0.01 0.01 0.01 852106.0 442562000.0
547 Feb 02, 2015 0.01 0.01 0.01 0.01 1482760.0 437940000.0
548 Feb 03, 2015 0.01 0.01 0.01 0.01 1264170.0 423108000.0
549 Feb 04, 2015 0.01 0.01 0.01 0.01 625444.0 403548000.0
550 Feb 05, 2015 0.01 0.01 0.01 0.01 1221720.0 418285000.0
551 Feb 06, 2015 0.01 0.01 0.01 0.01 1790130.0 448352000.0
552 Feb 07, 2015 0.01 0.01 0.01 0.01 518284.0 484570000.0
553 Feb 08, 2015 0.01 0.01 0.01 0.01 446888.0 465102000.0
554 Feb 09, 2015 0.01 0.01 0.01 0.01 625357.0 460453000.0
555 >Feb 10, 201 0.01 0.01 0.01 0.01 850302.0 446825000.0
556 Feb 11, 2015 0.01 0.01 0.01 0.01 457627.0 435316000.0
557 Feb 12, 2015 0.01 0.01 0.01 0.01 542301.0 439706000.0
558 Feb 13, 2015 0.01 0.01 0.01 0.01 1005470.0 447696000.0
559 Feb 14, 2015 0.01 0.01 0.01 0.01 816442.0 464710000.0
560 Feb 15, 2015 0.01 0.01 0.01 0.01 1134340.0 476762000.0
561 Feb 16, 2015 0.01 0.01 0.01 0.01 391037.0 438599000.0
562 Feb 17, 2015 0.01 0.01 0.01 0.01 428236.0 438784000.0
563 Feb 18, 2015 0.01 0.01 0.01 0.01 384700.0 447623000.0
564 Feb 19, 2015 0.01 0.01 0.01 0.01 308654.0 440542000.0
565 Feb 20, 2015 0.01 0.01 0.01 0.01 1036780.0 438465000.0
566 Feb 21, 2015 0.01 0.01 0.01 0.01 314420.0 429540000.0
567 Feb 22, 2015 0.01 0.01 0.01 0.01 587911.0 424046000.0
568 Feb 23, 2015 0.01 0.01 0.01 0.01 439387.0 418781000.0
569 Feb 24, 2015 0.01 0.01 0.01 0.01 627475.0 426002000.0
570 Feb 25, 2015 0.01 0.01 0.01 0.01 502828.0 427670000.0
571 Feb 26, 2015 0.01 0.01 0.01 0.01 836544.0 427725000.0
572 Feb 27, 2015 0.01 0.01 0.01 0.01 910485.0 424205000.0
573 Feb 28, 2015 0.01 0.01 0.01 0.01 520080.0 426193000.0
574 Mar 01, 2015 0.01 0.01 0.01 0.01 1496970.0 414565000.0
575 Mar 02, 2015 0.01 0.01 0.01 0.01 1284250.0 390344000.0
576 Mar 03, 2015 0.01 0.01 0.01 0.01 3050010.0 388994000.0
577 Mar 04, 2015 0.01 0.01 0.01 0.01 2851890.0 326163000.0
578 >Mar 05, 201 0.01 0.01 0.01 0.01 3088530.0 320860000.0
579 Mar 06, 2015 0.01 0.01 0.01 0.01 978284.0 368604000.0
580 Mar 07, 2015 0.01 0.01 0.01 0.01 1230270.0 346457000.0
581 Mar 08, 2015 0.01 0.01 0.01 0.01 735996.0 335930000.0
582 Mar 09, 2015 0.01 0.01 0.01 0.01 2361390.0 317905000.0
583 Mar 10, 2015 0.01 0.01 0.01 0.01 1642070.0 339494000.0
584 Mar 11, 2015 0.01 0.01 0.01 0.01 755784.0 321871000.0
585 Mar 12, 2015 0.01 0.01 0.01 0.01 687546.0 326332000.0
586 Mar 13, 2015 0.01 0.01 0.01 0.01 701607.0 330308000.0
587 Mar 14, 2015 0.01 0.01 0.01 0.01 798070.0 334638000.0
588 Mar 15, 2015 0.01 0.01 0.01 0.01 407154.0 354022000.0
589 Mar 16, 2015 0.01 0.01 0.01 0.01 859896.0 345404000.0
590 Mar 17, 2015 0.01 0.01 0.01 0.01 805396.0 349900000.0
591 Mar 18, 2015 0.01 0.01 0.01 0.01 1632590.0 348741000.0
592 Mar 19, 2015 0.01 0.01 0.01 0.01 2771610.0 338023000.0
593 Mar 20, 2015 0.01 0.01 0.01 0.01 447184.0 334392000.0
594 Mar 21, 2015 0.01 0.01 0.01 0.01 394129.0 333301000.0
595 Mar 22, 2015 0.01 0.01 0.01 0.01 306080.0 324877000.0
596 Mar 23, 2015 0.01 0.01 0.01 0.01 670229.0 325394000.0
597 Mar 24, 2015 0.01 0.01 0.01 0.01 608763.0 329070000.0
598 Mar 25, 2015 0.01 0.01 0.01 0.01 1160540.0 311539000.0
599 Mar 26, 2015 0.01 0.01 0.01 0.01 609264.0 290832000.0
600 Mar 27, 2015 0.01 0.01 0.01 0.01 439537.0 279653000.0
601 Mar 28, 2015 0.01 0.01 0.01 0.01 186292.0 283614000.0
602 Mar 29, 2015 0.01 0.01 0.01 0.01 417819.0 282420000.0
603 Mar 30, 2015 0.01 0.01 0.01 0.01 977525.0 271203000.0
604 Mar 31, 2015 0.01 0.01 0.01 0.01 1359970.0 269701000.0
605 Apr 01, 2015 0.01 0.01 0.01 0.01 708058.0 247992000.0
606 Apr 02, 2015 0.01 0.01 0.01 0.01 373395.0 244625000.0
607 Apr 03, 2015 0.01 0.01 0.01 0.01 1010690.0 252251000.0
608 Apr 04, 2015 0.01 0.01 0.01 0.01 302715.0 278134000.0
609 Apr 05, 2015 0.01 0.01 0.01 0.01 225068.0 282293000.0
610 Apr 06, 2015 0.01 0.01 0.01 0.01 537916.0 279160000.0
611 Apr 07, 2015 0.01 0.01 0.01 0.01 1145350.0 280003000.0
612 Apr 08, 2015 0.01 0.01 0.01 0.01 940998.0 289321000.0
613 Apr 09, 2015 0.01 0.01 0.01 0.01 701874.0 293312000.0
614 Apr 10, 2015 0.01 0.01 0.01 0.01 494280.0 280024000.0
615 Apr 11, 2015 0.01 0.01 0.01 0.01 255991.0 271703000.0
616 Apr 12, 2015 0.01 0.01 0.01 0.01 199412.0 264809000.0
617 Apr 13, 2015 0.01 0.01 0.01 0.01 372548.0 274804000.0
618 Apr 14, 2015 0.01 0.01 0.01 0.01 636679.0 261412000.0
619 Apr 15, 2015 0.01 0.01 0.01 0.01 409098.0 260380000.0
620 Apr 16, 2015 0.01 0.01 0.01 0.01 246608.0 253839000.0
621 Apr 17, 2015 0.01 0.01 0.01 0.01 312038.0 255703000.0
622 Apr 18, 2015 0.01 0.01 0.01 0.01 184595.0 256617000.0
623 Apr 19, 2015 0.01 0.01 0.01 0.01 197022.0 252032000.0
624 Apr 20, 2015 0.01 0.01 0.01 0.01 710840.0 250205000.0
625 Apr 21, 2015 0.01 0.01 0.01 0.01 678946.0 253136000.0
626 Apr 22, 2015 0.01 0.01 0.01 0.01 704364.0 254486000.0
627 Apr 23, 2015 0.01 0.01 0.01 0.01 397132.0 256114000.0
628 Apr 24, 2015 0.01 0.01 0.01 0.01 446330.0 255848000.0
629 Apr 25, 2015 0.01 0.01 0.01 0.01 211934.0 257807000.0
630 Apr 26, 2015 0.01 0.01 0.01 0.01 493776.0 264537000.0
631 Apr 27, 2015 0.01 0.01 0.01 0.01 779357.0 247028000.0
632 Apr 28, 2015 0.01 0.01 0.01 0.01 569295.0 247748000.0
633 Apr 29, 2015 0.01 0.01 0.01 0.01 549981.0 243552000.0
634 Apr 30, 2015 0.01 0.01 0.01 0.01 595106.0 250695000.0
635 May 01, 2015 0.01 0.01 0.01 0.01 663959.0 256371000.0
636 May 02, 2015 0.01 0.01 0.01 0.01 107649.0 255900000.0
637 May 03, 2015 0.01 0.01 0.01 0.01 438453.0 256414000.0
638 May 04, 2015 0.01 0.01 0.01 0.01 262147.0 257092000.0
639 May 05, 2015 0.01 0.01 0.01 0.01 553536.0 255800000.0
640 May 06, 2015 0.01 0.01 0.01 0.01 475466.0 252720000.0
641 >May 07, 201 0.01 0.01 0.01 0.01 2231440.0 248474000.0
642 May 08, 2015 0.01 0.01 0.01 0.01 369669.0 240301000.0
643 May 09, 2015 0.01 0.01 0.01 0.01 179858.0 239060000.0
644 May 10, 2015 0.01 0.01 0.01 0.01 575429.0 241604000.0
645 May 11, 2015 0.01 0.01 0.01 0.01 456632.0 235463000.0
646 May 12, 2015 0.01 0.01 0.01 0.01 973166.0 234993000.0
647 May 13, 2015 0.01 0.01 0.01 0.01 897919.0 230040000.0
648 May 14, 2015 0.01 0.01 0.01 0.01 622577.0 218668000.0
649 May 15, 2015 0.01 0.01 0.01 0.01 243151.0 210685000.0
650 May 16, 2015 0.01 0.01 0.01 0.01 63602.2 212356000.0
651 May 17, 2015 0.01 0.01 0.01 0.01 350731.0 210156000.0
652 May 18, 2015 0.01 0.01 0.01 0.01 1185930.0 201897000.0
653 May 19, 2015 0.01 0.01 0.01 0.01 952584.0 183361000.0
654 May 20, 2015 0.01 0.01 0.01 0.01 465374.0 208571000.0
655 May 21, 2015 0.01 0.01 0.01 0.01 182022.0 211749000.0
656 May 22, 2015 0.01 0.01 0.01 0.01 314421.0 209734000.0
657 May 23, 2015 0.01 0.01 0.01 0.01 298160.0 211837000.0
658 May 24, 2015 0.01 0.01 0.01 0.01 149015.0 216924000.0
659 May 25, 2015 0.01 0.01 0.01 0.01 315919.0 218342000.0
660 May 26, 2015 0.01 0.01 0.01 0.01 503514.0 221069000.0
661 May 27, 2015 0.01 0.01 0.01 0.01 536465.0 216727000.0
662 May 28, 2015 0.01 0.01 0.01 0.01 1242990.0 221469000.0
663 May 29, 2015 0.01 0.01 0.01 0.01 1949750.0 250061000.0
664 May 30, 2015 0.01 0.01 0.01 0.01 487228.0 289077000.0
665 May 31, 2015 0.01 0.01 0.01 0.01 248303.0 268127000.0
666 Jun 01, 2015 0.01 0.01 0.01 0.01 777565.0 264068000.0
667 Jun 02, 2015 0.01 0.01 0.01 0.01 506304.0 241944000.0
668 Jun 03, 2015 0.01 0.01 0.01 0.01 388480.0 255478000.0
669 Jun 04, 2015 0.01 0.01 0.01 0.01 241573.0 255573000.0
670 Jun 05, 2015 0.01 0.01 0.01 0.01 198828.0 251575000.0
671 Jun 06, 2015 0.01 0.01 0.01 0.01 108750.0 253854000.0
672 Jun 07, 2015 0.01 0.01 0.01 0.01 100994.0 252253000.0
673 Jun 08, 2015 0.01 0.01 0.01 0.01 227074.0 251020000.0
674 Jun 09, 2015 0.01 0.01 0.01 0.01 211828.0 255550000.0
675 Jun 10, 2015 0.01 0.01 0.01 0.01 260571.0 254764000.0
676 Jun 11, 2015 0.01 0.01 0.01 0.01 196404.0 255222000.0
677 Jun 12, 2015 0.01 0.01 0.01 0.01 138738.0 256587000.0
678 Jun 13, 2015 0.01 0.01 0.01 0.01 80645.9 255070000.0
679 Jun 14, 2015 0.01 0.01 0.01 0.01 315884.0 258244000.0
680 Jun 15, 2015 0.01 0.01 0.01 0.01 658174.0 259920000.0
681 Jun 16, 2015 0.01 0.01 0.01 0.01 1523530.0 273790000.0
682 Jun 17, 2015 0.01 0.01 0.01 0.01 1050540.0 300809000.0
683 Jun 18, 2015 0.01 0.01 0.01 0.01 1117100.0 309155000.0
684 Jun 19, 2015 0.01 0.01 0.01 0.01 1650080.0 327991000.0
685 Jun 20, 2015 0.01 0.01 0.01 0.01 660909.0 360171000.0
686 Jun 21, 2015 0.01 0.01 0.01 0.01 564947.0 351961000.0
687 Jun 22, 2015 0.01 0.01 0.01 0.01 623012.0 328489000.0
688 Jun 23, 2015 0.01 0.01 0.01 0.01 487296.0 337213000.0
689 Jun 24, 2015 0.01 0.01 0.01 0.01 662015.0 340375000.0
690 Jun 25, 2015 0.01 0.01 0.01 0.01 328795.0 348138000.0
691 Jun 26, 2015 0.01 0.01 0.01 0.01 344441.0 352538000.0
692 Jun 27, 2015 0.01 0.01 0.01 0.01 347201.0 360235000.0
693 Jun 28, 2015 0.01 0.01 0.01 0.01 255832.0 365171000.0
694 Jun 29, 2015 0.01 0.01 0.01 0.01 840533.0 366543000.0
695 Jun 30, 2015 0.01 0.01 0.01 0.01 1028230.0 381958000.0
696 Jul 01, 2015 0.01 0.01 0.01 0.01 558248.0 361122000.0
697 Jul 02, 2015 0.01 0.01 0.01 0.01 404117.0 357207000.0
698 Jul 03, 2015 0.01 0.01 0.01 0.01 251150.0 352197000.0
699 Jul 04, 2015 0.01 0.01 0.01 0.01 138329.0 354169000.0
700 Jul 05, 2015 0.01 0.01 0.01 0.01 801046.0 343661000.0
701 Jul 06, 2015 0.01 0.01 0.01 0.01 928027.0 319759000.0
702 Jul 07, 2015 0.01 0.01 0.01 0.01 612402.0 315326000.0
703 Jul 08, 2015 0.01 0.01 0.01 0.01 803026.0 305443000.0
704 Jul 09, 2015 0.01 0.01 0.01 0.01 935172.0 302067000.0
705 Jul 10, 2015 0.01 0.01 0.01 0.01 1344950.0 285775000.0
706 Jul 11, 2015 0.01 0.01 0.01 0.01 407434.0 282316000.0
707 Jul 12, 2015 0.01 0.01 0.01 0.01 423951.0 274770000.0
708 Jul 13, 2015 0.01 0.01 0.01 0.01 1023880.0 274746000.0
709 Jul 14, 2015 0.01 0.01 0.01 0.01 791771.0 273284000.0
710 Jul 15, 2015 0.01 0.01 0.01 0.01 572785.0 275632000.0
711 Jul 16, 2015 0.01 0.01 0.01 0.01 782856.0 271636000.0
712 Jul 17, 2015 0.01 0.01 0.01 0.01 299869.0 257213000.0
713 Jul 18, 2015 0.01 0.01 0.01 0.01 68212.9 256007000.0
714 Jul 19, 2015 0.01 0.01 0.01 0.01 85865.3 257225000.0
715 Jul 20, 2015 0.01 0.01 0.01 0.01 285165.0 258241000.0
716 Jul 21, 2015 0.01 0.01 0.01 0.01 525732.0 253700000.0
717 Jul 22, 2015 0.01 0.01 0.01 0.01 367888.0 245954000.0
718 Jul 23, 2015 0.01 0.01 0.01 0.01 182970.0 241844000.0
719 Jul 24, 2015 0.01 0.01 0.01 0.01 277406.0 238854000.0
720 Jul 25, 2015 0.01 0.01 0.01 0.01 237028.0 244248000.0
721 Jul 26, 2015 0.01 0.01 0.01 0.01 233266.0 251679000.0
722 Jul 27, 2015 0.01 0.01 0.01 0.01 666090.0 258958000.0
723 Jul 28, 2015 0.01 0.01 0.01 0.01 143142.0 273311000.0
724 Jul 29, 2015 0.01 0.01 0.01 0.01 174525.0 269652000.0
725 Jul 30, 2015 0.01 0.01 0.01 0.01 324219.0 271758000.0
726 Jul 31, 2015 0.01 0.01 0.01 0.01 423581.0 271017000.0
727 Aug 01, 2015 0.01 0.01 0.01 0.01 196429.0 269260000.0
728 Aug 02, 2015 0.01 0.01 0.01 0.01 206009.0 262444000.0
729 Aug 03, 2015 0.01 0.01 0.01 0.01 231262.0 262601000.0
730 Aug 04, 2015 0.01 0.01 0.01 0.01 178712.0 264107000.0
731 Aug 05, 2015 0.01 0.01 0.01 0.01 219269.0 263695000.0
732 Aug 06, 2015 0.01 0.01 0.01 0.01 375521.0 262456000.0
733 Aug 07, 2015 0.01 0.01 0.01 0.01 363643.0 255895000.0
734 Aug 08, 2015 0.01 0.01 0.01 0.01 678295.0 260486000.0
735 Aug 09, 2015 0.01 0.01 0.01 0.01 531969.0 270702000.0
736 Aug 10, 2015 0.01 0.01 0.01 0.01 472973.0 281170000.0
737 Aug 11, 2015 0.01 0.01 0.01 0.01 282461.0 279220000.0
738 Aug 12, 2015 0.01 0.01 0.01 0.01 287463.0 274141000.0
739 Aug 13, 2015 0.01 0.01 0.01 0.01 202934.0 263772000.0
740 Aug 14, 2015 0.01 0.01 0.01 0.01 423163.0 259989000.0
741 Aug 15, 2015 0.01 0.01 0.01 0.01 176135.0 265790000.0
742 Aug 16, 2015 0.01 0.01 0.01 0.01 301654.0 268644000.0
743 Aug 17, 2015 0.01 0.01 0.01 0.01 337092.0 265281000.0
744 Aug 18, 2015 0.01 0.01 0.01 0.01 291729.0 264859000.0
745 Aug 19, 2015 0.01 0.01 0.01 0.01 474702.0 240128000.0
746 Aug 20, 2015 0.01 0.01 0.01 0.01 215415.0 247619000.0
747 Aug 21, 2015 0.01 0.01 0.01 0.01 265646.0 251160000.0
748 Aug 22, 2015 0.01 0.01 0.01 0.01 182227.0 251384000.0
749 Aug 23, 2015 0.01 0.01 0.01 0.01 157580.0 246393000.0
750 Aug 24, 2015 0.01 0.01 0.01 0.01 546516.0 240993000.0
751 Aug 25, 2015 0.01 0.01 0.01 0.01 593316.0 240377000.0
752 Aug 26, 2015 0.01 0.01 0.01 0.01 196124.0 231739000.0
753 Aug 27, 2015 0.01 0.01 0.01 0.01 202412.0 242820000.0
754 Aug 28, 2015 0.01 0.01 0.01 0.01 414310.0 245456000.0
755 Aug 29, 2015 0.01 0.01 0.01 0.01 365144.0 241292000.0
756 Aug 30, 2015 0.01 0.01 0.01 0.01 408809.0 251803000.0
757 Aug 31, 2015 0.01 0.01 0.01 0.01 635572.0 261874000.0
758 Sep 01, 2015 0.01 0.01 0.01 0.01 401903.0 256140000.0
759 Sep 02, 2015 0.01 0.01 0.01 0.01 398976.0 254075000.0
760 Sep 03, 2015 0.01 0.01 0.01 0.01 322054.0 249907000.0
761 Sep 04, 2015 0.01 0.01 0.01 0.01 472228.0 241378000.0
762 Sep 05, 2015 0.01 0.01 0.01 0.01 856833.0 238869000.0
763 Sep 06, 2015 0.01 0.01 0.01 0.01 284050.0 255406000.0
764 Sep 07, 2015 0.01 0.01 0.01 0.01 234100.0 256314000.0
765 Sep 08, 2015 0.01 0.01 0.01 0.01 193672.0 257202000.0
766 Sep 09, 2015 0.01 0.01 0.01 0.01 254159.0 254370000.0
767 Sep 10, 2015 0.01 0.01 0.01 0.01 234873.0 249676000.0
768 Sep 11, 2015 0.01 0.01 0.01 0.01 77795.7 248878000.0
769 Sep 12, 2015 0.01 0.01 0.01 0.01 24818.8 274432000.0
770 Sep 13, 2015 0.01 0.01 0.01 0.01 62874.7 266304000.0
771 Sep 14, 2015 0.01 0.01 0.01 0.01 274835.0 277294000.0
772 Sep 15, 2015 0.01 0.01 0.01 0.01 676501.0 240364000.0
773 Sep 16, 2015 0.01 0.01 0.01 0.01 316497.0 250847000.0
774 Sep 17, 2015 0.01 0.01 0.01 0.01 544100.0 241298000.0
775 Sep 18, 2015 0.01 0.01 0.01 0.01 501172.0 239854000.0
776 Sep 19, 2015 0.01 0.01 0.01 0.01 441298.0 244534000.0
777 Sep 20, 2015 0.01 0.01 0.01 0.01 445039.0 243084000.0
778 Sep 21, 2015 0.01 0.01 0.01 0.01 245324.0 247986000.0
779 Sep 22, 2015 0.01 0.01 0.01 0.01 252173.0 235384000.0
780 Sep 23, 2015 0.01 0.01 0.01 0.01 985902.0 232860000.0
781 Sep 24, 2015 0.01 0.01 0.01 0.01 400287.0 216622000.0
782 Sep 25, 2015 0.01 0.01 0.01 0.01 403453.0 217886000.0
783 Sep 26, 2015 0.01 0.01 0.01 0.01 439274.0 216086000.0
784 Sep 27, 2015 0.01 0.01 0.01 0.01 269143.0 211182000.0
785 Sep 28, 2015 0.01 0.01 0.01 0.01 602856.0 212299000.0
786 Sep 29, 2015 0.01 0.01 0.01 0.01 964995.0 204385000.0
787 Sep 30, 2015 0.01 0.01 0.01 0.01 719793.0 181358000.0
788 Oct 01, 2015 0.01 0.01 0.01 0.01 557597.0 179271000.0
789 Oct 02, 2015 0.01 0.01 0.01 0.01 587722.0 176914000.0
790 Oct 03, 2015 0.01 0.01 0.01 0.01 395715.0 190222000.0
791 Oct 04, 2015 0.01 0.01 0.01 0.01 355762.0 179170000.0
792 Oct 05, 2015 0.01 0.01 0.01 0.01 623667.0 170152000.0
793 Oct 06, 2015 0.01 0.01 0.0 0.01 349154.0 162721000.0
794 Oct 07, 2015 0.01 0.01 0.01 0.01 373080.0 173088000.0
795 Oct 08, 2015 0.01 0.01 0.01 0.01 665310.0 174634000.0
796 Oct 09, 2015 0.01 0.01 0.0 0.0 851326.0 163468000.0
797 Oct 10, 2015 0.0 0.01 0.0 0.01 163088.0 161887000.0
798 Oct 11, 2015 0.01 0.01 0.01 0.01 134555.0 163660000.0
799 Oct 12, 2015 0.01 0.01 0.01 0.01 123326.0 168331000.0
800 Oct 13, 2015 0.01 0.01 0.01 0.01 355659.0 174462000.0
801 Oct 14, 2015 0.01 0.01 0.01 0.01 338407.0 178339000.0
802 Oct 15, 2015 0.01 0.01 0.01 0.01 440929.0 179833000.0
803 Oct 16, 2015 0.01 0.01 0.01 0.01 342598.0 178793000.0
804 Oct 17, 2015 0.01 0.01 0.01 0.01 394980.0 179047000.0
805 Oct 18, 2015 0.01 0.01 0.0 0.0 242340.0 172364000.0
806 Oct 19, 2015 0.0 0.01 0.0 0.01 300024.0 164976000.0
807 Oct 20, 2015 0.01 0.01 0.0 0.0 420949.0 167182000.0
808 Oct 21, 2015 0.0 0.0 0.0 0.0 243503.0 157120000.0
809 Oct 22, 2015 0.0 0.0 0.0 0.0 305170.0 155708000.0
810 Oct 23, 2015 0.0 0.0 0.0 0.0 296217.0 156682000.0
811 Oct 24, 2015 0.0 0.0 0.0 0.0 189900.0 155028000.0
812 Oct 25, 2015 0.0 0.0 0.0 0.0 287103.0 154561000.0
813 Oct 26, 2015 0.0 0.0 0.0 0.0 427011.0 151203000.0
814 Oct 27, 2015 0.0 0.0 0.0 0.0 357602.0 154966000.0
815 Oct 28, 2015 0.0 0.0 0.0 0.0 350369.0 154122000.0
816 Oct 29, 2015 0.0 0.0 0.0 0.0 550253.0 154854000.0
817 Oct 30, 2015 0.0 0.0 0.0 0.0 997172.0 153682000.0
818 Oct 31, 2015 0.0 0.0 0.0 0.0 319312.0 160485000.0
819 Nov 01, 2015 0.0 0.0 0.0 0.0 490105.0 155335000.0
820 Nov 02, 2015 0.0 0.01 0.0 0.01 572974.0 162329000.0
821 Nov 03, 2015 0.01 0.01 0.01 0.01 1030430.0 171089000.0
822 Nov 04, 2015 0.01 0.01 0.0 0.0 1354340.0 179109000.0
823 Nov 05, 2015 0.0 0.01 0.0 0.0 1181010.0 164276000.0
824 Nov 06, 2015 0.0 0.0 0.0 0.0 786513.0 149217000.0
825 Nov 07, 2015 0.0 0.0 0.0 0.0 367144.0 151395000.0
826 Nov 08, 2015 0.0 0.0 0.0 0.0 312859.0 155297000.0
827 Nov 09, 2015 0.0 0.0 0.0 0.0 305337.0 154166000.0
828 Nov 10, 2015 0.0 0.0 0.0 0.0 414631.0 152721000.0
829 Nov 11, 2015 0.0 0.0 0.0 0.0 446177.0 146142000.0
830 Nov 12, 2015 0.0 0.0 0.0 0.0 503812.0 141432000.0
831 Nov 13, 2015 0.0 0.0 0.0 0.0 329838.0 150385000.0
832 Nov 14, 2015 0.0 0.0 0.0 0.0 144356.0 148614000.0
833 Nov 15, 2015 0.0 0.0 0.0 0.0 273892.0 143472000.0
834 Nov 16, 2015 0.0 0.0 0.0 0.0 351725.0 138017000.0
835 Nov 17, 2015 0.0 0.0 0.0 0.0 243681.0 140393000.0
836 Nov 18, 2015 0.0 0.0 0.0 0.0 246794.0 140933000.0
837 Nov 19, 2015 0.0 0.0 0.0 0.0 173712.0 141209000.0
838 Nov 20, 2015 0.0 0.0 0.0 0.0 312768.0 139989000.0
839 Nov 21, 2015 0.0 0.0 0.0 0.0 182628.0 140147000.0
840 Nov 22, 2015 0.0 0.0 0.0 0.0 174556.0 140870000.0
841 Nov 23, 2015 0.0 0.0 0.0 0.0 314451.0 141539000.0
842 Nov 24, 2015 0.0 0.0 0.0 0.0 197940.0 142189000.0
843 Nov 25, 2015 0.0 0.0 0.0 0.0 197356.0 140650000.0
844 Nov 26, 2015 0.0 0.0 0.0 0.0 400520.0 143140000.0
845 Nov 27, 2015 0.0 0.0 0.0 0.0 199790.0 141773000.0
846 Nov 28, 2015 0.0 0.0 0.0 0.0 195480.0 141727000.0
847 Nov 29, 2015 0.0 0.0 0.0 0.0 197822.0 142311000.0
848 Nov 30, 2015 0.0 0.0 0.0 0.0 272695.0 144155000.0
849 Dec 01, 2015 0.0 0.0 0.0 0.0 312401.0 140912000.0
850 Dec 02, 2015 0.0 0.0 0.0 0.0 328403.0 137194000.0
851 Dec 03, 2015 0.0 0.0 0.0 0.0 139104.0 140043000.0
852 Dec 04, 2015 0.0 0.0 0.0 0.0 930102.0 142951000.0
853 Dec 05, 2015 0.0 0.01 0.0 0.01 716241.0 159499000.0
854 Dec 06, 2015 0.01 0.01 0.01 0.01 1002000.0 177809000.0
855 Dec 07, 2015 0.01 0.01 0.01 0.01 866871.0 178156000.0
856 Dec 08, 2015 0.01 0.01 0.01 0.01 2423870.0 186501000.0
857 Dec 09, 2015 0.01 0.01 0.01 0.01 5702470.0 227913000.0
858 Dec 10, 2015 0.01 0.01 0.01 0.01 3223520.0 285962000.0
859 Dec 11, 2015 0.01 0.01 0.01 0.01 3465490.0 283239000.0
860 Dec 12, 2015 0.01 0.01 0.01 0.01 1317990.0 283513000.0
861 Dec 13, 2015 0.01 0.01 0.01 0.01 1394050.0 286139000.0
862 Dec 14, 2015 0.01 0.01 0.01 0.01 2433140.0 294258000.0
863 Dec 15, 2015 0.01 0.01 0.01 0.01 4908540.0 254899000.0
864 Dec 16, 2015 0.01 0.01 0.01 0.01 1249850.0 224334000.0
865 Dec 17, 2015 0.01 0.01 0.01 0.01 556682.0 226524000.0
866 Dec 18, 2015 0.01 0.01 0.01 0.01 833330.0 224227000.0
867 Dec 19, 2015 0.01 0.01 0.01 0.01 452403.0 214054000.0
868 Dec 20, 2015 0.01 0.01 0.01 0.01 577803.0 211015000.0
869 Dec 21, 2015 0.01 0.01 0.01 0.01 512514.0 209072000.0
870 >Dec 22, 201 0.01 0.01 0.01 0.01 460222.0 210319000.0
871 Dec 23, 2015 0.01 0.01 0.01 0.01 364178.0 207526000.0
872 Dec 24, 2015 0.01 0.01 0.01 0.01 332166.0 201991000.0
873 Dec 25, 2015 0.01 0.01 0.01 0.01 815998.0 200253000.0
874 Dec 26, 2015 0.01 0.01 0.01 0.01 665210.0 217690000.0
875 Dec 27, 2015 0.01 0.01 0.01 0.01 465856.0 206978000.0
876 Dec 28, 2015 0.01 0.01 0.01 0.01 469583.0 212902000.0
877 Dec 29, 2015 0.01 0.01 0.01 0.01 312612.0 212685000.0
878 Dec 30, 2015 0.01 0.01 0.01 0.01 280345.0 210132000.0
879 Dec 31, 2015 0.01 0.01 0.01 0.01 374355.0 207381000.0
880 Jan 01, 2016 0.01 0.01 0.01 0.01 211767.0 202562000.0
881 Jan 02, 2016 0.01 0.01 0.01 0.01 278539.0 199767000.0
882 Jan 03, 2016 0.01 0.01 0.01 0.01 291723.0 203442000.0
883 Jan 04, 2016 0.01 0.01 0.01 0.01 310820.0 201852000.0
884 Jan 05, 2016 0.01 0.01 0.01 0.01 381554.0 199673000.0
885 Jan 06, 2016 0.01 0.01 0.01 0.01 316235.0 202699000.0
886 Jan 07, 2016 0.01 0.01 0.01 0.01 426048.0 201168000.0
887 Jan 08, 2016 0.01 0.01 0.01 0.01 288641.0 202573000.0
888 Jan 09, 2016 0.01 0.01 0.01 0.01 310336.0 199105000.0
889 Jan 10, 2016 0.01 0.01 0.01 0.01 195011.0 200625000.0
890 Jan 11, 2016 0.01 0.01 0.01 0.01 216286.0 199979000.0
891 Jan 12, 2016 0.01 0.01 0.01 0.01 310414.0 197609000.0
892 Jan 13, 2016 0.01 0.01 0.01 0.01 497284.0 195725000.0
893 Jan 14, 2016 0.01 0.01 0.01 0.01 849371.0 194348000.0
894 Jan 15, 2016 0.01 0.01 0.01 0.01 441054.0 185409000.0
895 Jan 16, 2016 0.01 0.01 0.01 0.01 304209.0 175087000.0
896 Jan 17, 2016 0.01 0.01 0.01 0.01 473175.0 171385000.0
897 Jan 18, 2016 0.01 0.01 0.01 0.01 514295.0 176733000.0
898 Jan 19, 2016 0.01 0.01 0.01 0.01 226472.0 178768000.0
899 Jan 20, 2016 0.01 0.01 0.01 0.01 722260.0 176780000.0
900 Jan 21, 2016 0.01 0.01 0.01 0.01 344950.0 180099000.0
901 Jan 22, 2016 0.01 0.01 0.01 0.01 355595.0 178216000.0
902 Jan 23, 2016 0.01 0.01 0.01 0.01 310286.0 171359000.0
903 Jan 24, 2016 0.01 0.01 0.01 0.01 341789.0 171732000.0
904 Jan 25, 2016 0.01 0.01 0.01 0.01 412095.0 175004000.0
905 Jan 26, 2016 0.01 0.01 0.01 0.01 904781.0 174267000.0
906 Jan 27, 2016 0.01 0.01 0.01 0.01 2544770.0 183452000.0
907 Jan 28, 2016 0.01 0.01 0.01 0.01 2203940.0 220723000.0
908 Jan 29, 2016 0.01 0.01 0.01 0.01 2895430.0 211267000.0
909 Jan 30, 2016 0.01 0.01 0.01 0.01 1233320.0 231467000.0
910 Jan 31, 2016 0.01 0.01 0.01 0.01 977856.0 224910000.0
911 Feb 01, 2016 0.01 0.01 0.01 0.01 830380.0 217038000.0
912 Feb 02, 2016 0.01 0.01 0.01 0.01 809854.0 222021000.0
913 Feb 03, 2016 0.01 0.01 0.01 0.01 803366.0 229680000.0
914 Feb 04, 2016 0.01 0.01 0.01 0.01 1174600.0 233436000.0
915 Feb 05, 2016 0.01 0.01 0.01 0.01 1186010.0 236257000.0
916 Feb 06, 2016 0.01 0.01 0.01 0.01 1859040.0 246703000.0
917 Feb 07, 2016 0.01 0.01 0.01 0.01 2460140.0 268772000.0
918 Feb 08, 2016 0.01 0.01 0.01 0.01 1048160.0 284092000.0
919 Feb 09, 2016 0.01 0.01 0.01 0.01 866765.0 272709000.0
920 Feb 10, 2016 0.01 0.01 0.01 0.01 668185.0 266845000.0
921 Feb 11, 2016 0.01 0.01 0.01 0.01 565522.0 267864000.0
922 Feb 12, 2016 0.01 0.01 0.01 0.01 816579.0 266665000.0
923 Feb 13, 2016 0.01 0.01 0.01 0.01 684444.0 271414000.0
924 Feb 14, 2016 0.01 0.01 0.01 0.01 1144830.0 281700000.0
925 Feb 15, 2016 0.01 0.01 0.01 0.01 734275.0 292944000.0
926 Feb 16, 2016 0.01 0.01 0.01 0.01 1012220.0 294233000.0
927 Feb 17, 2016 0.01 0.01 0.01 0.01 1556320.0 288272000.0
928 Feb 18, 2016 0.01 0.01 0.01 0.01 854073.0 277344000.0
929 Feb 19, 2016 0.01 0.01 0.01 0.01 710808.0 272531000.0
930 Feb 20, 2016 0.01 0.01 0.01 0.01 515312.0 281361000.0
931 Feb 21, 2016 0.01 0.01 0.01 0.01 472569.0 281117000.0
932 Feb 22, 2016 0.01 0.01 0.01 0.01 607198.0 276143000.0
933 Feb 23, 2016 0.01 0.01 0.01 0.01 807140.0 274591000.0
934 Feb 24, 2016 0.01 0.01 0.01 0.01 473097.0 271745000.0
935 Feb 25, 2016 0.01 0.01 0.01 0.01 825297.0 274883000.0
936 Feb 26, 2016 0.01 0.01 0.01 0.01 579986.0 273581000.0
937 Feb 27, 2016 0.01 0.01 0.01 0.01 417576.0 274882000.0
938 Feb 28, 2016 0.01 0.01 0.01 0.01 570935.0 271941000.0
939 Feb 29, 2016 0.01 0.01 0.01 0.01 689215.0 269151000.0
940 Mar 01, 2016 0.01 0.01 0.01 0.01 738772.0 270088000.0
941 Mar 02, 2016 0.01 0.01 0.01 0.01 409388.0 272896000.0
942 Mar 03, 2016 0.01 0.01 0.01 0.01 685240.0 273673000.0
943 Mar 04, 2016 0.01 0.01 0.01 0.01 567974.0 273954000.0
944 Mar 05, 2016 0.01 0.01 0.01 0.01 1148690.0 276700000.0
945 Mar 06, 2016 0.01 0.01 0.01 0.01 569577.0 267837000.0
946 Mar 07, 2016 0.01 0.01 0.01 0.01 587059.0 267089000.0
947 Mar 08, 2016 0.01 0.01 0.01 0.01 655974.0 269678000.0
948 Mar 09, 2016 0.01 0.01 0.01 0.01 396527.0 271071000.0
949 Mar 10, 2016 0.01 0.01 0.01 0.01 1348660.0 274479000.0
950 Mar 11, 2016 0.01 0.01 0.01 0.01 2831220.0 278981000.0
951 Mar 12, 2016 0.01 0.01 0.01 0.01 1536850.0 300041000.0
952 Mar 13, 2016 0.01 0.01 0.01 0.01 860868.0 296529000.0
953 Mar 14, 2016 0.01 0.01 0.01 0.01 846750.0 293988000.0
954 Mar 15, 2016 0.01 0.01 0.01 0.01 284572.0 289016000.0
955 Mar 16, 2016 0.01 0.01 0.01 0.01 219047.0 279042000.0
956 Mar 17, 2016 0.01 0.01 0.01 0.01 176475.0 281804000.0
957 Mar 18, 2016 0.01 0.01 0.01 0.01 229313.0 285300000.0
958 Mar 19, 2016 0.01 0.01 0.01 0.01 164010.0 279773000.0
959 Mar 20, 2016 0.01 0.01 0.01 0.01 115984.0 276026000.0
960 Mar 21, 2016 0.01 0.01 0.01 0.01 79784.3 274018000.0
961 Mar 22, 2016 0.01 0.01 0.01 0.01 604214.0 276478000.0
962 Mar 23, 2016 0.01 0.01 0.01 0.01 1022850.0 279283000.0
963 Mar 24, 2016 0.01 0.01 0.01 0.01 965196.0 287061000.0
964 Mar 25, 2016 0.01 0.01 0.01 0.01 753671.0 283585000.0
965 Mar 26, 2016 0.01 0.01 0.01 0.01 309664.0 282059000.0
966 Mar 27, 2016 0.01 0.01 0.01 0.01 418222.0 277641000.0
967 Mar 28, 2016 0.01 0.01 0.01 0.01 2114600.0 276385000.0
968 Mar 29, 2016 0.01 0.01 0.01 0.01 1116900.0 260816000.0
969 Mar 30, 2016 0.01 0.01 0.01 0.01 1210630.0 260637000.0
970 Mar 31, 2016 0.01 0.01 0.01 0.01 1036210.0 252523000.0
971 Apr 01, 2016 0.01 0.01 0.01 0.01 827273.0 254546000.0
972 Apr 02, 2016 0.01 0.01 0.01 0.01 390399.0 255464000.0
973 Apr 03, 2016 0.01 0.01 0.01 0.01 250112.0 258428000.0
974 Apr 04, 2016 0.01 0.01 0.01 0.01 300359.0 258385000.0
975 Apr 05, 2016 0.01 0.01 0.01 0.01 464037.0 257881000.0
976 Apr 06, 2016 0.01 0.01 0.01 0.01 796790.0 257157000.0
977 Apr 07, 2016 0.01 0.01 0.01 0.01 1450030.0 251671000.0
978 Apr 08, 2016 0.01 0.01 0.01 0.01 859428.0 236762000.0
979 Apr 09, 2016 0.01 0.01 0.01 0.01 1032700.0 229844000.0
980 Apr 10, 2016 0.01 0.01 0.01 0.01 774554.0 216578000.0
981 Apr 11, 2016 0.01 0.01 0.01 0.01 1871520.0 204474000.0
982 Apr 12, 2016 0.01 0.01 0.01 0.01 1085670.0 208306000.0
983 Apr 13, 2016 0.01 0.01 0.01 0.01 1384420.0 202660000.0
984 Apr 14, 2016 0.01 0.01 0.01 0.01 192592.0 196195000.0
985 Apr 15, 2016 0.01 0.01 0.01 0.01 156069.0 217091000.0
986 Apr 16, 2016 0.01 0.01 0.01 0.01 70486.9 221140000.0
987 Apr 17, 2016 0.01 0.01 0.01 0.01 54781.5 226598000.0
988 Apr 18, 2016 0.01 0.01 0.01 0.01 1066190.0 226743000.0
989 Apr 19, 2016 0.01 0.01 0.01 0.01 426257.0 243613000.0
990 Apr 20, 2016 0.01 0.01 0.01 0.01 1301350.0 248170000.0
991 Apr 21, 2016 0.01 0.01 0.01 0.01 1011580.0 253308000.0
992 Apr 22, 2016 0.01 0.01 0.01 0.01 955674.0 259389000.0
993 Apr 23, 2016 0.01 0.01 0.01 0.01 345650.0 253925000.0
994 Apr 24, 2016 0.01 0.01 0.01 0.01 472274.0 256083000.0
995 Apr 25, 2016 0.01 0.01 0.01 0.01 605219.0 252804000.0
996 Apr 26, 2016 0.01 0.01 0.01 0.01 884879.0 253812000.0
997 Apr 27, 2016 0.01 0.01 0.01 0.01 797081.0 247354000.0
998 Apr 28, 2016 0.01 0.01 0.01 0.01 752872.0 234332000.0
999 Apr 29, 2016 0.01 0.01 0.01 0.01 538253.0 233220000.0
1000 Apr 30, 2016 0.01 0.01 0.01 0.01 406123.0 235757000.0
1001 May 01, 2016 0.01 0.01 0.01 0.01 241733.0 237517000.0
1002 May 02, 2016 0.01 0.01 0.01 0.01 585826.0 236793000.0
1003 May 03, 2016 0.01 0.01 0.01 0.01 329125.0 234192000.0
1004 May 04, 2016 0.01 0.01 0.01 0.01 563556.0 228655000.0
1005 May 05, 2016 0.01 0.01 0.01 0.01 509188.0 220475000.0
1006 May 06, 2016 0.01 0.01 0.01 0.01 680334.0 216107000.0
1007 May 07, 2016 0.01 0.01 0.01 0.01 351537.0 222997000.0
1008 May 08, 2016 0.01 0.01 0.01 0.01 389914.0 226293000.0
1009 May 09, 2016 0.01 0.01 0.01 0.01 351209.0 223244000.0
1010 May 10, 2016 0.01 0.01 0.01 0.01 404295.0 223113000.0
1011 May 11, 2016 0.01 0.01 0.01 0.01 476708.0 218707000.0
1012 May 12, 2016 0.01 0.01 0.01 0.01 362896.0 215780000.0
1013 May 13, 2016 0.01 0.01 0.01 0.01 478095.0 215019000.0
1014 May 14, 2016 0.01 0.01 0.01 0.01 274107.0 213073000.0
1015 May 15, 2016 0.01 0.01 0.01 0.01 304621.0 211725000.0
1016 May 16, 2016 0.01 0.01 0.01 0.01 389621.0 211333000.0
1017 May 17, 2016 0.01 0.01 0.01 0.01 319996.0 209984000.0
1018 May 18, 2016 0.01 0.01 0.01 0.01 701256.0 209981000.0
1019 May 19, 2016 0.01 0.01 0.01 0.01 797005.0 210068000.0
1020 May 20, 2016 0.01 0.01 0.01 0.01 549413.0 210178000.0
1021 May 21, 2016 0.01 0.01 0.01 0.01 217884.0 212346000.0
1022 May 22, 2016 0.01 0.01 0.01 0.01 273758.0 208835000.0
1023 May 23, 2016 0.01 0.01 0.01 0.01 507430.0 206946000.0
1024 May 24, 2016 0.01 0.01 0.01 0.01 471659.0 206112000.0
1025 May 25, 2016 0.01 0.01 0.01 0.01 517124.0 207885000.0
1026 May 26, 2016 0.01 0.01 0.01 0.01 678744.0 200756000.0
1027 May 27, 2016 0.01 0.01 0.01 0.01 1073760.0 197696000.0
1028 May 28, 2016 0.01 0.01 0.01 0.01 889921.0 197929000.0
1029 May 29, 2016 0.01 0.01 0.01 0.01 829452.0 198119000.0
1030 May 30, 2016 0.01 0.01 0.01 0.01 476095.0 197512000.0
1031 May 31, 2016 0.01 0.01 0.01 0.01 847636.0 200360000.0
1032 Jun 01, 2016 0.01 0.01 0.01 0.01 1018470.0 198784000.0
1033 Jun 02, 2016 0.01 0.01 0.01 0.01 611429.0 202559000.0
1034 Jun 03, 2016 0.01 0.01 0.01 0.01 437813.0 201062000.0
1035 Jun 04, 2016 0.01 0.01 0.01 0.01 617159.0 203232000.0
1036 Jun 05, 2016 0.01 0.01 0.01 0.01 544201.0 201494000.0
1037 Jun 06, 2016 0.01 0.01 0.01 0.01 690096.0 202051000.0
1038 Jun 07, 2016 0.01 0.01 0.01 0.01 783409.0 201000000.0
1039 Jun 08, 2016 0.01 0.01 0.01 0.01 754945.0 201539000.0
1040 Jun 09, 2016 0.01 0.01 0.01 0.01 520793.0 201143000.0
1041 Jun 10, 2016 0.01 0.01 0.01 0.01 526917.0 201707000.0
1042 Jun 11, 2016 0.01 0.01 0.01 0.01 398757.0 200037000.0
1043 Jun 12, 2016 0.01 0.01 0.01 0.01 1133540.0 201058000.0
1044 Jun 13, 2016 0.01 0.01 0.01 0.01 1537720.0 204067000.0
1045 Jun 14, 2016 0.01 0.01 0.01 0.01 9904250.0 203207000.0
1046 Jun 15, 2016 0.01 0.01 0.01 0.01 3269290.0 247316000.0
1047 Jun 16, 2016 0.01 0.01 0.01 0.01 3072370.0 240194000.0
1048 Jun 17, 2016 0.01 0.01 0.01 0.01 2143830.0 234544000.0
1049 Jun 18, 2016 0.01 0.01 0.01 0.01 1190870.0 234992000.0
1050 Jun 19, 2016 0.01 0.01 0.01 0.01 2413110.0 231180000.0
1051 Jun 20, 2016 0.01 0.01 0.01 0.01 1710410.0 239363000.0
1052 Jun 21, 2016 0.01 0.01 0.01 0.01 3258040.0 232764000.0
1053 >Jun 22, 201 0.01 0.01 0.01 0.01 5052140.0 216925000.0
1054 Jun 23, 2016 0.01 0.01 0.01 0.01 3207640.0 228886000.0
1055 Jun 24, 2016 0.01 0.01 0.01 0.01 2408230.0 223996000.0
1056 Jun 25, 2016 0.01 0.01 0.01 0.01 1175110.0 225631000.0
1057 Jun 26, 2016 0.01 0.01 0.01 0.01 1236360.0 225021000.0
1058 Jun 27, 2016 0.01 0.01 0.01 0.01 1136160.0 226280000.0
1059 Jun 28, 2016 0.01 0.01 0.01 0.01 3149120.0 226469000.0
1060 Jun 29, 2016 0.01 0.01 0.01 0.01 2063960.0 239467000.0
1061 Jun 30, 2016 0.01 0.01 0.01 0.01 1046580.0 239570000.0
1062 Jul 01, 2016 0.01 0.01 0.01 0.01 993538.0 235073000.0
1063 Jul 02, 2016 0.01 0.01 0.01 0.01 503769.0 239945000.0
1064 Jul 03, 2016 0.01 0.01 0.01 0.01 536311.0 237324000.0
1065 Jul 04, 2016 0.01 0.01 0.01 0.01 875970.0 234021000.0
1066 Jul 05, 2016 0.01 0.01 0.01 0.01 598865.0 248438000.0
1067 Jul 06, 2016 0.01 0.01 0.01 0.01 600195.0 237386000.0
1068 Jul 07, 2016 0.01 0.01 0.01 0.01 789693.0 236421000.0
1069 Jul 08, 2016 0.01 0.01 0.01 0.01 604076.0 233586000.0
1070 Jul 09, 2016 0.01 0.01 0.01 0.01 577447.0 237423000.0
1071 Jul 10, 2016 0.01 0.01 0.01 0.01 571047.0 235818000.0
1072 Jul 11, 2016 0.01 0.01 0.01 0.01 722627.0 235803000.0
1073 Jul 12, 2016 0.01 0.01 0.01 0.01 977958.0 230954000.0
1074 Jul 13, 2016 0.01 0.01 0.01 0.01 942245.0 224434000.0
1075 Jul 14, 2016 0.01 0.01 0.01 0.01 682894.0 226514000.0
1076 Jul 15, 2016 0.01 0.01 0.01 0.01 753167.0 226387000.0
1077 Jul 16, 2016 0.01 0.01 0.01 0.01 659904.0 228282000.0
1078 Jul 17, 2016 0.01 0.01 0.01 0.01 529265.0 232855000.0
1079 Jul 18, 2016 0.01 0.01 0.01 0.01 442793.0 231705000.0
1080 Jul 19, 2016 0.01 0.01 0.01 0.01 550843.0 229590000.0
1081 Jul 20, 2016 0.01 0.01 0.01 0.01 790117.0 226959000.0
1082 Jul 21, 2016 0.01 0.01 0.01 0.01 811193.0 226463000.0
1083 Jul 22, 2016 0.01 0.01 0.01 0.01 780192.0 228111000.0
1084 Jul 23, 2016 0.01 0.01 0.01 0.01 356569.0 224076000.0
1085 Jul 24, 2016 0.01 0.01 0.01 0.01 315687.0 224965000.0
1086 Jul 25, 2016 0.01 0.01 0.01 0.01 881632.0 223721000.0
1087 Jul 26, 2016 0.01 0.01 0.01 0.01 1547830.0 222062000.0
1088 Jul 27, 2016 0.01 0.01 0.01 0.01 1370090.0 213166000.0
1089 Jul 28, 2016 0.01 0.01 0.01 0.01 1264650.0 212328000.0
1090 Jul 29, 2016 0.01 0.01 0.01 0.01 779667.0 212370000.0
1091 Jul 30, 2016 0.01 0.01 0.01 0.01 442025.0 217281000.0
1092 Jul 31, 2016 0.01 0.01 0.01 0.01 648205.0 217502000.0
1093 >Aug 01, 201 0.01 0.01 0.01 0.01 958956.0 211241000.0
1094 Aug 02, 2016 0.01 0.01 0.01 0.01 1553690.0 210140000.0
1095 Aug 03, 2016 0.01 0.01 0.01 0.01 1570660.0 202199000.0
1096 Aug 04, 2016 0.01 0.01 0.01 0.01 1007960.0 200728000.0
1097 Aug 05, 2016 0.01 0.01 0.01 0.01 697388.0 206997000.0
1098 Aug 06, 2016 0.01 0.01 0.01 0.01 2164530.0 229290000.0
1099 Aug 07, 2016 0.01 0.01 0.01 0.01 1303100.0 225317000.0
1100 Aug 08, 2016 0.01 0.01 0.01 0.01 722628.0 219052000.0
1101 Aug 09, 2016 0.01 0.01 0.01 0.01 1105300.0 214298000.0
1102 Aug 10, 2016 0.01 0.01 0.01 0.01 865808.0 218562000.0
1103 Aug 11, 2016 0.01 0.01 0.01 0.01 407711.0 220318000.0
1104 Aug 12, 2016 0.01 0.01 0.01 0.01 646843.0 220047000.0
1105 Aug 13, 2016 0.01 0.01 0.01 0.01 602600.0 217594000.0
1106 Aug 14, 2016 0.01 0.01 0.01 0.01 499048.0 216630000.0
1107 Aug 15, 2016 0.01 0.01 0.01 0.01 488337.0 213098000.0
1108 Aug 16, 2016 0.01 0.01 0.01 0.01 1249860.0 214957000.0
1109 Aug 17, 2016 0.01 0.01 0.01 0.01 1352830.0 218481000.0
1110 Aug 18, 2016 0.01 0.01 0.01 0.01 1080170.0 216891000.0
1111 Aug 19, 2016 0.01 0.01 0.01 0.01 1356390.0 217641000.0
1112 Aug 20, 2016 0.01 0.01 0.01 0.01 399635.0 217849000.0
1113 Aug 21, 2016 0.01 0.01 0.01 0.01 411952.0 217500000.0
1114 Aug 22, 2016 0.01 0.01 0.01 0.01 686434.0 215346000.0
1115 Aug 23, 2016 0.01 0.01 0.01 0.01 979256.0 213430000.0
1116 Aug 24, 2016 0.01 0.01 0.01 0.01 1118660.0 213912000.0
1117 Aug 25, 2016 0.01 0.01 0.01 0.01 716326.0 215106000.0
1118 Aug 26, 2016 0.01 0.01 0.01 0.01 578722.0 216329000.0
1119 Aug 27, 2016 0.01 0.01 0.01 0.01 233262.0 214005000.0
1120 Aug 28, 2016 0.01 0.01 0.01 0.01 592108.0 212447000.0
1121 Aug 29, 2016 0.01 0.01 0.01 0.01 1527760.0 211999000.0
1122 Aug 30, 2016 0.01 0.01 0.01 0.01 928043.0 217656000.0
1123 Aug 31, 2016 0.01 0.01 0.01 0.01 1169040.0 214671000.0
1124 Sep 01, 2016 0.01 0.01 0.01 0.01 660021.0 213837000.0
1125 Sep 02, 2016 0.01 0.01 0.01 0.01 583636.0 211170000.0
1126 Sep 03, 2016 0.01 0.01 0.01 0.01 698318.0 210725000.0
1127 Sep 04, 2016 0.01 0.01 0.01 0.01 800373.0 210644000.0
1128 Sep 05, 2016 0.01 0.01 0.01 0.01 784460.0 210058000.0
1129 Sep 06, 2016 0.01 0.01 0.01 0.01 773525.0 209545000.0
1130 Sep 07, 2016 0.01 0.01 0.01 0.01 686254.0 208893000.0
1131 Sep 08, 2016 0.01 0.01 0.01 0.01 869389.0 208088000.0
1132 Sep 09, 2016 0.01 0.01 0.01 0.01 849260.0 208415000.0
1133 >Sep 10, 201 0.01 0.01 0.01 0.01 310034.0 207375000.0
1134 Sep 11, 2016 0.01 0.01 0.01 0.01 533904.0 207186000.0
1135 Sep 12, 2016 0.01 0.01 0.01 0.01 680932.0 206386000.0
1136 Sep 13, 2016 0.01 0.01 0.01 0.01 836942.0 208335000.0
1137 Sep 14, 2016 0.01 0.01 0.01 0.01 1048560.0 207934000.0
1138 Sep 15, 2016 0.01 0.01 0.01 0.01 15967600.0 210808000.0
1139 Sep 16, 2016 0.01 0.01 0.01 0.01 12342800.0 293807000.0
1140 Sep 17, 2016 0.01 0.01 0.01 0.01 1646260.0 262064000.0
1141 Sep 18, 2016 0.01 0.01 0.01 0.01 2231350.0 248819000.0
1142 Sep 19, 2016 0.01 0.01 0.01 0.01 2930120.0 243070000.0
1143 Sep 20, 2016 0.01 0.01 0.01 0.01 1365440.0 243406000.0
1144 Sep 21, 2016 0.01 0.01 0.01 0.01 1719470.0 241444000.0
1145 Sep 22, 2016 0.01 0.01 0.01 0.01 1491330.0 242293000.0
1146 Sep 23, 2016 0.01 0.01 0.01 0.01 3104540.0 242812000.0
1147 Sep 24, 2016 0.01 0.01 0.01 0.01 2170050.0 256511000.0
1148 Sep 25, 2016 0.01 0.01 0.01 0.01 4699860.0 260832000.0
1149 Sep 26, 2016 0.01 0.01 0.01 0.01 9102940.0 279129000.0
1150 Sep 27, 2016 0.01 0.01 0.01 0.01 6131430.0 282218000.0
1151 Sep 28, 2016 0.01 0.01 0.01 0.01 7558520.0 291479000.0
1152 Sep 29, 2016 0.01 0.01 0.01 0.01 5974090.0 321424000.0
1153 Sep 30, 2016 0.01 0.01 0.01 0.01 7561150.0 316085000.0
1154 Oct 01, 2016 0.01 0.01 0.01 0.01 5895530.0 313570000.0
1155 Oct 02, 2016 0.01 0.01 0.01 0.01 2072840.0 290783000.0
1156 Oct 03, 2016 0.01 0.01 0.01 0.01 2776300.0 289639000.0
1157 Oct 04, 2016 0.01 0.01 0.01 0.01 2642950.0 287883000.0
1158 Oct 05, 2016 0.01 0.01 0.01 0.01 4840340.0 279308000.0
1159 Oct 06, 2016 0.01 0.01 0.01 0.01 2826190.0 263560000.0
1160 Oct 07, 2016 0.01 0.01 0.01 0.01 3042600.0 261722000.0
1161 Oct 08, 2016 0.01 0.01 0.01 0.01 2019560.0 261504000.0
1162 Oct 09, 2016 0.01 0.01 0.01 0.01 3390900.0 259324000.0
1163 Oct 10, 2016 0.01 0.01 0.01 0.01 6150610.0 267572000.0
1164 Oct 11, 2016 0.01 0.01 0.01 0.01 4003630.0 283575000.0
1165 Oct 12, 2016 0.01 0.01 0.01 0.01 2943130.0 291174000.0
1166 Oct 13, 2016 0.01 0.01 0.01 0.01 1009720.0 282061000.0
1167 Oct 14, 2016 0.01 0.01 0.01 0.01 1915430.0 283105000.0
1168 Oct 15, 2016 0.01 0.01 0.01 0.01 781979.0 311086000.0
1169 Oct 16, 2016 0.01 0.01 0.01 0.01 608355.0 288675000.0
1170 Oct 17, 2016 0.01 0.01 0.01 0.01 2485290.0 286614000.0
1171 Oct 18, 2016 0.01 0.01 0.01 0.01 3782990.0 284943000.0
1172 Oct 19, 2016 0.01 0.01 0.01 0.01 3360180.0 296137000.0
1173 Oct 20, 2016 0.01 0.01 0.01 0.01 5895540.0 306377000.0
1174 Oct 21, 2016 0.01 0.01 0.01 0.01 4055710.0 322602000.0
1175 Oct 22, 2016 0.01 0.01 0.01 0.01 1649580.0 320363000.0
1176 Oct 23, 2016 0.01 0.01 0.01 0.01 974189.0 318562000.0
1177 Oct 24, 2016 0.01 0.01 0.01 0.01 1717690.0 334725000.0
1178 Oct 25, 2016 0.01 0.01 0.01 0.01 2780690.0 321685000.0
1179 Oct 26, 2016 0.01 0.01 0.01 0.01 2969280.0 315266000.0
1180 Oct 27, 2016 0.01 0.01 0.01 0.01 4302920.0 313452000.0
1181 Oct 28, 2016 0.01 0.01 0.01 0.01 3881320.0 301397000.0
1182 Oct 29, 2016 0.01 0.01 0.01 0.01 3471390.0 289835000.0
1183 Oct 30, 2016 0.01 0.01 0.01 0.01 2071780.0 274932000.0
1184 Oct 31, 2016 0.01 0.01 0.01 0.01 2515480.0 284730000.0
1185 Nov 01, 2016 0.01 0.01 0.01 0.01 1875440.0 291237000.0
1186 Nov 02, 2016 0.01 0.01 0.01 0.01 1739300.0 287949000.0
1187 Nov 03, 2016 0.01 0.01 0.01 0.01 3114110.0 292112000.0
1188 Nov 04, 2016 0.01 0.01 0.01 0.01 2707110.0 285742000.0
1189 Nov 05, 2016 0.01 0.01 0.01 0.01 967011.0 290785000.0
1190 Nov 06, 2016 0.01 0.01 0.01 0.01 784787.0 293394000.0
1191 Nov 07, 2016 0.01 0.01 0.01 0.01 2308500.0 292208000.0
1192 Nov 08, 2016 0.01 0.01 0.01 0.01 2477080.0 289162000.0
1193 Nov 09, 2016 0.01 0.01 0.01 0.01 3575540.0 292520000.0
1194 Nov 10, 2016 0.01 0.01 0.01 0.01 2600650.0 288074000.0
1195 Nov 11, 2016 0.01 0.01 0.01 0.01 2039200.0 290820000.0
1196 Nov 12, 2016 0.01 0.01 0.01 0.01 1708000.0 288307000.0
1197 Nov 13, 2016 0.01 0.01 0.01 0.01 2201990.0 287512000.0
1198 Nov 14, 2016 0.01 0.01 0.01 0.01 1283330.0 295227000.0
1199 Nov 15, 2016 0.01 0.01 0.01 0.01 3078090.0 289677000.0
1200 Nov 16, 2016 0.01 0.01 0.01 0.01 2905840.0 282110000.0
1201 Nov 17, 2016 0.01 0.01 0.01 0.01 2401030.0 280776000.0
1202 Nov 18, 2016 0.01 0.01 0.01 0.01 2487390.0 276965000.0
1203 Nov 19, 2016 0.01 0.01 0.01 0.01 1296770.0 278943000.0
1204 Nov 20, 2016 0.01 0.01 0.01 0.01 1875290.0 279729000.0
1205 Nov 21, 2016 0.01 0.01 0.01 0.01 2594010.0 274338000.0
1206 Nov 22, 2016 0.01 0.01 0.01 0.01 2400100.0 271375000.0
1207 Nov 23, 2016 0.01 0.01 0.01 0.01 3730650.0 266609000.0
1208 Nov 24, 2016 0.01 0.01 0.01 0.01 1845880.0 253280000.0
1209 Nov 25, 2016 0.01 0.01 0.01 0.01 995869.0 249288000.0
1210 Nov 26, 2016 0.01 0.01 0.01 0.01 560816.0 247374000.0
1211 Nov 27, 2016 0.01 0.01 0.01 0.01 525140.0 264950000.0
1212 Nov 28, 2016 0.01 0.01 0.01 0.01 1818750.0 254074000.0
1213 Nov 29, 2016 0.01 0.01 0.01 0.01 1551670.0 251466000.0
1214 Nov 30, 2016 0.01 0.01 0.01 0.01 1495310.0 243213000.0
1215 Dec 01, 2016 0.01 0.01 0.01 0.01 1142000.0 241183000.0
1216 Dec 02, 2016 0.01 0.01 0.01 0.01 1756030.0 241354000.0
1217 Dec 03, 2016 0.01 0.01 0.01 0.01 1213480.0 241553000.0
1218 Dec 04, 2016 0.01 0.01 0.01 0.01 1167110.0 237241000.0
1219 Dec 05, 2016 0.01 0.01 0.01 0.01 867666.0 234832000.0
1220 Dec 06, 2016 0.01 0.01 0.01 0.01 1396500.0 231585000.0
1221 Dec 07, 2016 0.01 0.01 0.01 0.01 2805260.0 239432000.0
1222 Dec 08, 2016 0.01 0.01 0.01 0.01 2789540.0 246469000.0
1223 Dec 09, 2016 0.01 0.01 0.01 0.01 2421860.0 255230000.0
1224 Dec 10, 2016 0.01 0.01 0.01 0.01 1297860.0 256936000.0
1225 Dec 11, 2016 0.01 0.01 0.01 0.01 978511.0 245332000.0
1226 Dec 12, 2016 0.01 0.01 0.01 0.01 1449640.0 242743000.0
1227 Dec 13, 2016 0.01 0.01 0.01 0.01 1946660.0 244047000.0
1228 Dec 14, 2016 0.01 0.01 0.01 0.01 2002770.0 241323000.0
1229 Dec 15, 2016 0.01 0.01 0.01 0.01 1050570.0 241138000.0
1230 Dec 16, 2016 0.01 0.01 0.01 0.01 2575390.0 238467000.0
1231 Dec 17, 2016 0.01 0.01 0.01 0.01 1838990.0 239970000.0
1232 Dec 18, 2016 0.01 0.01 0.01 0.01 1194400.0 234125000.0
1233 Dec 19, 2016 0.01 0.01 0.01 0.01 1109670.0 235601000.0
1234 Dec 20, 2016 0.01 0.01 0.01 0.01 2284690.0 234114000.0
1235 Dec 21, 2016 0.01 0.01 0.01 0.01 2300840.0 232609000.0
1236 Dec 22, 2016 0.01 0.01 0.01 0.01 2897110.0 230933000.0
1237 Dec 23, 2016 0.01 0.01 0.01 0.01 3514540.0 229051000.0
1238 Dec 24, 2016 0.01 0.01 0.01 0.01 2495670.0 225933000.0
1239 Dec 25, 2016 0.01 0.01 0.01 0.01 2188780.0 228638000.0
1240 Dec 26, 2016 0.01 0.01 0.01 0.01 1640840.0 231980000.0
1241 Dec 27, 2016 0.01 0.01 0.01 0.01 2471000.0 227764000.0
1242 Dec 28, 2016 0.01 0.01 0.01 0.01 2064130.0 222957000.0
1243 Dec 29, 2016 0.01 0.01 0.01 0.01 1345050.0 222517000.0
1244 Dec 30, 2016 0.01 0.01 0.01 0.01 1379470.0 230797000.0
1245 Dec 31, 2016 0.01 0.01 0.01 0.01 272884.0 233185000.0
1246 Jan 01, 2017 0.01 0.01 0.01 0.01 418978.0 237032000.0
1247 Jan 02, 2017 0.01 0.01 0.01 0.01 1046250.0 232067000.0
1248 Jan 03, 2017 0.01 0.01 0.01 0.01 1014830.0 228578000.0
1249 Jan 04, 2017 0.01 0.01 0.01 0.01 1642730.0 232030000.0
1250 Jan 05, 2017 0.01 0.01 0.01 0.01 4058170.0 238808000.0
1251 Jan 06, 2017 0.01 0.01 0.01 0.01 1746150.0 225184000.0
1252 Jan 07, 2017 0.01 0.01 0.01 0.01 1351030.0 230770000.0
1253 Jan 08, 2017 0.01 0.01 0.01 0.01 554133.0 231946000.0
1254 Jan 09, 2017 0.01 0.01 0.01 0.01 702255.0 226700000.0
1255 Jan 10, 2017 0.01 0.01 0.01 0.01 2510530.0 223720000.0
1256 Jan 11, 2017 0.01 0.01 0.01 0.01 3436270.0 243761000.0
1257 Jan 12, 2017 0.01 0.01 0.01 0.01 5013190.0 233170000.0
1258 Jan 13, 2017 0.01 0.01 0.01 0.01 2059340.0 236592000.0
1259 Jan 14, 2017 0.01 0.01 0.01 0.01 1307810.0 243056000.0
1260 Jan 15, 2017 0.01 0.01 0.01 0.01 780822.0 252519000.0
1261 Jan 16, 2017 0.01 0.01 0.01 0.01 699284.0 248106000.0
1262 Jan 17, 2017 0.01 0.01 0.01 0.01 1842150.0 249018000.0
1263 Jan 18, 2017 0.01 0.01 0.01 0.01 1342730.0 249667000.0
1264 Jan 19, 2017 0.01 0.01 0.01 0.01 760684.0 246854000.0
1265 Jan 20, 2017 0.01 0.01 0.01 0.01 620052.0 259186000.0
1266 Jan 21, 2017 0.01 0.01 0.01 0.01 553724.0 246709000.0
1267 Jan 22, 2017 0.01 0.01 0.01 0.01 362422.0 247165000.0
1268 Jan 23, 2017 0.01 0.01 0.01 0.01 309838.0 247604000.0
1269 Jan 24, 2017 0.01 0.01 0.01 0.01 509262.0 247242000.0
1270 Jan 25, 2017 0.01 0.01 0.01 0.01 522497.0 240565000.0
1271 Jan 26, 2017 0.01 0.01 0.01 0.01 1446950.0 239951000.0
1272 Jan 27, 2017 0.01 0.01 0.01 0.01 924745.0 246404000.0
1273 Jan 28, 2017 0.01 0.01 0.01 0.01 241491.0 236216000.0
1274 Jan 29, 2017 0.01 0.01 0.01 0.01 325176.0 234254000.0
1275 Jan 30, 2017 0.01 0.01 0.01 0.01 391822.0 235961000.0
1276 Jan 31, 2017 0.01 0.01 0.01 0.01 661444.0 235508000.0
1277 Feb 01, 2017 0.01 0.01 0.01 0.01 1836820.0 232609000.0
1278 Feb 02, 2017 0.01 0.01 0.01 0.01 670888.0 241026000.0
1279 Feb 03, 2017 0.01 0.01 0.01 0.01 548263.0 238302000.0
1280 Feb 04, 2017 0.01 0.01 0.01 0.01 314187.0 239094000.0
1281 Feb 05, 2017 0.01 0.01 0.01 0.01 367001.0 239337000.0
1282 Feb 06, 2017 0.01 0.01 0.01 0.01 386766.0 237318000.0
1283 Feb 07, 2017 0.01 0.01 0.01 0.01 945440.0 237240000.0
1284 Feb 08, 2017 0.01 0.01 0.01 0.01 860217.0 236123000.0
1285 Feb 09, 2017 0.01 0.01 0.01 0.01 1700680.0 237091000.0
1286 Feb 10, 2017 0.01 0.01 0.01 0.01 808768.0 235873000.0
1287 Feb 11, 2017 0.01 0.01 0.01 0.01 334607.0 232996000.0
1288 Feb 12, 2017 0.01 0.01 0.01 0.01 230479.0 234436000.0
1289 Feb 13, 2017 0.01 0.01 0.01 0.01 462843.0 232161000.0
1290 Feb 14, 2017 0.01 0.01 0.01 0.01 671150.0 231161000.0
1291 Feb 15, 2017 0.01 0.01 0.01 0.01 813299.0 232611000.0
1292 Feb 16, 2017 0.01 0.01 0.01 0.01 1355840.0 227363000.0
1293 Feb 17, 2017 0.01 0.01 0.01 0.01 1160600.0 220014000.0
1294 Feb 18, 2017 0.01 0.01 0.01 0.01 1866850.0 220370000.0
1295 Feb 19, 2017 0.01 0.01 0.01 0.01 896856.0 207033000.0
1296 Feb 20, 2017 0.01 0.01 0.01 0.01 880117.0 217802000.0
1297 Feb 21, 2017 0.01 0.01 0.01 0.01 653081.0 217476000.0
1298 Feb 22, 2017 0.01 0.01 0.01 0.01 500712.0 216670000.0
1299 Feb 23, 2017 0.01 0.01 0.01 0.01 750533.0 216920000.0
1300 Feb 24, 2017 0.01 0.01 0.01 0.01 1343690.0 218525000.0
1301 Feb 25, 2017 0.01 0.01 0.01 0.01 684577.0 211712000.0
1302 Feb 26, 2017 0.01 0.01 0.01 0.01 258373.0 210392000.0
1303 Feb 27, 2017 0.01 0.01 0.01 0.01 641126.0 210425000.0
1304 Feb 28, 2017 0.01 0.01 0.01 0.01 1693350.0 208297000.0
1305 Mar 01, 2017 0.01 0.01 0.01 0.01 1630460.0 205222000.0
1306 Mar 02, 2017 0.01 0.01 0.01 0.01 3811500.0 201301000.0
1307 Mar 03, 2017 0.01 0.01 0.01 0.01 2703850.0 224009000.0
1308 Mar 04, 2017 0.01 0.01 0.01 0.01 1372440.0 237670000.0
1309 Mar 05, 2017 0.01 0.01 0.01 0.01 1044760.0 235301000.0
1310 Mar 06, 2017 0.01 0.01 0.01 0.01 1023500.0 229280000.0
1311 Mar 07, 2017 0.01 0.01 0.01 0.01 2901920.0 226570000.0
1312 Mar 08, 2017 0.01 0.01 0.01 0.01 3432500.0 245051000.0
1313 Mar 09, 2017 0.01 0.01 0.01 0.01 2064660.0 242570000.0
1314 Mar 10, 2017 0.01 0.01 0.01 0.01 3144440.0 242488000.0
1315 Mar 11, 2017 0.01 0.01 0.01 0.01 1818590.0 232266000.0
1316 Mar 12, 2017 0.01 0.01 0.01 0.01 1531030.0 231721000.0
1317 Mar 13, 2017 0.01 0.01 0.01 0.01 2561890.0 233853000.0
1318 Mar 14, 2017 0.01 0.01 0.01 0.01 1358830.0 236634000.0
1319 Mar 15, 2017 0.01 0.01 0.01 0.01 1376090.0 237552000.0
1320 Mar 16, 2017 0.01 0.01 0.01 0.01 3860210.0 235622000.0
1321 Mar 17, 2017 0.01 0.01 0.01 0.01 3442010.0 239193000.0
1322 Mar 18, 2017 0.01 0.01 0.01 0.01 7223300.0 229142000.0
1323 Mar 19, 2017 0.01 0.01 0.01 0.01 4241970.0 251511000.0
1324 Mar 20, 2017 0.01 0.01 0.01 0.01 3423710.0 258208000.0
1325 Mar 21, 2017 0.01 0.01 0.01 0.01 3021440.0 261234000.0
1326 Mar 22, 2017 0.01 0.01 0.01 0.01 4652530.0 257915000.0
1327 Mar 23, 2017 0.01 0.01 0.01 0.01 12315100.0 271965000.0
1328 Mar 24, 2017 0.01 0.01 0.01 0.01 24493700.0 393620000.0
1329 Mar 25, 2017 0.01 0.01 0.01 0.01 11334900.0 392674000.0
1330 Mar 26, 2017 0.01 0.01 0.01 0.01 5475230.0 342448000.0
1331 Mar 27, 2017 0.01 0.01 0.01 0.01 6336150.0 354514000.0
1332 Mar 28, 2017 0.01 0.01 0.01 0.01 3111280.0 357724000.0
1333 Mar 29, 2017 0.01 0.01 0.01 0.01 3344230.0 356171000.0
1334 Mar 30, 2017 0.01 0.01 0.01 0.01 19821800.0 378563000.0
1335 Mar 31, 2017 0.01 0.02 0.01 0.02 72699400.0 487885000.0
1336 Apr 01, 2017 0.02 0.02 0.02 0.02 30657700.0 812963000.0
1337 Apr 02, 2017 0.02 0.07 0.02 0.06 230622000.0 820232000.0
1338 Apr 03, 2017 0.06 0.06 0.03 0.03 155550000.0 2261800000.0
1339 Apr 04, 2017 0.03 0.04 0.03 0.04 78538100.0 1239170000.0
1340 Apr 05, 2017 0.04 0.04 0.04 0.04 42360300.0 1402530000.0
1341 Apr 06, 2017 0.04 0.04 0.03 0.03 48264600.0 1338210000.0
1342 Apr 07, 2017 0.03 0.04 0.03 0.04 36825000.0 1228290000.0
1343 Apr 08, 2017 0.04 0.04 0.03 0.04 14782600.0 1363900000.0
1344 Apr 09, 2017 0.04 0.04 0.03 0.03 15695600.0 1343050000.0
1345 Apr 10, 2017 0.03 0.04 0.03 0.03 12012700.0 1280150000.0
1346 Apr 11, 2017 0.03 0.03 0.03 0.03 11301000.0 1263420000.0
1347 Apr 12, 2017 0.03 0.03 0.03 0.03 13437000.0 1238110000.0
1348 Apr 13, 2017 0.03 0.04 0.03 0.03 15872400.0 1292790000.0
1349 Apr 14, 2017 0.03 0.04 0.03 0.03 8869300.0 1285920000.0
1350 Apr 15, 2017 0.03 0.03 0.03 0.03 4972610.0 1258400000.0
1351 Apr 16, 2017 0.03 0.03 0.03 0.03 5980280.0 1271610000.0
1352 Apr 17, 2017 0.03 0.03 0.03 0.03 7933260.0 1253560000.0
1353 Apr 18, 2017 0.03 0.03 0.03 0.03 8970210.0 1262530000.0
1354 Apr 19, 2017 0.03 0.03 0.03 0.03 13265600.0 1245350000.0
1355 Apr 20, 2017 0.03 0.03 0.03 0.03 25650400.0 1135700000.0
1356 Apr 21, 2017 0.03 0.03 0.03 0.03 28245700.0 1126210000.0
1357 Apr 22, 2017 0.03 0.03 0.03 0.03 9020550.0 1254840000.0
1358 Apr 23, 2017 0.03 0.03 0.03 0.03 4976320.0 1207680000.0
1359 Apr 24, 2017 0.03 0.03 0.03 0.03 6333250.0 1183370000.0
1360 Apr 25, 2017 0.03 0.03 0.03 0.03 13469200.0 1189920000.0
1361 Apr 26, 2017 0.03 0.03 0.03 0.03 11921700.0 1227080000.0
1362 Apr 27, 2017 0.03 0.04 0.03 0.03 16661600.0 1243640000.0
1363 Apr 28, 2017 0.03 0.04 0.03 0.04 81121600.0 1320040000.0
1364 Apr 29, 2017 0.04 0.06 0.04 0.05 114359000.0 1688070000.0
1365 Apr 30, 2017 0.05 0.05 0.05 0.05 41974200.0 2000600000.0
1366 May 01, 2017 0.05 0.06 0.05 0.06 61730100.0 1954090000.0
1367 May 02, 2017 0.05 0.06 0.05 0.05 33814700.0 2070240000.0
1368 May 03, 2017 0.05 0.06 0.05 0.06 42869000.0 2042180000.0
1369 May 04, 2017 0.06 0.09 0.06 0.08 153374000.0 2313340000.0
1370 May 05, 2017 0.08 0.11 0.08 0.09 184430000.0 3045130000.0
1371 May 06, 2017 0.09 0.11 0.09 0.1 88394200.0 3546160000.0
1372 May 07, 2017 0.1 0.15 0.1 0.14 249029000.0 3868770000.0
1373 May 08, 2017 0.14 0.24 0.14 0.2 402611000.0 5375270000.0
1374 May 09, 2017 0.2 0.22 0.13 0.16 214002000.0 7560680000.0
1375 May 10, 2017 0.16 0.2 0.16 0.19 138792000.0 6014860000.0
1376 May 11, 2017 0.18 0.19 0.16 0.18 103699000.0 7023110000.0
1377 May 12, 2017 0.18 0.21 0.18 0.21 123635000.0 7000780000.0
1378 May 13, 2017 0.21 0.22 0.19 0.21 117101000.0 7917710000.0
1379 May 14, 2017 0.21 0.22 0.21 0.22 69732000.0 8242620000.0
1380 May 15, 2017 0.22 0.27 0.22 0.27 223923000.0 8429940000.0
1381 May 16, 2017 0.27 0.35 0.27 0.35 440882000.0 10335800000.0
1382 May 17, 2017 0.35 0.43 0.33 0.39 470974000.0 13603300000.0
1383 May 18, 2017 0.39 0.41 0.33 0.36 237644000.0 15128200000.0
1384 May 19, 2017 0.36 0.36 0.3 0.33 269894000.0 14006800000.0
1385 May 20, 2017 0.33 0.37 0.3 0.35 237792000.0 12663000000.0
1386 May 21, 2017 0.35 0.37 0.33 0.34 129765000.0 13608300000.0
1387 May 22, 2017 0.34 0.34 0.27 0.32 265699000.0 13039500000.0
1388 May 23, 2017 0.31 0.35 0.29 0.32 153050000.0 12074100000.0
1389 May 24, 2017 0.33 0.36 0.29 0.29 166168000.0 12525200000.0
1390 May 25, 2017 0.29 0.3 0.24 0.25 237805000.0 11245100000.0
1391 May 26, 2017 0.24 0.33 0.24 0.27 253935000.0 9374260000.0
1392 May 27, 2017 0.27 0.28 0.16 0.21 255532000.0 10430500000.0
1393 May 28, 2017 0.21 0.24 0.2 0.23 122253000.0 8142790000.0
1394 May 29, 2017 0.23 0.24 0.21 0.23 86555600.0 8689830000.0
1395 May 30, 2017 0.23 0.24 0.2 0.2 92808700.0 8881150000.0
1396 May 31, 2017 0.2 0.25 0.19 0.25 160620000.0 7854880000.0
1397 Jun 01, 2017 0.24 0.34 0.24 0.33 588819000.0 9330770000.0
1398 Jun 02, 2017 0.33 0.34 0.29 0.3 293677000.0 12885900000.0
1399 Jun 03, 2017 0.3 0.31 0.28 0.29 155454000.0 11604300000.0
1400 Jun 04, 2017 0.3 0.31 0.28 0.3 153488000.0 11524200000.0
1401 Jun 05, 2017 0.3 0.3 0.28 0.29 78433500.0 11581200000.0
1402 Jun 06, 2017 0.29 0.29 0.28 0.28 132720000.0 11355900000.0
1403 Jun 07, 2017 0.28 0.3 0.28 0.28 145839000.0 10994700000.0
1404 Jun 08, 2017 0.28 0.3 0.28 0.29 103152000.0 10848900000.0
1405 Jun 09, 2017 0.29 0.3 0.28 0.29 102482000.0 11115900000.0
1406 Jun 10, 2017 0.28 0.29 0.26 0.26 156721000.0 10953900000.0
1407 Jun 11, 2017 0.26 0.28 0.26 0.27 114566000.0 9943590000.0
1408 Jun 12, 2017 0.27 0.28 0.25 0.25 149942000.0 10466000000.0
1409 Jun 13, 2017 0.25 0.27 0.25 0.27 111937000.0 9728120000.0
1410 Jun 14, 2017 0.27 0.31 0.26 0.28 431096000.0 10188000000.0
1411 Jun 15, 2017 0.28 0.28 0.24 0.26 191548000.0 10662200000.0
1412 Jun 16, 2017 0.26 0.27 0.25 0.26 88152400.0 9935290000.0
1413 Jun 17, 2017 0.26 0.27 0.26 0.27 121948000.0 10045800000.0
1414 Jun 18, 2017 0.27 0.29 0.27 0.28 232512000.0 10265000000.0
1415 Jun 19, 2017 0.28 0.3 0.28 0.3 164955000.0 10873600000.0
1416 Jun 20, 2017 0.29 0.34 0.29 0.32 793610000.0 11188200000.0
1417 Jun 21, 2017 0.32 0.33 0.28 0.3 358493000.0 12429900000.0
1418 Jun 22, 2017 0.3 0.3 0.29 0.3 194551000.0 11482700000.0
1419 Jun 23, 2017 0.3 0.32 0.29 0.32 177221000.0 11400100000.0
1420 Jun 24, 2017 0.32 0.33 0.31 0.31 313710000.0 12222100000.0
1421 Jun 25, 2017 0.31 0.31 0.29 0.3 158845000.0 11901600000.0
1422 Jun 26, 2017 0.3 0.3 0.26 0.28 280100000.0 11440300000.0
1423 Jun 27, 2017 0.28 0.28 0.25 0.28 186951000.0 10617700000.0
1424 Jun 28, 2017 0.28 0.28 0.27 0.28 126278000.0 10545100000.0
1425 Jun 29, 2017 0.28 0.28 0.26 0.27 89745300.0 10743200000.0
1426 Jun 30, 2017 0.27 0.27 0.26 0.26 67764500.0 10187800000.0
1427 Jul 01, 2017 0.26 0.26 0.25 0.25 53611000.0 10065100000.0
1428 Jul 02, 2017 0.25 0.26 0.25 0.26 54095000.0 9745600000.0
1429 Jul 03, 2017 0.26 0.26 0.26 0.26 60367800.0 9916580000.0
1430 Jul 04, 2017 0.26 0.26 0.25 0.25 56008900.0 9949670000.0
1431 Jul 05, 2017 0.26 0.26 0.25 0.26 73292100.0 9769110000.0
1432 Jul 06, 2017 0.26 0.26 0.25 0.25 43845800.0 9816910000.0
1433 Jul 07, 2017 0.25 0.26 0.24 0.24 88408000.0 9758870000.0
1434 Jul 08, 2017 0.24 0.24 0.22 0.24 124578000.0 9180000000.0
1435 Jul 09, 2017 0.24 0.25 0.23 0.23 82755000.0 9070620000.0
1436 Jul 10, 2017 0.23 0.23 0.18 0.2 119367000.0 8962770000.0
1437 Jul 11, 2017 0.2 0.2 0.17 0.18 271415000.0 7520990000.0
1438 Jul 12, 2017 0.18 0.2 0.18 0.2 153023000.0 7053180000.0
1439 Jul 13, 2017 0.2 0.23 0.19 0.2 216750000.0 7883170000.0
1440 Jul 14, 2017 0.2 0.2 0.18 0.19 97037600.0 7689650000.0
1441 Jul 15, 2017 0.19 0.19 0.17 0.17 131779000.0 7312750000.0
1442 Jul 16, 2017 0.17 0.17 0.12 0.15 257944000.0 6489640000.0
1443 Jul 17, 2017 0.15 0.18 0.14 0.18 312685000.0 5749320000.0
1444 Jul 18, 2017 0.18 0.2 0.17 0.19 295841000.0 6879740000.0
1445 Jul 19, 2017 0.19 0.19 0.16 0.17 147778000.0 7217840000.0
1446 Jul 20, 2017 0.17 0.19 0.17 0.19 183292000.0 6510190000.0
1447 Jul 21, 2017 0.19 0.19 0.18 0.18 104722000.0 7253530000.0
1448 Jul 22, 2017 0.18 0.2 0.18 0.19 83913800.0 6975460000.0
1449 Jul 23, 2017 0.19 0.2 0.19 0.2 195682000.0 7411980000.0
1450 Jul 24, 2017 0.19 0.2 0.19 0.19 56632800.0 7466020000.0
1451 Jul 25, 2017 0.19 0.19 0.17 0.18 166807000.0 7370540000.0
1452 Jul 26, 2017 0.18 0.18 0.17 0.17 76584600.0 6807110000.0
1453 Jul 27, 2017 0.17 0.18 0.17 0.17 34575100.0 6716190000.0
1454 Jul 28, 2017 0.17 0.17 0.16 0.17 74649800.0 6639700000.0
1455 Jul 29, 2017 0.17 0.17 0.15 0.17 80897000.0 6333340000.0
1456 Jul 30, 2017 0.17 0.17 0.16 0.17 40621700.0 6497250000.0
1457 Jul 31, 2017 0.17 0.17 0.16 0.17 57273800.0 6326860000.0
1458 Aug 01, 2017 0.17 0.18 0.17 0.18 119957000.0 6440860000.0
1459 Aug 02, 2017 0.18 0.18 0.17 0.17 53441400.0 6805300000.0
1460 Aug 03, 2017 0.17 0.17 0.17 0.17 31479000.0 6639970000.0
1461 Aug 04, 2017 0.17 0.18 0.17 0.17 45170000.0 6693120000.0
1462 Aug 05, 2017 0.17 0.19 0.17 0.18 114270000.0 6666640000.0
1463 Aug 06, 2017 0.18 0.19 0.18 0.18 74161600.0 7108860000.0
1464 Aug 07, 2017 0.18 0.18 0.18 0.18 58052100.0 6891020000.0
1465 Aug 08, 2017 0.18 0.19 0.18 0.19 180028000.0 6886620000.0
1466 Aug 09, 2017 0.19 0.19 0.18 0.18 97805400.0 7382220000.0
1467 Aug 10, 2017 0.18 0.18 0.18 0.18 48162800.0 7023380000.0
1468 Aug 11, 2017 0.18 0.18 0.18 0.18 54059700.0 6910180000.0
1469 Aug 12, 2017 0.18 0.18 0.17 0.17 65229300.0 6873590000.0
1470 Aug 13, 2017 0.17 0.17 0.16 0.17 110199000.0 6655930000.0
1471 Aug 14, 2017 0.17 0.18 0.17 0.17 84388300.0 6457680000.0
1472 Aug 15, 2017 0.17 0.17 0.16 0.16 100614000.0 6510400000.0
1473 Aug 16, 2017 0.16 0.16 0.15 0.16 107920000.0 6182490000.0
1474 Aug 17, 2017 0.16 0.16 0.15 0.16 56084300.0 6165190000.0
1475 Aug 18, 2017 0.16 0.17 0.15 0.16 146539000.0 6024470000.0
1476 Aug 19, 2017 0.16 0.16 0.15 0.15 87062100.0 6117890000.0
1477 Aug 20, 2017 0.15 0.16 0.15 0.16 68542800.0 5926770000.0
1478 Aug 21, 2017 0.16 0.2 0.15 0.19 447089000.0 6074040000.0
1479 Aug 22, 2017 0.19 0.25 0.17 0.24 1450040000.0 7475950000.0
1480 Aug 23, 2017 0.24 0.3 0.22 0.25 1770400000.0 9240380000.0
1481 Aug 24, 2017 0.25 0.29 0.21 0.22 1342360000.0 9676890000.0
1482 Aug 25, 2017 0.22 0.23 0.2 0.22 504484000.0 8328300000.0
1483 Aug 26, 2017 0.22 0.23 0.21 0.21 184121000.0 8368790000.0
1484 Aug 27, 2017 0.21 0.21 0.2 0.2 193971000.0 8152540000.0
1485 Aug 28, 2017 0.2 0.24 0.2 0.22 542468000.0 7800090000.0
1486 Aug 29, 2017 0.22 0.23 0.21 0.22 269770000.0 8590000000.0
1487 Aug 30, 2017 0.22 0.23 0.22 0.23 181186000.0 8392340000.0
1488 Aug 31, 2017 0.23 0.26 0.23 0.26 432574000.0 8725450000.0
1489 Sep 01, 2017 0.26 0.26 0.24 0.25 283576000.0 9808460000.0
1490 Sep 02, 2017 0.25 0.25 0.22 0.23 329928000.0 9560940000.0
1491 Sep 03, 2017 0.23 0.24 0.22 0.23 186526000.0 8712840000.0
1492 Sep 04, 2017 0.23 0.23 0.2 0.2 239613000.0 8772340000.0
1493 Sep 05, 2017 0.2 0.22 0.19 0.21 242636000.0 7864700000.0
1494 Sep 06, 2017 0.21 0.23 0.21 0.23 163297000.0 8242060000.0
1495 Sep 07, 2017 0.23 0.23 0.22 0.22 103080000.0 8680360000.0
1496 Sep 08, 2017 0.22 0.22 0.21 0.21 151329000.0 8574260000.0
1497 Sep 09, 2017 0.21 0.21 0.21 0.21 51185500.0 8101800000.0
1498 Sep 10, 2017 0.21 0.22 0.2 0.21 117091000.0 8037080000.0
1499 Sep 11, 2017 0.21 0.22 0.21 0.21 138339000.0 8148560000.0
1500 Sep 12, 2017 0.21 0.22 0.21 0.21 94519500.0 8238550000.0
1501 Sep 13, 2017 0.21 0.21 0.2 0.2 105471000.0 8038030000.0
1502 Sep 14, 2017 0.2 0.2 0.16 0.16 152533000.0 7685140000.0
1503 Sep 15, 2017 0.17 0.19 0.15 0.18 289414000.0 6328090000.0
1504 Sep 16, 2017 0.18 0.19 0.17 0.18 84495200.0 6975690000.0
1505 Sep 17, 2017 0.18 0.18 0.17 0.18 49161100.0 6839640000.0
1506 Sep 18, 2017 0.18 0.19 0.18 0.19 88397900.0 6837060000.0
1507 Sep 19, 2017 0.19 0.19 0.18 0.18 54046100.0 7278390000.0
1508 Sep 20, 2017 0.18 0.19 0.18 0.18 34521600.0 7044160000.0
1509 Sep 21, 2017 0.18 0.18 0.17 0.17 43583200.0 6939500000.0
1510 Sep 22, 2017 0.17 0.17 0.17 0.17 37244700.0 6578530000.0
1511 Sep 23, 2017 0.17 0.18 0.17 0.18 32476700.0 6647700000.0
1512 Sep 24, 2017 0.18 0.18 0.17 0.17 20566500.0 6831900000.0
1513 Sep 25, 2017 0.17 0.18 0.17 0.18 35622600.0 6730080000.0
1514 Sep 26, 2017 0.18 0.19 0.18 0.19 70000700.0 6977340000.0
1515 Sep 27, 2017 0.18 0.21 0.18 0.2 249934000.0 7105010000.0
1516 Sep 28, 2017 0.2 0.2 0.19 0.2 117962000.0 7765860000.0
1517 Sep 29, 2017 0.2 0.2 0.19 0.19 72291200.0 7519420000.0
1518 Sep 30, 2017 0.19 0.2 0.19 0.2 54729300.0 7431970000.0
1519 Oct 01, 2017 0.2 0.21 0.2 0.21 51345500.0 7577590000.0
1520 Oct 02, 2017 0.21 0.21 0.2 0.2 77412300.0 7901790000.0
1521 Oct 03, 2017 0.2 0.2 0.2 0.2 48703100.0 7791820000.0
1522 Oct 04, 2017 0.2 0.22 0.2 0.21 123573000.0 7792170000.0
1523 Oct 05, 2017 0.21 0.24 0.21 0.24 404299000.0 8266280000.0
1524 Oct 06, 2017 0.24 0.24 0.23 0.23 167492000.0 9115310000.0
1525 Oct 07, 2017 0.23 0.24 0.23 0.24 77950200.0 9030320000.0
1526 Oct 08, 2017 0.24 0.28 0.24 0.28 529838000.0 9198180000.0
1527 Oct 09, 2017 0.28 0.28 0.24 0.25 610110000.0 10759300000.0
1528 Oct 10, 2017 0.25 0.27 0.24 0.26 384049000.0 9758310000.0
1529 Oct 11, 2017 0.26 0.27 0.26 0.26 161206000.0 10061500000.0
1530 Oct 12, 2017 0.27 0.27 0.25 0.25 245004000.0 10230900000.0
1531 Oct 13, 2017 0.25 0.26 0.24 0.26 398689000.0 9583920000.0
1532 Oct 14, 2017 0.26 0.27 0.26 0.26 211160000.0 10062500000.0
1533 Oct 15, 2017 0.26 0.27 0.25 0.26 280211000.0 9923310000.0
1534 Oct 16, 2017 0.26 0.29 0.25 0.26 963158000.0 10148700000.0
1535 Oct 17, 2017 0.26 0.26 0.22 0.23 411265000.0 9867860000.0
1536 Oct 18, 2017 0.23 0.24 0.21 0.22 354225000.0 8909100000.0
1537 Oct 19, 2017 0.22 0.23 0.21 0.21 304542000.0 8408710000.0
1538 Oct 20, 2017 0.21 0.22 0.21 0.21 182704000.0 8287600000.0
1539 Oct 21, 2017 0.21 0.21 0.2 0.21 116807000.0 8098920000.0
1540 Oct 22, 2017 0.21 0.21 0.2 0.2 75849500.0 8128520000.0
1541 Oct 23, 2017 0.2 0.2 0.19 0.2 99914800.0 7841330000.0
1542 Oct 24, 2017 0.2 0.22 0.19 0.21 220081000.0 7535480000.0
1543 Oct 25, 2017 0.21 0.21 0.2 0.2 75017500.0 7980370000.0
1544 Oct 26, 2017 0.2 0.21 0.2 0.2 38193100.0 7877530000.0
1545 Oct 27, 2017 0.2 0.2 0.2 0.2 29623000.0 7847650000.0
1546 Oct 28, 2017 0.2 0.2 0.2 0.2 26864900.0 7806200000.0
1547 Oct 29, 2017 0.2 0.2 0.2 0.2 62511100.0 7758640000.0
1548 Oct 30, 2017 0.2 0.2 0.2 0.2 34835100.0 7824820000.0
1549 Oct 31, 2017 0.2 0.2 0.2 0.2 43875700.0 7798990000.0
1550 Nov 01, 2017 0.2 0.2 0.19 0.19 67921000.0 7715840000.0
1551 Nov 02, 2017 0.19 0.21 0.18 0.2 197770000.0 7498090000.0
1552 Nov 03, 2017 0.21 0.23 0.2 0.21 373402000.0 7945410000.0
1553 Nov 04, 2017 0.21 0.21 0.2 0.2 74013200.0 8017770000.0
1554 Nov 05, 2017 0.2 0.2 0.2 0.2 46959000.0 7832450000.0
1555 Nov 06, 2017 0.2 0.21 0.2 0.2 102233000.0 7782080000.0
1556 Nov 07, 2017 0.2 0.21 0.2 0.21 114073000.0 7902920000.0
1557 Nov 08, 2017 0.21 0.22 0.21 0.22 156959000.0 8117620000.0
1558 Nov 09, 2017 0.22 0.22 0.21 0.22 147917000.0 8396440000.0
1559 Nov 10, 2017 0.22 0.22 0.2 0.21 141033000.0 8409740000.0
1560 Nov 11, 2017 0.2 0.21 0.2 0.21 134503000.0 7935490000.0
1561 Nov 12, 2017 0.21 0.21 0.2 0.2 251175000.0 8099860000.0
1562 Nov 13, 2017 0.2 0.2 0.2 0.2 132567000.0 7608890000.0
1563 Nov 14, 2017 0.2 0.21 0.2 0.21 127361000.0 7866670000.0
1564 Nov 15, 2017 0.21 0.21 0.21 0.21 100294000.0 8069730000.0
1565 Nov 16, 2017 0.21 0.27 0.21 0.23 1022580000.0 8213360000.0
1566 Nov 17, 2017 0.22 0.24 0.22 0.23 397071000.0 8681190000.0
1567 Nov 18, 2017 0.23 0.23 0.22 0.23 144298000.0 8749900000.0
1568 Nov 19, 2017 0.23 0.24 0.23 0.23 193808000.0 8811410000.0
1569 Nov 20, 2017 0.23 0.24 0.23 0.24 214663000.0 8934850000.0
1570 Nov 21, 2017 0.24 0.24 0.23 0.23 217851000.0 9191390000.0
1571 Nov 22, 2017 0.23 0.24 0.23 0.24 167078000.0 8985300000.0
1572 Nov 23, 2017 0.24 0.25 0.24 0.24 240685000.0 9230520000.0
1573 Nov 24, 2017 0.24 0.24 0.24 0.24 211486000.0 9379600000.0
1574 Nov 25, 2017 0.24 0.26 0.24 0.25 212593000.0 9430850000.0
1575 Nov 26, 2017 0.25 0.25 0.25 0.25 133297000.0 9768270000.0
1576 Nov 27, 2017 0.25 0.25 0.25 0.25 196735000.0 9590240000.0
1577 Nov 28, 2017 0.25 0.3 0.25 0.3 720743000.0 9811650000.0
1578 Nov 29, 2017 0.3 0.3 0.24 0.24 541178000.0 11504500000.0
1579 Nov 30, 2017 0.25 0.26 0.23 0.25 270907000.0 9517940000.0
1580 Dec 01, 2017 0.25 0.26 0.24 0.26 182992000.0 9669290000.0
1581 Dec 02, 2017 0.26 0.26 0.25 0.26 118250000.0 9874190000.0
1582 Dec 03, 2017 0.26 0.26 0.25 0.25 134710000.0 9869310000.0
1583 Dec 04, 2017 0.25 0.26 0.25 0.25 104650000.0 9768480000.0
1584 Dec 05, 2017 0.25 0.25 0.24 0.25 174591000.0 9815990000.0
1585 Dec 06, 2017 0.24 0.24 0.23 0.23 274526000.0 9507190000.0
1586 Dec 07, 2017 0.23 0.23 0.22 0.22 275205000.0 9011630000.0
1587 Dec 08, 2017 0.22 0.28 0.22 0.25 660172000.0 8663460000.0
1588 Dec 09, 2017 0.25 0.26 0.24 0.24 205289000.0 9768540000.0
1589 Dec 10, 2017 0.24 0.24 0.23 0.24 198174000.0 9512330000.0
1590 Dec 11, 2017 0.24 0.25 0.23 0.25 176101000.0 9164670000.0
1591 Dec 12, 2017 0.25 0.43 0.25 0.37 1555040000.0 9772240000.0
1592 Dec 13, 2017 0.37 0.51 0.34 0.47 2738760000.0 14437600000.0
1593 Dec 14, 2017 0.47 0.89 0.47 0.86 6358700000.0 18232500000.0
1594 Dec 15, 2017 0.86 0.86 0.67 0.76 3194210000.0 33383900000.0
1595 Dec 16, 2017 0.76 0.81 0.74 0.76 1334770000.0 29267100000.0
1596 Dec 17, 2017 0.75 0.77 0.72 0.73 805200000.0 29214200000.0
1597 Dec 18, 2017 0.73 0.79 0.69 0.78 1342720000.0 28203500000.0
1598 Dec 19, 2017 0.78 0.86 0.76 0.79 1449670000.0 30117600000.0
1599 Dec 20, 2017 0.79 0.79 0.73 0.78 1007420000.0 30494300000.0
1600 Dec 21, 2017 0.78 1.24 0.78 1.19 3626110000.0 30314000000.0
1601 Dec 22, 2017 1.17 1.38 0.74 1.14 4644700000.0 45189500000.0
1602 Dec 23, 2017 1.17 1.21 1.08 1.17 1497590000.0 45167600000.0
1603 Dec 24, 2017 1.18 1.18 0.91 1.04 754959000.0 45541100000.0
1604 Dec 25, 2017 1.04 1.13 1.0 1.12 686014000.0 40506000000.0
1605 Dec 26, 2017 1.12 1.19 1.09 1.19 938847000.0 43455400000.0
1606 Dec 27, 2017 1.18 1.47 1.18 1.4 2854260000.0 45875700000.0
1607 Dec 28, 2017 1.39 1.5 1.26 1.43 2843300000.0 53998200000.0
1608 Dec 29, 2017 1.44 2.27 1.44 2.21 7545740000.0 55767500000.0
1609 Dec 30, 2017 2.2 2.85 2.04 2.16 8108390000.0 85187400000.0
1610 Dec 31, 2017 2.1 2.39 1.87 2.3 4642080000.0 81162600000.0
1611 Jan 01, 2018 2.3 2.39 2.15 2.39 1894230000.0 88945900000.0
1612 Jan 02, 2018 2.37 2.49 2.25 2.48 3171010000.0 91791800000.0
1613 Jan 03, 2018 2.46 3.28 2.44 3.1 6635880000.0 95457200000.0
1614 Jan 04, 2018 3.12 3.84 3.12 3.2 8103660000.0 inf
1615 Jan 05, 2018 3.3 3.56 2.83 3.05 6288500000.0 inf
1616 Jan 06, 2018 3.02 3.24 2.99 3.09 2777560000.0 inf
1617 Jan 07, 2018 3.09 3.49 3.08 3.38 2395150000.0 inf
1618 Jan 08, 2018 3.36 3.36 2.06 2.46 3315260000.0 inf
1619 Jan 09, 2018 2.44 2.53 1.98 2.1 3694700000.0 94657500000.0
1620 Jan 10, 2018 2.13 2.16 1.7 1.97 4833640000.0 82511000000.0
1621 Jan 11, 2018 1.98 2.25 1.61 1.95 6296120000.0 76711800000.0
1622 Jan 12, 2018 1.94 2.16 1.87 2.04 3330810000.0 75172500000.0
1623 Jan 13, 2018 2.05 2.12 1.98 2.02 2130170000.0 79469700000.0
1624 Jan 14, 2018 2.02 2.02 1.81 1.86 1978200000.0 78195800000.0
1625 Jan 15, 2018 1.86 1.9 1.67 1.68 1838460000.0 71909400000.0
1626 Jan 16, 2018 1.68 1.7 0.91 1.18 5687960000.0 65018400000.0
1627 Jan 17, 2018 1.18 1.38 0.9 1.31 7251210000.0 45854700000.0
1628 Jan 18, 2018 1.3 1.73 1.26 1.6 9110440000.0 50577100000.0
1629 Jan 19, 2018 1.58 1.7 1.5 1.55 3697430000.0 61291900000.0
1630 Jan 20, 2018 1.56 1.63 1.5 1.58 2346450000.0 60543000000.0
1631 Jan 21, 2018 1.58 1.58 1.34 1.38 2840750000.0 61061900000.0
1632 Jan 22, 2018 1.39 1.43 1.16 1.36 2642510000.0 53909800000.0
1633 Jan 23, 2018 1.35 1.43 1.2 1.34 2977080000.0 52421300000.0
1634 Jan 24, 2018 1.35 1.42 1.31 1.36 1853440000.0 52380100000.0
1635 Jan 25, 2018 1.36 1.38 1.29 1.31 986068000.0 52811100000.0
1636 Jan 26, 2018 1.31 1.33 1.14 1.22 2037570000.0 50706400000.0
1637 Jan 27, 2018 1.22 1.24 1.19 1.22 689101000.0 47180200000.0
1638 Jan 28, 2018 1.22 1.44 1.22 1.4 1327360000.0 47412500000.0
1639 Jan 29, 2018 1.4 1.41 1.3 1.32 1073680000.0 54204300000.0
1640 Jan 30, 2018 1.33 1.33 1.13 1.14 1134640000.0 51452400000.0
1641 Jan 31, 2018 1.13 1.19 1.04 1.16 1264030000.0 43800800000.0
1642 Feb 01, 2018 1.16 1.16 0.93 0.96 1410420000.0 44971500000.0
1643 Feb 02, 2018 0.96 0.96 0.64 0.88 3529760000.0 37473900000.0
1644 Feb 03, 2018 0.89 0.97 0.76 0.92 1988960000.0 34795900000.0
1645 Feb 04, 2018 0.91 0.95 0.8 0.81 1190960000.0 35631700000.0
1646 Feb 05, 2018 0.82 0.83 0.68 0.69 1286180000.0 32219400000.0
1647 Feb 06, 2018 0.7 0.79 0.59 0.78 2361140000.0 27506200000.0
1648 Feb 07, 2018 0.77 0.81 0.71 0.72 1133370000.0 30215600000.0
1649 Feb 08, 2018 0.73 0.81 0.72 0.81 947315000.0 28447500000.0
1650 Feb 09, 2018 0.8 0.95 0.77 0.95 1690340000.0 31095800000.0
1651 Feb 10, 2018 0.95 1.3 0.95 1.07 4682010000.0 36951500000.0
1652 Feb 11, 2018 1.07 1.07 0.93 1.0 2555310000.0 41635500000.0
1653 Feb 12, 2018 1.01 1.11 1.01 1.08 1756290000.0 39262700000.0
1654 Feb 13, 2018 1.08 1.08 1.01 1.03 921100000.0 42119800000.0
1655 Feb 14, 2018 1.03 1.17 1.02 1.14 1457600000.0 40026500000.0
1656 Feb 15, 2018 1.14 1.16 1.11 1.15 1188530000.0 44433600000.0
1657 Feb 16, 2018 1.14 1.15 1.11 1.14 568339000.0 44663300000.0
1658 Feb 17, 2018 1.14 1.22 1.13 1.2 1186730000.0 44370200000.0
1659 >Feb 18, 201 1.2 1.21 1.09 1.12 1113650000.0 46997500000.0
1660 Feb 19, 2018 1.12 1.17 1.12 1.14 556304000.0 43813300000.0
1661 Feb 20, 2018 1.14 1.17 1.08 1.09 806673000.0 44648100000.0
1662 Feb 21, 2018 1.08 1.09 1.0 1.01 871526000.0 42207600000.0
1663 Feb 22, 2018 1.01 1.05 0.92 0.94 889707000.0 39487400000.0
1664 Feb 23, 2018 0.93 1.03 0.9 1.0 896404000.0 36441500000.0
1665 Feb 24, 2018 1.0 1.01 0.93 0.95 489920000.0 39003300000.0
1666 Feb 25, 2018 0.95 0.97 0.92 0.94 360271000.0 37217300000.0
1667 Feb 26, 2018 0.94 0.97 0.91 0.96 458613000.0 36893900000.0
1668 Feb 27, 2018 0.96 0.97 0.94 0.95 312713000.0 37503700000.0
1669 Feb 28, 2018 0.94 0.95 0.9 0.9 329530000.0 36932700000.0
1670 Mar 01, 2018 0.9 0.95 0.89 0.93 475257000.0 35346800000.0
1671 Mar 02, 2018 0.93 0.93 0.9 0.91 271036000.0 36226700000.0
1672 Mar 03, 2018 0.91 0.93 0.9 0.91 280853000.0 35526200000.0
1673 Mar 04, 2018 0.91 1.03 0.9 1.0 797226000.0 35417600000.0
1674 Mar 05, 2018 1.01 1.08 0.96 0.96 1706820000.0 39650700000.0
1675 Mar 06, 2018 0.95 0.99 0.92 0.92 875180000.0 37311200000.0
1676 Mar 07, 2018 0.92 0.93 0.82 0.87 809598000.0 36135700000.0
1677 Mar 08, 2018 0.87 0.89 0.82 0.82 499496000.0 34108000000.0
1678 Mar 09, 2018 0.83 0.86 0.75 0.85 989203000.0 32294700000.0
1679 Mar 10, 2018 0.85 0.86 0.79 0.8 402670000.0 33418600000.0
1680 Mar 11, 2018 0.8 0.84 0.78 0.83 472972000.0 31108000000.0
1681 Mar 12, 2018 0.83 0.84 0.79 0.8 355031000.0 32529500000.0
1682 Mar 13, 2018 0.8 0.81 0.78 0.79 279679000.0 31213000000.0
1683 Mar 14, 2018 0.79 0.8 0.68 0.7 479149000.0 30865600000.0
1684 Mar 15, 2018 0.7 0.73 0.64 0.7 888345000.0 27478100000.0
1685 Mar 16, 2018 0.7 0.71 0.67 0.69 502740000.0 27327600000.0
1686 Mar 17, 2018 0.69 0.69 0.63 0.64 319824000.0 26885100000.0
1687 Mar 18, 2018 0.63 0.68 0.55 0.66 923606000.0 24802400000.0
1688 Mar 19, 2018 0.67 0.75 0.64 0.75 1096930000.0 26274600000.0
1689 Mar 20, 2018 0.74 0.74 0.67 0.71 814276000.0 28802900000.0
1690 Mar 21, 2018 0.71 0.72 0.68 0.69 527324000.0 27876200000.0
1691 Mar 22, 2018 0.69 0.7 0.64 0.66 449042000.0 27097900000.0
1692 Mar 23, 2018 0.66 0.66 0.63 0.64 387164000.0 25923800000.0
1693 Mar 24, 2018 0.65 0.68 0.64 0.64 390740000.0 25263200000.0
1694 Mar 25, 2018 0.64 0.66 0.63 0.64 229352000.0 24966800000.0
1695 Mar 26, 2018 0.64 0.64 0.58 0.6 384505000.0 25125200000.0
1696 Mar 27, 2018 0.6 0.6 0.56 0.58 351381000.0 23418400000.0
