0 Nov 24, 2017 61.7 74.43 61.7 69.3 23322800.0 0.0
1 Nov 25, 2017 69.34 104.8 68.77 94.22 45941900.0 0.0
2 >Nov 26, 201 94.2 94.25 65.9 66.12 20896400.0 0.0
3 Nov 27, 2017 66.29 70.59 63.81 65.89 22995100.0 0.0
4 Nov 28, 2017 65.66 65.7 50.29 54.47 22958800.0 0.0
5 Nov 29, 2017 54.27 57.18 43.43 45.14 15311200.0 0.0
6 Nov 30, 2017 45.87 54.29 42.91 47.93 10105800.0 0.0
7 Dec 01, 2017 47.23 52.23 45.57 51.8 8257780.0 0.0
8 Dec 02, 2017 51.7 51.96 45.06 47.23 6309450.0 0.0
9 Dec 03, 2017 47.11 51.14 44.78 47.36 6135070.0 0.0
10 Dec 04, 2017 47.49 48.2 43.3 46.76 6704090.0 0.0
11 Dec 05, 2017 46.83 47.87 42.77 42.98 6604280.0 0.0
12 Dec 06, 2017 42.85 43.41 32.76 38.15 11912000.0 0.0
13 Dec 07, 2017 37.77 37.77 34.35 35.97 7586480.0 0.0
14 Dec 08, 2017 36.28 38.25 32.15 35.55 8632940.0 0.0
15 Dec 09, 2017 35.22 35.76 31.46 33.56 6132550.0 0.0
16 Dec 10, 2017 33.6 48.55 29.92 39.74 14494700.0 0.0
17 Dec 11, 2017 39.8 43.54 36.57 37.84 8156630.0 0.0
18 Dec 12, 2017 38.04 38.04 32.2 33.44 8794210.0 0.0
19 Dec 13, 2017 33.41 34.27 30.55 31.87 7563820.0 0.0
20 Dec 14, 2017 31.62 37.69 31.54 37.69 11436000.0 0.0
21 Dec 15, 2017 37.72 48.39 35.89 44.53 18905000.0 0.0
22 Dec 16, 2017 43.84 46.95 41.23 43.38 12230100.0 0.0
23 Dec 17, 2017 43.12 46.32 43.12 45.18 7733990.0 0.0
24 Dec 18, 2017 45.34 46.88 43.12 44.74 9332280.0 0.0
25 Dec 19, 2017 44.73 47.05 43.41 46.45 9968920.0 0.0
26 Dec 20, 2017 46.36 70.4 46.06 67.87 28903400.0 0.0
27 Dec 21, 2017 68.18 69.18 48.29 48.75 15000200.0 0.0
28 Dec 22, 2017 48.92 58.25 35.17 43.42 10007700.0 0.0
29 Dec 23, 2017 42.73 45.79 39.06 39.06 8449980.0 0.0
30 Dec 24, 2017 39.72 40.55 34.25 40.4 4319190.0 0.0
31 Dec 25, 2017 40.64 52.88 40.0 51.43 7201650.0 0.0
32 Dec 26, 2017 51.25 76.44 43.94 64.66 21672200.0 0.0
33 Dec 27, 2017 64.89 67.07 39.96 40.14 14988700.0 0.0
34 Dec 28, 2017 44.48 44.48 29.77 31.33 10183000.0 0.0
35 Dec 29, 2017 31.46 40.12 31.32 34.79 9884250.0 0.0
36 Dec 30, 2017 34.67 34.72 26.61 31.13 7365910.0 0.0
37 Dec 31, 2017 31.01 31.37 26.61 30.76 7705000.0 0.0
38 Jan 01, 2018 30.76 30.76 27.01 27.01 8525740.0 0.0
39 Jan 02, 2018 26.9 28.15 25.53 26.66 12581100.0 0.0
40 Jan 03, 2018 26.59 27.41 23.61 23.84 406035000.0 0.0
41 Jan 04, 2018 23.82 26.82 22.43 24.65 779524000.0 0.0
42 Jan 05, 2018 24.91 26.15 21.84 24.65 12946300.0 0.0
43 Jan 06, 2018 24.78 27.96 23.03 27.96 12356900.0 0.0
44 Jan 07, 2018 28.16 32.67 27.04 27.04 16371800.0 0.0
45 Jan 08, 2018 26.79 30.65 24.8 27.47 15915800.0 0.0
46 Jan 09, 2018 27.31 27.76 22.84 23.5 12572900.0 0.0
47 Jan 10, 2018 23.61 23.61 16.9 17.33 12070100.0 0.0
48 Jan 11, 2018 17.44 18.22 14.81 16.82 10379800.0 0.0
49 Jan 12, 2018 16.95 18.73 16.61 17.54 9571350.0 0.0
50 Jan 13, 2018 17.51 45.35 16.85 33.81 187763000.0 0.0
51 Jan 14, 2018 34.81 34.81 20.68 22.36 115215000.0 0.0
52 Jan 15, 2018 22.4 24.04 18.61 18.79 47328300.0 0.0
53 Jan 16, 2018 19.01 19.06 14.8 15.71 17988700.0 0.0
54 Jan 17, 2018 15.6 21.24 13.68 18.6 25496600.0 0.0
55 Jan 18, 2018 18.64 20.27 17.68 18.82 17634400.0 0.0
56 Jan 19, 2018 18.61 20.36 17.23 19.82 11388000.0 0.0
57 Jan 20, 2018 19.97 21.21 18.09 19.15 22081000.0 0.0
58 Jan 21, 2018 19.17 21.43 17.68 19.4 11892600.0 0.0
59 Jan 22, 2018 19.56 33.65 17.0 17.75 12720600.0 0.0
60 Jan 23, 2018 17.75 17.84 15.07 16.32 12981000.0 0.0
61 Jan 24, 2018 16.31 18.27 15.88 16.98 11908100.0 0.0
62 Jan 25, 2018 16.97 20.96 16.8 19.26 14102200.0 0.0
63 Jan 26, 2018 19.35 19.86 17.04 19.56 12752700.0 0.0
64 Jan 27, 2018 19.55 19.63 16.52 16.58 17714100.0 0.0
65 Jan 28, 2018 16.62 17.0 15.61 16.75 15189100.0 0.0
66 Jan 29, 2018 16.73 16.92 14.79 15.08 14674400.0 0.0
67 Jan 30, 2018 15.1 15.1 13.0 13.29 13609100.0 0.0
68 Jan 31, 2018 13.33 17.25 12.4 16.52 13972700.0 0.0
69 Feb 01, 2018 16.61 20.61 9.55 9.99 19251200.0 0.0
70 Feb 02, 2018 10.02 11.48 8.36 10.05 13542700.0 0.0
71 Feb 03, 2018 10.06 42.36 8.68 42.36 6221040.0 0.0
72 Feb 04, 2018 42.49 49.84 37.1 41.92 25569500.0 0.0
73 Feb 05, 2018 40.93 50.33 33.56 35.33 28568300.0 0.0
74 Feb 06, 2018 35.79 38.93 26.15 36.7 8266620.0 0.0
75 Feb 07, 2018 36.4 38.19 31.56 31.62 3880700.0 0.0
76 Feb 08, 2018 31.38 35.9 24.46 25.05 7703110.0 0.0
77 Feb 09, 2018 25.25 41.34 23.99 31.53 4006430.0 0.0
78 Feb 10, 2018 31.43 43.11 31.43 35.76 5189620.0 0.0
79 Feb 11, 2018 35.71 35.71 19.64 19.64 5443650.0 0.0
80 Feb 12, 2018 19.94 23.46 19.78 21.77 6176850.0 0.0
81 Feb 13, 2018 21.87 21.87 14.77 17.01 7291170.0 0.0
82 Feb 14, 2018 17.06 27.81 17.06 21.9 7119210.0 0.0
83 Feb 15, 2018 22.04 22.04 18.85 20.36 7722980.0 0.0
84 Feb 16, 2018 20.29 41.48 20.16 41.38 6343220.0 0.0
85 Feb 17, 2018 41.38 42.46 39.17 41.92 4185940.0 0.0
86 Feb 18, 2018 41.96 52.32 36.53 44.25 21889100.0 0.0
87 Feb 19, 2018 43.97 47.94 41.43 44.02 8062390.0 0.0
88 Feb 20, 2018 44.08 45.11 35.23 35.63 4843440.0 0.0
89 Feb 21, 2018 35.79 36.39 17.19 19.12 7555300.0 0.0
90 Feb 22, 2018 19.18 20.98 17.04 17.04 6214440.0 0.0
91 Feb 23, 2018 17.17 23.7 16.55 23.63 5286740.0 0.0
92 Feb 24, 2018 23.58 24.42 16.58 16.58 5406580.0 0.0
93 Feb 25, 2018 16.59 18.24 16.18 17.94 5484290.0 0.0
94 Feb 26, 2018 18.18 31.17 18.08 30.29 7125380.0 0.0
95 Feb 27, 2018 30.32 30.46 18.76 20.75 4595930.0 0.0
96 Feb 28, 2018 20.88 20.88 5.88 6.39 5089990.0 0.0
97 Mar 01, 2018 6.38 6.47 6.05 6.17 5355800.0 0.0
98 Mar 02, 2018 6.17 6.34 5.98 6.11 5708930.0 0.0
99 Mar 03, 2018 6.11 6.26 5.82 5.92 5544040.0 0.0
100 Mar 04, 2018 5.9 5.9 5.17 5.39 7896470.0 0.0
101 Mar 05, 2018 5.39 6.42 5.25 6.42 43129800.0 0.0
102 Mar 06, 2018 6.42 6.51 5.54 5.71 51648900.0 0.0
103 Mar 07, 2018 5.69 5.82 4.54 4.67 11110500.0 0.0
104 Mar 08, 2018 4.67 4.79 4.09 4.24 10135900.0 0.0
105 Mar 09, 2018 4.24 4.29 3.63 3.89 10381700.0 0.0
106 Mar 10, 2018 3.96 4.24 3.75 3.81 3850480.0 0.0
107 Mar 11, 2018 3.79 4.04 3.63 3.94 2905510.0 0.0
108 Mar 12, 2018 3.94 4.05 3.68 3.88 3236790.0 0.0
109 Mar 13, 2018 3.87 4.07 3.79 3.98 2079760.0 0.0
110 Mar 14, 2018 3.98 4.06 3.25 3.26 2109530.0 0.0
111 Mar 15, 2018 3.28 3.32 2.91 2.98 15876800.0 0.0
112 Mar 16, 2018 2.99 3.18 2.82 2.99 4550200.0 0.0
113 Mar 17, 2018 2.93 3.24 2.89 3.0 4567900.0 0.0
114 Mar 18, 2018 3.01 3.01 1.97 2.32 6620660.0 0.0
115 Mar 19, 2018 2.31 2.65 2.31 2.55 3167180.0 0.0
116 Mar 20, 2018 2.59 2.97 2.49 2.71 3055200.0 0.0
117 Mar 21, 2018 2.71 3.44 2.66 3.09 10464000.0 0.0
118 Mar 22, 2018 3.13 3.18 2.65 2.97 4731350.0 0.0
119 Mar 23, 2018 2.98 3.0 2.68 2.86 2853170.0 0.0
120 Mar 24, 2018 2.9 3.01 2.8 2.82 3594230.0 0.0
121 Mar 25, 2018 2.8 2.83 2.58 2.71 2694490.0 0.0
122 Mar 26, 2018 2.7 2.83 2.44 2.68 9595740.0 412511000.0
123 Mar 27, 2018 2.66 2.77 2.52 2.55 2798750.0 406420000.0
