0 Feb 25, 2015 1.21 1.22 1.21 1.21 5.98 304476.0
1 Feb 26, 2015 1.21 1.21 1.19 1.21 5.96 304542.0
2 Mar 02, 2015 0.57 0.61 0.57 0.61 3.03 143726.0
3 >Mar 03, 201 0.6 0.61 0.6 0.61 3.03 152250.0
4 Mar 06, 2015 1.0 1.0 1.0 1.0 92.65 251600.0
5 Mar 07, 2015 1.0 1.0 1.0 1.0 58196.8 251600.0
6 Mar 08, 2015 1.0 1.0 1.0 1.0 31.14 251600.0
7 Mar 09, 2015 1.0 1.0 1.0 1.0 143.0 251600.0
8 Mar 10, 2015 1.0 1.0 1.0 1.0 49996.7 251600.0
9 Mar 11, 2015 1.0 1.0 1.0 1.0 49.31 251600.0
10 Mar 12, 2015 1.0 1.0 1.0 1.0 80418.3 251600.0
11 Mar 13, 2015 1.0 1.0 1.0 1.0 75.28 251600.0
12 Mar 14, 2015 1.0 1.0 1.0 1.0 17705.1 251600.0
13 Mar 15, 2015 1.0 1.0 1.0 1.0 15124.5 251600.0
14 Mar 16, 2015 1.0 1.0 1.0 1.0 49631.5 251600.0
15 Mar 17, 2015 1.0 1.0 1.0 1.0 4284.02 251600.0
16 Mar 18, 2015 1.0 1.0 1.0 1.0 202.34 251600.0
17 Mar 19, 2015 1.0 1.0 1.0 1.0 713.95 251600.0
18 Mar 20, 2015 1.0 1.0 1.0 1.0 132.73 251600.0
19 Mar 21, 2015 1.0 1.0 1.0 1.0 206.27 251600.0
20 Mar 22, 2015 1.0 1.0 1.0 1.0 66.68 251600.0
21 Mar 23, 2015 1.0 1.0 1.0 1.0 65.84 251600.0
22 Mar 24, 2015 1.0 1.0 1.0 1.0 1179.44 251600.0
23 Mar 25, 2015 1.0 1.0 1.0 1.0 92.35 251600.0
24 Mar 26, 2015 1.0 1.0 1.0 1.0 2.31 251600.0
25 Mar 27, 2015 1.0 1.0 1.0 1.0 4.79 251600.0
26 Mar 28, 2015 1.0 1.0 1.0 1.0 17.04 251600.0
27 Mar 29, 2015 1.0 1.0 1.0 1.0 20.64 251600.0
28 Mar 30, 2015 1.0 1.0 1.0 1.0 494.7 251600.0
29 Mar 31, 2015 1.0 1.0 1.0 1.0 37.05 251600.0
30 Apr 01, 2015 1.0 1.0 1.0 1.0 14.49 251600.0
31 Apr 02, 2015 1.0 1.0 1.0 1.0 79969.9 251600.0
32 Apr 03, 2015 1.0 1.0 1.0 1.0 8887.17 251600.0
33 Apr 04, 2015 1.0 1.0 1.0 1.0 2018.25 251600.0
34 >Apr 05, 201 1.0 1.0 1.0 1.0 2887.05 251600.0
35 Apr 06, 2015 1.0 1.0 1.0 1.0 254.3 251600.0
36 Apr 07, 2015 1.0 1.0 1.0 1.0 19179.0 251600.0
37 Apr 08, 2015 1.0 1.0 1.0 1.0 1024.2 251600.0
38 Apr 09, 2015 1.0 1.0 1.0 1.0 100949.0 251600.0
39 Apr 10, 2015 1.0 1.0 1.0 1.0 470.23 251600.0
40 Apr 11, 2015 1.0 1.0 1.0 1.0 2868.8 251600.0
41 Apr 12, 2015 1.0 1.0 1.0 1.0 1970.79 251600.0
42 Apr 13, 2015 1.0 1.0 1.0 1.0 46026.0 251600.0
43 Apr 14, 2015 1.0 1.0 1.0 1.0 50323.8 251600.0
44 Apr 15, 2015 1.0 1.0 1.0 1.0 40700.2 251600.0
45 Apr 16, 2015 1.0 1.0 1.0 1.0 46909.2 251600.0
46 Apr 17, 2015 1.0 1.0 1.0 1.0 50.48 251600.0
47 Apr 18, 2015 1.0 1.0 1.0 1.0 48.97 251600.0
48 Apr 19, 2015 1.0 1.0 1.0 1.0 21.93 251600.0
49 Apr 20, 2015 1.0 1.0 1.0 1.0 38.26 251600.0
50 Apr 21, 2015 1.0 1.0 1.0 1.0 85932.7 251600.0
51 Apr 22, 2015 1.0 1.0 1.0 1.0 40305.6 251600.0
52 Apr 23, 2015 1.0 1.0 1.0 1.0 21632.0 251600.0
53 Apr 24, 2015 1.0 1.0 1.0 1.0 20261.8 251600.0
54 Apr 25, 2015 1.0 1.0 1.0 1.0 26.46 251600.0
55 Apr 26, 2015 1.0 1.0 1.0 1.0 555.44 251600.0
56 Apr 27, 2015 1.0 1.0 1.0 1.0 17806.2 251600.0
57 Apr 28, 2015 1.0 1.0 1.0 1.0 42628.1 251600.0
58 Apr 29, 2015 1.0 1.0 1.0 1.0 12.19 251600.0
59 Apr 30, 2015 1.0 1.0 1.0 1.0 613.07 251600.0
60 May 01, 2015 1.0 1.0 1.0 1.0 48.38 251600.0
61 May 02, 2015 1.0 1.0 1.0 1.0 3.99 251600.0
62 May 03, 2015 1.0 1.0 1.0 1.0 1517.87 251600.0
63 May 04, 2015 1.0 1.0 1.0 1.0 83170.8 251600.0
64 May 05, 2015 1.0 1.0 1.0 1.0 21.43 251600.0
65 >May 06, 201 1.0 1.0 1.0 1.0 10.19 251600.0
66 May 07, 2015 1.0 1.0 1.0 1.0 120.48 251600.0
67 May 08, 2015 1.0 1.0 1.0 1.0 545.5 251600.0
68 May 09, 2015 1.0 1.0 1.0 1.0 170.77 251600.0
69 May 10, 2015 1.0 1.0 1.0 1.0 2466.13 251600.0
70 May 11, 2015 1.0 1.0 1.0 1.0 583.83 251600.0
71 May 12, 2015 1.0 1.0 1.0 1.0 5.22 251600.0
72 May 13, 2015 1.0 1.0 1.0 1.0 0.11 251600.0
73 May 14, 2015 1.0 1.0 1.0 1.0 2184.61 251600.0
74 May 15, 2015 1.0 1.0 1.0 1.0 92.12 251600.0
75 May 16, 2015 1.0 1.0 1.0 1.0 297.45 251600.0
76 May 17, 2015 1.0 1.0 1.0 1.0 682.92 251600.0
77 May 18, 2015 1.0 1.0 1.0 1.0 31.39 251600.0
78 May 19, 2015 1.0 1.0 1.0 1.0 25358.7 451600.0
79 May 20, 2015 1.0 1.0 1.0 1.0 21978.9 451600.0
80 May 21, 2015 1.0 1.0 1.0 1.0 53849.1 451600.0
81 May 22, 2015 1.0 1.0 1.0 1.0 20209.3 451600.0
82 May 23, 2015 1.0 1.0 1.0 1.0 30.02 451600.0
83 May 24, 2015 1.0 1.0 1.0 1.0 5381.64 451600.0
84 May 25, 2015 1.0 1.0 1.0 1.0 2845.86 451600.0
85 May 26, 2015 1.0 1.0 1.0 1.0 1243.75 451600.0
86 May 27, 2015 1.0 1.0 1.0 1.0 28001.7 451600.0
87 May 28, 2015 1.0 1.0 1.0 1.0 70611.5 451600.0
88 May 29, 2015 1.0 1.0 1.0 1.0 16640.4 451600.0
89 May 30, 2015 1.0 1.0 1.0 1.0 12447.9 451600.0
90 May 31, 2015 1.0 1.0 1.0 1.0 2522.38 451600.0
91 Jun 01, 2015 1.0 1.0 1.0 1.0 40887.4 451600.0
92 Jun 02, 2015 1.0 1.0 1.0 1.0 75455.7 451600.0
93 Jun 03, 2015 1.0 1.0 1.0 1.0 24994.2 451600.0
94 Jun 04, 2015 1.0 1.0 1.0 1.0 151.84 451600.0
95 Jun 05, 2015 1.0 1.0 1.0 1.0 21.51 451600.0
96 Jun 06, 2015 1.0 1.0 1.0 1.0 30.22 451600.0
97 Jun 07, 2015 1.0 1.0 1.0 1.0 1547.45 451600.0
98 Jun 08, 2015 1.0 1.0 1.0 1.0 126.16 451600.0
99 Jun 09, 2015 1.0 1.0 1.0 1.0 323.21 451600.0
100 Jun 10, 2015 1.0 1.0 1.0 1.0 45550.9 451600.0
101 Jun 11, 2015 1.0 1.0 1.0 1.0 50162.4 451600.0
102 Jun 12, 2015 1.0 1.0 1.0 1.0 41981.0 451600.0
103 Jun 13, 2015 1.0 1.0 1.0 1.0 1635.93 451600.0
104 Jun 14, 2015 1.0 1.0 1.0 1.0 1348.71 451600.0
105 Jun 15, 2015 1.0 1.0 1.0 1.0 262077.0 451600.0
106 Jun 16, 2015 1.0 1.0 1.0 1.0 204282.0 451600.0
107 Jun 17, 2015 1.0 1.0 1.0 1.0 7822.33 451600.0
108 Jun 18, 2015 1.0 1.0 1.0 1.0 33803.6 451600.0
109 Jun 19, 2015 1.0 1.0 1.0 1.0 10983.2 451600.0
110 Jun 20, 2015 1.0 1.0 1.0 1.0 2423.98 451600.0
111 Jun 21, 2015 1.0 1.0 1.0 1.0 370.88 451600.0
112 Jun 22, 2015 1.0 1.0 1.0 1.0 403.56 451600.0
113 Jun 23, 2015 1.0 1.0 1.0 1.0 19972.7 451600.0
114 Jun 24, 2015 1.0 1.0 1.0 1.0 633456.0 451600.0
115 Jun 25, 2015 1.0 1.0 1.0 1.0 63844.8 451600.0
116 Jun 26, 2015 1.0 1.0 1.0 1.0 3128.97 451600.0
117 Jun 27, 2015 1.0 1.0 1.0 1.0 668536.0 451600.0
118 Jun 28, 2015 1.0 1.0 1.0 1.0 409.44 451600.0
119 Jun 29, 2015 1.0 1.0 1.0 1.0 3121.38 451600.0
120 Jun 30, 2015 1.0 1.0 1.0 1.0 472575.0 451600.0
121 Jul 01, 2015 1.0 1.0 1.0 1.0 110325.0 451600.0
122 Jul 02, 2015 1.0 1.0 1.0 1.0 1436.39 451600.0
123 Jul 03, 2015 1.0 1.0 1.0 1.0 14061.3 451600.0
124 Jul 04, 2015 1.0 1.0 1.0 1.0 100.02 451600.0
125 Jul 05, 2015 1.0 1.0 1.0 1.0 8107.28 451600.0
126 Jul 06, 2015 1.0 1.0 1.0 1.0 652389.0 451600.0
127 Jul 07, 2015 1.0 1.0 1.0 1.0 34946.1 451600.0
128 Jul 08, 2015 1.0 1.0 1.0 1.0 1632.58 451600.0
129 Jul 09, 2015 1.0 1.0 1.0 1.0 516.18 451600.0
130 Jul 10, 2015 1.0 1.0 1.0 1.0 1065.39 451600.0
131 Jul 11, 2015 1.0 1.0 1.0 1.0 1621.98 451600.0
132 Jul 12, 2015 1.0 1.0 1.0 1.0 3187.45 451600.0
133 Jul 13, 2015 1.0 1.0 1.0 1.0 242557.0 451600.0
134 Jul 14, 2015 1.0 1.0 1.0 1.0 31441.7 451600.0
135 Jul 15, 2015 1.0 1.0 1.0 1.0 1131.72 451600.0
136 Jul 16, 2015 1.0 1.0 1.0 1.0 33531.9 451600.0
137 Jul 17, 2015 1.0 1.0 1.0 1.0 665897.0 451600.0
138 Jul 18, 2015 1.0 1.0 1.0 1.0 50531.8 451600.0
139 Jul 19, 2015 1.0 1.0 1.0 1.0 2708.94 451600.0
140 Jul 20, 2015 1.0 1.0 1.0 1.0 658.78 451600.0
141 Jul 21, 2015 1.0 1.0 1.0 1.0 5796.42 451600.0
142 Jul 22, 2015 1.0 1.0 1.0 1.0 506.55 451600.0
143 Jul 23, 2015 1.0 1.0 1.0 1.0 4233.58 451600.0
144 Jul 24, 2015 1.0 1.0 1.0 1.0 32139.8 451600.0
145 Jul 25, 2015 1.0 1.0 1.0 1.0 521.34 451600.0
146 Jul 26, 2015 1.0 1.0 1.0 1.0 25.0 451600.0
147 Jul 27, 2015 1.0 1.0 1.0 1.0 2250.85 451600.0
148 Jul 28, 2015 1.0 1.0 1.0 1.0 50302.7 451600.0
149 Jul 29, 2015 1.0 1.0 1.0 1.0 404935.0 451600.0
150 Jul 30, 2015 1.0 1.0 1.0 1.0 28284.7 451600.0
151 Jul 31, 2015 1.0 1.0 1.0 1.0 110.28 451600.0
152 Aug 01, 2015 1.0 1.0 1.0 1.0 1765.74 451600.0
153 Aug 02, 2015 1.0 1.0 1.0 1.0 4443.42 451600.0
154 Aug 03, 2015 1.0 1.0 1.0 1.0 258279.0 451600.0
155 Aug 04, 2015 1.0 1.0 1.0 1.0 4182.05 451600.0
156 Aug 05, 2015 1.0 1.0 1.0 1.0 11013.3 451600.0
157 Aug 06, 2015 1.0 1.0 1.0 1.0 15978.7 451600.0
158 Aug 07, 2015 1.0 1.0 1.0 1.0 189055.0 451600.0
159 Aug 08, 2015 1.0 1.0 1.0 1.0 2229.17 451600.0
160 Aug 09, 2015 1.0 1.0 1.0 1.0 656.9 451600.0
161 Aug 10, 2015 1.0 1.0 1.0 1.0 152265.0 451600.0
162 Aug 11, 2015 1.0 1.0 1.0 1.0 526.41 451600.0
163 Aug 12, 2015 1.0 1.0 1.0 1.0 1602.34 451600.0
164 >Aug 13, 201 1.0 1.0 1.0 1.0 1521.35 451600.0
165 Aug 14, 2015 1.0 1.0 1.0 1.0 2346.28 451600.0
166 Aug 15, 2015 1.0 1.0 1.0 1.0 4232.47 451600.0
167 Aug 16, 2015 1.0 1.0 1.0 1.0 1643.82 451600.0
168 Aug 17, 2015 1.0 1.0 1.0 1.0 20941.6 451600.0
169 Aug 18, 2015 1.0 1.0 1.0 1.0 65245.5 451600.0
170 Aug 19, 2015 1.0 1.0 1.0 1.0 157207.0 451600.0
171 Aug 20, 2015 1.0 1.0 1.0 1.0 2840.85 451600.0
172 Aug 21, 2015 1.0 1.0 1.0 1.0 5956.62 451600.0
173 Aug 22, 2015 1.0 1.0 1.0 1.0 1296.33 451600.0
174 Aug 23, 2015 1.0 1.0 1.0 1.0 2274.5 451600.0
175 Aug 24, 2015 1.0 1.0 1.0 1.0 73636.8 451600.0
176 Aug 25, 2015 1.0 1.0 1.0 1.0 433444.0 451600.0
177 Aug 26, 2015 1.0 1.0 1.0 1.0 1643.05 451600.0
178 Aug 27, 2015 1.0 1.0 1.0 1.0 2445.86 451600.0
179 Aug 28, 2015 1.0 1.0 1.0 1.0 6212.61 451600.0
180 Aug 29, 2015 1.0 1.0 1.0 1.0 1207.48 451600.0
181 Aug 30, 2015 1.0 1.0 1.0 1.0 3319.17 451600.0
182 Aug 31, 2015 1.0 1.0 1.0 1.0 7021.69 451600.0
183 Sep 01, 2015 1.0 1.0 1.0 1.0 6135.62 451600.0
184 Sep 02, 2015 1.0 1.0 1.0 1.0 1710.04 451600.0
185 Sep 03, 2015 1.0 1.0 1.0 1.0 889.63 451600.0
186 Sep 04, 2015 1.0 1.0 1.0 1.0 672.13 451600.0
187 Sep 05, 2015 1.0 1.0 1.0 1.0 13466.8 451600.0
188 Sep 06, 2015 1.0 1.0 1.0 1.0 17950.5 451600.0
189 Sep 07, 2015 1.0 1.0 1.0 1.0 22316.0 451600.0
190 Sep 08, 2015 1.0 1.0 1.0 1.0 2962.65 451600.0
191 Sep 09, 2015 1.0 1.0 1.0 1.0 106307.0 451600.0
192 Sep 10, 2015 1.0 1.0 1.0 1.0 9264.55 451600.0
193 Sep 11, 2015 1.0 1.0 1.0 1.0 29212.8 451600.0
194 Sep 12, 2015 1.0 1.0 1.0 1.0 4331.17 451600.0
195 Sep 13, 2015 1.0 1.0 1.0 1.0 695.7 451600.0
196 Sep 14, 2015 1.0 1.0 1.0 1.0 227.95 451600.0
197 Sep 15, 2015 1.0 1.0 1.0 1.0 71981.8 451600.0
198 Sep 16, 2015 1.0 1.0 1.0 1.0 52821.1 451600.0
199 Sep 17, 2015 1.0 1.0 1.0 1.0 28268.0 451600.0
200 Sep 18, 2015 1.0 1.0 1.0 1.0 15623.5 451600.0
201 Sep 19, 2015 1.0 1.0 1.0 1.0 820.97 451600.0
202 Sep 20, 2015 1.0 1.0 1.0 1.0 112.48 451600.0
203 Sep 21, 2015 1.0 1.0 1.0 1.0 9470.17 451600.0
204 Sep 22, 2015 1.0 1.0 1.0 1.0 19998.3 451600.0
205 Sep 23, 2015 1.0 1.0 1.0 1.0 5751.47 451600.0
206 Sep 24, 2015 1.0 1.0 1.0 1.0 103489.0 451600.0
207 Sep 25, 2015 1.0 1.0 1.0 1.0 608.16 451600.0
208 Sep 26, 2015 1.0 1.0 1.0 1.0 528.23 451600.0
209 Sep 27, 2015 1.0 1.0 1.0 1.0 1997.58 451600.0
210 Sep 28, 2015 1.0 1.0 1.0 1.0 394927.0 451600.0
211 Sep 29, 2015 1.0 1.0 1.0 1.0 419071.0 451600.0
212 Sep 30, 2015 1.0 1.0 1.0 1.0 142982.0 451600.0
213 Oct 01, 2015 1.0 1.0 1.0 1.0 178994.0 451600.0
214 Oct 02, 2015 1.0 1.0 1.0 1.0 14618.8 451600.0
215 Oct 03, 2015 1.0 1.0 1.0 1.0 368077.0 451600.0
216 Oct 04, 2015 1.0 1.0 1.0 1.0 3458.96 451600.0
217 Oct 05, 2015 1.0 1.0 1.0 1.0 17653.6 451600.0
218 Oct 06, 2015 1.0 1.0 1.0 1.0 55914.0 451600.0
219 Oct 07, 2015 1.0 1.0 1.0 1.0 8055.11 451600.0
220 Oct 08, 2015 1.0 1.0 1.0 1.0 5197.36 451600.0
221 Oct 09, 2015 1.0 1.0 1.0 1.0 1830.04 451600.0
222 Oct 10, 2015 1.0 1.0 1.0 1.0 116.65 451600.0
223 Oct 11, 2015 1.0 1.0 1.0 1.0 47945.8 451600.0
224 Oct 12, 2015 1.0 1.0 1.0 1.0 25978.2 451600.0
225 Oct 13, 2015 1.0 1.0 1.0 1.0 122426.0 451600.0
226 Oct 14, 2015 1.0 1.0 1.0 1.0 10377.5 451600.0
227 Oct 15, 2015 1.0 1.0 1.0 1.0 98815.4 451600.0
228 Oct 16, 2015 1.0 1.0 1.0 1.0 37796.2 451600.0
229 Oct 17, 2015 1.0 1.0 1.0 1.0 3696.64 451600.0
230 Oct 18, 2015 1.0 1.0 1.0 1.0 3108.15 451600.0
231 Oct 19, 2015 1.0 1.0 1.0 1.0 6588.85 451600.0
232 >Oct 20, 201 1.0 1.0 1.0 1.0 30334.8 451600.0
233 Oct 21, 2015 1.0 1.0 1.0 1.0 42472.4 451600.0
234 Oct 22, 2015 1.0 1.0 1.0 1.0 76060.7 451600.0
235 Oct 23, 2015 1.0 1.0 1.0 1.0 115132.0 451600.0
236 Oct 24, 2015 1.0 1.0 1.0 1.0 73679.3 451600.0
237 Oct 25, 2015 1.0 1.0 1.0 1.0 191596.0 451600.0
238 Oct 26, 2015 1.0 1.0 1.0 1.0 40692.4 451600.0
239 Oct 27, 2015 1.0 1.0 1.0 1.0 51399.6 451600.0
240 Oct 28, 2015 1.0 1.0 1.0 1.0 64487.8 451600.0
241 Oct 29, 2015 1.0 1.0 1.0 1.0 227491.0 451600.0
242 Oct 30, 2015 1.0 1.0 1.0 1.0 26909.1 451600.0
243 Oct 31, 2015 1.0 1.0 1.0 1.0 26367.3 451600.0
244 Nov 01, 2015 1.0 1.0 1.0 1.0 4505.6 451600.0
245 Nov 02, 2015 1.0 1.0 1.0 1.0 15844.5 451600.0
246 Nov 03, 2015 1.0 1.0 1.0 1.0 90103.0 451600.0
247 Nov 04, 2015 1.0 1.0 1.0 1.0 181021.0 451600.0
248 Nov 05, 2015 1.0 1.0 1.0 1.0 226537.0 451600.0
249 Nov 06, 2015 1.0 1.0 1.0 1.0 372540.0 451600.0
250 Nov 07, 2015 1.0 1.0 1.0 1.0 999501.0 451600.0
251 Nov 08, 2015 1.0 1.0 1.0 1.0 143097.0 451600.0
252 Nov 09, 2015 1.0 1.0 1.0 1.0 18567.8 451600.0
253 Nov 10, 2015 1.0 1.0 1.0 1.0 14721.6 451600.0
254 Nov 11, 2015 1.0 1.0 1.0 1.0 34324.0 451600.0
255 Nov 12, 2015 1.0 1.0 1.0 1.0 34993.6 451600.0
256 Nov 13, 2015 1.0 1.0 1.0 1.0 49616.8 451600.0
257 Nov 14, 2015 1.0 1.0 1.0 1.0 28995.3 451600.0
258 Nov 15, 2015 1.0 1.0 1.0 1.0 33393.2 451600.0
259 Nov 16, 2015 1.0 1.0 1.0 1.0 10552.9 451600.0
260 Nov 17, 2015 1.0 1.0 1.0 1.0 25692.9 451600.0
261 Nov 18, 2015 1.0 1.0 1.0 1.0 6058.27 451600.0
262 Nov 19, 2015 1.0 1.0 1.0 1.0 18890.5 451600.0
263 Nov 20, 2015 1.0 1.0 1.0 1.0 10002.5 451600.0
264 Nov 21, 2015 1.0 1.0 1.0 1.0 6455.95 451600.0
265 Nov 22, 2015 1.0 1.0 1.0 1.0 5443.27 451600.0
266 Nov 23, 2015 1.0 1.0 1.0 1.0 25499.0 451600.0
267 Nov 24, 2015 1.0 1.0 1.0 1.0 11121.3 451600.0
268 Nov 25, 2015 1.0 1.0 1.0 1.0 6874.56 451600.0
269 Nov 26, 2015 1.0 1.0 1.0 1.0 20800.0 451600.0
270 Nov 27, 2015 1.0 1.0 1.0 1.0 8252.79 451600.0
271 Nov 28, 2015 1.0 1.0 1.0 1.0 22508.3 451600.0
272 Nov 29, 2015 1.0 1.0 1.0 1.0 134696.0 451600.0
273 Nov 30, 2015 1.0 1.0 1.0 1.0 659724.0 451600.0
274 Dec 01, 2015 1.0 1.0 1.0 1.0 129772.0 451600.0
275 Dec 02, 2015 1.0 1.0 1.0 1.0 195747.0 951594.0
276 Dec 03, 2015 1.0 1.0 1.0 1.0 141337.0 951600.0
277 Dec 04, 2015 1.0 1.0 1.0 1.0 7737.74 951600.0
278 Dec 05, 2015 1.0 1.0 1.0 1.0 21567.9 951600.0
279 Dec 06, 2015 1.0 1.0 1.0 1.0 220143.0 951600.0
280 Dec 07, 2015 1.0 1.0 1.0 1.0 11223.9 951600.0
281 Dec 08, 2015 1.0 1.0 1.0 1.0 9503.96 951600.0
282 Dec 09, 2015 1.0 1.0 1.0 1.0 17421.2 951762.0
283 Dec 10, 2015 1.0 1.0 1.0 1.0 23195.0 951667.0
284 Dec 11, 2015 1.0 1.0 1.0 1.0 102209.0 951600.0
285 Dec 12, 2015 1.0 1.0 1.0 1.0 39260.7 951600.0
286 Dec 13, 2015 1.0 1.0 1.0 1.0 13796.1 951600.0
287 Dec 14, 2015 1.0 1.0 1.0 1.0 8173.27 951600.0
288 Dec 15, 2015 1.0 1.0 1.0 1.0 22209.6 951600.0
289 Dec 16, 2015 1.0 1.0 1.0 1.0 143155.0 951600.0
290 Dec 17, 2015 1.0 1.0 1.0 1.0 2225.72 951600.0
291 Dec 18, 2015 1.0 1.0 1.0 1.0 6492.99 951600.0
292 Dec 19, 2015 1.0 1.0 1.0 1.0 23202.0 951600.0
293 Dec 20, 2015 1.0 1.0 1.0 1.0 16099.5 951600.0
294 Dec 21, 2015 1.0 1.0 1.0 1.0 18913.0 951600.0
295 Dec 22, 2015 1.0 1.0 1.0 1.0 10915.1 951471.0
296 Dec 23, 2015 1.0 1.0 1.0 1.0 66710.6 951414.0
297 Dec 24, 2015 1.0 1.0 1.0 1.0 91078.4 951600.0
298 Dec 25, 2015 1.0 1.0 1.0 1.0 618112.0 951600.0
299 Dec 26, 2015 1.0 1.0 1.0 1.0 15304.5 951600.0
300 Dec 27, 2015 1.0 1.0 1.0 1.0 26317.2 951600.0
301 Dec 28, 2015 1.0 1.0 1.0 1.0 82322.6 951600.0
302 Dec 29, 2015 1.0 1.0 1.0 1.0 14115.0 951600.0
303 Dec 30, 2015 1.0 1.0 1.0 1.0 7389.05 951600.0
304 Dec 31, 2015 1.0 1.0 1.0 1.0 6995.13 951600.0
305 Jan 01, 2016 1.0 1.0 1.0 1.0 4875.58 951600.0
306 Jan 02, 2016 1.0 1.0 1.0 1.0 4701.21 951600.0
307 Jan 03, 2016 1.0 1.0 1.0 1.0 1388.86 951600.0
308 Jan 04, 2016 1.0 1.0 1.0 1.0 81181.7 951600.0
309 Jan 05, 2016 1.0 1.0 1.0 1.0 1350.46 951600.0
310 Jan 06, 2016 1.0 1.0 1.0 1.0 541019.0 951838.0
311 Jan 07, 2016 1.0 1.0 1.0 1.0 25544.2 1451600.0
312 Jan 08, 2016 1.0 1.0 1.0 1.0 13419.7 1451600.0
313 Jan 09, 2016 1.0 1.0 1.0 1.0 3358.9 1451600.0
314 Jan 10, 2016 1.0 1.0 1.0 1.0 66196.4 1451600.0
315 Jan 11, 2016 1.0 1.0 1.0 1.0 118900.0 1451600.0
316 Jan 12, 2016 1.0 1.0 1.0 1.0 11714.2 1451600.0
317 Jan 13, 2016 1.0 1.0 1.0 1.0 9873.34 1451600.0
318 Jan 14, 2016 1.0 1.0 1.0 1.0 20292.0 1452270.0
319 Jan 15, 2016 1.0 1.0 1.0 1.0 95995.0 1451600.0
320 Jan 16, 2016 1.0 1.0 1.0 1.0 74253.6 1451600.0
321 Jan 17, 2016 1.0 1.0 1.0 1.0 17361.1 1452170.0
322 Jan 18, 2016 1.0 1.0 1.0 1.0 160834.0 1451600.0
323 Jan 19, 2016 1.0 1.0 1.0 1.0 9856.95 1451600.0
324 Jan 20, 2016 1.0 1.0 1.0 1.0 17068.7 1451600.0
325 Jan 21, 2016 1.0 1.0 1.0 1.0 35771.9 1451600.0
326 Jan 22, 2016 1.0 1.0 1.0 1.0 26682.0 1451600.0
327 Jan 23, 2016 1.0 1.0 1.0 1.0 28437.5 1451700.0
328 Jan 24, 2016 1.0 1.0 1.0 1.0 21139.3 1451770.0
329 Jan 25, 2016 1.0 1.0 1.0 1.0 44569.9 1451610.0
330 Jan 26, 2016 1.0 1.0 1.0 1.0 69162.2 1451610.0
331 Jan 27, 2016 1.0 1.0 1.0 1.0 37597.8 1451600.0
332 Jan 28, 2016 1.0 1.0 1.0 1.0 155498.0 1451600.0
333 Jan 29, 2016 1.0 1.0 1.0 1.0 73398.7 1451600.0
334 Jan 30, 2016 1.0 1.0 1.0 1.0 6307.13 1451570.0
335 Jan 31, 2016 1.0 1.0 1.0 1.0 10385.0 1451600.0
336 Feb 01, 2016 1.0 1.0 1.0 1.0 76316.6 1451600.0
337 Feb 02, 2016 1.0 1.0 1.0 1.0 7113.42 1451560.0
338 Feb 03, 2016 1.0 1.0 1.0 1.0 104733.0 1451600.0
339 Feb 04, 2016 1.0 1.0 1.0 1.0 150392.0 1451600.0
340 Feb 05, 2016 1.0 1.0 1.0 1.0 97341.1 1451600.0
341 Feb 06, 2016 1.0 1.0 1.0 1.0 715070.0 1451600.0
342 Feb 07, 2016 1.0 1.0 1.0 1.0 27175.6 1451600.0
343 Feb 08, 2016 1.0 1.0 1.0 1.0 36002.1 1451600.0
344 Feb 09, 2016 1.0 1.0 1.0 1.0 36351.3 1451600.0
345 Feb 10, 2016 1.0 1.0 1.0 1.0 125936.0 1451600.0
346 Feb 11, 2016 1.0 1.0 1.0 1.0 65353.7 1451600.0
347 Feb 12, 2016 1.0 1.0 1.0 1.0 407856.0 1451600.0
348 Feb 13, 2016 1.0 1.0 1.0 1.0 98084.7 1451600.0
349 Feb 14, 2016 1.0 1.0 1.0 1.0 52364.7 1451600.0
350 Feb 15, 2016 1.0 1.0 1.0 1.0 95454.1 1452860.0
351 Feb 16, 2016 1.0 1.0 1.0 1.0 58640.5 1451610.0
352 Feb 17, 2016 1.0 1.0 1.0 1.0 169298.0 1451610.0
353 Feb 18, 2016 1.0 1.0 1.0 1.0 71827.4 1451600.0
354 Feb 19, 2016 1.0 1.0 1.0 1.0 50866.0 1451600.0
355 Feb 20, 2016 1.0 1.0 1.0 1.0 57050.5 1451600.0
356 Feb 21, 2016 1.0 1.0 1.0 1.0 55017.8 1451600.0
357 Feb 22, 2016 1.0 1.0 1.0 1.0 46519.5 1451600.0
358 Feb 23, 2016 1.0 1.0 1.0 1.0 107259.0 1451600.0
359 Feb 24, 2016 1.0 1.0 1.0 1.0 85159.9 1451600.0
360 Feb 25, 2016 1.0 1.0 1.0 1.0 433922.0 1451370.0
361 Feb 26, 2016 1.0 1.0 1.0 1.0 102891.0 1451600.0
362 Feb 27, 2016 1.0 1.0 1.0 1.0 96720.8 1451600.0
363 Feb 28, 2016 1.0 1.0 1.0 1.0 114084.0 1451600.0
364 Feb 29, 2016 1.0 1.0 1.0 1.0 77532.3 1451600.0
365 Mar 01, 2016 1.0 1.0 1.0 1.0 143221.0 1451630.0
366 Mar 02, 2016 1.0 1.0 1.0 1.0 61533.3 1451590.0
367 Mar 03, 2016 1.0 1.0 1.0 1.0 179492.0 1451540.0
368 Mar 04, 2016 1.0 1.0 1.0 1.0 150575.0 1451600.0
369 Mar 05, 2016 1.0 1.0 1.0 1.0 354905.0 1451600.0
370 Mar 06, 2016 1.0 1.0 1.0 1.0 279531.0 1451600.0
371 Mar 07, 2016 1.0 1.0 1.0 1.0 143086.0 1451600.0
372 Mar 08, 2016 1.0 1.0 1.0 1.0 144215.0 1451600.0
373 Mar 09, 2016 1.0 1.0 1.0 1.0 158280.0 1451600.0
374 Mar 10, 2016 1.0 1.0 1.0 1.0 126353.0 1451450.0
375 Mar 11, 2016 1.0 1.0 1.0 1.0 92528.2 1451590.0
376 Mar 12, 2016 1.0 1.0 1.0 1.0 253278.0 1451590.0
377 Mar 13, 2016 1.0 1.0 1.0 1.0 209067.0 1451450.0
378 Mar 14, 2016 1.0 1.0 1.0 1.0 369834.0 1451480.0
379 Mar 15, 2016 1.0 1.0 1.0 1.0 72351.7 1451590.0
380 Mar 16, 2016 1.0 1.0 1.0 1.0 74772.9 1451600.0
381 Mar 17, 2016 1.0 1.0 1.0 1.0 219091.0 1451600.0
382 Mar 18, 2016 1.0 1.0 1.0 1.0 326978.0 1451580.0
383 Mar 19, 2016 1.0 1.0 1.0 1.0 119685.0 1451590.0
384 Mar 20, 2016 1.0 1.0 1.0 1.0 82858.4 1451590.0
385 Mar 21, 2016 1.0 1.0 1.0 1.0 188116.0 1451590.0
386 Mar 22, 2016 1.0 1.0 1.0 1.0 118249.0 1451590.0
387 Mar 23, 2016 1.0 1.0 1.0 1.0 82969.8 1451590.0
388 Mar 24, 2016 1.0 1.0 1.0 1.0 108214.0 1451590.0
389 Mar 25, 2016 1.0 1.0 1.0 1.0 32068.2 1451550.0
390 Mar 26, 2016 1.0 1.0 1.0 1.0 43612.2 1451590.0
391 Mar 27, 2016 1.0 1.0 1.0 1.0 111330.0 1451590.0
392 Mar 28, 2016 1.0 1.0 1.0 1.0 112757.0 1451590.0
393 Mar 29, 2016 1.0 1.0 1.0 1.0 1042210.0 1451590.0
394 Mar 30, 2016 1.0 1.0 1.0 1.0 204201.0 1451590.0
395 Mar 31, 2016 1.0 1.0 1.0 1.0 147747.0 1451590.0
396 Apr 01, 2016 1.0 1.0 1.0 1.0 50032.9 1451590.0
397 Apr 02, 2016 1.0 1.0 1.0 1.0 103658.0 1451590.0
398 Apr 03, 2016 1.0 1.0 1.0 1.0 99266.7 1451590.0
399 Apr 04, 2016 1.0 1.0 1.0 1.0 486533.0 1451590.0
400 Apr 05, 2016 1.0 1.0 1.0 1.0 115498.0 1451590.0
401 Apr 06, 2016 1.0 1.0 1.0 1.0 82047.9 1451590.0
402 Apr 07, 2016 1.0 1.0 1.0 1.0 44184.9 1451620.0
403 Apr 08, 2016 1.0 1.0 1.0 1.0 441626.0 1451620.0
404 Apr 09, 2016 1.0 1.0 1.0 1.0 117876.0 1451590.0
405 Apr 10, 2016 1.0 1.0 1.0 1.0 173469.0 1451590.0
406 Apr 11, 2016 1.0 1.0 1.0 1.0 38497.4 1451590.0
407 Apr 12, 2016 1.0 1.0 1.0 1.0 430502.0 1451370.0
408 Apr 13, 2016 1.0 1.0 1.0 1.0 173569.0 1451590.0
409 Apr 14, 2016 1.0 1.0 1.0 1.0 349208.0 1451590.0
410 Apr 15, 2016 1.0 1.0 1.0 1.0 79197.1 1451590.0
411 Apr 16, 2016 1.0 1.0 1.0 1.0 66410.8 1451590.0
412 Apr 17, 2016 1.0 1.0 1.0 1.0 121920.0 1451590.0
413 Apr 18, 2016 1.0 1.0 1.0 1.0 160979.0 1451590.0
414 Apr 19, 2016 1.0 1.0 1.0 1.0 116370.0 1451590.0
415 Apr 20, 2016 1.0 1.0 1.0 1.0 103226.0 1451590.0
416 Apr 21, 2016 1.0 1.0 1.0 1.0 278840.0 1451590.0
417 Apr 22, 2016 1.0 1.0 1.0 1.0 143608.0 1451590.0
418 Apr 23, 2016 1.0 1.0 1.0 1.0 512936.0 1451590.0
419 Apr 24, 2016 1.0 1.0 1.0 1.0 68016.0 1451590.0
420 Apr 25, 2016 1.0 1.0 1.0 1.0 298864.0 1451590.0
421 Apr 26, 2016 1.0 1.0 1.0 1.0 515109.0 1451590.0
422 Apr 27, 2016 1.0 1.0 1.0 1.0 481952.0 1451590.0
423 Apr 28, 2016 1.0 1.0 1.0 1.0 544476.0 1451590.0
424 Apr 29, 2016 1.0 1.0 1.0 1.0 146006.0 1951590.0
425 Apr 30, 2016 1.0 1.0 1.0 1.0 454278.0 1951590.0
426 May 01, 2016 1.0 1.0 1.0 1.0 49005.5 1951590.0
427 May 02, 2016 1.0 1.0 1.0 1.0 193440.0 1951590.0
428 May 03, 2016 1.0 1.0 1.0 1.0 408428.0 1951590.0
429 May 04, 2016 1.0 1.0 1.0 1.0 215176.0 1951590.0
430 May 05, 2016 1.0 1.0 1.0 1.0 753773.0 1951590.0
431 May 06, 2016 1.0 1.0 1.0 1.0 2747610.0 1951590.0
432 May 07, 2016 1.0 1.0 1.0 1.0 73082.8 1951590.0
433 May 08, 2016 1.0 1.0 1.0 1.0 80058.7 1951590.0
434 May 09, 2016 1.0 1.0 1.0 1.0 324466.0 1951590.0
435 May 10, 2016 1.0 1.0 1.0 1.0 6102180.0 1951590.0
436 May 11, 2016 1.0 1.0 1.0 1.0 270254.0 1951590.0
437 May 12, 2016 1.0 1.0 1.0 1.0 168513.0 1951590.0
438 May 13, 2016 1.0 1.0 1.0 1.0 62149.4 1951590.0
439 May 14, 2016 1.0 1.01 1.0 1.0 61320.2 1958050.0
440 May 15, 2016 1.0 1.0 1.0 1.0 219450.0 1958460.0
441 May 16, 2016 1.0 1.0 1.0 1.0 567230.0 1951590.0
442 May 17, 2016 1.0 1.0 1.0 1.0 178706.0 1951590.0
443 May 18, 2016 1.0 1.0 1.0 1.0 229307.0 1951590.0
444 May 19, 2016 1.0 1.0 1.0 1.0 329926.0 1951590.0
445 May 20, 2016 1.0 1.0 1.0 1.0 261677.0 1951590.0
446 May 21, 2016 1.0 1.0 1.0 1.0 167338.0 1951590.0
447 May 22, 2016 1.0 1.0 1.0 1.0 104196.0 1951590.0
448 May 23, 2016 1.0 1.0 1.0 1.0 190548.0 1951590.0
449 May 24, 2016 1.0 1.0 1.0 1.0 153609.0 1951590.0
450 May 25, 2016 1.0 1.0 1.0 1.0 209870.0 1951630.0
451 May 26, 2016 1.0 1.0 1.0 1.0 5707670.0 1951590.0
452 May 27, 2016 1.0 1.0 1.0 1.0 707718.0 1951590.0
453 May 28, 2016 1.0 1.0 1.0 1.0 613257.0 1951590.0
454 May 29, 2016 1.0 1.0 1.0 1.0 705697.0 1951590.0
455 May 30, 2016 1.0 1.0 1.0 1.0 422532.0 1951590.0
456 May 31, 2016 1.0 1.0 1.0 1.0 2580270.0 1951590.0
457 Jun 01, 2016 1.0 1.0 1.0 1.0 1030660.0 1951590.0
458 Jun 02, 2016 1.0 1.0 1.0 1.0 223416.0 2951590.0
459 Jun 03, 2016 1.0 1.0 1.0 1.0 2459760.0 2951590.0
460 Jun 04, 2016 1.0 1.0 1.0 1.0 438311.0 2951590.0
461 Jun 05, 2016 1.0 1.0 1.0 1.0 139775.0 2951590.0
462 Jun 06, 2016 1.0 1.0 1.0 1.0 792495.0 2951590.0
463 Jun 07, 2016 1.0 1.0 1.0 1.0 295779.0 2951590.0
464 Jun 08, 2016 1.0 1.0 1.0 1.0 155586.0 2951590.0
465 Jun 09, 2016 1.0 1.0 1.0 1.0 149115.0 2951590.0
466 Jun 10, 2016 1.0 1.0 1.0 1.0 206234.0 2951590.0
467 Jun 11, 2016 1.0 1.0 1.0 1.0 134797.0 2951590.0
468 Jun 12, 2016 1.0 1.0 1.0 1.0 1030810.0 2951590.0
469 Jun 13, 2016 1.0 1.0 1.0 1.0 1673420.0 2951590.0
470 Jun 14, 2016 1.0 1.0 1.0 1.0 2479570.0 2951590.0
471 Jun 15, 2016 1.0 1.0 1.0 1.0 1738970.0 5951590.0
472 Jun 16, 2016 1.0 1.0 1.0 1.0 3547690.0 5951590.0
473 Jun 17, 2016 1.0 1.0 1.0 1.0 6105470.0 5951580.0
474 Jun 18, 2016 1.0 1.0 1.0 1.0 3759450.0 5951580.0
475 Jun 19, 2016 1.0 1.0 1.0 1.0 1377470.0 5951580.0
476 Jun 20, 2016 1.0 1.0 1.0 1.0 2855850.0 5951580.0
477 Jun 21, 2016 1.0 1.0 1.0 1.0 3652970.0 5951590.0
478 Jun 22, 2016 1.0 1.0 1.0 1.0 3966370.0 5951590.0
479 Jun 23, 2016 1.0 1.0 1.0 1.0 2838010.0 5951590.0
480 Jun 24, 2016 1.0 1.0 1.0 1.0 3067830.0 5951590.0
481 Jun 25, 2016 1.0 1.0 1.0 1.0 1223680.0 5951650.0
482 Jun 26, 2016 1.0 1.0 1.0 1.0 798039.0 5951650.0
483 Jun 27, 2016 1.0 1.0 1.0 1.0 576205.0 5951650.0
484 Jun 28, 2016 1.0 1.0 1.0 1.0 2242170.0 5951310.0
485 Jun 29, 2016 1.0 1.0 1.0 1.0 808151.0 5951590.0
486 Jun 30, 2016 1.0 1.0 1.0 1.0 1322550.0 5951590.0
487 Jul 01, 2016 1.0 1.0 1.0 1.0 985150.0 5951590.0
488 Jul 02, 2016 1.0 1.0 1.0 1.0 561867.0 5951590.0
489 Jul 03, 2016 1.0 1.0 1.0 1.0 1161670.0 5951590.0
490 Jul 04, 2016 1.0 1.0 1.0 1.0 1703670.0 5951590.0
491 Jul 05, 2016 1.0 1.0 1.0 1.0 1405480.0 5951590.0
492 Jul 06, 2016 1.0 1.0 1.0 1.0 567909.0 5951590.0
493 Jul 07, 2016 1.0 1.0 1.0 1.0 1875330.0 5951590.0
494 Jul 08, 2016 1.0 1.0 1.0 1.0 1277010.0 5951540.0
495 Jul 09, 2016 1.0 1.0 1.0 1.0 878486.0 5951580.0
496 Jul 10, 2016 1.0 1.0 1.0 1.0 284642.0 5951580.0
497 Jul 11, 2016 1.0 1.0 1.0 1.0 651964.0 5951580.0
498 Jul 12, 2016 1.0 1.0 1.0 1.0 888710.0 5952540.0
499 Jul 13, 2016 1.0 1.0 1.0 1.0 368649.0 6951590.0
500 Jul 14, 2016 1.0 1.0 1.0 1.0 640118.0 6951590.0
501 Jul 15, 2016 1.0 1.0 1.0 1.0 581262.0 6951590.0
502 Jul 16, 2016 1.0 1.0 1.0 1.0 289175.0 6951590.0
503 Jul 17, 2016 1.0 1.0 1.0 1.0 333668.0 6951590.0
504 Jul 18, 2016 1.0 1.0 1.0 1.0 1131710.0 6951590.0
505 Jul 19, 2016 1.0 1.0 1.0 1.0 798546.0 6951590.0
506 >Jul 20, 201 1.0 1.0 1.0 1.0 1571990.0 6951660.0
507 Jul 21, 2016 1.0 1.0 1.0 1.0 313139.0 6951590.0
508 Jul 22, 2016 1.0 1.0 1.0 1.0 1537170.0 6951590.0
509 Jul 23, 2016 1.0 1.0 1.0 1.0 618298.0 6951590.0
510 Jul 24, 2016 1.0 1.0 1.0 1.0 1208880.0 6951590.0
511 Jul 25, 2016 1.0 1.0 1.0 1.0 1425810.0 6951590.0
512 Jul 26, 2016 1.0 1.0 1.0 1.0 1867980.0 6951580.0
513 Jul 27, 2016 1.0 1.0 1.0 1.0 928283.0 6951590.0
514 Jul 28, 2016 1.0 1.0 1.0 1.0 1369300.0 6951590.0
515 Jul 29, 2016 1.0 1.0 1.0 1.0 351932.0 6951590.0
516 Jul 30, 2016 1.0 1.0 1.0 1.0 158622.0 6952150.0
517 Jul 31, 2016 1.0 1.0 1.0 1.0 893038.0 6951660.0
518 Aug 01, 2016 1.0 1.0 1.0 1.0 1944300.0 6951330.0
519 Aug 02, 2016 1.0 1.0 1.0 1.0 7399410.0 6951580.0
520 Aug 03, 2016 1.0 1.0 1.0 1.0 4139570.0 6951560.0
521 Aug 04, 2016 1.0 1.0 1.0 1.0 2005600.0 6951560.0
522 Aug 05, 2016 1.0 1.0 1.0 1.0 623230.0 6951560.0
523 Aug 06, 2016 1.0 1.0 1.0 1.0 879406.0 6950420.0
524 Aug 07, 2016 1.0 1.0 1.0 1.0 1205650.0 6948510.0
525 Aug 08, 2016 1.0 1.0 1.0 1.0 613117.0 6948510.0
526 Aug 09, 2016 1.0 1.0 1.0 1.0 1735260.0 6948510.0
527 Aug 10, 2016 1.0 1.0 0.97 0.97 1457520.0 6948510.0
528 Aug 11, 2016 0.97 0.97 0.96 0.96 1162530.0 6766850.0
529 Aug 12, 2016 0.96 0.96 0.96 0.96 912390.0 6690020.0
530 Aug 13, 2016 0.96 1.0 0.96 1.0 593801.0 6687830.0
531 Aug 14, 2016 1.0 1.0 1.0 1.0 1274390.0 6951580.0
532 Aug 15, 2016 1.0 1.0 1.0 1.0 1680290.0 6951580.0
533 Aug 16, 2016 1.0 1.0 1.0 1.0 2197340.0 6951580.0
534 Aug 17, 2016 1.0 1.0 1.0 1.0 2394770.0 6951590.0
535 Aug 18, 2016 1.0 1.0 1.0 1.0 849307.0 6951590.0
536 Aug 19, 2016 1.0 1.0 1.0 1.0 1258110.0 6951590.0
537 Aug 20, 2016 1.0 1.0 1.0 1.0 603297.0 6951590.0
538 Aug 21, 2016 1.0 1.0 1.0 1.0 281378.0 6951590.0
539 Aug 22, 2016 1.0 1.0 1.0 1.0 1041420.0 6951590.0
540 Aug 23, 2016 1.0 1.0 1.0 1.0 1240630.0 6951590.0
541 Aug 24, 2016 1.0 1.0 1.0 1.0 546685.0 6951590.0
542 Aug 25, 2016 1.0 1.0 1.0 1.0 965926.0 6951590.0
543 Aug 26, 2016 1.0 1.0 1.0 1.0 731230.0 6951590.0
544 Aug 27, 2016 1.0 1.0 1.0 1.0 555019.0 6951590.0
545 Aug 28, 2016 1.0 1.0 1.0 1.0 1215110.0 6951590.0
546 Aug 29, 2016 1.0 1.0 1.0 1.0 1591130.0 6951590.0
547 Aug 30, 2016 1.0 1.0 1.0 1.0 1062640.0 6951590.0
548 Aug 31, 2016 1.0 1.0 1.0 1.0 908476.0 6951590.0
549 Sep 01, 2016 1.0 1.0 1.0 1.0 838378.0 6951590.0
550 Sep 02, 2016 1.0 1.0 1.0 1.0 1472930.0 6951590.0
551 Sep 03, 2016 1.0 1.0 1.0 1.0 2641030.0 6951590.0
552 Sep 04, 2016 1.0 1.0 1.0 1.0 1248710.0 6951590.0
553 Sep 05, 2016 1.0 1.0 1.0 1.0 1536980.0 6951590.0
554 Sep 06, 2016 1.0 1.0 1.0 1.0 1149260.0 6951590.0
555 Sep 07, 2016 1.0 1.0 1.0 1.0 1727020.0 6951590.0
556 Sep 08, 2016 1.0 1.0 1.0 1.0 960491.0 6951590.0
557 Sep 09, 2016 1.0 1.0 1.0 1.0 592391.0 6951590.0
558 Sep 10, 2016 1.0 1.0 1.0 1.0 301128.0 6951590.0
559 Sep 11, 2016 1.0 1.0 1.0 1.0 968191.0 6951590.0
560 Sep 12, 2016 1.0 1.0 1.0 1.0 982954.0 6951590.0
561 Sep 13, 2016 1.0 1.0 1.0 1.0 1503640.0 6956460.0
562 Sep 14, 2016 1.0 1.0 1.0 1.0 845294.0 6951660.0
563 Sep 15, 2016 1.0 1.0 1.0 1.0 774746.0 6951590.0
564 Sep 16, 2016 1.0 1.0 1.0 1.0 719125.0 6951540.0
565 Sep 17, 2016 1.0 1.0 1.0 1.0 243461.0 6951580.0
566 >Sep 18, 201 1.0 1.0 1.0 1.0 579543.0 6951580.0
567 Sep 19, 2016 1.0 1.0 1.0 1.0 518342.0 6951060.0
568 Sep 20, 2016 1.0 1.0 1.0 1.0 1590290.0 6951580.0
569 Sep 21, 2016 1.0 1.0 1.0 1.0 1023360.0 6951580.0
570 Sep 22, 2016 1.0 1.0 1.0 1.0 748610.0 6951510.0
571 Sep 23, 2016 1.0 1.0 1.0 1.0 907263.0 6951580.0
572 Sep 24, 2016 1.0 1.0 1.0 1.0 273642.0 6951580.0
573 Sep 25, 2016 1.0 1.0 1.0 1.0 204381.0 6951580.0
574 Sep 26, 2016 1.0 1.0 1.0 1.0 479180.0 6951590.0
575 Sep 27, 2016 1.0 1.0 1.0 1.0 370561.0 6951590.0
576 Sep 28, 2016 1.0 1.0 1.0 1.0 243485.0 6951590.0
577 Sep 29, 2016 1.0 1.0 1.0 1.0 289768.0 6951590.0
578 Sep 30, 2016 1.0 1.0 1.0 1.0 402548.0 6951590.0
579 Oct 01, 2016 1.0 1.0 1.0 1.0 365091.0 6951590.0
580 Oct 02, 2016 1.0 1.0 1.0 1.0 263174.0 6951590.0
581 Oct 03, 2016 1.0 1.0 1.0 1.0 335206.0 6951580.0
582 Oct 04, 2016 1.0 1.0 1.0 1.0 462509.0 6951580.0
583 Oct 05, 2016 1.0 1.0 1.0 1.0 753062.0 6951590.0
584 Oct 06, 2016 1.0 1.0 1.0 1.0 406883.0 6951590.0
585 Oct 07, 2016 1.0 1.0 1.0 1.0 501840.0 6951590.0
586 Oct 08, 2016 1.0 1.0 1.0 1.0 369612.0 6951590.0
587 Oct 09, 2016 1.0 1.0 1.0 1.0 254639.0 6951590.0
588 Oct 10, 2016 1.0 1.0 1.0 1.0 346058.0 6951590.0
589 Oct 11, 2016 1.0 1.0 1.0 1.0 1153880.0 6951590.0
590 Oct 12, 2016 1.0 1.0 1.0 1.0 485002.0 6951590.0
591 Oct 13, 2016 1.0 1.0 1.0 1.0 359664.0 6951590.0
592 Oct 14, 2016 1.0 1.0 1.0 1.0 233907.0 6951590.0
593 Oct 15, 2016 1.0 1.0 1.0 1.0 278547.0 6951580.0
594 Oct 16, 2016 1.0 1.0 1.0 1.0 292196.0 6951590.0
595 Oct 17, 2016 1.0 1.0 1.0 1.0 1045550.0 6951590.0
596 Oct 18, 2016 1.0 1.0 1.0 1.0 321977.0 6951590.0
597 Oct 19, 2016 1.0 1.0 1.0 1.0 410009.0 6951590.0
598 Oct 20, 2016 1.0 1.0 1.0 1.0 205344.0 6951590.0
599 Oct 21, 2016 1.0 1.0 1.0 1.0 185916.0 6951590.0
600 Oct 22, 2016 1.0 1.0 1.0 1.0 794533.0 6951590.0
601 Oct 23, 2016 1.0 1.0 1.0 1.0 633006.0 6951590.0
602 Oct 24, 2016 1.0 1.0 1.0 1.0 274414.0 6951590.0
603 Oct 25, 2016 1.0 1.0 1.0 1.0 552686.0 6951590.0
604 Oct 26, 2016 1.0 1.0 1.0 1.0 762026.0 6951590.0
605 Oct 27, 2016 1.0 1.0 1.0 1.0 747629.0 6951590.0
606 Oct 28, 2016 1.0 1.0 1.0 1.0 874147.0 6951590.0
607 Oct 29, 2016 1.0 1.0 1.0 1.0 2077010.0 6951590.0
608 Oct 30, 2016 1.0 1.0 1.0 1.0 1550060.0 6951590.0
609 Oct 31, 2016 1.0 1.0 1.0 1.0 1022220.0 6951590.0
610 Nov 01, 2016 1.0 1.0 1.0 1.0 2244990.0 6951590.0
611 Nov 02, 2016 1.0 1.0 1.0 1.0 1449000.0 6951590.0
612 Nov 03, 2016 1.0 1.0 1.0 1.0 2399930.0 6951590.0
613 Nov 04, 2016 1.0 1.0 1.0 1.0 1256100.0 6951590.0
614 Nov 05, 2016 1.0 1.0 1.0 1.0 417538.0 6951590.0
615 Nov 06, 2016 1.0 1.0 1.0 1.0 931269.0 6951590.0
616 Nov 07, 2016 1.0 1.0 1.0 1.0 589834.0 6951590.0
617 Nov 08, 2016 1.0 1.0 1.0 1.0 768255.0 6951590.0
618 Nov 09, 2016 1.0 1.0 1.0 1.0 1916180.0 6951590.0
619 Nov 10, 2016 1.0 1.0 1.0 1.0 481368.0 6951590.0
620 Nov 11, 2016 1.0 1.0 1.0 1.0 661204.0 6951570.0
621 Nov 12, 2016 1.0 1.0 1.0 1.0 670202.0 6951590.0
622 Nov 13, 2016 1.0 1.0 1.0 1.0 898023.0 6951590.0
623 Nov 14, 2016 1.0 1.0 1.0 1.0 389749.0 6951590.0
624 Nov 15, 2016 1.0 1.0 1.0 1.0 2252560.0 6951590.0
625 Nov 16, 2016 1.0 1.0 1.0 1.0 1524490.0 6951590.0
626 Nov 17, 2016 1.0 1.0 1.0 1.0 987757.0 6951590.0
627 Nov 18, 2016 1.0 1.0 1.0 1.0 566442.0 6951590.0
628 Nov 19, 2016 1.0 1.0 1.0 1.0 444691.0 6951590.0
629 Nov 20, 2016 1.0 1.0 1.0 1.0 1149160.0 6951590.0
630 Nov 21, 2016 1.0 1.0 1.0 1.0 2210850.0 6951590.0
631 Nov 22, 2016 1.0 1.0 1.0 1.0 996653.0 6951590.0
632 Nov 23, 2016 1.0 1.0 1.0 1.0 533171.0 6951590.0
633 Nov 24, 2016 1.0 1.0 1.0 1.0 1157470.0 6951590.0
634 Nov 25, 2016 1.0 1.0 1.0 1.0 447527.0 6951590.0
635 Nov 26, 2016 1.0 1.0 1.0 1.0 398097.0 6951590.0
636 Nov 27, 2016 1.0 1.0 1.0 1.0 369032.0 6951590.0
637 Nov 28, 2016 1.0 1.0 1.0 1.0 293938.0 6951590.0
638 Nov 29, 2016 1.0 1.0 1.0 1.0 602186.0 6951590.0
639 Nov 30, 2016 1.0 1.0 1.0 1.0 517118.0 6951590.0
640 Dec 01, 2016 1.0 1.0 1.0 1.0 916660.0 6951590.0
641 Dec 02, 2016 1.0 1.0 1.0 1.0 1548020.0 6951590.0
642 Dec 03, 2016 1.0 1.0 1.0 1.0 566210.0 6951590.0
643 Dec 04, 2016 1.0 1.0 1.0 1.0 338054.0 6951730.0
644 Dec 05, 2016 1.0 1.0 1.0 1.0 1166450.0 6952770.0
645 Dec 06, 2016 1.0 1.0 1.0 1.0 2074660.0 6951730.0
646 Dec 07, 2016 1.0 1.0 1.0 1.0 677377.0 6951590.0
647 Dec 08, 2016 1.0 1.0 1.0 1.0 424174.0 6951590.0
648 Dec 09, 2016 1.0 1.0 1.0 1.0 257304.0 6951590.0
649 Dec 10, 2016 1.0 1.0 1.0 1.0 289281.0 6951590.0
650 Dec 11, 2016 1.0 1.0 1.0 1.0 419496.0 6951590.0
651 Dec 12, 2016 1.0 1.0 1.0 1.0 735546.0 6951590.0
652 Dec 13, 2016 1.0 1.0 1.0 1.0 923361.0 6951590.0
653 Dec 14, 2016 1.0 1.0 1.0 1.0 585908.0 6951590.0
654 Dec 15, 2016 1.0 1.0 1.0 1.0 388753.0 6951590.0
655 Dec 16, 2016 1.0 1.0 1.0 1.0 207220.0 6951590.0
656 Dec 17, 2016 1.0 1.0 1.0 1.0 372542.0 6951800.0
657 Dec 18, 2016 1.0 1.0 1.0 1.0 430745.0 6951800.0
658 Dec 19, 2016 1.0 1.0 1.0 1.0 403551.0 6951660.0
659 Dec 20, 2016 1.0 1.0 1.0 1.0 412630.0 6951590.0
660 Dec 21, 2016 1.0 1.0 1.0 1.0 821307.0 6951590.0
661 Dec 22, 2016 1.0 1.0 1.0 1.0 1247890.0 6951590.0
662 Dec 23, 2016 1.0 1.0 1.0 1.0 2873180.0 6951590.0
663 Dec 24, 2016 1.0 1.0 1.0 1.0 1808220.0 6952770.0
664 Dec 25, 2016 1.0 1.0 1.0 1.0 1911330.0 6951660.0
665 Dec 26, 2016 1.0 1.0 1.0 1.0 1279530.0 6951660.0
666 Dec 27, 2016 1.0 1.0 1.0 1.0 2108650.0 6951660.0
667 Dec 28, 2016 1.0 1.0 1.0 1.0 2943940.0 6951660.0
668 Dec 29, 2016 1.0 1.0 1.0 1.0 2794880.0 6951870.0
669 Dec 30, 2016 1.0 1.0 1.0 1.0 2515800.0 6951730.0
670 Dec 31, 2016 1.0 1.0 1.0 1.0 775440.0 9951790.0
671 Jan 01, 2017 1.0 1.0 1.0 1.0 1946000.0 9951690.0
672 Jan 02, 2017 1.0 1.0 1.0 1.0 3107780.0 9951690.0
673 Jan 03, 2017 1.0 1.0 1.0 1.0 3267910.0 9951690.0
674 Jan 04, 2017 1.0 1.0 1.0 1.0 7463910.0 9951690.0
675 Jan 05, 2017 1.0 1.0 1.0 1.0 13406600.0 9951690.0
676 Jan 06, 2017 1.0 1.0 1.0 1.0 7969720.0 14951700.0
677 Jan 07, 2017 1.0 1.0 1.0 1.0 5932450.0 14951700.0
678 Jan 08, 2017 1.0 1.0 1.0 1.0 3800480.0 14951700.0
679 Jan 09, 2017 1.0 1.0 1.0 1.0 2717290.0 14951700.0
680 Jan 10, 2017 1.0 1.0 1.0 1.0 1379840.0 14951700.0
681 Jan 11, 2017 1.0 1.0 1.0 1.0 9628470.0 14951700.0
682 Jan 12, 2017 1.0 1.0 1.0 1.0 5552980.0 14951700.0
683 Jan 13, 2017 1.0 1.0 1.0 1.0 2739310.0 14951700.0
684 Jan 14, 2017 1.0 1.0 1.0 1.0 1533240.0 14951700.0
685 Jan 15, 2017 1.0 1.0 1.0 1.0 1334200.0 14952000.0
686 Jan 16, 2017 1.0 1.0 1.0 1.0 1223000.0 14951900.0
687 Jan 17, 2017 1.0 1.0 1.0 1.0 4345620.0 14951700.0
688 Jan 18, 2017 1.0 1.0 1.0 1.0 3458060.0 14951700.0
689 Jan 19, 2017 1.0 1.0 1.0 1.0 2241690.0 14951700.0
690 Jan 20, 2017 1.0 1.0 1.0 1.0 2085240.0 14951700.0
691 Jan 21, 2017 1.0 1.0 1.0 1.0 2455610.0 14951700.0
692 Jan 22, 2017 1.0 1.0 1.0 1.0 2629330.0 14951700.0
693 Jan 23, 2017 1.0 1.0 1.0 1.0 2533860.0 14951700.0
694 Jan 24, 2017 1.0 1.0 1.0 1.0 3160230.0 14951700.0
695 Jan 25, 2017 1.0 1.0 1.0 1.0 1565260.0 14951700.0
696 Jan 26, 2017 1.0 1.0 1.0 1.0 1814250.0 14951700.0
697 Jan 27, 2017 1.0 1.0 1.0 1.0 1360880.0 14951700.0
698 Jan 28, 2017 1.0 1.0 1.0 1.0 1560910.0 14951700.0
699 Jan 29, 2017 1.0 1.0 1.0 1.0 745036.0 14951700.0
700 Jan 30, 2017 1.0 1.0 1.0 1.0 681519.0 14951700.0
701 Jan 31, 2017 1.0 1.0 1.0 1.0 2762940.0 14956400.0
702 Feb 01, 2017 1.0 1.0 1.0 1.0 3435630.0 24951500.0
703 Feb 02, 2017 1.0 1.0 0.85 1.0 3494060.0 24951600.0
704 Feb 03, 2017 1.0 1.0 1.0 1.0 2994180.0 24951400.0
705 Feb 04, 2017 1.0 1.0 1.0 1.0 2837660.0 24951500.0
706 Feb 05, 2017 1.0 1.0 1.0 1.0 2141090.0 24951600.0
707 Feb 06, 2017 1.0 1.0 1.0 1.0 1129720.0 24951600.0
708 Feb 07, 2017 1.0 1.0 1.0 1.0 2216310.0 24951500.0
709 Feb 08, 2017 1.0 1.0 1.0 1.0 3003910.0 24951000.0
710 Feb 09, 2017 1.0 1.0 1.0 1.0 8872190.0 24951000.0
711 Feb 10, 2017 1.0 1.0 1.0 1.0 3640970.0 24951000.0
712 Feb 11, 2017 1.0 1.0 1.0 1.0 1685670.0 24951000.0
713 Feb 12, 2017 1.0 1.0 1.0 1.0 1105600.0 24951000.0
714 Feb 13, 2017 1.0 1.0 1.0 1.0 1347810.0 24951000.0
715 Feb 14, 2017 1.0 1.0 1.0 1.0 2438910.0 24951000.0
716 Feb 15, 2017 1.0 1.0 1.0 1.0 1654380.0 24951000.0
717 Feb 16, 2017 1.0 1.0 1.0 1.0 1565660.0 24995700.0
718 Feb 17, 2017 1.0 1.0 1.0 1.0 2135320.0 24952200.0
719 Feb 18, 2017 1.0 1.0 1.0 1.0 1404980.0 24951500.0
720 Feb 19, 2017 1.0 1.0 1.0 1.0 1071870.0 24951200.0
721 Feb 20, 2017 1.0 1.0 1.0 1.0 2550470.0 24948400.0
722 Feb 21, 2017 1.0 1.0 1.0 1.0 4595170.0 24950900.0
723 Feb 22, 2017 1.0 1.0 1.0 1.0 1763290.0 24945300.0
724 Feb 23, 2017 1.0 1.0 1.0 1.0 3150010.0 24950300.0
725 Feb 24, 2017 1.0 1.0 1.0 1.0 10607500.0 24950900.0
726 Feb 25, 2017 1.0 1.0 1.0 1.0 3747980.0 24950900.0
727 Feb 26, 2017 1.0 1.0 1.0 1.0 2280940.0 24952000.0
728 Feb 27, 2017 1.0 1.0 1.0 1.0 3063750.0 24951200.0
729 Feb 28, 2017 1.0 1.0 1.0 1.0 5557310.0 24952700.0
730 Mar 01, 2017 1.0 1.0 1.0 1.0 11999700.0 24950300.0
731 Mar 02, 2017 1.0 1.0 1.0 1.0 14420000.0 24951000.0
732 Mar 03, 2017 1.0 1.0 1.0 1.0 12268600.0 24951000.0
733 Mar 04, 2017 1.0 1.0 1.0 1.0 6427490.0 24951000.0
734 Mar 05, 2017 1.0 1.0 1.0 1.0 6111390.0 24951200.0
735 Mar 06, 2017 1.0 1.0 1.0 1.0 4261790.0 24951200.0
736 Mar 07, 2017 1.0 1.0 1.0 1.0 10782500.0 24951900.0
737 Mar 08, 2017 1.0 1.0 1.0 1.0 11995300.0 34951100.0
738 Mar 09, 2017 1.0 1.0 1.0 1.0 9560830.0 34950700.0
739 Mar 10, 2017 1.0 1.0 1.0 1.0 26308800.0 34947100.0
740 Mar 11, 2017 1.0 1.0 1.0 1.0 15269400.0 34950100.0
741 Mar 12, 2017 1.0 1.0 1.0 1.0 13039200.0 34951800.0
742 Mar 13, 2017 1.0 1.0 1.0 1.0 25101200.0 34953200.0
743 Mar 14, 2017 1.0 1.0 1.0 1.0 13773800.0 34951800.0
744 Mar 15, 2017 1.0 1.0 1.0 1.0 20476500.0 34951100.0
745 Mar 16, 2017 1.0 1.0 1.0 1.0 39496700.0 34950700.0
746 Mar 17, 2017 1.0 1.0 1.0 1.0 46381300.0 34951400.0
747 Mar 18, 2017 1.0 1.0 1.0 1.0 49039900.0 44952200.0
748 Mar 19, 2017 1.0 1.0 1.0 1.0 33106500.0 44952200.0
749 Mar 20, 2017 1.0 1.0 1.0 1.0 16075100.0 44953100.0
750 Mar 21, 2017 1.0 1.0 1.0 1.0 21556400.0 44959900.0
751 Mar 22, 2017 1.0 1.0 1.0 1.0 22713300.0 44952200.0
752 Mar 23, 2017 1.0 1.0 1.0 1.0 12763900.0 44952700.0
753 Mar 24, 2017 1.0 1.0 1.0 1.0 33351200.0 44954000.0
754 Mar 25, 2017 1.0 1.0 1.0 1.0 28141600.0 44946300.0
755 Mar 26, 2017 1.0 1.0 1.0 1.0 16614300.0 44947000.0
756 Mar 27, 2017 1.0 1.0 1.0 1.0 19270700.0 44951300.0
757 Mar 28, 2017 1.0 1.0 1.0 1.0 15602800.0 44951300.0
758 Mar 29, 2017 1.0 1.0 1.0 1.0 16816300.0 44951300.0
759 Mar 30, 2017 1.0 1.0 1.0 1.0 25009900.0 54948000.0
760 Mar 31, 2017 1.0 1.0 1.0 1.0 34115800.0 54950000.0
761 Apr 01, 2017 1.0 1.0 1.0 1.0 15118800.0 54952000.0
762 Apr 02, 2017 1.0 1.0 1.0 1.0 45911500.0 54927900.0
763 Apr 03, 2017 1.0 1.0 1.0 1.0 42028500.0 55003100.0
764 Apr 04, 2017 1.0 1.0 1.0 1.0 26434800.0 54938300.0
765 Apr 05, 2017 1.0 1.0 1.0 1.0 26734200.0 54952500.0
766 Apr 06, 2017 1.0 1.0 1.0 1.0 33731600.0 54957500.0
767 Apr 07, 2017 1.0 1.0 1.0 1.0 21336300.0 54947400.0
768 Apr 08, 2017 1.0 1.0 1.0 1.0 14282200.0 54943900.0
769 Apr 09, 2017 1.0 1.0 1.0 1.0 18951900.0 54935200.0
770 Apr 10, 2017 1.0 1.0 1.0 1.0 12279500.0 54948700.0
771 Apr 11, 2017 1.0 1.0 1.0 1.0 12213800.0 54947200.0
772 Apr 12, 2017 1.0 1.0 1.0 1.0 20964000.0 54942200.0
773 Apr 13, 2017 1.0 1.0 1.0 1.0 24018200.0 50721300.0
774 Apr 14, 2017 1.0 1.0 1.0 1.0 14768200.0 50724400.0
775 Apr 15, 2017 1.0 1.0 1.0 1.0 14030700.0 50694600.0
776 Apr 16, 2017 1.0 1.0 1.0 1.0 7208670.0 50740700.0
777 Apr 17, 2017 1.0 1.0 1.0 1.0 17280800.0 50715100.0
778 Apr 18, 2017 1.0 1.0 1.0 1.0 26367700.0 50707900.0
779 Apr 19, 2017 1.0 1.0 1.0 1.0 18244800.0 60720500.0
780 Apr 20, 2017 1.0 1.0 1.0 1.0 20548000.0 54798700.0
781 Apr 21, 2017 1.0 1.0 0.98 0.98 15935100.0 54688500.0
782 Apr 22, 2017 0.98 0.98 0.94 0.94 14711900.0 53866300.0
783 Apr 23, 2017 0.94 0.94 0.92 0.92 17298600.0 51488800.0
784 Apr 24, 2017 0.92 0.92 0.92 0.92 15265400.0 50423200.0
785 Apr 25, 2017 0.92 0.92 0.91 0.91 12707000.0 50230200.0
786 Apr 26, 2017 0.91 0.92 0.91 0.92 18772400.0 59154900.0
787 Apr 27, 2017 0.92 0.92 0.92 0.92 24062800.0 57277700.0
788 Apr 28, 2017 0.92 0.93 0.92 0.93 26494600.0 57450300.0
789 Apr 29, 2017 0.93 0.94 0.93 0.94 26533600.0 58065900.0
790 Apr 30, 2017 0.94 0.94 0.94 0.94 23739900.0 59055700.0
791 May 01, 2017 0.94 0.94 0.94 0.94 44582500.0 59034000.0
792 May 02, 2017 0.94 0.94 0.93 0.93 22268100.0 58977000.0
793 May 03, 2017 0.93 0.93 0.93 0.93 33500300.0 58811700.0
794 May 04, 2017 0.93 0.94 0.93 0.94 56022400.0 57343000.0
795 May 05, 2017 0.94 0.95 0.94 0.95 69583300.0 59031900.0
796 May 06, 2017 0.95 0.97 0.95 0.97 44047300.0 59636700.0
797 May 07, 2017 0.97 0.97 0.97 0.97 72995500.0 60446200.0
798 May 08, 2017 0.97 0.97 0.97 0.97 85211500.0 60466400.0
799 May 09, 2017 0.97 0.97 0.97 0.97 62186400.0 60360500.0
800 May 10, 2017 0.97 0.99 0.97 0.98 45884200.0 60558100.0
801 May 11, 2017 0.98 0.99 0.96 0.98 46800700.0 61137000.0
802 May 12, 2017 0.97 1.0 0.96 0.98 42850000.0 60842400.0
803 May 13, 2017 0.98 0.99 0.96 0.97 28873700.0 61232700.0
804 May 14, 2017 0.97 0.99 0.97 0.98 23922200.0 60697400.0
805 May 15, 2017 0.98 0.99 0.97 0.97 37380700.0 61184200.0
806 May 16, 2017 0.97 0.99 0.96 0.96 53097800.0 60565400.0
807 May 17, 2017 0.95 0.99 0.92 0.97 60057700.0 59461300.0
808 May 18, 2017 0.96 0.98 0.95 0.97 44705600.0 59972000.0
809 May 19, 2017 0.97 1.0 0.96 1.0 53721400.0 60352400.0
810 May 20, 2017 1.0 1.0 0.98 0.99 42299800.0 62321400.0
811 May 21, 2017 0.99 1.0 0.99 1.0 46162600.0 61940800.0
812 May 22, 2017 1.0 1.04 0.98 1.01 79739900.0 62677500.0
813 May 23, 2017 1.01 1.03 1.0 1.01 59043000.0 63297800.0
814 May 24, 2017 1.01 1.05 1.0 1.02 87804800.0 64798700.0
815 May 25, 2017 1.02 1.1 1.0 1.04 144036000.0 69488600.0
816 May 26, 2017 1.02 1.1 1.01 1.04 125946000.0 69907900.0
817 May 27, 2017 1.05 1.21 1.0 1.02 186683000.0 99512500.0
818 May 28, 2017 1.02 1.11 1.02 1.04 110026000.0 107331000.0
819 May 29, 2017 1.04 1.05 1.01 1.02 80508900.0 109529000.0
820 May 30, 2017 1.02 1.04 1.0 1.01 108331000.0 107170000.0
821 May 31, 2017 1.01 1.06 1.01 1.04 84739900.0 106342000.0
822 Jun 01, 2017 1.03 1.05 1.02 1.03 100614000.0 108739000.0
823 Jun 02, 2017 1.03 1.05 1.02 1.02 49197100.0 108350000.0
824 Jun 03, 2017 1.03 1.04 1.02 1.02 43629000.0 107827000.0
825 Jun 04, 2017 1.02 1.03 1.01 1.01 49194800.0 107470000.0
826 Jun 05, 2017 1.01 1.03 1.01 1.02 49132500.0 106012000.0
827 Jun 06, 2017 1.02 1.04 0.99 1.0 152408000.0 106682000.0
828 Jun 07, 2017 1.0 1.03 1.0 1.01 97386100.0 105220000.0
829 Jun 08, 2017 1.02 1.03 1.0 1.0 65560000.0 106791000.0
830 Jun 09, 2017 1.0 1.01 1.0 1.0 58031200.0 127906000.0
831 Jun 10, 2017 1.0 1.03 1.0 1.02 80163300.0 127386000.0
832 Jun 11, 2017 1.02 1.02 1.0 1.01 84910500.0 130666000.0
833 Jun 12, 2017 1.01 1.09 1.0 1.02 211119000.0 128293000.0
834 Jun 13, 2017 1.03 1.04 1.0 1.01 105293000.0 131201000.0
835 Jun 14, 2017 1.01 1.06 1.01 1.02 139975000.0 128630000.0
836 Jun 15, 2017 1.03 1.06 0.99 1.02 243107000.0 131306000.0
837 Jun 16, 2017 1.01 1.05 1.01 1.01 109032000.0 129124000.0
838 Jun 17, 2017 1.02 1.03 0.98 0.99 104554000.0 130158000.0
839 Jun 18, 2017 0.99 1.04 0.98 1.0 114519000.0 126050000.0
840 Jun 19, 2017 1.0 1.01 0.98 0.99 75733700.0 127821000.0
841 Jun 20, 2017 0.99 0.99 0.96 0.97 88767300.0 125729000.0
842 Jun 21, 2017 0.97 1.0 0.95 0.98 108254000.0 141089000.0
843 Jun 22, 2017 0.98 0.99 0.97 0.97 63105300.0 141970000.0
844 Jun 23, 2017 0.97 1.01 0.97 1.01 41182300.0 140714000.0
845 Jun 24, 2017 1.01 1.03 1.0 1.02 79286600.0 145582000.0
846 Jun 25, 2017 1.02 1.03 1.0 1.01 102005000.0 147510000.0
847 Jun 26, 2017 1.01 1.06 0.97 1.01 195886000.0 146480000.0
848 Jun 27, 2017 1.01 1.06 0.99 1.01 171805000.0 146156000.0
849 Jun 28, 2017 1.01 1.03 0.99 1.01 128750000.0 146267000.0
850 Jun 29, 2017 1.01 1.03 1.0 1.02 101103000.0 146484000.0
851 Jun 30, 2017 1.02 1.02 1.0 1.0 72550400.0 218616000.0
852 Jul 01, 2017 1.01 1.04 1.0 1.02 82133800.0 217215000.0
853 Jul 02, 2017 1.02 1.03 1.01 1.02 76519200.0 219180000.0
854 Jul 03, 2017 1.01 1.02 0.99 1.0 87514200.0 223017000.0
855 Jul 04, 2017 1.0 1.01 0.99 1.0 87707900.0 219893000.0
856 Jul 05, 2017 1.0 1.01 0.99 1.0 66727600.0 220126000.0
857 Jul 06, 2017 0.99 1.01 0.99 1.0 44331000.0 219087000.0
858 Jul 07, 2017 1.0 1.02 1.0 1.01 84663200.0 220509000.0
859 Jul 08, 2017 1.01 1.02 1.0 1.0 62607300.0 221837000.0
860 Jul 09, 2017 1.0 1.01 1.0 1.01 45640800.0 219894000.0
861 Jul 10, 2017 1.0 1.02 0.99 1.01 132682000.0 221114000.0
862 Jul 11, 2017 1.02 1.04 1.0 1.01 173424000.0 239198000.0
863 Jul 12, 2017 1.01 1.02 0.99 1.0 131420000.0 260929000.0
864 Jul 13, 2017 1.0 1.02 1.0 1.0 104236000.0 268892000.0
865 Jul 14, 2017 1.0 1.01 0.99 1.0 93146700.0 289635000.0
866 Jul 15, 2017 1.0 1.02 0.99 1.0 125229000.0 290061000.0
867 Jul 16, 2017 1.0 1.02 0.97 1.0 177914000.0 295162000.0
868 Jul 17, 2017 0.99 1.01 0.98 1.0 171476000.0 291009000.0
869 Jul 18, 2017 0.99 1.02 0.98 1.0 238396000.0 293035000.0
870 Jul 19, 2017 1.0 1.03 0.98 1.0 199312000.0 309942000.0
871 Jul 20, 2017 0.99 1.01 0.98 0.99 278994000.0 306710000.0
872 Jul 21, 2017 1.0 1.02 0.98 1.0 168919000.0 319065000.0
873 Jul 22, 2017 1.0 1.0 0.99 0.99 131558000.0 319377000.0
874 Jul 23, 2017 0.99 1.01 0.99 1.0 114229000.0 317831000.0
875 Jul 24, 2017 1.0 1.0 0.99 0.99 75766900.0 319475000.0
876 Jul 25, 2017 0.99 1.02 0.98 1.0 220992000.0 317675000.0
877 Jul 26, 2017 1.0 1.01 0.99 1.0 111957000.0 319068000.0
878 Jul 27, 2017 1.0 1.01 0.99 1.0 79850000.0 319130000.0
879 Jul 28, 2017 1.0 1.01 0.99 1.0 116290000.0 318242000.0
880 Jul 29, 2017 1.0 1.0 0.99 1.0 73768300.0 319423000.0
881 Jul 30, 2017 1.0 1.0 0.99 1.0 60213000.0 318471000.0
882 Jul 31, 2017 1.0 1.01 0.99 1.0 75184900.0 319512000.0
883 Aug 01, 2017 1.0 1.02 0.99 1.0 170045000.0 320388000.0
884 Aug 02, 2017 1.0 1.01 0.98 1.0 84592700.0 318409000.0
885 Aug 03, 2017 1.0 1.01 0.95 0.97 57242700.0 320322000.0
886 Aug 04, 2017 0.97 1.01 0.97 1.0 59432500.0 309422000.0
887 Aug 05, 2017 1.0 1.02 0.99 1.0 173138000.0 320940000.0
888 Aug 06, 2017 1.0 1.01 0.99 1.0 103532000.0 320093000.0
889 Aug 07, 2017 1.0 1.0 0.99 1.0 110170000.0 319331000.0
890 Aug 08, 2017 0.99 1.01 0.99 1.0 130482000.0 317655000.0
891 Aug 09, 2017 1.0 1.01 0.99 1.0 140569000.0 319257000.0
892 Aug 10, 2017 1.0 1.01 0.99 0.99 91695000.0 319118000.0
893 Aug 11, 2017 1.0 1.01 0.99 1.0 111829000.0 318426000.0
894 Aug 12, 2017 1.0 1.01 0.99 1.0 130896000.0 319785000.0
895 Aug 13, 2017 1.0 1.01 0.98 1.0 198569000.0 319661000.0
896 Aug 14, 2017 0.99 1.01 0.99 1.0 125445000.0 318122000.0
897 Aug 15, 2017 1.0 1.02 0.99 1.0 213099000.0 319617000.0
898 Aug 16, 2017 1.0 1.01 0.99 1.0 121473000.0 319170000.0
899 Aug 17, 2017 1.0 1.01 0.99 1.01 166152000.0 319712000.0
900 Aug 18, 2017 1.01 1.03 0.98 1.01 255272000.0 322035000.0
901 Aug 19, 2017 1.01 1.04 0.98 1.0 281633000.0 322030000.0
902 Aug 20, 2017 1.0 1.02 0.98 1.0 133754000.0 318596000.0
903 Aug 21, 2017 1.0 1.01 0.99 1.0 208830000.0 319354000.0
904 Aug 22, 2017 1.0 1.01 0.99 1.01 241915000.0 319888000.0
905 Aug 23, 2017 1.0 1.01 0.99 1.0 195159000.0 320872000.0
906 Aug 24, 2017 1.0 1.01 0.99 1.0 132330000.0 319288000.0
907 Aug 25, 2017 1.0 1.01 1.0 1.0 116308000.0 321015000.0
908 Aug 26, 2017 1.0 1.01 0.99 1.0 98081300.0 320776000.0
909 Aug 27, 2017 1.0 1.01 1.0 1.0 104722000.0 319543000.0
910 Aug 28, 2017 1.0 1.01 0.99 1.0 130785000.0 320279000.0
911 Aug 29, 2017 1.0 1.02 0.99 1.0 132123000.0 320307000.0
912 Aug 30, 2017 1.0 1.01 1.0 1.0 114992000.0 320041000.0
913 Aug 31, 2017 1.0 1.01 1.0 1.0 109217000.0 319518000.0
914 Sep 01, 2017 1.0 1.01 1.0 1.0 199664000.0 320792000.0
915 Sep 02, 2017 1.0 1.04 1.0 1.02 345971000.0 320966000.0
916 Sep 03, 2017 1.01 1.03 1.0 1.0 188687000.0 348836000.0
917 Sep 04, 2017 1.0 1.04 1.0 1.03 375473000.0 364943000.0
918 Sep 05, 2017 1.03 1.04 1.0 1.0 271614000.0 379945000.0
919 Sep 06, 2017 1.0 1.04 1.0 1.0 192689000.0 387469000.0
920 Sep 07, 2017 1.0 1.01 0.99 1.0 166453000.0 386679000.0
921 Sep 08, 2017 1.0 1.05 1.0 1.01 319590000.0 394388000.0
922 Sep 09, 2017 1.01 1.01 1.0 1.0 119580000.0 398820000.0
923 Sep 10, 2017 1.0 1.02 1.0 1.0 163773000.0 405082000.0
924 Sep 11, 2017 1.0 1.02 0.99 1.0 125845000.0 405355000.0
925 Sep 12, 2017 1.0 1.01 1.0 1.0 162774000.0 404210000.0
926 Sep 13, 2017 1.0 1.02 0.99 1.0 257404000.0 404358000.0
927 Sep 14, 2017 1.0 1.03 0.98 1.0 356495000.0 414813000.0
928 Sep 15, 2017 1.0 1.03 0.97 1.0 540295000.0 420283000.0
929 Sep 16, 2017 1.0 1.04 0.99 1.0 233445000.0 443607000.0
930 Sep 17, 2017 1.01 1.01 0.99 1.01 119083000.0 445726000.0
931 Sep 18, 2017 1.0 1.01 0.99 1.0 214648000.0 443461000.0
932 Sep 19, 2017 1.0 1.01 0.99 1.0 163298000.0 443240000.0
933 Sep 20, 2017 1.0 1.0 0.99 1.0 137763000.0 444392000.0
934 Sep 21, 2017 1.0 1.01 0.99 1.0 231706000.0 441351000.0
935 Sep 22, 2017 1.0 1.01 1.0 1.0 164432000.0 444763000.0
936 Sep 23, 2017 1.0 1.01 1.0 1.0 118296000.0 442840000.0
937 Sep 24, 2017 1.0 1.01 1.0 1.0 91337900.0 443272000.0
938 Sep 25, 2017 1.0 1.01 0.98 1.0 160337000.0 443879000.0
939 Sep 26, 2017 1.0 1.01 0.99 1.0 103839000.0 442851000.0
940 Sep 27, 2017 1.0 1.0 0.99 1.0 201224000.0 427609000.0
941 Sep 28, 2017 1.0 1.01 0.99 1.0 232499000.0 427100000.0
942 Sep 29, 2017 1.0 1.02 0.99 1.0 205406000.0 426360000.0
943 Sep 30, 2017 1.0 1.0 0.99 1.0 117411000.0 437244000.0
944 Oct 01, 2017 1.0 1.0 0.99 1.0 103007000.0 435867000.0
945 Oct 02, 2017 1.0 1.0 0.99 1.0 126009000.0 436226000.0
946 Oct 03, 2017 1.0 1.01 1.0 1.0 137567000.0 437885000.0
947 Oct 04, 2017 1.0 1.01 1.0 1.0 114903000.0 437896000.0
948 Oct 05, 2017 1.0 1.01 1.0 1.0 119952000.0 437179000.0
949 Oct 06, 2017 1.0 1.01 1.0 1.0 92153700.0 437245000.0
950 Oct 07, 2017 1.0 1.0 0.99 1.0 89544100.0 436882000.0
951 Oct 08, 2017 1.0 1.0 0.99 1.0 123005000.0 436235000.0
952 Oct 09, 2017 1.0 1.01 0.99 1.0 178567000.0 436579000.0
953 Oct 10, 2017 1.0 1.0 1.0 1.0 137687000.0 437230000.0
954 Oct 11, 2017 1.0 1.0 1.0 1.0 85384600.0 436171000.0
955 Oct 12, 2017 1.0 1.0 0.99 1.0 216202000.0 436993000.0
956 Oct 13, 2017 1.0 1.02 0.99 1.0 319485000.0 437101000.0
957 Oct 14, 2017 1.0 1.0 0.99 1.0 139468000.0 437279000.0
958 Oct 15, 2017 1.0 1.01 0.99 1.0 209190000.0 437237000.0
959 Oct 16, 2017 1.0 1.01 0.98 1.0 204158000.0 436187000.0
960 Oct 17, 2017 1.0 1.02 0.98 1.0 216808000.0 436298000.0
961 Oct 18, 2017 1.0 1.01 0.99 1.0 253904000.0 436601000.0
962 Oct 19, 2017 1.0 1.01 1.0 1.0 150674000.0 438120000.0
963 Oct 20, 2017 1.0 1.01 1.0 1.0 185163000.0 437496000.0
964 Oct 21, 2017 1.0 1.01 0.99 1.0 171818000.0 437391000.0
965 Oct 22, 2017 1.0 1.01 1.0 1.0 166215000.0 437026000.0
966 Oct 23, 2017 1.0 1.01 0.99 1.0 203487000.0 437656000.0
967 Oct 24, 2017 0.99 1.02 0.98 1.0 257372000.0 434706000.0
968 Oct 25, 2017 1.0 1.01 0.99 1.0 171433000.0 438042000.0
969 Oct 26, 2017 1.0 1.01 1.0 1.0 162258000.0 438063000.0
970 Oct 27, 2017 1.0 1.0 1.0 1.0 144634000.0 437025000.0
971 Oct 28, 2017 1.0 1.0 1.0 1.0 120414000.0 436991000.0
972 Oct 29, 2017 1.0 1.01 0.99 1.0 618257000.0 438160000.0
973 Oct 30, 2017 1.0 1.0 0.99 1.0 169425000.0 452540000.0
974 Oct 31, 2017 1.0 1.0 1.0 1.0 184182000.0 451305000.0
975 Nov 01, 2017 1.0 1.0 0.99 1.0 246324000.0 452561000.0
976 Nov 02, 2017 1.0 1.03 1.0 1.0 425130000.0 451995000.0
977 Nov 03, 2017 1.0 1.01 1.0 1.01 358886000.0 451638000.0
978 Nov 04, 2017 1.0 1.01 0.99 1.0 285312000.0 489255000.0
979 Nov 05, 2017 1.0 1.01 0.99 1.0 234616000.0 494444000.0
980 Nov 06, 2017 1.0 1.01 0.99 1.0 308963000.0 495238000.0
981 Nov 07, 2017 1.0 1.01 1.0 1.0 255133000.0 494003000.0
982 Nov 08, 2017 1.0 1.04 0.99 1.01 526849000.0 516370000.0
983 Nov 09, 2017 1.01 1.01 1.0 1.01 358188000.0 499434000.0
984 Nov 10, 2017 1.01 1.02 0.99 1.01 756446000.0 537534000.0
985 Nov 11, 2017 1.0 1.03 0.99 1.01 746228000.0 567436000.0
986 Nov 12, 2017 1.01 1.1 0.97 1.01 1466060000.0 597638000.0
987 Nov 13, 2017 1.0 1.03 0.97 1.01 767884000.0 596722000.0
988 Nov 14, 2017 1.0 1.01 1.0 1.01 429858000.0 597132000.0
989 Nov 15, 2017 1.0 1.01 1.0 1.0 449671000.0 596738000.0
990 Nov 16, 2017 1.0 1.01 0.99 1.0 650279000.0 597473000.0
991 Nov 17, 2017 0.99 1.01 0.99 1.0 639398000.0 611413000.0
992 Nov 18, 2017 1.0 1.01 1.0 1.0 588136000.0 644435000.0
993 Nov 19, 2017 1.0 1.01 1.0 1.0 485753000.0 645545000.0
994 Nov 20, 2017 1.0 1.0 1.0 1.0 449595000.0 675897000.0
995 Nov 21, 2017 1.0 1.01 0.99 1.0 622649000.0 677308000.0
996 Nov 22, 2017 1.0 1.0 0.99 1.0 499812000.0 673230000.0
997 Nov 23, 2017 1.0 1.01 0.99 0.99 735883000.0 674061000.0
998 Nov 24, 2017 1.0 1.01 0.99 1.0 848628000.0 677758000.0
999 Nov 25, 2017 1.0 1.01 0.99 1.0 651988000.0 676530000.0
1000 Nov 26, 2017 1.0 1.02 1.0 1.01 636452000.0 677815000.0
1001 Nov 27, 2017 1.01 1.02 1.0 1.0 784437000.0 679525000.0
1002 Nov 28, 2017 1.0 1.01 1.0 1.0 794764000.0 676908000.0
1003 Nov 29, 2017 1.0 1.05 0.95 0.99 1672120000.0 675058000.0
1004 Nov 30, 2017 1.0 1.03 0.99 1.01 1043970000.0 741868000.0
1005 Dec 01, 2017 1.01 1.02 0.99 1.01 749396000.0 769516000.0
1006 Dec 02, 2017 1.01 1.02 0.99 1.0 679950000.0 770858000.0
1007 Dec 03, 2017 1.0 1.03 0.98 1.0 946749000.0 814847000.0
1008 Dec 04, 2017 1.0 1.01 0.99 1.0 668510000.0 816012000.0
1009 Dec 05, 2017 1.0 1.01 1.0 1.0 814146000.0 816872000.0
1010 Dec 06, 2017 1.0 1.02 0.99 1.01 1281490000.0 813822000.0
1011 Dec 07, 2017 1.01 1.08 1.0 1.03 1671610000.0 819775000.0
1012 Dec 08, 2017 1.04 1.06 0.99 1.02 1993030000.0 843587000.0
1013 Dec 09, 2017 1.02 1.05 0.99 1.02 1598910000.0 830771000.0
1014 Dec 10, 2017 1.02 1.04 0.97 1.02 1649500000.0 831978000.0
1015 Dec 11, 2017 1.01 1.03 1.0 1.02 1542120000.0 824373000.0
1016 Dec 12, 2017 1.02 1.08 1.0 1.08 2240840000.0 854806000.0
1017 Dec 13, 2017 1.08 1.09 1.02 1.03 2198140000.0 906935000.0
1018 Dec 14, 2017 1.03 1.05 1.01 1.01 2336180000.0 912768000.0
1019 Dec 15, 2017 1.01 1.02 0.99 1.02 2044500000.0 1029020000.0
1020 Dec 16, 2017 1.02 1.02 1.0 1.01 1592730000.0 1036710000.0
1021 Dec 17, 2017 1.01 1.02 1.0 1.01 1931020000.0 1132150000.0
1022 Dec 18, 2017 1.01 1.02 0.99 1.01 2517230000.0 1130790000.0
1023 Dec 19, 2017 1.01 1.03 1.0 1.01 3073860000.0 1133710000.0
1024 Dec 20, 2017 1.01 1.02 0.99 1.0 3751790000.0 1178880000.0
1025 Dec 21, 2017 1.0 1.04 0.99 1.01 3106720000.0 1171760000.0
1026 Dec 22, 2017 1.01 1.06 0.96 1.02 4687950000.0 1225820000.0
1027 Dec 23, 2017 1.01 1.05 1.01 1.04 2353740000.0 1233180000.0
1028 Dec 24, 2017 1.05 1.07 1.02 1.02 2611590000.0 1279860000.0
1029 Dec 25, 2017 1.03 1.03 1.01 1.01 1708380000.0 1250340000.0
1030 Dec 26, 2017 1.01 1.02 1.0 1.0 1854780000.0 1230870000.0
1031 Dec 27, 2017 1.0 1.01 1.0 1.0 1939950000.0 1223800000.0
1032 Dec 28, 2017 1.0 1.03 1.0 1.01 2211410000.0 1222130000.0
1033 Dec 29, 2017 1.01 1.01 1.0 1.0 1929090000.0 1281970000.0
1034 Dec 30, 2017 1.01 1.03 0.99 1.02 2711060000.0 1378640000.0
1035 Dec 31, 2017 1.02 1.02 1.0 1.01 1927010000.0 1401350000.0
1036 Jan 01, 2018 1.01 1.01 1.0 1.01 1685300000.0 1385260000.0
1037 Jan 02, 2018 1.0 1.01 0.99 1.0 2635860000.0 1375940000.0
1038 Jan 03, 2018 1.01 1.02 1.0 1.01 2471690000.0 1377120000.0
1039 Jan 04, 2018 1.01 1.02 0.99 1.0 3200130000.0 1386140000.0
1040 Jan 05, 2018 1.0 1.0 0.98 1.0 3096620000.0 1470660000.0
1041 Jan 06, 2018 1.0 1.01 1.0 1.01 2620080000.0 1468500000.0
1042 Jan 07, 2018 1.01 1.01 1.0 1.0 2338180000.0 1478770000.0
1043 Jan 08, 2018 1.0 1.04 1.0 1.01 3815750000.0 1475640000.0
1044 Jan 09, 2018 1.01 1.01 1.0 1.0 2766180000.0 1480690000.0
1045 Jan 10, 2018 1.0 1.01 1.0 1.0 3189860000.0 1475650000.0
1046 Jan 11, 2018 1.0 1.02 0.99 1.0 3841110000.0 1468050000.0
1047 Jan 12, 2018 1.01 1.02 1.0 1.01 2668220000.0 1477270000.0
1048 Jan 13, 2018 1.0 1.01 1.0 1.0 2759880000.0 1474160000.0
1049 Jan 14, 2018 1.0 1.04 1.0 1.02 2960410000.0 1474490000.0
1050 Jan 15, 2018 1.01 1.02 1.0 1.01 2557180000.0 1490690000.0
1051 Jan 16, 2018 1.01 1.05 1.0 1.03 5552930000.0 1478030000.0
1052 Jan 17, 2018 1.03 1.07 1.0 1.01 5588840000.0 1671280000.0
1053 Jan 18, 2018 1.02 1.04 1.0 1.02 4302300000.0 1646020000.0
1054 Jan 19, 2018 1.02 1.04 1.0 1.0 2876990000.0 1655830000.0
1055 Jan 20, 2018 1.01 1.01 0.99 1.0 2942780000.0 1629410000.0
1056 Jan 21, 2018 1.0 1.03 1.0 1.0 3302010000.0 1622820000.0
1057 Jan 22, 2018 1.0 1.02 0.99 1.0 3274900000.0 1624570000.0
1058 Jan 23, 2018 1.0 1.02 0.98 1.0 3126830000.0 1624560000.0
1059 Jan 24, 2018 1.0 1.03 0.99 1.0 2620630000.0 1619450000.0
1060 Jan 25, 2018 1.0 1.01 0.99 1.0 2571930000.0 1627040000.0
1061 Jan 26, 2018 1.0 1.02 0.98 1.0 2957010000.0 1614160000.0
1062 Jan 27, 2018 1.0 1.01 0.99 0.99 2051980000.0 1622630000.0
1063 Jan 28, 2018 1.0 1.0 0.98 0.99 2546640000.0 1612500000.0
1064 Jan 29, 2018 0.99 1.0 0.98 0.99 2031160000.0 2251760000.0
1065 Jan 30, 2018 1.0 1.01 0.97 0.99 3108630000.0 2275070000.0
1066 Jan 31, 2018 0.99 1.0 0.97 0.99 2663930000.0 2230370000.0
1067 Feb 01, 2018 0.99 1.01 0.95 0.99 3498900000.0 2198420000.0
1068 Feb 02, 2018 0.99 1.02 0.93 0.99 4785870000.0 2186750000.0
1069 Feb 03, 2018 0.99 1.01 0.98 1.0 2488530000.0 2204000000.0
1070 Feb 04, 2018 1.0 1.01 0.97 1.01 2504640000.0 2226850000.0
1071 Feb 05, 2018 0.99 1.02 0.94 1.0 4078980000.0 2207820000.0
1072 Feb 06, 2018 0.98 1.02 0.96 1.01 6247250000.0 2169470000.0
1073 Feb 07, 2018 1.0 1.02 0.98 1.0 3307540000.0 2221910000.0
1074 Feb 08, 2018 0.99 1.03 0.99 1.02 2466620000.0 2205990000.0
1075 Feb 09, 2018 1.02 1.05 0.99 1.0 1631140000.0 2263900000.0
1076 Feb 10, 2018 1.0 1.01 0.99 1.0 2628380000.0 2224850000.0
1077 Feb 11, 2018 1.0 1.01 0.99 1.0 2431740000.0 2228050000.0
1078 Feb 12, 2018 1.0 1.01 0.99 1.0 2457490000.0 2217610000.0
1079 Feb 13, 2018 1.0 1.01 0.99 1.0 2226760000.0 2218900000.0
1080 Feb 14, 2018 1.0 1.01 0.99 1.0 3066190000.0 2212080000.0
1081 Feb 15, 2018 1.0 1.02 1.0 1.0 3286910000.0 2228320000.0
1082 Feb 16, 2018 1.0 1.01 1.0 1.0 2605820000.0 2228310000.0
1083 Feb 17, 2018 1.0 1.01 1.0 1.0 2797600000.0 2227640000.0
1084 Feb 18, 2018 1.0 1.02 1.0 1.0 3124180000.0 2227520000.0
1085 Feb 19, 2018 1.0 1.01 0.99 1.0 2546440000.0 2220090000.0
1086 Feb 20, 2018 1.0 1.01 0.99 1.0 3126220000.0 2218570000.0
1087 Feb 21, 2018 1.0 1.01 0.99 1.0 3459830000.0 2229030000.0
1088 Feb 22, 2018 1.0 1.01 0.99 1.0 2904620000.0 2220530000.0
1089 Feb 23, 2018 1.01 1.01 0.99 1.0 2815280000.0 2235880000.0
1090 Feb 24, 2018 1.0 1.01 0.99 1.0 2417710000.0 2219660000.0
1091 Feb 25, 2018 1.0 1.01 1.0 1.0 1968850000.0 2227760000.0
1092 Feb 26, 2018 1.0 1.01 0.99 1.0 2362210000.0 2211960000.0
1093 Feb 27, 2018 1.0 1.01 0.99 1.0 2473020000.0 2214210000.0
1094 Feb 28, 2018 1.0 1.01 0.99 1.0 2414230000.0 2224430000.0
1095 Mar 01, 2018 1.0 1.0 0.99 1.0 2285570000.0 2216800000.0
1096 Mar 02, 2018 1.0 1.0 0.99 1.0 2172250000.0 2213130000.0
1097 Mar 03, 2018 0.99 1.01 0.99 1.0 2181490000.0 2206600000.0
1098 Mar 04, 2018 1.0 1.0 0.99 1.0 2133910000.0 2217570000.0
1099 Mar 05, 2018 1.0 1.0 0.99 1.0 2227680000.0 2211640000.0
1100 Mar 06, 2018 1.0 1.0 1.0 1.0 2491850000.0 2228310000.0
1101 Mar 07, 2018 1.0 1.02 0.98 1.0 3037380000.0 2213490000.0
1102 Mar 08, 2018 1.0 1.01 0.98 1.0 2636690000.0 2220540000.0
1103 Mar 09, 2018 1.0 1.01 0.99 1.0 3131620000.0 2216530000.0
1104 Mar 10, 2018 1.0 1.01 0.99 1.0 2218810000.0 2211840000.0
1105 Mar 11, 2018 1.0 1.01 0.99 1.0 2394810000.0 2224830000.0
1106 Mar 12, 2018 1.0 1.01 0.99 1.0 2155560000.0 2217540000.0
1107 Mar 13, 2018 1.0 1.01 0.99 1.0 1890040000.0 2221210000.0
1108 Mar 14, 2018 1.0 1.02 0.99 1.0 2151670000.0 2209560000.0
1109 Mar 15, 2018 1.0 1.01 0.98 1.0 2259870000.0 2218620000.0
1110 Mar 16, 2018 1.0 1.01 0.99 1.0 1872050000.0 2211620000.0
1111 Mar 17, 2018 1.0 1.01 0.99 1.0 1687920000.0 2220590000.0
1112 Mar 18, 2018 1.0 1.01 0.98 1.0 2639470000.0 2228610000.0
1113 Mar 19, 2018 0.98 1.02 0.98 0.99 2638090000.0 2177660000.0
1114 Mar 20, 2018 1.01 1.01 0.99 1.0 2506320000.0 2230490000.0
1115 Mar 21, 2018 1.0 1.01 0.99 1.0 2353890000.0 2210350000.0
1116 Mar 22, 2018 1.0 1.01 0.99 1.0 2171850000.0 2215940000.0
1117 Mar 23, 2018 1.0 1.01 0.99 0.99 1995700000.0 2285360000.0
1118 Mar 24, 2018 1.0 1.01 0.99 1.01 1785500000.0 2290890000.0
1119 Mar 25, 2018 1.0 1.01 0.99 1.0 1511320000.0 2287420000.0
1120 Mar 26, 2018 1.0 1.01 0.98 1.0 2183960000.0 2279360000.0
1121 Mar 27, 2018 1.0 1.01 0.99 1.0 2051080000.0 2292670000.0
