0 Oct 27, 2017 0.41 0.57 0.4 0.5 71509.1 0.0
1 Oct 28, 2017 0.5 0.58 0.4 0.48 68469.1 0.0
2 Oct 29, 2017 0.48 0.49 0.43 0.46 27956.3 0.0
3 Oct 30, 2017 0.45 0.58 0.42 0.56 21872.8 0.0
4 Oct 31, 2017 0.53 0.76 0.51 0.69 110856.0 0.0
5 Nov 01, 2017 0.67 1.22 0.66 1.08 241493.0 0.0
6 Nov 02, 2017 1.08 1.24 0.88 1.17 276079.0 0.0
7 Nov 03, 2017 1.18 1.35 0.99 1.35 51630.5 0.0
8 Nov 04, 2017 1.35 1.41 1.15 1.4 55450.9 0.0
9 Nov 05, 2017 1.24 1.6 1.23 1.58 88533.5 0.0
10 Nov 06, 2017 1.59 2.07 1.39 1.73 348604.0 0.0
11 Nov 07, 2017 1.73 2.01 0.76 1.41 476528.0 0.0
12 Nov 08, 2017 1.41 1.41 0.97 1.32 126020.0 0.0
13 Nov 09, 2017 1.31 1.56 1.16 1.22 88687.0 0.0
14 Nov 10, 2017 1.23 1.36 0.85 0.92 172543.0 0.0
15 Nov 11, 2017 0.91 1.05 0.73 1.05 87265.3 0.0
16 Nov 12, 2017 1.05 1.1 0.8 1.04 63450.8 0.0
17 Nov 13, 2017 1.04 1.12 0.92 0.96 26403.9 0.0
18 Nov 14, 2017 0.96 1.1 0.91 1.06 35891.4 0.0
19 Nov 15, 2017 1.06 1.09 0.98 1.0 36237.7 0.0
20 Nov 16, 2017 1.0 1.12 0.98 1.04 32679.6 0.0
21 Nov 17, 2017 1.03 1.11 0.89 0.97 31044.7 0.0
22 Nov 18, 2017 0.97 1.13 0.88 0.98 42698.1 0.0
23 Nov 19, 2017 0.97 1.12 0.91 1.0 17206.3 0.0
24 Nov 20, 2017 1.0 1.13 0.92 0.96 37446.1 0.0
25 Nov 21, 2017 0.96 1.06 0.88 1.05 53901.3 0.0
26 Nov 22, 2017 1.06 1.09 0.95 1.09 29665.8 0.0
27 Nov 23, 2017 1.09 1.14 0.94 1.01 39386.6 0.0
28 Nov 24, 2017 1.01 1.11 0.97 1.1 63073.1 0.0
29 Nov 25, 2017 1.1 1.2 1.09 1.19 12393.4 0.0
30 Nov 26, 2017 1.13 1.18 0.96 1.0 52840.3 0.0
31 Nov 27, 2017 1.0 1.66 1.0 1.45 126392.0 0.0
32 Nov 28, 2017 1.4 1.63 1.4 1.61 117213.0 0.0
33 Nov 29, 2017 1.63 1.74 1.09 1.1 90903.0 0.0
34 Nov 30, 2017 1.12 1.63 1.11 1.35 23448.1 0.0
35 Dec 01, 2017 1.35 1.65 1.25 1.46 97184.2 0.0
36 >Dec 02, 201 1.46 1.64 1.46 1.62 25697.2 0.0
37 Dec 03, 2017 1.62 1.65 1.43 1.54 37540.9 0.0
38 Dec 04, 2017 1.55 1.59 1.15 1.16 95589.6 0.0
39 Dec 05, 2017 1.16 1.68 1.16 1.58 62904.1 0.0
40 Dec 06, 2017 1.58 1.81 1.57 1.75 216482.0 0.0
41 Dec 07, 2017 1.75 2.07 1.64 1.9 199030.0 0.0
42 Dec 08, 2017 1.78 1.84 1.51 1.78 87177.7 0.0
43 Dec 09, 2017 1.78 1.91 1.59 1.88 68996.4 0.0
44 Dec 10, 2017 1.88 1.93 1.61 1.76 83090.6 0.0
45 Dec 11, 2017 1.75 2.05 1.69 1.98 76912.9 0.0
46 Dec 12, 2017 1.97 2.35 1.9 2.11 162836.0 0.0
47 Dec 13, 2017 2.11 2.31 1.86 2.03 60799.8 0.0
48 Dec 14, 2017 2.02 2.13 1.92 2.02 35517.3 0.0
49 Dec 15, 2017 2.03 2.7 1.9 2.4 130752.0 0.0
50 Dec 16, 2017 2.4 3.26 2.37 2.6 209230.0 0.0
51 Dec 17, 2017 2.6 3.24 2.25 2.83 219214.0 0.0
52 Dec 18, 2017 2.83 3.54 1.55 2.16 206305000.0 0.0
53 Dec 19, 2017 2.14 2.44 2.04 2.14 52223100.0 0.0
54 Dec 20, 2017 2.14 2.21 1.88 2.16 46317300.0 427608000.0
55 Dec 21, 2017 2.16 2.98 2.14 2.91 86107900.0 0.0
56 Dec 22, 2017 2.94 3.13 1.97 2.73 55008500.0 0.0
57 Dec 23, 2017 2.75 4.38 2.75 4.06 96608400.0 0.0
58 Dec 24, 2017 4.12 4.34 3.25 4.34 51895300.0 0.0
59 Dec 25, 2017 4.4 7.1 4.4 6.91 200710000.0 0.0
60 Dec 26, 2017 6.99 7.34 4.97 6.18 217605000.0 1998530000.0
61 Dec 27, 2017 6.28 6.28 4.83 5.19 124386000.0 1794830000.0
62 Dec 28, 2017 5.13 6.04 4.43 5.79 143201000.0 1465880000.0
63 Dec 29, 2017 5.84 6.04 5.2 5.51 72316600.0 2004520000.0
64 Dec 30, 2017 5.53 5.53 4.77 5.2 65365800.0 2082760000.0
65 Dec 31, 2017 5.18 5.5 5.02 5.35 62230900.0 1952280000.0
66 Jan 01, 2018 5.35 6.43 4.98 6.16 103225000.0 2017570000.0
67 Jan 02, 2018 6.18 7.11 5.68 6.49 159429000.0 2328010000.0
68 Jan 03, 2018 6.48 7.41 6.25 7.34 147000000.0 2446920000.0
69 Jan 04, 2018 7.4 8.08 6.78 7.24 160103000.0 2794050000.0
70 Jan 05, 2018 7.3 7.88 6.37 6.84 161902000.0 2765270000.0
71 Jan 06, 2018 6.89 7.93 6.76 7.76 149783000.0 2607470000.0
72 Jan 07, 2018 7.79 10.5 7.76 9.92 283778000.0 2947310000.0
73 Jan 08, 2018 9.86 11.27 8.87 10.41 227863000.0 3730790000.0
74 Jan 09, 2018 10.37 12.63 10.34 12.18 259024000.0 3928180000.0
75 Jan 10, 2018 12.27 12.32 10.3 11.04 151609000.0 4645360000.0
76 Jan 11, 2018 11.06 11.67 7.76 9.2 200895000.0 4189070000.0
77 Jan 12, 2018 9.2 10.34 8.66 9.96 114801000.0 3481210000.0
78 >Jan 13, 201 9.92 10.41 9.41 9.92 107243000.0 3755250000.0
79 Jan 14, 2018 9.91 10.83 9.47 10.58 106777000.0 3752670000.0
80 Jan 15, 2018 10.6 10.78 9.49 9.87 95147400.0 4031390000.0
81 Jan 16, 2018 9.89 9.91 5.82 7.51 113491000.0 3759910000.0
82 Jan 17, 2018 7.45 8.12 4.99 7.47 106760000.0 2831510000.0
83 Jan 18, 2018 7.5 8.7 6.95 7.93 91459000.0 2851870000.0
84 Jan 19, 2018 7.86 8.77 7.38 8.43 77194800.0 2985450000.0
85 Jan 20, 2018 8.54 10.67 8.54 10.33 118950000.0 3243750000.0
86 Jan 21, 2018 10.28 10.32 8.38 8.88 79298200.0 3909760000.0
87 Jan 22, 2018 9.02 9.3 7.38 8.16 85710100.0 3427670000.0
88 Jan 23, 2018 8.12 8.73 7.18 8.12 87696600.0 3087210000.0
89 Jan 24, 2018 8.1 9.3 7.51 8.34 184779000.0 3079560000.0
90 Jan 25, 2018 8.38 8.73 7.65 7.84 84307600.0 3183380000.0
91 Jan 26, 2018 7.82 8.1 6.94 7.94 65230500.0 2972130000.0
92 Jan 27, 2018 7.92 8.06 7.67 7.86 42756600.0 3012180000.0
93 Jan 28, 2018 7.94 9.63 7.91 9.41 154715000.0 3017350000.0
94 Jan 29, 2018 9.43 9.63 8.62 9.47 120820000.0 3582480000.0
95 Jan 30, 2018 9.52 10.07 7.94 8.27 205957000.0 3628280000.0
96 Jan 31, 2018 8.27 8.82 7.15 7.68 178997000.0 3151000000.0
97 Feb 01, 2018 7.72 7.75 5.43 6.09 128136000.0 2942890000.0
98 Feb 02, 2018 6.08 6.08 3.77 5.3 94399400.0 2319700000.0
99 Feb 03, 2018 5.3 5.96 4.71 5.43 47213900.0 2021100000.0
100 Feb 04, 2018 5.44 5.47 4.03 4.36 54855100.0 2074470000.0
101 Feb 05, 2018 4.27 4.35 2.58 3.08 83113100.0 1630110000.0
102 Feb 06, 2018 3.08 4.7 2.4 4.41 163330000.0 1175930000.0
103 Feb 07, 2018 4.38 4.84 3.74 3.81 90748200.0 1672260000.0
104 Feb 08, 2018 3.82 4.5 3.82 4.33 99461300.0 1458380000.0
105 Feb 09, 2018 4.34 4.58 4.1 4.57 10375600.0 1657680000.0
106 Feb 10, 2018 4.57 4.71 3.78 4.09 57370900.0 1744970000.0
107 Feb 11, 2018 4.04 4.14 3.42 3.8 55951900.0 1542150000.0
108 Feb 12, 2018 3.86 4.48 3.86 4.25 51677700.0 1471540000.0
109 Feb 13, 2018 4.25 4.32 3.86 3.94 35776400.0 1619740000.0
110 Feb 14, 2018 3.91 4.52 3.89 4.42 46688800.0 1493020000.0
111 Feb 15, 2018 4.44 4.88 4.31 4.86 57393200.0 1692880000.0
112 Feb 16, 2018 4.82 4.97 4.5 4.85 41488100.0 1839770000.0
113 Feb 17, 2018 4.89 5.78 4.82 5.39 97824900.0 1888860000.0
114 Feb 18, 2018 5.4 5.4 4.62 4.71 48768400.0 2085550000.0
115 Feb 19, 2018 4.69 4.94 4.67 4.81 35274700.0 1810200000.0
116 Feb 20, 2018 4.8 4.84 4.12 4.16 52935400.0 1852600000.0
117 Feb 21, 2018 4.19 4.57 3.89 4.02 49737300.0 1615600000.0
118 Feb 22, 2018 4.0 4.34 3.66 3.76 35044500.0 1547280000.0
119 Feb 23, 2018 3.75 4.2 3.63 3.95 29152600.0 1451450000.0
120 Feb 24, 2018 3.94 4.1 3.62 3.83 18201100.0 1524150000.0
121 Feb 25, 2018 3.82 3.91 3.64 3.87 20438700.0 1477030000.0
122 Feb 26, 2018 3.87 4.25 3.83 4.0 57012300.0 1496620000.0
123 Feb 27, 2018 4.03 4.09 3.89 4.03 23394200.0 1554800000.0
124 Feb 28, 2018 4.02 4.02 3.54 3.55 28413100.0 1553020000.0
125 Mar 01, 2018 3.55 3.86 3.5 3.81 20427300.0 1369150000.0
126 Mar 02, 2018 3.81 3.88 3.59 3.71 19446700.0 1470820000.0
127 Mar 03, 2018 3.71 3.88 3.61 3.66 17486200.0 1432210000.0
128 Mar 04, 2018 3.66 3.75 3.52 3.64 16649900.0 1412180000.0
129 Mar 05, 2018 3.64 3.67 3.54 3.58 16088900.0 1405150000.0
130 Mar 06, 2018 3.56 3.59 3.26 3.42 28737100.0 1374390000.0
131 Mar 07, 2018 3.41 3.47 2.68 3.0 33020700.0 1317660000.0
132 Mar 08, 2018 3.0 3.07 2.6 2.61 18798000.0 1157400000.0
133 Mar 09, 2018 2.59 2.73 2.2 2.71 19856200.0 997345000.0
134 Mar 10, 2018 2.68 2.83 2.43 2.47 12162200.0 1033760000.0
135 Mar 11, 2018 2.47 2.82 2.37 2.77 9918750.0 954506000.0
136 Mar 12, 2018 2.77 2.86 2.54 2.64 15110200.0 1069070000.0
137 Mar 13, 2018 2.62 2.94 2.59 2.88 37901500.0 1013500000.0
138 Mar 14, 2018 2.9 3.14 2.28 2.38 55190300.0 1120270000.0
139 Mar 15, 2018 2.38 2.43 2.16 2.27 31307700.0 918183000.0
140 Mar 16, 2018 2.27 2.39 2.16 2.25 24701000.0 876745000.0
141 Mar 17, 2018 2.25 2.25 1.89 1.96 25180000.0 869145000.0
142 Mar 18, 2018 1.95 2.1 1.59 2.06 35447300.0 751868000.0
143 Mar 19, 2018 2.09 2.35 1.97 2.35 39146200.0 806369000.0
144 Mar 20, 2018 2.38 2.74 2.14 2.62 48542400.0 918344000.0
145 Mar 21, 2018 2.67 3.7 2.62 3.47 235402000.0 1031500000.0
146 Mar 22, 2018 3.48 3.98 3.28 3.58 132270000.0 1344440000.0
147 Mar 23, 2018 3.58 4.22 3.08 4.06 598299000.0 1387790000.0
148 Mar 24, 2018 4.04 4.19 3.62 3.63 153999000.0 1564350000.0
149 Mar 25, 2018 3.56 3.67 3.39 3.51 112771000.0 1378000000.0
150 Mar 26, 2018 3.52 3.53 2.86 3.06 113860000.0 1361060000.0
151 Mar 27, 2018 3.05 3.08 2.75 2.84 100465000.0 1179270000.0
