0 Sep 30, 2016 0.2 0.27 0.19 0.27 14652.1 0.0
1 Oct 01, 2016 0.27 0.3 0.19 0.21 11962.8 0.0
2 Oct 02, 2016 0.21 0.24 0.15 0.15 8382.08 0.0
3 Oct 03, 2016 0.15 0.24 0.15 0.18 6346.59 0.0
4 Oct 04, 2016 0.18 0.47 0.16 0.34 19235.4 0.0
5 Oct 05, 2016 0.34 0.54 0.34 0.54 16672.9 0.0
6 Oct 06, 2016 0.54 0.54 0.31 0.42 9084.79 0.0
7 Oct 07, 2016 0.42 0.54 0.23 0.44 13930.1 0.0
8 Oct 08, 2016 0.44 0.45 0.23 0.34 7462.6 0.0
9 Oct 09, 2016 0.34 0.37 0.2 0.37 18183.4 0.0
10 Oct 10, 2016 0.37 0.37 0.19 0.28 7499.07 0.0
11 Oct 11, 2016 0.28 0.32 0.2 0.22 11721.8 0.0
12 Oct 12, 2016 0.22 0.27 0.2 0.24 8530.99 0.0
13 Oct 13, 2016 0.24 0.32 0.2 0.31 7914.86 0.0
14 Oct 14, 2016 0.31 0.31 0.23 0.23 5072.55 0.0
15 Oct 15, 2016 0.23 0.28 0.21 0.22 6558.14 0.0
16 Oct 16, 2016 0.22 0.31 0.19 0.28 6571.31 0.0
17 Oct 17, 2016 0.28 0.28 0.17 0.19 5967.72 0.0
18 Oct 18, 2016 0.19 0.23 0.14 0.18 7845.51 0.0
19 Oct 19, 2016 0.18 0.22 0.18 0.18 6795.21 0.0
20 Oct 20, 2016 0.18 0.22 0.18 0.21 4673.12 0.0
21 Oct 21, 2016 0.21 0.22 0.18 0.22 3356.04 0.0
22 Oct 22, 2016 0.22 0.33 0.16 0.16 6967.32 0.0
23 Oct 23, 2016 0.16 0.27 0.16 0.27 2936.46 0.0
24 Oct 24, 2016 0.27 0.52 0.22 0.45 6430.01 0.0
25 Oct 25, 2016 0.45 0.79 0.16 0.18 92886.7 0.0
26 Oct 26, 2016 0.18 0.28 0.13 0.17 209377.0 16035500.0
27 Oct 27, 2016 0.17 0.17 0.13 0.14 172953.0 14711200.0
28 Oct 28, 2016 0.14 0.14 0.12 0.12 108756.0 11972900.0
29 Oct 29, 2016 0.12 0.13 0.11 0.11 97400.5 10779000.0
30 Oct 30, 2016 0.11 0.14 0.11 0.12 75030.7 9899210.0
31 Oct 31, 2016 0.12 0.15 0.12 0.12 70203.1 10809000.0
32 Nov 01, 2016 0.12 0.15 0.12 0.14 160741.0 10605200.0
33 Nov 02, 2016 0.14 0.14 0.12 0.13 70061.9 11897900.0
34 Nov 03, 2016 0.13 0.14 0.12 0.12 66036.3 11712700.0
35 Nov 04, 2016 0.13 0.13 0.12 0.12 48360.6 10888100.0
36 Nov 05, 2016 0.12 0.13 0.12 0.13 40595.7 10539800.0
37 Nov 06, 2016 0.13 0.13 0.11 0.12 46566.9 11103900.0
38 Nov 07, 2016 0.12 0.13 0.11 0.12 46639.9 10194000.0
39 Nov 08, 2016 0.12 0.12 0.11 0.11 30533.6 10284100.0
40 Nov 09, 2016 0.11 0.12 0.1 0.11 71136.2 9418620.0
41 Nov 10, 2016 0.11 0.11 0.11 0.11 37157.8 9860490.0
42 Nov 11, 2016 0.11 0.12 0.11 0.12 43877.6 9587310.0
43 Nov 12, 2016 0.12 0.18 0.11 0.17 186628.0 10075300.0
44 Nov 13, 2016 0.17 0.19 0.14 0.17 147178.0 15206400.0
45 Nov 14, 2016 0.16 0.2 0.15 0.18 132463.0 14333200.0
46 Nov 15, 2016 0.18 0.21 0.18 0.2 149807.0 16030900.0
47 Nov 16, 2016 0.2 0.22 0.16 0.17 182937.0 17864200.0
48 Nov 17, 2016 0.17 0.19 0.16 0.17 74009.1 14589700.0
49 Nov 18, 2016 0.17 0.18 0.15 0.17 89012.3 14853200.0
50 Nov 19, 2016 0.17 0.18 0.16 0.17 50540.2 15052700.0
51 Nov 20, 2016 0.17 0.19 0.17 0.17 47421.6 14759700.0
52 Nov 21, 2016 0.17 0.2 0.17 0.18 117463.0 15158600.0
53 Nov 22, 2016 0.18 0.19 0.17 0.18 66930.2 15695100.0
54 Nov 23, 2016 0.18 0.19 0.17 0.18 35697.7 15566600.0
55 Nov 24, 2016 0.18 0.19 0.16 0.17 90453.7 15508800.0
56 Nov 25, 2016 0.17 0.18 0.17 0.17 38301.1 15196400.0
57 Nov 26, 2016 0.17 0.17 0.16 0.16 55140.2 14917800.0
58 Nov 27, 2016 0.16 0.17 0.16 0.16 53886.7 14101000.0
59 Nov 28, 2016 0.17 0.18 0.16 0.17 68096.9 14378200.0
60 Nov 29, 2016 0.17 0.18 0.17 0.17 53042.5 15205000.0
61 Nov 30, 2016 0.17 0.18 0.17 0.18 76888.6 14650200.0
62 Dec 01, 2016 0.18 0.18 0.17 0.17 40443.2 15441700.0
63 Dec 02, 2016 0.17 0.18 0.16 0.18 114045.0 14747500.0
64 Dec 03, 2016 0.18 0.18 0.17 0.18 38666.4 15724400.0
65 Dec 04, 2016 0.18 0.18 0.17 0.17 49597.6 16128800.0
66 Dec 05, 2016 0.17 0.18 0.17 0.17 39494.6 15292200.0
67 Dec 06, 2016 0.17 0.18 0.16 0.18 113210.0 15137000.0
68 Dec 07, 2016 0.18 0.19 0.17 0.18 86918.6 15577700.0
69 Dec 08, 2016 0.18 0.18 0.17 0.18 43799.1 15332400.0
70 Dec 09, 2016 0.18 0.2 0.17 0.19 58675.0 15378600.0
71 Dec 10, 2016 0.19 0.2 0.18 0.2 61593.8 16559500.0
72 Dec 11, 2016 0.19 0.2 0.19 0.2 62669.2 16872500.0
73 Dec 12, 2016 0.2 0.24 0.2 0.23 163716.0 17724000.0
74 Dec 13, 2016 0.23 0.24 0.21 0.23 110976.0 19852800.0
75 Dec 14, 2016 0.23 0.23 0.21 0.21 121156.0 19685600.0
76 Dec 15, 2016 0.21 0.22 0.21 0.21 46473.8 18765600.0
77 Dec 16, 2016 0.21 0.22 0.2 0.22 92181.5 18621000.0
78 Dec 17, 2016 0.22 0.22 0.21 0.21 39329.5 19030000.0
79 Dec 18, 2016 0.21 0.23 0.21 0.23 47817.3 18742800.0
80 Dec 19, 2016 0.23 0.31 0.22 0.29 235444.0 19750400.0
81 Dec 20, 2016 0.3 0.33 0.28 0.33 434289.0 25819800.0
82 Dec 21, 2016 0.33 0.33 0.27 0.32 332063.0 28366400.0
83 Dec 22, 2016 0.32 0.33 0.28 0.3 186103.0 28201200.0
84 Dec 23, 2016 0.3 0.32 0.28 0.3 253068.0 25869600.0
85 Dec 24, 2016 0.3 0.31 0.28 0.29 77823.7 25806800.0
86 Dec 25, 2016 0.29 0.35 0.28 0.34 195498.0 25230600.0
87 Dec 26, 2016 0.34 0.36 0.3 0.32 269639.0 29916700.0
88 Dec 27, 2016 0.32 0.32 0.24 0.28 489820.0 27577900.0
89 Dec 28, 2016 0.28 0.3 0.22 0.23 232303.0 24526600.0
90 Dec 29, 2016 0.23 0.28 0.21 0.27 243032.0 20077700.0
91 Dec 30, 2016 0.27 0.32 0.25 0.31 188816.0 23089800.0
92 Dec 31, 2016 0.31 0.32 0.29 0.31 126240.0 27318000.0
93 Jan 01, 2017 0.31 0.34 0.3 0.3 198818.0 26770200.0
94 Jan 02, 2017 0.31 0.32 0.29 0.3 104622.0 26759400.0
95 Jan 03, 2017 0.3 0.36 0.29 0.34 200262.0 26368100.0
96 Jan 04, 2017 0.35 0.38 0.33 0.37 334070.0 30135700.0
97 Jan 05, 2017 0.37 0.39 0.27 0.32 239714.0 32410300.0
98 Jan 06, 2017 0.32 0.33 0.28 0.31 212100.0 28146500.0
99 Jan 07, 2017 0.31 0.33 0.28 0.32 320547.0 26688400.0
100 Jan 08, 2017 0.32 0.36 0.32 0.35 146574.0 27917800.0
101 Jan 09, 2017 0.35 0.36 0.33 0.34 193212.0 30416900.0
102 Jan 10, 2017 0.34 0.35 0.33 0.33 125868.0 30063100.0
103 Jan 11, 2017 0.33 0.34 0.29 0.29 104779.0 29063800.0
104 Jan 12, 2017 0.3 0.33 0.29 0.32 145360.0 26103500.0
105 Jan 13, 2017 0.32 0.4 0.31 0.36 448483.0 28129300.0
106 Jan 14, 2017 0.36 0.37 0.34 0.36 428673.0 31614000.0
107 Jan 15, 2017 0.35 0.36 0.34 0.36 49398.8 30863900.0
108 Jan 16, 2017 0.36 0.37 0.32 0.34 200107.0 31227600.0
109 Jan 17, 2017 0.34 0.38 0.33 0.36 146942.0 29939200.0
110 Jan 18, 2017 0.37 0.38 0.35 0.37 98807.8 32000700.0
111 Jan 19, 2017 0.37 0.38 0.36 0.37 114886.0 32603500.0
112 Jan 20, 2017 0.37 0.39 0.36 0.39 172686.0 32359700.0
113 Jan 21, 2017 0.39 0.4 0.38 0.4 256883.0 33666500.0
114 Jan 22, 2017 0.4 0.41 0.37 0.4 194194.0 34839400.0
115 Jan 23, 2017 0.4 0.41 0.39 0.4 292189.0 34461500.0
116 Jan 24, 2017 0.4 0.4 0.38 0.38 274221.0 34695000.0
117 Jan 25, 2017 0.38 0.39 0.37 0.38 115023.0 33313700.0
118 Jan 26, 2017 0.38 0.45 0.37 0.39 156016.0 32829400.0
119 Jan 27, 2017 0.39 0.4 0.38 0.39 72523.0 33576500.0
120 Jan 28, 2017 0.39 0.39 0.38 0.39 46542.9 33819800.0
121 Jan 29, 2017 0.39 0.4 0.39 0.4 134521.0 34011300.0
122 Jan 30, 2017 0.4 0.41 0.39 0.39 147226.0 34460400.0
123 Jan 31, 2017 0.39 0.41 0.39 0.41 86495.5 33622500.0
124 Feb 01, 2017 0.4 0.43 0.4 0.42 165651.0 35095100.0
125 Feb 02, 2017 0.42 0.43 0.41 0.43 146868.0 36514500.0
126 Feb 03, 2017 0.43 0.45 0.43 0.44 422178.0 37463000.0
127 Feb 04, 2017 0.44 0.46 0.43 0.46 293596.0 38561400.0
128 Feb 05, 2017 0.46 0.46 0.44 0.45 145059.0 39675200.0
129 Feb 06, 2017 0.45 0.46 0.44 0.45 130165.0 38799900.0
130 Feb 07, 2017 0.45 0.52 0.45 0.51 514504.0 39364500.0
131 Feb 08, 2017 0.51 0.51 0.47 0.5 217728.0 44372400.0
132 Feb 09, 2017 0.5 0.52 0.42 0.45 408014.0 43903600.0
133 Feb 10, 2017 0.45 0.45 0.42 0.44 159040.0 39356300.0
134 Feb 11, 2017 0.44 0.45 0.42 0.44 118834.0 38404200.0
135 Feb 12, 2017 0.44 0.44 0.3 0.4 883170.0 38481500.0
136 Feb 13, 2017 0.39 0.42 0.32 0.33 462943.0 33675200.0
137 Feb 14, 2017 0.33 0.39 0.32 0.37 370252.0 28609300.0
138 Feb 15, 2017 0.37 0.38 0.35 0.38 145794.0 32464400.0
139 Feb 16, 2017 0.38 0.39 0.35 0.36 235630.0 32940900.0
140 Feb 17, 2017 0.36 0.37 0.3 0.34 340925.0 31517400.0
141 Feb 18, 2017 0.34 0.35 0.33 0.33 156364.0 29671800.0
142 Feb 19, 2017 0.33 0.35 0.32 0.35 158852.0 28897200.0
143 Feb 20, 2017 0.35 0.39 0.34 0.35 220888.0 30238700.0
144 Feb 21, 2017 0.35 0.37 0.34 0.37 157664.0 30324400.0
145 Feb 22, 2017 0.37 0.37 0.34 0.35 160389.0 32382200.0
146 Feb 23, 2017 0.35 0.35 0.31 0.31 353694.0 30162600.0
147 Feb 24, 2017 0.31 0.33 0.28 0.32 363364.0 27368800.0
148 Feb 25, 2017 0.32 0.32 0.29 0.31 143093.0 27811100.0
149 Feb 26, 2017 0.31 0.34 0.3 0.34 134286.0 26836600.0
150 Feb 27, 2017 0.34 0.34 0.31 0.32 167017.0 29480000.0
151 Feb 28, 2017 0.32 0.43 0.3 0.38 572753.0 28153600.0
152 Mar 01, 2017 0.38 0.4 0.34 0.35 224264.0 33405200.0
153 Mar 02, 2017 0.35 0.35 0.27 0.3 366345.0 30168200.0
154 Mar 03, 2017 0.3 0.32 0.28 0.3 183392.0 26540400.0
155 Mar 04, 2017 0.3 0.32 0.29 0.31 108021.0 26529300.0
156 Mar 05, 2017 0.31 0.35 0.31 0.35 150427.0 26782300.0
157 Mar 06, 2017 0.35 0.35 0.31 0.34 92783.2 30184600.0
158 Mar 07, 2017 0.34 0.34 0.31 0.33 102650.0 29332100.0
159 Mar 08, 2017 0.33 0.34 0.31 0.33 96757.9 28916100.0
160 Mar 09, 2017 0.33 0.35 0.31 0.33 140399.0 28397800.0
161 Mar 10, 2017 0.33 0.34 0.25 0.3 443902.0 28651400.0
162 Mar 11, 2017 0.3 0.38 0.3 0.37 201971.0 26462400.0
163 Mar 12, 2017 0.38 0.38 0.33 0.34 224284.0 32797000.0
164 Mar 13, 2017 0.34 0.36 0.27 0.31 792092.0 29985900.0
165 Mar 14, 2017 0.32 0.34 0.31 0.33 203195.0 27919100.0
166 Mar 15, 2017 0.34 0.35 0.31 0.32 211536.0 29393600.0
167 Mar 16, 2017 0.32 0.34 0.29 0.3 520863.0 27946200.0
168 Mar 17, 2017 0.3 0.32 0.27 0.3 471885.0 26140500.0
169 Mar 18, 2017 0.3 0.31 0.26 0.27 261245.0 26326500.0
170 Mar 19, 2017 0.28 0.32 0.28 0.3 188654.0 24681000.0
171 Mar 20, 2017 0.3 0.36 0.29 0.35 440736.0 25896400.0
172 Mar 21, 2017 0.37 0.47 0.33 0.41 1192910.0 32261900.0
173 Mar 22, 2017 0.41 0.41 0.37 0.39 335287.0 35816300.0
174 Mar 23, 2017 0.39 0.41 0.35 0.4 362059.0 33579500.0
175 Mar 24, 2017 0.4 0.41 0.37 0.37 455635.0 34983500.0
176 Mar 25, 2017 0.37 0.4 0.35 0.39 300162.0 32379100.0
177 Mar 26, 2017 0.39 0.42 0.38 0.41 487781.0 33589200.0
178 Mar 27, 2017 0.42 0.48 0.42 0.48 550568.0 36515300.0
179 Mar 28, 2017 0.48 0.57 0.41 0.51 1380950.0 42011300.0
180 Mar 29, 2017 0.51 0.69 0.5 0.65 1674210.0 44395200.0
181 Mar 30, 2017 0.65 0.67 0.56 0.61 1157820.0 56568300.0
182 Mar 31, 2017 0.61 0.62 0.52 0.62 935259.0 53008500.0
183 Apr 01, 2017 0.62 0.63 0.56 0.61 360259.0 54044700.0
184 Apr 02, 2017 0.61 0.62 0.56 0.57 440197.0 53159300.0
185 Apr 03, 2017 0.57 0.59 0.47 0.5 758755.0 49632300.0
186 Apr 04, 2017 0.5 0.51 0.43 0.45 623651.0 43566400.0
187 Apr 05, 2017 0.45 0.5 0.43 0.49 440741.0 38857200.0
188 Apr 06, 2017 0.49 0.51 0.41 0.44 567761.0 42616000.0
189 Apr 07, 2017 0.45 0.47 0.42 0.45 335387.0 38911100.0
190 Apr 08, 2017 0.45 0.47 0.43 0.47 235480.0 38882100.0
191 Apr 09, 2017 0.47 0.49 0.45 0.45 220769.0 40591200.0
192 Apr 10, 2017 0.45 0.46 0.42 0.45 304869.0 39112000.0
193 Apr 11, 2017 0.45 0.45 0.37 0.4 344237.0 39361800.0
194 Apr 12, 2017 0.39 0.45 0.36 0.44 439921.0 34290300.0
195 Apr 13, 2017 0.43 0.46 0.42 0.44 290453.0 37734700.0
196 Apr 14, 2017 0.44 0.44 0.4 0.41 192197.0 38292300.0
197 Apr 15, 2017 0.41 0.43 0.41 0.43 70135.9 36154500.0
198 Apr 16, 2017 0.43 0.45 0.42 0.44 148212.0 37325300.0
199 Apr 17, 2017 0.44 0.46 0.43 0.45 274183.0 38375100.0
200 Apr 18, 2017 0.45 0.47 0.45 0.46 253042.0 39112000.0
201 Apr 19, 2017 0.46 0.46 0.41 0.42 453229.0 39863700.0
202 Apr 20, 2017 0.42 0.44 0.39 0.4 439428.0 36982300.0
203 Apr 21, 2017 0.4 0.44 0.37 0.42 249152.0 34391900.0
204 Apr 22, 2017 0.41 0.43 0.41 0.43 152014.0 36081700.0
205 Apr 23, 2017 0.43 0.43 0.42 0.42 149271.0 37387400.0
206 Apr 24, 2017 0.43 0.44 0.41 0.42 226297.0 37073100.0
207 Apr 25, 2017 0.42 0.5 0.42 0.48 453760.0 36649500.0
208 Apr 26, 2017 0.48 0.55 0.46 0.53 450750.0 42233100.0
209 Apr 27, 2017 0.53 0.55 0.5 0.53 456993.0 46165400.0
210 Apr 28, 2017 0.53 0.54 0.51 0.53 599140.0 46479200.0
211 Apr 29, 2017 0.54 0.66 0.49 0.53 542012.0 46777000.0
212 Apr 30, 2017 0.53 0.55 0.5 0.52 429813.0 46273100.0
213 May 01, 2017 0.52 0.53 0.46 0.48 642963.0 44816700.0
214 May 02, 2017 0.48 0.52 0.47 0.52 275189.0 41696800.0
215 May 03, 2017 0.52 0.53 0.48 0.52 365063.0 45357500.0
216 May 04, 2017 0.52 0.58 0.49 0.53 769050.0 45428400.0
217 May 05, 2017 0.53 0.57 0.47 0.51 746033.0 45793200.0
218 May 06, 2017 0.51 0.53 0.45 0.51 446507.0 44373400.0
219 May 07, 2017 0.51 0.54 0.49 0.5 593180.0 44492000.0
220 May 08, 2017 0.51 0.59 0.5 0.57 809375.0 44013500.0
221 May 09, 2017 0.57 0.59 0.53 0.55 792650.0 49968600.0
222 May 10, 2017 0.55 0.7 0.53 0.7 1127150.0 48095000.0
223 May 11, 2017 0.7 0.82 0.66 0.78 1545890.0 60571500.0
224 May 12, 2017 0.79 0.8 0.7 0.73 689203.0 68568100.0
225 May 13, 2017 0.72 0.76 0.69 0.76 538137.0 63083600.0
226 May 14, 2017 0.76 0.77 0.69 0.72 392505.0 66313900.0
227 May 15, 2017 0.72 0.72 0.65 0.67 495659.0 62343900.0
228 May 16, 2017 0.67 0.79 0.64 0.75 923539.0 58588700.0
229 May 17, 2017 0.75 0.79 0.73 0.78 705139.0 65154000.0
230 May 18, 2017 0.78 0.87 0.78 0.87 1130740.0 67678300.0
231 May 19, 2017 0.87 1.1 0.87 1.07 1707320.0 75604400.0
232 May 20, 2017 1.07 1.14 1.03 1.07 845439.0 93164000.0
233 May 21, 2017 1.07 1.11 1.0 1.03 993821.0 92948200.0
234 May 22, 2017 1.04 1.09 0.91 1.09 1966380.0 90893200.0
235 May 23, 2017 1.08 1.42 1.08 1.39 2937970.0 94246200.0
236 May 24, 2017 1.39 1.49 1.35 1.43 1626390.0 121207000.0
237 May 25, 2017 1.44 1.47 1.08 1.1 1550580.0 125493000.0
238 May 26, 2017 1.04 1.43 0.98 1.08 1134780.0 90355600.0
239 May 27, 2017 1.08 1.13 0.81 1.03 1031830.0 94178400.0
240 May 28, 2017 1.04 1.16 1.02 1.09 752545.0 90958500.0
241 May 29, 2017 1.08 1.2 1.05 1.14 610580.0 94051400.0
242 May 30, 2017 1.14 1.18 1.02 1.06 1102090.0 99365300.0
243 May 31, 2017 1.06 1.16 0.97 1.16 1122510.0 92157400.0
244 Jun 01, 2017 1.15 1.22 1.14 1.19 845221.0 99909900.0
245 Jun 02, 2017 1.2 1.3 1.18 1.23 807120.0 104106000.0
246 Jun 03, 2017 1.24 1.3 1.21 1.29 658541.0 107576000.0
247 Jun 04, 2017 1.28 1.28 1.23 1.25 748216.0 111696000.0
248 Jun 05, 2017 1.25 1.36 1.25 1.35 812864.0 109082000.0
249 Jun 06, 2017 1.37 1.49 1.24 1.45 1573910.0 119173000.0
250 Jun 07, 2017 1.45 1.92 1.43 1.83 4420280.0 125948000.0
251 Jun 08, 2017 1.84 2.0 1.73 1.91 2720760.0 160300000.0
252 Jun 09, 2017 1.91 2.02 1.89 2.01 1637000.0 166180000.0
253 Jun 10, 2017 2.01 2.07 1.95 2.0 1480380.0 174933000.0
254 Jun 11, 2017 2.0 2.02 1.84 1.9 1751140.0 173684000.0
255 Jun 12, 2017 1.88 2.03 1.64 1.86 2059300.0 163984000.0
256 Jun 13, 2017 1.86 2.03 1.82 2.01 1635370.0 162285000.0
257 Jun 14, 2017 2.01 2.07 1.83 1.95 1520510.0 174751000.0
258 Jun 15, 2017 1.94 1.94 1.52 1.89 1802820.0 169085000.0
259 >Jun 16, 201 1.89 1.99 1.79 1.99 1033390.0 164641000.0
260 Jun 17, 2017 1.99 2.48 1.96 2.33 2402670.0 173548000.0
261 Jun 18, 2017 2.31 2.39 2.2 2.32 1370940.0 200808000.0
262 Jun 19, 2017 2.32 3.04 2.32 2.89 4110240.0 201721000.0
263 Jun 20, 2017 2.94 4.25 2.84 3.99 9077820.0 256066000.0
264 Jun 21, 2017 4.0 5.28 3.73 4.72 11621400.0 347775000.0
265 Jun 22, 2017 4.74 5.54 4.31 5.07 9782710.0 412424000.0
266 Jun 23, 2017 5.08 5.08 3.96 4.72 7769340.0 442178000.0
267 Jun 24, 2017 4.72 5.06 4.19 4.42 2784730.0 410409000.0
268 Jun 25, 2017 4.42 4.57 3.51 4.05 3424090.0 384150000.0
269 Jun 26, 2017 4.07 4.22 2.89 3.69 5594370.0 353719000.0
270 Jun 27, 2017 3.72 4.27 2.97 4.22 4487480.0 323945000.0
271 Jun 28, 2017 4.29 4.62 3.87 4.46 4247950.0 372800000.0
272 Jun 29, 2017 4.42 4.51 4.01 4.13 2575120.0 384902000.0
273 Jun 30, 2017 4.14 4.22 3.71 3.85 1834910.0 360296000.0
274 Jul 01, 2017 3.87 3.87 3.28 3.36 2173770.0 336257000.0
275 Jul 02, 2017 3.36 3.68 3.11 3.58 2221070.0 292255000.0
276 Jul 03, 2017 3.56 3.56 3.14 3.43 1790740.0 309694000.0
277 Jul 04, 2017 3.42 3.98 3.39 3.68 2385860.0 297877000.0
278 Jul 05, 2017 3.65 3.77 3.5 3.68 1371910.0 317610000.0
279 Jul 06, 2017 3.67 3.76 3.47 3.54 1394440.0 319098000.0
280 Jul 07, 2017 3.57 3.59 3.0 3.05 1408970.0 310954000.0
281 Jul 08, 2017 3.08 3.15 2.9 3.1 1225750.0 267563000.0
282 Jul 09, 2017 3.11 3.34 3.0 3.08 886793.0 270619000.0
283 Jul 10, 2017 3.09 3.09 2.31 2.43 2056210.0 268782000.0
284 Jul 11, 2017 2.4 2.5 1.8 2.13 2334360.0 208820000.0
285 Jul 12, 2017 2.11 2.41 1.98 2.39 1775830.0 183985000.0
286 Jul 13, 2017 2.45 2.62 2.2 2.3 1329580.0 213556000.0
287 Jul 14, 2017 2.29 2.3 1.87 1.99 1236940.0 199537000.0
288 Jul 15, 2017 1.99 2.02 1.69 1.69 976378.0 173480000.0
289 Jul 16, 2017 1.69 1.71 1.34 1.62 1281300.0 147009000.0
290 Jul 17, 2017 1.65 2.26 1.64 2.24 2136680.0 143446000.0
291 Jul 18, 2017 2.25 2.85 2.16 2.5 1788870.0 195451000.0
292 Jul 19, 2017 2.49 2.66 1.98 2.11 1733860.0 217060000.0
293 Jul 20, 2017 2.14 2.73 2.09 2.64 1521820.0 213980000.0
294 Jul 21, 2017 2.67 2.93 2.5 2.67 1217980.0 267469000.0
295 Jul 22, 2017 2.67 3.08 2.66 3.04 1544980.0 266708000.0
296 Jul 23, 2017 3.04 3.08 2.85 3.04 1134510.0 304173000.0
297 Jul 24, 2017 3.04 3.96 3.01 3.94 5126940.0 304484000.0
298 Jul 25, 2017 3.94 3.96 2.8 3.02 3412150.0 394029000.0
299 Jul 26, 2017 3.0 3.18 2.64 2.95 2818330.0 261092000.0
300 Jul 27, 2017 2.97 3.38 2.95 3.19 2483400.0 258113000.0
301 Jul 28, 2017 3.2 3.26 2.79 3.0 2208200.0 278492000.0
302 Jul 29, 2017 3.0 3.1 2.66 3.08 1621300.0 261214000.0
303 Jul 30, 2017 3.08 3.14 2.95 3.05 991187.0 268143000.0
304 Jul 31, 2017 3.05 3.23 2.97 3.12 2313560.0 265445000.0
305 Aug 01, 2017 3.08 3.79 3.03 3.56 4642040.0 268148000.0
306 Aug 02, 2017 3.55 3.59 3.07 3.22 2714390.0 308744000.0
307 Aug 03, 2017 3.23 3.32 3.08 3.19 1819470.0 280709000.0
308 Aug 04, 2017 3.19 3.31 3.08 3.12 1050640.0 277255000.0
309 Aug 05, 2017 3.13 3.33 2.91 3.05 2572420.0 271813000.0
310 Aug 06, 2017 3.07 3.23 2.89 2.89 1916070.0 266577000.0
311 Aug 07, 2017 2.88 3.11 2.76 2.86 2048760.0 249987000.0
312 Aug 08, 2017 2.86 3.14 2.66 3.07 1939350.0 248438000.0
313 Aug 09, 2017 3.08 3.12 2.85 2.96 1426260.0 267787000.0
314 Aug 10, 2017 2.94 2.98 2.55 2.63 2077500.0 255940000.0
315 Aug 11, 2017 2.61 3.6 2.55 3.24 3849970.0 227190000.0
316 Aug 12, 2017 3.33 3.43 3.01 3.2 2073890.0 289204000.0
317 Aug 13, 2017 3.2 3.24 2.75 2.9 1507230.0 277855000.0
318 Aug 14, 2017 2.91 3.09 2.81 3.01 1571700.0 252771000.0
319 Aug 15, 2017 3.02 3.02 2.7 2.89 1366220.0 262419000.0
320 Aug 16, 2017 2.89 3.05 2.77 2.9 1494230.0 250865000.0
321 Aug 17, 2017 2.9 3.27 2.87 2.97 1824670.0 252531000.0
322 Aug 18, 2017 2.98 3.41 2.92 3.16 2312210.0 258769000.0
323 Aug 19, 2017 3.18 3.51 3.02 3.13 1848200.0 276210000.0
324 Aug 20, 2017 3.11 3.54 3.07 3.4 1637800.0 270520000.0
325 Aug 21, 2017 3.36 3.47 3.16 3.17 1647370.0 292312000.0
326 Aug 22, 2017 3.22 3.39 2.88 3.27 1623000.0 279895000.0
327 Aug 23, 2017 3.26 3.35 2.91 3.04 1830170.0 283670000.0
328 Aug 24, 2017 3.03 3.03 2.82 2.83 1703620.0 263216000.0
329 Aug 25, 2017 2.83 2.94 2.44 2.64 1692260.0 245781000.0
330 Aug 26, 2017 2.64 2.86 2.46 2.79 1877030.0 229545000.0
331 Aug 27, 2017 2.79 2.85 2.6 2.66 1053800.0 242195000.0
332 Aug 28, 2017 2.66 2.68 2.46 2.52 2123260.0 231440000.0
333 Aug 29, 2017 2.5 2.64 2.16 2.54 4110300.0 217417000.0
334 Aug 30, 2017 2.5 2.66 2.27 2.6 1522710.0 249452000.0
335 Aug 31, 2017 2.61 2.62 2.46 2.55 1176560.0 260512000.0
336 Sep 01, 2017 2.51 3.1 2.51 2.98 3962710.0 250841000.0
337 Sep 02, 2017 2.98 2.99 2.37 2.49 1020620.0 297417000.0
338 Sep 03, 2017 2.5 2.62 2.36 2.48 745142.0 249452000.0
339 Sep 04, 2017 2.46 2.46 1.87 2.11 1420620.0 245324000.0
340 Sep 05, 2017 2.12 2.15 1.91 2.09 1115280.0 211494000.0
341 Sep 06, 2017 2.09 2.29 2.08 2.25 861218.0 209195000.0
342 Sep 07, 2017 2.25 2.27 2.14 2.23 868109.0 224469000.0
343 Sep 08, 2017 2.25 2.26 1.88 1.93 1154950.0 224421000.0
344 Sep 09, 2017 1.95 2.0 1.87 1.98 612943.0 194761000.0
345 Sep 10, 2017 1.97 1.97 1.76 1.87 1051140.0 196698000.0
346 Sep 11, 2017 1.87 1.9 1.65 1.69 1148110.0 186466000.0
347 Sep 12, 2017 1.71 1.86 1.69 1.73 896568.0 170490000.0
348 Sep 13, 2017 1.72 1.73 1.49 1.57 914075.0 171981000.0
349 Sep 14, 2017 1.57 1.61 1.21 1.26 922228.0 157294000.0
350 Sep 15, 2017 1.27 1.64 1.11 1.54 1015320.0 127333000.0
351 Sep 16, 2017 1.55 1.57 1.43 1.5 502995.0 155325000.0
352 Sep 17, 2017 1.5 1.53 1.41 1.51 379060.0 149765000.0
353 Sep 18, 2017 1.5 1.78 1.5 1.74 637481.0 150327000.0
354 Sep 19, 2017 1.74 1.74 1.53 1.54 652657.0 174136000.0
355 Sep 20, 2017 1.56 1.58 1.48 1.52 451794.0 155898000.0
356 Sep 21, 2017 1.51 1.52 1.33 1.34 492288.0 151297000.0
357 Sep 22, 2017 1.35 1.44 1.33 1.37 377966.0 134827000.0
358 Sep 23, 2017 1.37 1.49 1.36 1.49 480712.0 136574000.0
359 Sep 24, 2017 1.48 1.59 1.45 1.47 655838.0 148225000.0
360 Sep 25, 2017 1.47 1.57 1.4 1.54 784836.0 146819000.0
361 Sep 26, 2017 1.55 1.57 1.41 1.46 876569.0 154521000.0
362 Sep 27, 2017 1.45 1.55 1.43 1.51 994200.0 145265000.0
363 Sep 28, 2017 1.49 1.69 1.48 1.53 870765.0 148751000.0
364 Sep 29, 2017 1.53 1.53 1.43 1.44 578593.0 152449000.0
365 Sep 30, 2017 1.44 1.5 1.44 1.46 503944.0 144327000.0
366 Oct 01, 2017 1.45 1.49 1.42 1.44 543624.0 145141000.0
367 Oct 02, 2017 1.44 1.46 1.34 1.38 673112.0 143671000.0
368 Oct 03, 2017 1.38 1.4 1.28 1.35 773800.0 137505000.0
369 Oct 04, 2017 1.37 1.76 1.33 1.63 1393240.0 136879000.0
370 Oct 05, 2017 1.63 1.79 1.45 1.77 2142040.0 163000000.0
371 Oct 06, 2017 1.77 2.28 1.69 1.97 2451450.0 177201000.0
372 Oct 07, 2017 1.96 1.97 1.56 1.68 1186550.0 195424000.0
373 Oct 08, 2017 1.68 1.81 1.55 1.56 771438.0 167511000.0
374 Oct 09, 2017 1.55 1.6 1.5 1.53 767765.0 155127000.0
375 Oct 10, 2017 1.53 1.55 1.47 1.51 677698.0 152991000.0
376 Oct 11, 2017 1.51 1.53 1.47 1.51 492607.0 150748000.0
377 Oct 12, 2017 1.51 1.54 1.34 1.42 1159700.0 150703000.0
378 Oct 13, 2017 1.42 1.49 1.3 1.48 1525730.0 141428000.0
379 Oct 14, 2017 1.47 1.62 1.47 1.57 752774.0 147048000.0
380 Oct 15, 2017 1.57 1.62 1.42 1.48 517429.0 157306000.0
381 Oct 16, 2017 1.48 1.51 1.39 1.44 634010.0 147892000.0
382 Oct 17, 2017 1.45 1.48 1.35 1.39 604703.0 144422000.0
383 Oct 18, 2017 1.39 1.41 1.28 1.4 479763.0 139177000.0
384 Oct 19, 2017 1.39 1.42 1.3 1.32 547897.0 139042000.0
385 Oct 20, 2017 1.31 1.34 1.23 1.25 591748.0 130798000.0
386 Oct 21, 2017 1.25 1.25 1.14 1.16 703568.0 124990000.0
387 Oct 22, 2017 1.16 1.19 1.13 1.17 585036.0 115824000.0
388 Oct 23, 2017 1.16 1.18 1.09 1.15 778907.0 116326000.0
389 Oct 24, 2017 1.15 1.29 1.09 1.28 719753.0 114933000.0
390 Oct 25, 2017 1.28 1.3 1.24 1.27 504866.0 128253000.0
391 Oct 26, 2017 1.26 1.28 1.19 1.19 487578.0 126297000.0
392 Oct 27, 2017 1.19 1.21 1.18 1.19 361204.0 119140000.0
393 Oct 28, 2017 1.19 1.2 1.15 1.15 423288.0 118636000.0
394 Oct 29, 2017 1.15 1.21 1.15 1.17 507811.0 115326000.0
395 Oct 30, 2017 1.17 1.19 1.03 1.03 742624.0 116733000.0
396 Oct 31, 2017 1.02 1.09 0.99 1.01 764694.0 102335000.0
397 Nov 01, 2017 1.01 1.01 0.9 0.96 966985.0 101123000.0
398 Nov 02, 2017 0.96 1.0 0.94 0.98 723227.0 95757300.0
399 Nov 03, 2017 0.98 1.22 0.88 1.18 1671840.0 97923700.0
400 Nov 04, 2017 1.13 1.2 1.11 1.12 544334.0 112950000.0
401 Nov 05, 2017 1.12 1.13 1.03 1.05 553555.0 111631000.0
402 Nov 06, 2017 1.05 1.08 1.02 1.03 470203.0 105258000.0
403 Nov 07, 2017 1.03 1.04 0.83 0.91 1081590.0 102605000.0
404 Nov 08, 2017 0.9 0.97 0.9 0.94 778665.0 90156500.0
405 Nov 09, 2017 0.93 1.17 0.9 1.09 1517590.0 92569800.0
406 Nov 10, 2017 1.08 1.16 0.93 0.95 911687.0 107700000.0
407 Nov 11, 2017 0.95 1.1 0.95 1.09 541716.0 94987100.0
408 Nov 12, 2017 1.09 1.09 0.96 0.96 499419.0 108921000.0
409 Nov 13, 2017 0.97 1.05 0.95 0.98 515397.0 96423100.0
410 Nov 14, 2017 0.97 1.03 0.97 1.03 494426.0 97351200.0
411 Nov 15, 2017 1.03 1.11 1.03 1.09 682007.0 102658000.0
412 Nov 16, 2017 1.09 1.09 0.97 0.99 1100080.0 109157000.0
413 Nov 17, 2017 0.99 1.06 0.95 0.95 585602.0 98730800.0
414 Nov 18, 2017 0.95 1.07 0.93 1.06 755446.0 94739300.0
415 Nov 19, 2017 1.06 1.12 1.04 1.12 1076000.0 106163000.0
416 Nov 20, 2017 1.12 1.23 1.11 1.21 1219310.0 111729000.0
417 Nov 21, 2017 1.21 1.27 1.18 1.21 836093.0 120641000.0
418 Nov 22, 2017 1.22 1.51 1.21 1.48 1391270.0 121679000.0
419 Nov 23, 2017 1.48 1.49 1.37 1.43 963907.0 147197000.0
420 Nov 24, 2017 1.42 1.75 1.39 1.67 1411370.0 141905000.0
421 Nov 25, 2017 1.65 1.84 1.63 1.78 1158600.0 165140000.0
422 Nov 26, 2017 1.78 1.81 1.54 1.62 1386920.0 177996000.0
423 Nov 27, 2017 1.62 1.75 1.49 1.53 1351570.0 161412000.0
424 Nov 28, 2017 1.54 1.6 1.45 1.54 1292910.0 153319000.0
425 Nov 29, 2017 1.53 1.6 1.28 1.31 1400480.0 152295000.0
426 Nov 30, 2017 1.32 1.43 1.18 1.39 1035390.0 132277000.0
427 Dec 01, 2017 1.41 1.6 1.31 1.57 1096350.0 140244000.0
428 Dec 02, 2017 1.57 1.58 1.44 1.44 1020090.0 156775000.0
429 Dec 03, 2017 1.45 1.64 1.43 1.5 1202690.0 144529000.0
430 Dec 04, 2017 1.5 1.59 1.45 1.59 998783.0 149959000.0
431 Dec 05, 2017 1.58 1.68 1.56 1.62 1515480.0 158186000.0
432 Dec 06, 2017 1.6 1.63 1.46 1.59 1561860.0 160138000.0
433 Dec 07, 2017 1.59 1.66 1.35 1.42 1742390.0 158422000.0
434 Dec 08, 2017 1.41 1.49 1.32 1.46 1733490.0 140832000.0
435 Dec 09, 2017 1.46 1.55 1.42 1.48 1816180.0 145585000.0
436 Dec 10, 2017 1.48 1.48 1.29 1.34 1650370.0 147307000.0
437 Dec 11, 2017 1.33 1.53 1.32 1.47 2546600.0 132784000.0
438 Dec 12, 2017 1.47 1.55 1.4 1.46 2236970.0 146960000.0
439 Dec 13, 2017 1.45 1.69 1.38 1.54 2354230.0 145072000.0
440 Dec 14, 2017 1.54 1.59 1.42 1.54 2232100.0 153454000.0
441 Dec 15, 2017 1.54 1.72 1.51 1.67 2527590.0 153750000.0
442 Dec 16, 2017 1.66 1.94 1.64 1.94 4119660.0 165886000.0
443 Dec 17, 2017 1.92 2.89 1.91 2.34 10167800.0 192054000.0
444 Dec 18, 2017 2.33 2.58 2.05 2.41 5829230.0 232119000.0
445 Dec 19, 2017 2.41 2.47 2.13 2.2 3772270.0 240527000.0
446 Dec 20, 2017 2.19 2.22 1.98 2.19 3528080.0 218523000.0
447 Dec 21, 2017 2.21 2.82 2.19 2.56 7175370.0 220167000.0
448 Dec 22, 2017 2.61 2.63 1.52 1.92 3491570.0 260907000.0
449 Dec 23, 2017 1.94 2.31 1.86 2.13 3062330.0 193217000.0
450 Dec 24, 2017 2.14 2.14 1.79 1.99 1871320.0 213795000.0
451 Dec 25, 2017 2.0 2.56 1.97 2.56 4807020.0 199657000.0
452 Dec 26, 2017 2.56 2.6 2.17 2.32 4873210.0 256023000.0
453 Dec 27, 2017 2.34 2.56 2.18 2.27 3453400.0 233655000.0
454 Dec 28, 2017 2.27 2.55 2.0 2.22 6785200.0 226488000.0
455 Dec 29, 2017 2.23 2.35 2.12 2.3 4022980.0 222997000.0
456 Dec 30, 2017 2.3 2.63 2.04 2.6 6207940.0 229374000.0
457 Dec 31, 2017 2.57 2.9 2.43 2.73 6350860.0 256522000.0
458 Jan 01, 2018 2.74 2.76 2.52 2.54 3084440.0 273335000.0
459 Jan 02, 2018 2.54 2.94 2.54 2.86 6093530.0 253603000.0
460 Jan 03, 2018 2.87 3.32 2.79 3.32 5326450.0 286279000.0
461 Jan 04, 2018 3.32 4.12 3.0 3.86 16532100.0 331466000.0
462 Jan 05, 2018 3.85 4.54 3.6 3.6 12818500.0 384510000.0
463 Jan 06, 2018 3.63 4.38 3.58 4.29 12250200.0 361944000.0
464 Jan 07, 2018 4.29 4.83 4.22 4.74 11686600.0 428094000.0
465 Jan 08, 2018 4.71 4.75 3.84 4.13 10074900.0 469575000.0
466 Jan 09, 2018 4.12 5.65 4.12 5.34 16729500.0 411363000.0
467 Jan 10, 2018 5.42 5.43 4.19 4.55 11519700.0 540925000.0
468 Jan 11, 2018 4.56 4.65 3.73 3.83 7817090.0 455015000.0
469 Jan 12, 2018 3.87 4.17 3.75 3.88 4362090.0 386546000.0
470 Jan 13, 2018 3.81 4.26 3.77 4.16 6741410.0 380688000.0
471 Jan 14, 2018 4.18 4.68 3.6 3.91 9795460.0 417507000.0
472 Jan 15, 2018 3.9 5.14 3.44 3.44 21187500.0 389290000.0
473 Jan 16, 2018 3.44 3.51 2.12 2.41 10062000.0 343816000.0
474 Jan 17, 2018 2.42 2.73 1.79 2.53 7201550.0 241650000.0
475 Jan 18, 2018 2.56 3.02 2.51 2.71 4794180.0 255944000.0
476 Jan 19, 2018 2.7 2.85 2.49 2.68 4315700.0 269678000.0
477 Jan 20, 2018 2.83 3.11 2.72 3.06 12086300.0 282722000.0
478 Jan 21, 2018 3.07 3.07 2.44 2.58 4083430.0 306307000.0
479 Jan 22, 2018 2.59 2.74 2.05 2.24 4295810.0 258486000.0
480 Jan 23, 2018 2.23 2.39 2.06 2.25 2596770.0 222912000.0
481 Jan 24, 2018 2.24 2.38 2.18 2.37 3354360.0 223935000.0
482 Jan 25, 2018 2.44 2.71 2.33 2.67 5558360.0 243023000.0
483 Jan 26, 2018 2.65 2.75 2.33 2.53 3809020.0 264414000.0
484 Jan 27, 2018 2.53 2.62 2.44 2.49 2628390.0 252765000.0
485 Jan 28, 2018 2.51 2.96 2.5 2.95 4127230.0 250646000.0
486 Jan 29, 2018 2.94 3.24 2.73 2.76 10890400.0 293825000.0
487 Jan 30, 2018 2.76 2.8 2.26 2.43 3559220.0 275720000.0
488 Jan 31, 2018 2.43 2.45 2.26 2.38 2173140.0 242741000.0
489 Feb 01, 2018 2.39 2.46 1.98 2.11 3868800.0 238292000.0
490 Feb 02, 2018 2.09 2.09 1.57 1.93 3169780.0 208292000.0
491 Feb 03, 2018 1.94 2.09 1.74 2.06 2994380.0 193162000.0
492 Feb 04, 2018 2.05 2.07 1.62 1.68 1702200.0 204676000.0
493 Feb 05, 2018 1.68 1.72 1.18 1.31 2376260.0 167064000.0
494 Feb 06, 2018 1.31 1.59 1.02 1.59 2937510.0 130849000.0
495 Feb 07, 2018 1.57 1.73 1.44 1.54 1414390.0 156940000.0
496 Feb 08, 2018 1.53 1.69 1.53 1.65 1631090.0 152868000.0
497 Feb 09, 2018 1.65 1.78 1.57 1.74 646755.0 164419000.0
498 Feb 10, 2018 1.74 1.8 1.55 1.62 1229820.0 173201000.0
499 Feb 11, 2018 1.62 1.62 1.47 1.53 490564.0 161620000.0
500 Feb 12, 2018 1.54 1.66 1.54 1.62 1060620.0 153430000.0
501 Feb 13, 2018 1.63 1.63 1.55 1.58 1071810.0 162228000.0
502 Feb 14, 2018 1.57 1.75 1.57 1.73 853077.0 156630000.0
503 Feb 15, 2018 1.73 1.82 1.71 1.78 1221150.0 172952000.0
504 Feb 16, 2018 1.77 1.82 1.72 1.81 658846.0 176712000.0
505 Feb 17, 2018 1.81 1.93 1.79 1.92 1680310.0 180812000.0
506 Feb 18, 2018 1.92 1.94 1.74 1.79 1401580.0 191082000.0
507 Feb 19, 2018 1.78 1.92 1.77 1.86 740327.0 177792000.0
508 Feb 20, 2018 1.88 1.94 1.59 1.6 1978210.0 187072000.0
509 Feb 21, 2018 1.6 1.6 1.38 1.44 1282370.0 159687000.0
510 Feb 22, 2018 1.44 1.57 1.35 1.42 1006310.0 143976000.0
511 Feb 23, 2018 1.42 1.55 1.39 1.5 1131270.0 142081000.0
512 Feb 24, 2018 1.5 1.58 1.39 1.41 1325190.0 149661000.0
513 Feb 25, 2018 1.41 1.47 1.4 1.45 663502.0 140504000.0
514 Feb 26, 2018 1.46 1.56 1.44 1.46 836469.0 145228000.0
515 Feb 27, 2018 1.47 1.49 1.43 1.45 719453.0 146487000.0
516 Feb 28, 2018 1.45 1.49 1.38 1.38 626117.0 144144000.0
517 Mar 01, 2018 1.38 1.9 1.36 1.68 5866480.0 137942000.0
518 Mar 02, 2018 1.67 2.12 1.56 1.97 15597300.0 166932000.0
519 Mar 03, 2018 1.98 2.56 1.93 2.01 33189300.0 197597000.0
520 Mar 04, 2018 2.02 2.1 1.84 1.9 6144660.0 201974000.0
521 Mar 05, 2018 1.89 1.89 1.78 1.79 3110710.0 188511000.0
522 Mar 06, 2018 1.79 2.05 1.62 1.83 7566430.0 178171000.0
523 Mar 07, 2018 1.83 2.35 1.65 1.83 24776200.0 182194000.0
524 Mar 08, 2018 1.84 1.84 1.5 1.5 3202110.0 183358000.0
525 Mar 09, 2018 1.49 1.55 1.29 1.54 1908610.0 148347000.0
526 Mar 10, 2018 1.54 1.61 1.44 1.45 1518800.0 153969000.0
527 Mar 11, 2018 1.44 1.54 1.39 1.52 1055950.0 143620000.0
528 Mar 12, 2018 1.52 1.55 1.33 1.39 883203.0 151312000.0
529 Mar 13, 2018 1.38 1.44 1.35 1.37 861351.0 138002000.0
530 Mar 14, 2018 1.37 1.4 1.12 1.15 1249970.0 136819000.0
531 Mar 15, 2018 1.15 1.15 1.03 1.13 1204970.0 114267000.0
532 Mar 16, 2018 1.13 1.24 1.07 1.2 1209460.0 112523000.0
533 Mar 17, 2018 1.2 1.32 1.06 1.07 1794700.0 119942000.0
534 Mar 18, 2018 1.07 1.07 0.87 1.06 1324450.0 106334000.0
535 Mar 19, 2018 1.06 1.12 1.01 1.1 1301050.0 105552000.0
536 Mar 20, 2018 1.12 1.15 1.06 1.14 1179250.0 111362000.0
537 Mar 21, 2018 1.14 1.22 1.09 1.11 2242700.0 113946000.0
538 Mar 22, 2018 1.11 1.15 1.05 1.08 1164100.0 110808000.0
539 Mar 23, 2018 1.08 1.15 0.99 1.08 1614600.0 107872000.0
540 Mar 24, 2018 1.09 1.16 1.07 1.09 1246620.0 109132000.0
541 Mar 25, 2018 1.07 1.11 1.05 1.09 811287.0 106800000.0
542 Mar 26, 2018 1.09 1.11 0.93 0.98 978958.0 108524000.0
543 Mar 27, 2018 0.98 1.0 0.94 0.94 1429880.0 97687600.0
