0 Aug 27, 2017 0.24 0.24 0.23 0.24 4030040.0 0.0
1 Aug 28, 2017 0.25 0.25 0.2 0.23 9831220.0 0.0
2 Aug 29, 2017 0.23 0.24 0.21 0.21 4047160.0 0.0
3 Aug 30, 2017 0.21 0.22 0.16 0.17 4780670.0 0.0
4 Aug 31, 2017 0.17 0.21 0.15 0.19 7795120.0 0.0
5 Sep 01, 2017 0.18 0.19 0.16 0.17 3440440.0 0.0
6 Sep 02, 2017 0.17 0.17 0.11 0.12 4526460.0 0.0
7 Sep 03, 2017 0.12 0.13 0.09 0.09 4801700.0 0.0
8 Sep 04, 2017 0.09 0.1 0.04 0.04 6812260.0 0.0
9 Sep 05, 2017 0.04 0.05 0.03 0.04 5500340.0 0.0
10 Sep 06, 2017 0.04 0.04 0.04 0.04 5510850.0 0.0
11 Sep 08, 2017 0.04 0.04 0.03 0.04 1951940.0 0.0
12 Sep 09, 2017 0.04 0.04 0.04 0.04 1952470.0 0.0
13 Oct 09, 2017 0.07 0.09 0.07 0.08 923876.0 0.0
14 Oct 10, 2017 0.08 0.09 0.08 0.08 591717.0 0.0
15 Oct 11, 2017 0.08 0.08 0.07 0.07 541403.0 0.0
16 Oct 12, 2017 0.07 0.08 0.06 0.07 755915.0 0.0
17 Oct 13, 2017 0.07 0.08 0.05 0.07 599862.0 0.0
18 Oct 14, 2017 0.07 0.07 0.06 0.06 311368.0 0.0
19 Oct 15, 2017 0.06 0.07 0.06 0.07 199464.0 0.0
20 Oct 16, 2017 0.07 0.07 0.06 0.06 98964.7 0.0
21 Oct 17, 2017 0.06 0.07 0.06 0.07 190842.0 0.0
22 Oct 18, 2017 0.07 0.08 0.06 0.07 196492.0 0.0
23 Oct 19, 2017 0.07 0.08 0.07 0.07 206858.0 0.0
24 Oct 20, 2017 0.07 0.08 0.06 0.07 157423.0 0.0
25 Oct 21, 2017 0.07 0.08 0.07 0.07 160372.0 0.0
26 Oct 22, 2017 0.07 0.07 0.07 0.07 181883.0 0.0
27 Oct 23, 2017 0.07 0.07 0.07 0.07 167684.0 0.0
28 Oct 24, 2017 0.07 0.07 0.07 0.07 143459.0 0.0
29 Oct 25, 2017 0.07 0.07 0.06 0.07 152887.0 0.0
30 Oct 26, 2017 0.07 0.08 0.07 0.07 152840.0 0.0
31 Oct 27, 2017 0.07 0.1 0.07 0.07 138566.0 0.0
32 Oct 28, 2017 0.07 0.08 0.07 0.07 150990.0 0.0
33 Oct 29, 2017 0.07 0.09 0.07 0.08 190510.0 0.0
34 Oct 30, 2017 0.08 0.08 0.07 0.08 151973.0 0.0
35 Oct 31, 2017 0.08 0.08 0.07 0.08 189680.0 0.0
36 Nov 01, 2017 0.07 0.08 0.07 0.07 124020.0 0.0
37 Nov 02, 2017 0.07 0.08 0.06 0.07 63609.8 21898500.0
38 Nov 03, 2017 0.07 0.08 0.06 0.07 125594.0 21215900.0
39 Nov 04, 2017 0.07 0.08 0.06 0.07 69041.8 21056100.0
40 Nov 05, 2017 0.07 0.09 0.07 0.08 97115.1 20385000.0
41 Nov 06, 2017 0.08 0.1 0.07 0.08 79457.4 22968200.0
42 Nov 07, 2017 0.08 0.1 0.08 0.1 185245.0 22833500.0
43 Nov 08, 2017 0.1 0.11 0.09 0.1 171353.0 29433900.0
44 Nov 09, 2017 0.1 0.14 0.1 0.13 364087.0 30599600.0
45 Nov 10, 2017 0.13 0.15 0.11 0.12 415189.0 39673900.0
46 Nov 11, 2017 0.12 0.13 0.11 0.11 313817.0 35034500.0
47 Nov 12, 2017 0.11 0.11 0.09 0.1 244248.0 33331400.0
48 Nov 13, 2017 0.1 0.12 0.09 0.11 276878.0 28434300.0
49 Nov 14, 2017 0.11 0.12 0.1 0.1 259574.0 32739200.0
50 Nov 15, 2017 0.1 0.12 0.1 0.1 264685.0 30010100.0
51 Nov 16, 2017 0.1 0.13 0.1 0.12 349955.0 31790200.0
52 Nov 17, 2017 0.12 0.13 0.11 0.12 303229.0 36948400.0
53 Nov 18, 2017 0.11 0.13 0.11 0.12 377437.0 34475000.0
54 Nov 19, 2017 0.12 0.13 0.12 0.13 330448.0 36372600.0
55 Nov 20, 2017 0.13 0.14 0.12 0.13 491380.0 38053300.0
56 Nov 21, 2017 0.13 0.15 0.13 0.15 524710.0 39732000.0
57 Nov 22, 2017 0.15 0.19 0.15 0.19 642358.0 44132500.0
58 Nov 23, 2017 0.17 0.2 0.16 0.16 585729.0 51966700.0
59 Nov 24, 2017 0.16 0.18 0.16 0.16 422245.0 48265000.0
60 Nov 25, 2017 0.16 0.18 0.16 0.18 454508.0 48755200.0
61 Nov 26, 2017 0.18 0.25 0.17 0.22 992316.0 53600900.0
62 Nov 27, 2017 0.23 0.24 0.21 0.23 663289.0 67527800.0
63 Nov 28, 2017 0.23 0.23 0.21 0.21 427066.0 68916300.0
64 Nov 29, 2017 0.21 0.23 0.17 0.18 542045.0 63200100.0
65 Nov 30, 2017 0.19 0.24 0.19 0.24 839983.0 58405600.0
66 Dec 01, 2017 0.24 0.25 0.18 0.24 1575190.0 73050100.0
67 Dec 02, 2017 0.24 0.24 0.2 0.2 922364.0 72197900.0
68 Dec 03, 2017 0.2 0.22 0.2 0.21 1121870.0 61693300.0
69 Dec 04, 2017 0.21 0.24 0.2 0.24 1726410.0 62680500.0
70 Dec 05, 2017 0.24 0.28 0.22 0.26 2982290.0 73543600.0
71 Dec 06, 2017 0.26 0.32 0.25 0.31 2700770.0 78188700.0
72 Dec 07, 2017 0.31 0.33 0.28 0.3 1028710.0 91972700.0
73 Dec 08, 2017 0.31 0.31 0.25 0.29 735718.0 91906200.0
74 Dec 09, 2017 0.29 0.3 0.25 0.28 466354.0 87696300.0
75 Dec 10, 2017 0.28 0.28 0.23 0.26 687960.0 84145100.0
76 Dec 11, 2017 0.26 0.3 0.26 0.29 1333150.0 78371500.0
77 Dec 12, 2017 0.29 0.3 0.25 0.25 1470280.0 88615200.0
78 Dec 13, 2017 0.25 0.3 0.23 0.26 1312050.0 74320900.0
79 Dec 14, 2017 0.26 0.29 0.23 0.27 1609940.0 78180300.0
80 Dec 15, 2017 0.27 0.28 0.25 0.27 1430810.0 80224400.0
81 Dec 16, 2017 0.27 0.35 0.27 0.33 2587640.0 80478500.0
82 Dec 17, 2017 0.33 0.35 0.31 0.32 1490610.0 99949500.0
83 Dec 18, 2017 0.32 0.4 0.29 0.39 3562680.0 95346700.0
84 Dec 19, 2017 0.39 0.46 0.37 0.43 4814810.0 117299000.0
85 Dec 20, 2017 0.45 0.46 0.39 0.42 2896110.0 133606000.0
86 Dec 21, 2017 0.42 0.43 0.35 0.38 2402000.0 125821000.0
87 Dec 22, 2017 0.37 0.38 0.24 0.25 2852870.0 112373000.0
88 Dec 23, 2017 0.25 0.36 0.25 0.3 1723730.0 75268200.0
89 Dec 24, 2017 0.31 0.4 0.28 0.33 3406260.0 94345600.0
90 Dec 25, 2017 0.33 0.38 0.32 0.36 1184230.0 99715900.0
91 Dec 26, 2017 0.36 0.4 0.34 0.37 1139280.0 107821000.0
92 Dec 27, 2017 0.37 0.4 0.33 0.37 924525.0 109941000.0
93 Dec 28, 2017 0.37 0.38 0.32 0.33 675555.0 111137000.0
94 Dec 29, 2017 0.34 0.41 0.33 0.41 2295270.0 101049000.0
95 Dec 30, 2017 0.4 0.41 0.32 0.35 1461990.0 121020000.0
96 Dec 31, 2017 0.35 0.39 0.34 0.38 1701320.0 105414000.0
97 Jan 01, 2018 0.38 0.39 0.36 0.39 2355570.0 113804000.0
98 Jan 02, 2018 0.39 0.41 0.36 0.39 6662880.0 117050000.0
99 Jan 03, 2018 0.38 0.41 0.35 0.4 4833230.0 114361000.0
100 Jan 04, 2018 0.42 0.7 0.37 0.7 31189200.0 125495000.0
101 Jan 05, 2018 0.7 0.73 0.56 0.71 21843000.0 208905000.0
102 Jan 06, 2018 0.71 1.07 0.67 1.03 29355200.0 212047000.0
103 Jan 07, 2018 1.03 1.15 0.98 1.15 25596600.0 310008000.0
104 Jan 08, 2018 1.14 1.18 0.96 1.13 33777600.0 342198000.0
105 Jan 09, 2018 1.12 1.38 1.09 1.38 56420800.0 336010000.0
106 Jan 10, 2018 1.37 1.39 1.08 1.18 42999700.0 412074000.0
107 Jan 11, 2018 1.16 1.25 0.93 1.17 36576400.0 347909000.0
108 Jan 12, 2018 1.18 1.19 0.87 1.02 50086800.0 354191000.0
109 Jan 13, 2018 1.03 1.06 0.85 0.9 29417000.0 308145000.0
110 Jan 14, 2018 0.9 0.92 0.67 0.77 26091700.0 270279000.0
111 Jan 15, 2018 0.78 0.81 0.58 0.61 18762400.0 233530000.0
112 Jan 16, 2018 0.63 0.63 0.4 0.48 18524400.0 190259000.0
113 Jan 17, 2018 0.47 0.49 0.35 0.47 13637700.0 141428000.0
114 Jan 18, 2018 0.47 0.72 0.46 0.61 23876300.0 141230000.0
115 Jan 19, 2018 0.59 0.7 0.54 0.67 19294900.0 177781000.0
116 Jan 20, 2018 0.67 0.73 0.67 0.7 21360500.0 202298000.0
117 Jan 21, 2018 0.71 0.71 0.53 0.56 19874100.0 214092000.0
118 Jan 22, 2018 0.57 0.58 0.4 0.42 19271800.0 170698000.0
119 Jan 23, 2018 0.42 0.5 0.38 0.43 30214400.0 127547000.0
120 Jan 24, 2018 0.43 0.55 0.4 0.52 26202200.0 130702000.0
121 Jan 25, 2018 0.53 0.66 0.52 0.62 39075100.0 159731000.0
122 Jan 26, 2018 0.62 0.66 0.54 0.63 27453300.0 186408000.0
123 Jan 27, 2018 0.62 0.64 0.59 0.6 16231400.0 186765000.0
124 Jan 28, 2018 0.61 0.61 0.56 0.59 18023600.0 182160000.0
125 Jan 29, 2018 0.59 0.6 0.53 0.54 13477800.0 178601000.0
126 Jan 30, 2018 0.55 0.57 0.46 0.46 12954000.0 164199000.0
127 Jan 31, 2018 0.47 0.51 0.44 0.5 15468100.0 140896000.0
128 Feb 01, 2018 0.5 0.5 0.39 0.43 14743900.0 148942000.0
129 Feb 02, 2018 0.42 0.42 0.33 0.39 13936700.0 127695000.0
130 Feb 03, 2018 0.39 0.43 0.36 0.42 10807800.0 117727000.0
131 Feb 04, 2018 0.41 0.43 0.33 0.35 9256170.0 124468000.0
132 Feb 05, 2018 0.35 0.37 0.28 0.28 8226680.0 103966000.0
133 Feb 06, 2018 0.28 0.34 0.24 0.34 10508800.0 85549600.0
134 Feb 07, 2018 0.33 0.37 0.31 0.33 9564160.0 100476000.0
135 Feb 08, 2018 0.32 0.4 0.32 0.39 8289480.0 96298400.0
136 Feb 09, 2018 0.4 0.46 0.36 0.46 11877900.0 118688000.0
137 Feb 10, 2018 0.45 0.49 0.38 0.4 11307500.0 135696000.0
138 Feb 11, 2018 0.4 0.4 0.36 0.37 6950210.0 121087000.0
139 Feb 12, 2018 0.37 0.41 0.36 0.36 7219170.0 112121000.0
140 Feb 13, 2018 0.37 0.39 0.35 0.37 7178050.0 110846000.0
141 Feb 14, 2018 0.37 0.4 0.36 0.39 8436020.0 110000000.0
142 Feb 15, 2018 0.39 0.43 0.38 0.42 7742490.0 115931000.0
143 Feb 16, 2018 0.42 0.45 0.39 0.42 9857470.0 125594000.0
144 Feb 17, 2018 0.42 0.5 0.41 0.49 13201000.0 127065000.0
145 Feb 18, 2018 0.49 0.49 0.43 0.45 11781200.0 146228000.0
146 Feb 19, 2018 0.45 0.53 0.44 0.51 11866000.0 134553000.0
147 Feb 20, 2018 0.51 0.55 0.46 0.46 10727300.0 153478000.0
148 Feb 21, 2018 0.46 0.47 0.41 0.41 8772810.0 139421000.0
149 Feb 22, 2018 0.42 0.44 0.37 0.38 8363000.0 125149000.0
150 Feb 23, 2018 0.39 0.4 0.36 0.39 10002300.0 116000000.0
151 Feb 24, 2018 0.39 0.4 0.33 0.35 6861470.0 116810000.0
152 Feb 25, 2018 0.36 0.37 0.33 0.35 6180850.0 109062000.0
153 Feb 26, 2018 0.35 0.39 0.34 0.39 7258180.0 104267000.0
154 Feb 27, 2018 0.39 0.41 0.38 0.4 6124600.0 116605000.0
155 Feb 28, 2018 0.4 0.41 0.36 0.36 6609080.0 118903000.0
156 Mar 01, 2018 0.36 0.39 0.36 0.38 6068230.0 109778000.0
157 Mar 02, 2018 0.38 0.39 0.35 0.36 6246630.0 114891000.0
158 Mar 03, 2018 0.36 0.39 0.36 0.37 6088130.0 108439000.0
159 Mar 04, 2018 0.36 0.38 0.34 0.35 6005580.0 109215000.0
160 Mar 05, 2018 0.35 0.36 0.34 0.35 6031880.0 106333000.0
161 Mar 06, 2018 0.35 0.35 0.3 0.31 5635930.0 105575000.0
162 Mar 07, 2018 0.3 0.31 0.25 0.26 4990130.0 90622200.0
163 Mar 08, 2018 0.25 0.27 0.21 0.23 5770110.0 76376700.0
164 Mar 09, 2018 0.22 0.24 0.2 0.24 6099310.0 102460000.0
165 Mar 10, 2018 0.23 0.25 0.22 0.22 3901530.0 107036000.0
166 Mar 11, 2018 0.22 0.25 0.21 0.24 3716940.0 100968000.0
167 Mar 12, 2018 0.24 0.26 0.21 0.23 10534600.0 112132000.0
168 Mar 13, 2018 0.22 0.24 0.21 0.22 5187160.0 102383000.0
169 Mar 14, 2018 0.22 0.23 0.19 0.2 5381010.0 100005000.0
170 Mar 15, 2018 0.19 0.2 0.18 0.2 5734260.0 88890500.0
171 Mar 16, 2018 0.2 0.21 0.18 0.2 5149320.0 90614900.0
172 Mar 17, 2018 0.2 0.2 0.17 0.18 5341590.0 91674800.0
173 Mar 18, 2018 0.18 0.18 0.13 0.17 6350890.0 81959900.0
174 Mar 19, 2018 0.17 0.19 0.15 0.19 5014330.0 77753600.0
175 Mar 20, 2018 0.19 0.21 0.18 0.2 5436950.0 88065700.0
176 Mar 21, 2018 0.2 0.22 0.2 0.21 5306530.0 91375900.0
177 Mar 22, 2018 0.21 0.25 0.2 0.21 6075370.0 95630400.0
178 Mar 23, 2018 0.22 0.22 0.2 0.21 5249860.0 99722700.0
179 Mar 24, 2018 0.21 0.22 0.2 0.2 4989680.0 99818500.0
180 Mar 25, 2018 0.2 0.21 0.2 0.2 6311830.0 95355600.0
181 Mar 26, 2018 0.2 0.2 0.17 0.19 5454350.0 91576800.0
182 Mar 27, 2018 0.18 0.19 0.17 0.18 4739780.0 86102200.0
