0 Jun 08, 2017 48.95 253.2 33.7 48.56 450758.0 0.0
1 Jun 09, 2017 49.17 259.7 47.14 58.61 202187.0 0.0
2 Jun 10, 2017 58.58 84.48 3.16 3.16 379805.0 0.0
3 Jun 11, 2017 3.35 112.3 0.0 0.0 311346.0 0.0
4 Jun 12, 2017 34.21 329.4 11.91 23.3 209633.0 0.0
5 Jun 13, 2017 38.42 252.3 15.38 54.15 386655.0 0.0
6 Jun 14, 2017 38.68 106.8 11.67 47.99 725719.0 0.0
7 Jun 15, 2017 47.98 143.8 28.58 78.91 681138.0 0.0
8 Jun 16, 2017 46.21 85.2 28.24 47.62 664325.0 0.0
9 Jun 17, 2017 48.57 214.1 42.35 74.5 598619.0 93724400.0
10 Jun 18, 2017 74.44 120.1 57.11 80.06 460199.0 143643000.0
11 Jun 19, 2017 71.05 355.3 70.45 153.5 1782450.0 139690000.0
12 Jun 20, 2017 182.1 182.1 34.74 125.6 875154.0 358237000.0
13 Jun 21, 2017 125.7 425.0 69.71 101.4 196939.0 247407000.0
14 Jun 22, 2017 102.2 112.8 72.42 101.0 595125.0 201008000.0
15 Jun 23, 2017 96.25 109.7 81.78 88.07 648668.0 189303000.0
16 Jun 24, 2017 91.33 101.9 65.09 91.28 533137.0 179678000.0
17 Jun 25, 2017 81.98 137.3 76.89 87.85 448249.0 161284000.0
18 Jun 26, 2017 88.64 104.0 64.74 73.6 365080.0 174386000.0
19 Jun 27, 2017 79.69 92.05 68.17 91.11 660872.0 156778000.0
20 Jun 28, 2017 91.62 538.9 70.25 102.1 474827.0 180253000.0
21 Jun 29, 2017 101.9 195.4 27.04 87.18 403049.0 200574000.0
22 Jun 30, 2017 84.66 282.1 16.51 79.38 404239.0 166563000.0
23 Jul 01, 2017 83.3 368.9 73.15 80.29 418430.0 163893000.0
24 Jul 02, 2017 80.36 104.4 71.0 89.71 516134.0 158100000.0
25 Jul 03, 2017 88.88 217.4 76.36 85.3 1475570.0 174869000.0
26 Jul 04, 2017 135.9 298.3 135.9 187.6 2074780.0 267475000.0
27 Jul 05, 2017 187.3 268.6 91.22 204.8 1657050.0 368540000.0
28 Jul 06, 2017 204.7 345.1 53.0 207.6 1289000.0 402931000.0
29 Jul 07, 2017 206.1 469.1 110.9 168.6 1175170.0 405731000.0
30 Jul 08, 2017 168.9 191.8 92.96 179.6 1094770.0 332598000.0
31 Jul 09, 2017 180.1 191.4 104.7 161.6 831020.0 354508000.0
32 Jul 10, 2017 149.4 213.4 120.3 141.5 912641.0 294083000.0
33 Jul 11, 2017 133.9 159.0 112.8 125.4 568388.0 263683000.0
34 Jul 12, 2017 129.0 219.8 108.6 162.4 1024050.0 253958000.0
35 Jul 13, 2017 156.6 156.7 119.3 128.7 551359.0 308208000.0
36 Jul 14, 2017 128.5 199.8 92.59 129.4 750738.0 252924000.0
37 Jul 15, 2017 116.4 174.5 93.52 107.2 526734.0 229258000.0
38 Jul 16, 2017 106.7 203.6 84.43 137.0 846448.0 210073000.0
39 Jul 17, 2017 136.3 175.5 114.9 158.8 1096830.0 268360000.0
40 Jul 18, 2017 157.2 288.3 152.6 217.0 2329790.0 309564000.0
41 Jul 19, 2017 221.2 251.3 177.1 180.8 1940830.0 435521000.0
42 Jul 20, 2017 181.5 215.8 181.5 207.7 1201120.0 357526000.0
43 Jul 21, 2017 210.1 217.5 191.5 204.8 1171560.0 413850000.0
44 Jul 22, 2017 205.7 234.6 204.9 232.5 1366800.0 405142000.0
45 Jul 23, 2017 232.0 247.2 198.0 198.0 2101720.0 457018000.0
46 Jul 24, 2017 198.8 224.6 122.1 198.9 7801210.0 398911000.0
47 Jul 25, 2017 199.7 200.8 154.2 160.3 1662690.0 400704000.0
48 Jul 26, 2017 158.9 165.1 145.6 145.6 979729.0 318805000.0
49 Jul 27, 2017 145.7 157.7 137.9 157.6 1247980.0 292433000.0
50 Jul 28, 2017 158.1 179.8 147.2 148.6 928039.0 317210000.0
51 Jul 29, 2017 148.4 159.9 135.8 156.3 780460.0 297897000.0
52 Jul 30, 2017 156.7 159.1 133.0 140.8 529467.0 314424000.0
53 Jul 31, 2017 141.1 152.8 134.7 152.8 849255.0 283186000.0
54 Aug 01, 2017 153.1 197.3 147.4 193.1 1128220.0 307237000.0
55 Aug 02, 2017 193.1 207.2 165.8 168.7 1353000.0 387512000.0
56 Aug 03, 2017 169.6 188.2 156.2 159.4 929780.0 340408000.0
57 Aug 04, 2017 159.9 171.6 141.4 150.9 1432100.0 320939000.0
58 Aug 05, 2017 150.8 162.6 144.9 151.6 1016800.0 302681000.0
59 Aug 06, 2017 151.0 169.0 143.7 163.1 1073450.0 303015000.0
60 Aug 07, 2017 162.8 166.6 144.8 155.9 1708830.0 326781000.0
61 Aug 08, 2017 155.9 160.6 124.9 141.8 1574720.0 313014000.0
62 Aug 09, 2017 142.1 155.8 127.2 128.9 1016900.0 285798000.0
63 Aug 10, 2017 128.6 153.8 125.4 132.8 1322830.0 258592000.0
64 Aug 11, 2017 132.5 149.0 121.5 134.3 866089.0 266489000.0
65 Aug 12, 2017 134.4 149.1 110.6 123.2 1043500.0 270365000.0
66 Aug 13, 2017 122.5 134.3 103.4 121.4 1005650.0 246326000.0
67 Aug 14, 2017 121.0 146.3 119.8 127.7 546326.0 243339000.0
68 Aug 15, 2017 128.0 139.1 112.3 121.0 484945.0 257382000.0
69 Aug 16, 2017 121.2 124.8 114.3 120.4 276008.0 243726000.0
70 Aug 17, 2017 120.4 153.5 116.5 138.8 417889.0 242230000.0
71 Aug 18, 2017 138.9 149.8 119.5 125.5 478251.0 279299000.0
72 Aug 19, 2017 125.6 129.5 120.4 126.8 233569.0 252737000.0
73 Aug 20, 2017 126.2 136.9 115.9 126.3 254550.0 253999000.0
74 Aug 21, 2017 126.3 135.7 113.0 122.4 398006.0 254067000.0
75 Aug 22, 2017 122.3 126.5 102.4 113.5 373934.0 246054000.0
76 Aug 23, 2017 113.1 122.1 101.2 107.6 395507.0 227470000.0
77 Aug 24, 2017 107.7 130.9 89.55 109.5 1207530.0 216624000.0
78 Aug 25, 2017 108.3 128.2 105.3 114.7 562288.0 217867000.0
79 Aug 26, 2017 114.7 121.1 100.5 106.2 529091.0 230741000.0
80 Aug 27, 2017 106.4 112.4 96.82 99.9 540851.0 214039000.0
81 Aug 28, 2017 99.99 133.2 96.58 104.2 1191200.0 201107000.0
82 Aug 29, 2017 104.1 111.3 99.31 104.3 441796.0 209431000.0
83 Aug 30, 2017 104.2 105.5 81.73 93.72 787137.0 209697000.0
84 Aug 31, 2017 93.49 103.4 90.63 94.14 540121.0 188023000.0
85 Sep 01, 2017 94.32 96.24 75.99 93.87 1127460.0 189695000.0
86 Sep 02, 2017 94.08 104.1 83.62 98.07 655107.0 189213000.0
87 Sep 03, 2017 98.13 126.4 92.15 99.18 616404.0 197370000.0
88 Sep 04, 2017 99.19 101.1 81.67 100.0 499374.0 199501000.0
89 Sep 05, 2017 100.3 102.9 83.67 100.4 529581.0 201865000.0
90 Sep 06, 2017 101.3 112.2 98.66 109.0 519034.0 203849000.0
91 Sep 07, 2017 108.9 108.9 97.07 104.0 434926.0 219195000.0
92 Sep 08, 2017 104.2 108.2 55.94 103.1 613955.0 209648000.0
93 Sep 09, 2017 103.2 104.9 90.27 95.37 1067610.0 207590000.0
94 Sep 10, 2017 95.09 95.66 87.37 87.37 324440.0 191246000.0
95 Sep 11, 2017 87.62 98.65 83.1 88.19 611174.0 176227000.0
96 Sep 12, 2017 87.64 95.22 83.3 92.7 412080.0 176262000.0
97 Sep 13, 2017 91.42 91.42 71.16 81.14 457586.0 183867000.0
98 Sep 14, 2017 81.08 84.37 66.15 69.65 267914.0 163072000.0
99 Sep 15, 2017 70.17 87.72 59.83 86.72 293120.0 141134000.0
100 Sep 16, 2017 87.26 101.2 81.18 86.39 466838.0 175501000.0
101 Sep 17, 2017 86.25 104.6 82.24 104.6 287407.0 173474000.0
102 Sep 18, 2017 106.5 115.9 93.44 99.57 580538.0 214384000.0
103 Sep 19, 2017 99.86 102.5 85.04 88.1 379193.0 200832000.0
104 Sep 20, 2017 88.03 107.7 82.08 91.05 558018.0 177047000.0
105 Sep 21, 2017 90.69 91.74 77.0 80.64 337306.0 182392000.0
106 Sep 22, 2017 80.6 85.89 73.46 80.07 463277.0 162113000.0
107 Sep 23, 2017 80.0 86.92 74.24 86.72 220339.0 160907000.0
108 Sep 24, 2017 86.73 88.55 77.16 78.35 147935.0 174433000.0
109 Sep 25, 2017 78.47 86.67 78.47 80.97 265708.0 157826000.0
110 Sep 26, 2017 80.95 87.45 76.97 77.72 269815.0 162817000.0
111 Sep 27, 2017 77.62 84.98 74.21 83.1 354518.0 156120000.0
112 Sep 28, 2017 83.01 85.13 74.88 75.25 282470.0 166954000.0
113 Sep 29, 2017 75.18 76.35 70.96 74.66 264286.0 151214000.0
114 Sep 30, 2017 74.99 79.61 62.06 64.73 214287.0 150826000.0
115 Oct 01, 2017 65.04 76.97 64.64 74.49 245037.0 130804000.0
116 Oct 02, 2017 74.51 75.91 65.56 70.69 268205.0 149866000.0
117 Oct 03, 2017 70.5 74.48 61.08 67.77 398208.0 141789000.0
118 Oct 04, 2017 67.93 73.78 65.8 67.02 370106.0 136636000.0
119 Oct 05, 2017 67.03 68.4 63.38 64.22 345917.0 134813000.0
120 Oct 06, 2017 64.35 75.52 61.28 67.57 438750.0 129742000.0
121 Oct 07, 2017 67.53 68.06 58.82 61.79 280054.0 136143000.0
122 Oct 08, 2017 61.79 66.11 55.6 56.42 358034.0 124573000.0
123 Oct 09, 2017 56.52 63.99 54.87 57.83 260843.0 113957000.0
124 Oct 10, 2017 57.95 64.56 57.41 63.72 186440.0 116846000.0
125 Oct 11, 2017 63.73 84.56 63.35 84.49 283817.0 128482000.0
126 Oct 12, 2017 84.57 141.1 75.22 80.52 411596.0 170508000.0
127 Oct 13, 2017 80.44 88.11 67.04 78.55 380602.0 162171000.0
128 Oct 14, 2017 78.61 89.09 75.74 84.14 296547.0 158494000.0
129 Oct 15, 2017 84.23 85.31 74.59 78.18 224884.0 169825000.0
130 Oct 16, 2017 78.01 91.15 74.87 79.03 213794.0 157279000.0
131 Oct 17, 2017 79.74 82.59 69.96 73.68 356309.0 160763000.0
132 Oct 18, 2017 73.62 73.65 60.26 71.25 525937.0 148424000.0
133 Oct 19, 2017 71.15 73.37 61.07 63.44 359012.0 143441000.0
134 Oct 20, 2017 63.4 65.88 60.83 61.56 370308.0 127818000.0
135 Oct 21, 2017 61.78 64.43 57.49 62.29 338233.0 125183000.0
136 Oct 22, 2017 61.94 67.97 59.97 66.33 315451.0 125506000.0
137 Oct 23, 2017 66.4 68.29 57.8 59.7 470442.0 134532000.0
138 Oct 24, 2017 59.69 67.8 57.15 57.15 641551.0 120953000.0
139 Oct 25, 2017 57.04 60.3 54.52 56.55 457214.0 115574000.0
140 Oct 26, 2017 56.44 59.52 51.72 54.84 557912.0 114368000.0
141 Oct 27, 2017 54.92 55.3 49.99 53.62 806237.0 111288000.0
142 Oct 28, 2017 53.78 58.21 50.65 51.46 300509.0 108970000.0
143 Oct 29, 2017 51.43 55.04 46.25 52.03 386309.0 104205000.0
144 Oct 30, 2017 51.95 54.44 46.98 48.12 614046.0 105265000.0
145 Oct 31, 2017 48.13 52.44 45.63 50.8 589662.0 97524000.0
146 Nov 01, 2017 50.71 53.16 46.86 48.07 272363.0 102753000.0
147 Nov 02, 2017 48.1 59.01 44.58 50.98 319368.0 97472600.0
148 Nov 03, 2017 51.19 57.04 51.19 54.36 292073.0 103716000.0
149 Nov 04, 2017 54.35 58.9 50.64 54.37 337798.0 110119000.0
150 Nov 05, 2017 54.24 63.64 51.43 63.6 297911.0 109898000.0
151 Nov 06, 2017 63.68 64.8 53.2 54.05 407034.0 129021000.0
152 Nov 07, 2017 54.11 62.2 54.1 57.22 346582.0 109642000.0
153 Nov 08, 2017 57.17 74.85 57.05 70.66 428412.0 115831000.0
154 Nov 09, 2017 70.32 83.37 69.85 74.41 469943.0 142477000.0
155 Nov 10, 2017 75.1 79.07 67.1 69.49 268427.0 152162000.0
156 Nov 11, 2017 69.28 76.14 65.46 71.61 392282.0 140372000.0
157 Nov 12, 2017 71.61 75.16 62.78 65.93 302348.0 145102000.0
158 Nov 13, 2017 66.03 72.33 65.27 72.08 362643.0 133792000.0
159 Nov 14, 2017 72.09 80.73 72.09 78.91 443397.0 146071000.0
160 Nov 15, 2017 78.95 86.59 77.2 83.19 525776.0 159966000.0
161 Nov 16, 2017 83.19 111.8 82.44 99.41 775330.0 168550000.0
162 Nov 17, 2017 99.3 105.3 93.65 104.4 664781.0 201205000.0
163 Nov 18, 2017 104.6 113.0 98.72 112.3 527856.0 211951000.0
164 Nov 19, 2017 112.1 124.4 108.8 109.6 515638.0 227130000.0
165 Nov 20, 2017 109.6 114.5 97.92 102.9 634032.0 222071000.0
166 Nov 21, 2017 102.8 102.8 89.72 89.78 568294.0 208353000.0
167 Nov 22, 2017 89.91 97.11 86.13 92.47 432472.0 182179000.0
168 Nov 23, 2017 92.64 100.2 86.54 89.19 508324.0 187695000.0
169 Nov 24, 2017 90.44 98.59 86.59 90.64 499804.0 183252000.0
170 Nov 25, 2017 90.59 97.29 86.58 89.84 512575.0 183558000.0
171 Nov 26, 2017 89.83 95.37 85.73 91.54 527502.0 182013000.0
172 Nov 27, 2017 91.52 109.2 89.84 102.9 863021.0 185442000.0
173 Nov 28, 2017 102.8 114.8 96.6 102.4 763592.0 208420000.0
174 Nov 29, 2017 102.4 110.5 89.4 90.88 645841.0 207605000.0
175 Nov 30, 2017 92.07 109.7 81.46 94.96 680884.0 186543000.0
176 Dec 01, 2017 94.69 98.29 89.31 94.26 754948.0 191855000.0
177 Dec 02, 2017 94.06 105.7 93.67 99.77 626140.0 190586000.0
178 Dec 03, 2017 99.82 109.5 95.98 101.7 550355.0 202254000.0
179 Dec 04, 2017 101.2 109.5 100.4 109.5 817448.0 205091000.0
180 Dec 05, 2017 109.6 158.4 107.8 153.8 966945.0 222115000.0
181 Dec 06, 2017 152.3 160.4 130.5 135.8 1177340.0 308735000.0
182 Dec 07, 2017 133.3 158.4 130.1 157.5 920785.0 270087000.0
183 Dec 08, 2017 159.3 180.6 139.2 174.2 1120830.0 322812000.0
184 Dec 09, 2017 174.2 191.8 140.6 156.2 1349820.0 352937000.0
185 Dec 10, 2017 156.5 168.7 150.0 156.0 1065200.0 317267000.0
186 Dec 11, 2017 157.7 190.1 155.4 181.9 1022160.0 319637000.0
187 Dec 12, 2017 181.3 226.4 174.6 224.0 1439410.0 367469000.0
188 Dec 13, 2017 224.9 243.9 198.8 220.2 1126430.0 455760000.0
189 Dec 14, 2017 219.9 238.2 200.3 210.6 918112.0 445713000.0
190 Dec 15, 2017 207.5 232.9 197.4 232.9 1152550.0 420530000.0
191 Dec 16, 2017 233.6 299.8 233.6 269.8 1696420.0 473471000.0
192 Dec 17, 2017 269.6 292.8 265.0 276.1 1731570.0 549192000.0
193 Dec 18, 2017 275.8 299.3 262.0 279.7 1017940.0 561872000.0
194 Dec 19, 2017 278.7 309.7 244.7 251.1 1569900.0 567629000.0
195 Dec 20, 2017 250.9 279.0 223.2 268.2 1359590.0 511098000.0
196 Dec 21, 2017 268.6 404.1 268.2 374.9 2464550.0 547107000.0
197 Dec 22, 2017 376.2 407.3 255.3 338.7 1883090.0 766389000.0
198 Dec 23, 2017 342.8 374.5 327.4 327.4 1771260.0 698289000.0
199 Dec 24, 2017 331.2 336.9 278.3 327.6 1014880.0 674599000.0
200 Dec 25, 2017 330.0 385.6 324.5 361.5 1348280.0 672171000.0
201 Dec 26, 2017 359.6 374.1 346.0 350.7 1160140.0 732552000.0
202 Dec 27, 2017 351.3 374.1 305.6 328.3 1836280.0 715658000.0
203 Dec 28, 2017 324.4 325.3 274.8 307.1 1343160.0 660837000.0
204 Dec 29, 2017 309.8 376.4 309.5 354.1 1810640.0 630956000.0
205 Dec 30, 2017 355.2 358.7 316.1 338.2 1431870.0 723459000.0
206 Dec 31, 2017 335.8 356.4 327.6 337.3 1244940.0 684044000.0
207 Jan 01, 2018 338.1 357.1 325.3 343.1 890956.0 688682000.0
208 Jan 02, 2018 343.7 393.9 335.5 377.5 2011340.0 700169000.0
209 Jan 03, 2018 378.5 395.2 352.0 376.0 1000590.0 770974000.0
210 Jan 04, 2018 376.5 397.0 353.1 368.4 734384.0 766957000.0
211 Jan 05, 2018 366.4 395.6 356.2 380.1 426543.0 746285000.0
212 >Jan 06, 201 373.3 389.1 365.1 377.7 465537.0 760299000.0
213 Jan 07, 2018 377.5 406.1 364.0 397.7 822460.0 768932000.0
214 Jan 08, 2018 401.1 483.9 367.7 419.8 1136510.0 817064000.0
215 Jan 09, 2018 419.9 478.2 415.2 465.5 502374.0 855222000.0
216 Jan 10, 2018 468.9 506.3 425.8 466.7 846642.0 955178000.0
217 Jan 11, 2018 458.3 474.1 372.9 396.6 656849.0 933584000.0
218 Jan 12, 2018 398.3 454.4 378.4 419.3 373583.0 811273000.0
219 Jan 13, 2018 418.8 456.4 418.8 433.0 489287.0 853113000.0
220 Jan 14, 2018 438.1 450.9 382.7 409.3 327155.0 892416000.0
221 Jan 15, 2018 408.7 432.1 383.6 393.6 509700.0 832396000.0
222 Jan 16, 2018 395.6 396.6 265.9 329.1 656337.0 805803000.0
223 Jan 17, 2018 327.3 348.9 226.1 307.2 677491.0 666782000.0
224 Jan 18, 2018 312.9 417.3 296.0 347.9 822200.0 637408000.0
225 Jan 19, 2018 344.5 423.1 344.5 414.6 889892.0 701647000.0
226 Jan 20, 2018 415.5 508.5 413.6 429.9 1641620.0 846343000.0
227 Jan 21, 2018 429.9 429.9 347.9 380.4 818717.0 875732000.0
228 Jan 22, 2018 382.7 398.1 330.0 361.9 613026.0 779427000.0
229 Jan 23, 2018 361.2 365.5 314.3 347.3 612023.0 735650000.0
230 Jan 24, 2018 347.3 382.5 329.8 367.3 789267.0 707455000.0
231 Jan 25, 2018 375.6 413.3 370.1 389.1 1176550.0 765093000.0
232 Jan 26, 2018 387.2 402.8 319.8 372.4 985983.0 788757000.0
233 Jan 27, 2018 372.3 406.7 365.2 384.5 505141.0 758416000.0
234 Jan 28, 2018 383.2 428.6 382.2 401.4 1059580.0 780614000.0
235 Jan 29, 2018 401.3 414.4 376.2 402.6 809086.0 817401000.0
236 Jan 30, 2018 405.7 406.2 332.8 358.9 963779.0 826365000.0
237 Jan 31, 2018 362.4 404.9 334.3 404.9 617816.0 738090000.0
238 Feb 01, 2018 404.9 435.7 326.5 353.2 553054.0 824815000.0
239 Feb 02, 2018 352.0 360.6 251.4 331.9 861162.0 717050000.0
240 Feb 03, 2018 332.6 363.2 317.3 351.0 735091.0 677584000.0
241 Feb 04, 2018 350.9 362.7 293.8 311.3 462325.0 714802000.0
242 Feb 05, 2018 308.0 315.8 220.7 244.8 555309.0 627295000.0
243 Feb 06, 2018 245.5 274.8 196.3 273.4 1020650.0 499996000.0
244 Feb 07, 2018 274.4 309.0 258.4 268.4 552699.0 558882000.0
245 Feb 08, 2018 267.8 310.0 267.8 278.5 492661.0 545495000.0
246 Feb 09, 2018 279.0 295.1 261.0 287.2 143917.0 568265000.0
247 Feb 10, 2018 287.3 302.4 265.0 278.9 134022.0 585134000.0
248 Feb 11, 2018 278.6 283.1 253.7 271.9 132946.0 567436000.0
249 Feb 12, 2018 273.3 286.9 261.5 272.8 133613.0 556682000.0
250 Feb 13, 2018 261.9 278.8 242.7 257.4 157123.0 533522000.0
251 Feb 14, 2018 256.7 310.0 255.0 309.7 222206.0 522951000.0
252 Feb 15, 2018 310.3 316.1 285.9 298.2 284007.0 632144000.0
253 Feb 16, 2018 297.6 314.8 259.4 286.5 375869.0 606132000.0
254 Feb 17, 2018 288.2 304.7 278.5 303.4 215053.0 587059000.0
255 Feb 18, 2018 303.9 303.9 254.9 273.4 362683.0 619052000.0
256 Feb 19, 2018 273.0 290.3 255.3 262.9 281660.0 556030000.0
257 Feb 20, 2018 263.1 305.5 260.7 270.6 441466.0 535859000.0
258 Feb 21, 2018 270.9 275.1 248.0 249.0 425252.0 551814000.0
259 Feb 22, 2018 248.7 265.2 210.3 231.6 408549.0 506522000.0
260 Feb 23, 2018 230.6 248.7 212.0 227.0 422672.0 469752000.0
261 Feb 24, 2018 225.0 242.1 213.3 222.9 244051.0 458354000.0
262 Feb 25, 2018 223.0 242.3 218.6 232.3 167015.0 454322000.0
263 Feb 26, 2018 232.5 260.8 231.5 242.3 372012.0 473535000.0
264 Feb 27, 2018 242.9 263.2 234.2 248.3 161252.0 494864000.0
265 Feb 28, 2018 250.3 250.3 213.0 214.8 242228.0 509828000.0
266 Mar 01, 2018 214.9 228.3 209.2 221.3 320215.0 437703000.0
267 Mar 02, 2018 222.0 228.5 196.4 210.2 590505.0 452281000.0
268 Mar 03, 2018 207.7 245.6 206.7 226.2 447399.0 423046000.0
269 Mar 04, 2018 229.9 239.1 212.5 214.6 486390.0 468371000.0
270 Mar 05, 2018 214.6 226.6 191.2 203.0 868874.0 437227000.0
271 Mar 06, 2018 202.7 208.7 179.3 192.7 812972.0 412837000.0
272 Mar 07, 2018 192.7 206.8 168.8 173.3 1106170.0 392624000.0
273 Mar 08, 2018 173.0 195.4 164.3 168.8 521059.0 352491000.0
274 Mar 09, 2018 162.0 181.3 154.0 176.1 714730.0 330077000.0
275 Mar 10, 2018 176.0 192.3 155.9 160.7 432756.0 358557000.0
276 Mar 11, 2018 160.1 175.6 151.6 175.5 792959.0 326165000.0
277 Mar 12, 2018 175.3 176.4 151.2 159.4 609605.0 357085000.0
278 Mar 13, 2018 159.2 161.7 147.7 152.4 389270.0 324345000.0
279 Mar 14, 2018 152.4 162.7 119.8 133.6 670116.0 310452000.0
280 Mar 15, 2018 133.6 137.5 114.9 127.6 841965.0 272167000.0
281 Mar 16, 2018 127.5 133.0 114.3 114.4 474925.0 259699000.0
282 Mar 17, 2018 115.6 120.1 103.5 105.3 246461.0 235579000.0
283 Mar 18, 2018 105.0 106.1 84.82 104.8 357301.0 214048000.0
284 Mar 19, 2018 104.5 112.1 100.0 107.9 424318.0 212923000.0
285 Mar 20, 2018 108.7 112.2 101.7 108.3 379951.0 221522000.0
286 Mar 21, 2018 108.5 116.5 101.3 107.5 358308.0 221153000.0
287 Mar 22, 2018 107.6 124.9 100.8 121.9 497690.0 219142000.0
288 Mar 23, 2018 121.3 222.9 121.3 220.7 1470850.0 247105000.0
289 Mar 24, 2018 222.8 225.0 186.8 210.8 1048130.0 453858000.0
290 Mar 25, 2018 209.0 212.5 196.4 196.4 707846.0 425685000.0
291 Mar 26, 2018 196.6 198.6 157.6 181.5 421034.0 400446000.0
292 Mar 27, 2018 181.7 184.2 153.5 153.5 355698.0 370245000.0
