0 Aug 30, 2017 0.12 0.18 0.08 0.1 200829.0 0.0
1 Aug 31, 2017 0.1 0.13 0.08 0.13 66809.2 0.0
2 Sep 01, 2017 0.13 0.14 0.07 0.07 8198750.0 0.0
3 Sep 02, 2017 0.07 0.07 0.05 0.06 2840680.0 0.0
4 Sep 03, 2017 0.06 0.11 0.06 0.08 9833750.0 43334200.0
5 Sep 04, 2017 0.08 0.09 0.03 0.04 3792200.0 58897800.0
6 Sep 05, 2017 0.04 0.04 0.03 0.04 2816840.0 24852800.0
7 Sep 06, 2017 0.04 0.04 0.03 0.04 2589560.0 26041600.0
8 Sep 07, 2017 0.04 0.07 0.04 0.06 3608710.0 30847600.0
9 Sep 08, 2017 0.06 0.06 0.04 0.05 7482910.0 40278500.0
10 Sep 09, 2017 0.05 0.05 0.05 0.05 2811530.0 33000000.0
11 Sep 10, 2017 0.05 0.05 0.04 0.04 1592970.0 33069500.0
12 Sep 11, 2017 0.04 0.05 0.04 0.04 1042710.0 31591600.0
13 Sep 12, 2017 0.04 0.05 0.04 0.05 316986.0 31070300.0
14 Sep 13, 2017 0.05 0.05 0.04 0.05 177864.0 35498700.0
15 Sep 14, 2017 0.05 0.05 0.04 0.04 106674.0 33293600.0
16 Sep 15, 2017 0.04 0.06 0.04 0.05 75715.0 28954000.0
17 Sep 16, 2017 0.05 0.06 0.04 0.05 64551.0 38137600.0
18 Sep 17, 2017 0.05 0.05 0.04 0.05 41447.3 36078300.0
19 Sep 18, 2017 0.05 0.06 0.05 0.05 56477.0 33098500.0
20 Sep 19, 2017 0.05 0.05 0.04 0.04 45354.1 34093800.0
21 Sep 20, 2017 0.04 0.05 0.04 0.04 19234.9 32009000.0
22 Sep 21, 2017 0.04 0.05 0.04 0.04 52375.9 30607700.0
23 Sep 22, 2017 0.04 0.15 0.04 0.04 82929.5 27121600.0
24 Sep 23, 2017 0.04 0.27 0.04 0.06 154649.0 31712900.0
25 Sep 24, 2017 0.06 0.07 0.05 0.06 79280.4 42159200.0
26 Sep 25, 2017 0.06 0.07 0.06 0.06 72688.6 41283600.0
27 Sep 26, 2017 0.06 0.06 0.06 0.06 51622.5 41139400.0
28 Sep 27, 2017 0.06 0.07 0.05 0.06 88025.9 41675300.0
29 Sep 28, 2017 0.06 0.09 0.06 0.08 271944.0 44847900.0
30 Sep 29, 2017 0.08 0.09 0.07 0.09 356187.0 23127400.0
31 Sep 30, 2017 0.09 0.12 0.08 0.12 702603.0 25003500.0
32 Oct 01, 2017 0.13 0.2 0.12 0.18 2094370.0 35907900.0
33 Oct 02, 2017 0.17 0.17 0.15 0.16 1084100.0 50293800.0
34 Oct 03, 2017 0.16 0.17 0.14 0.16 634171.0 44827400.0
35 Oct 04, 2017 0.16 0.2 0.15 0.2 966273.0 46513400.0
36 Oct 05, 2017 0.2 0.23 0.19 0.23 2203710.0 57691000.0
37 Oct 06, 2017 0.23 0.26 0.23 0.25 1973490.0 66827700.0
38 Oct 07, 2017 0.25 0.26 0.2 0.22 1300820.0 72386400.0
39 Oct 08, 2017 0.21 0.22 0.15 0.18 1300060.0 61383800.0
40 Oct 09, 2017 0.18 0.18 0.12 0.16 724069.0 51483500.0
41 Oct 10, 2017 0.16 0.17 0.14 0.16 640169.0 46610100.0
42 Oct 11, 2017 0.16 0.19 0.16 0.19 537098.0 46449400.0
43 Oct 12, 2017 0.19 0.19 0.16 0.18 542226.0 54258200.0
44 Oct 13, 2017 0.17 0.18 0.12 0.17 799815.0 50297500.0
45 Oct 14, 2017 0.18 0.2 0.18 0.18 738487.0 52265900.0
46 Oct 15, 2017 0.18 0.19 0.16 0.17 318204.0 51502300.0
47 Oct 16, 2017 0.17 0.18 0.15 0.16 339813.0 47957900.0
48 Oct 17, 2017 0.16 0.17 0.14 0.16 296487.0 46769800.0
49 Oct 18, 2017 0.16 0.16 0.14 0.16 334873.0 45784400.0
50 Oct 19, 2017 0.16 0.19 0.16 0.18 808318.0 46395200.0
51 Oct 20, 2017 0.18 0.19 0.16 0.17 416205.0 51652600.0
52 Oct 21, 2017 0.17 0.17 0.15 0.16 208200.0 50085600.0
53 Oct 22, 2017 0.16 0.17 0.15 0.16 284899.0 46437800.0
54 Oct 23, 2017 0.16 0.16 0.14 0.15 184110.0 44855100.0
55 Oct 24, 2017 0.15 0.17 0.15 0.15 334629.0 43725600.0
56 Oct 25, 2017 0.15 0.15 0.14 0.15 170930.0 44347000.0
57 Oct 26, 2017 0.14 0.15 0.14 0.14 220197.0 41527900.0
58 Oct 27, 2017 0.14 0.15 0.14 0.15 246288.0 39956500.0
59 Oct 28, 2017 0.15 0.15 0.14 0.15 188744.0 42275700.0
60 Oct 29, 2017 0.15 0.15 0.14 0.15 229723.0 42100700.0
61 Oct 30, 2017 0.15 0.19 0.15 0.16 1704170.0 42964200.0
62 Oct 31, 2017 0.17 0.17 0.15 0.16 956200.0 47244600.0
63 Nov 01, 2017 0.16 0.2 0.15 0.18 3133780.0 45775400.0
64 Nov 02, 2017 0.18 0.18 0.16 0.16 988862.0 51726800.0
65 Nov 03, 2017 0.16 0.17 0.15 0.16 733898.0 45545300.0
66 Nov 04, 2017 0.16 0.17 0.16 0.16 533975.0 47127900.0
67 Nov 05, 2017 0.16 0.16 0.15 0.15 619576.0 45508500.0
68 Nov 06, 2017 0.15 0.16 0.15 0.16 839219.0 44486200.0
69 Nov 07, 2017 0.16 0.16 0.15 0.15 463039.0 44650900.0
70 Nov 08, 2017 0.15 0.18 0.15 0.17 931716.0 44425800.0
71 Nov 09, 2017 0.17 0.18 0.16 0.17 924937.0 47719600.0
72 Nov 10, 2017 0.17 0.18 0.15 0.15 1037280.0 47512900.0
73 Nov 11, 2017 0.15 0.16 0.15 0.16 611035.0 42911100.0
74 Nov 12, 2017 0.16 0.16 0.13 0.13 810831.0 46535400.0
75 Nov 13, 2017 0.13 0.15 0.13 0.14 457430.0 37296000.0
76 Nov 14, 2017 0.14 0.15 0.13 0.14 555592.0 40930000.0
77 Nov 15, 2017 0.14 0.15 0.14 0.14 515612.0 39752700.0
78 Nov 16, 2017 0.14 0.15 0.13 0.13 670416.0 41427900.0
79 Nov 17, 2017 0.13 0.15 0.12 0.15 986438.0 37875300.0
80 Nov 18, 2017 0.15 0.19 0.14 0.18 2643510.0 43257000.0
81 Nov 19, 2017 0.18 0.2 0.17 0.19 3531190.0 52085000.0
82 Nov 20, 2017 0.19 0.24 0.19 0.2 5835710.0 55385300.0
83 Nov 21, 2017 0.2 0.2 0.17 0.17 2261270.0 55945700.0
84 Nov 22, 2017 0.17 0.18 0.17 0.18 1508720.0 48632600.0
85 Nov 23, 2017 0.17 0.19 0.17 0.17 1059520.0 50359700.0
86 Nov 24, 2017 0.17 0.2 0.17 0.2 1486680.0 49237600.0
87 Nov 25, 2017 0.2 0.22 0.19 0.21 1509670.0 57699800.0
88 Nov 26, 2017 0.21 0.22 0.2 0.21 1416640.0 60843800.0
89 Nov 27, 2017 0.21 0.22 0.19 0.22 3511020.0 59014600.0
90 >Nov 28, 201 0.21 0.24 0.21 0.23 5444650.0 61789100.0
91 Nov 29, 2017 0.23 0.24 0.18 0.18 4980480.0 64493000.0
92 Nov 30, 2017 0.18 0.21 0.17 0.21 4372370.0 52751500.0
93 Dec 01, 2017 0.2 0.24 0.2 0.23 4661340.0 58919200.0
94 Dec 02, 2017 0.23 0.26 0.22 0.26 4882390.0 67057100.0
95 Dec 03, 2017 0.26 0.3 0.24 0.28 8670450.0 73198200.0
96 Dec 04, 2017 0.28 0.32 0.27 0.31 9087570.0 81813300.0
97 Dec 05, 2017 0.32 0.32 0.27 0.28 10273100.0 90743300.0
98 Dec 06, 2017 0.28 0.28 0.24 0.25 8219890.0 80546300.0
99 Dec 07, 2017 0.25 0.27 0.21 0.22 6744120.0 70970000.0
100 Dec 08, 2017 0.21 0.27 0.19 0.25 6449680.0 61590000.0
101 Dec 09, 2017 0.25 0.25 0.21 0.24 5546210.0 70740000.0
102 Dec 10, 2017 0.24 0.24 0.2 0.2 4365390.0 68453600.0
103 Dec 11, 2017 0.2 0.22 0.2 0.22 5406230.0 58544600.0
104 Dec 12, 2017 0.22 0.24 0.2 0.21 5711980.0 62479300.0
105 Dec 13, 2017 0.21 0.24 0.2 0.23 5698520.0 61346000.0
106 Dec 14, 2017 0.23 0.27 0.2 0.26 8397000.0 64628700.0
107 Dec 15, 2017 0.27 0.27 0.21 0.25 7529180.0 75943200.0
108 Dec 16, 2017 0.25 0.3 0.24 0.28 6187860.0 70413900.0
109 Dec 17, 2017 0.28 0.39 0.28 0.37 9791170.0 79811300.0
110 Dec 18, 2017 0.37 0.38 0.32 0.38 8176050.0 105644000.0
111 Dec 19, 2017 0.38 0.39 0.33 0.34 6677380.0 108127000.0
112 Dec 20, 2017 0.34 0.35 0.31 0.32 3457720.0 96752000.0
113 Dec 21, 2017 0.32 0.39 0.32 0.35 5281890.0 92828000.0
114 Dec 22, 2017 0.35 0.36 0.23 0.3 4821260.0 100821000.0
115 Dec 23, 2017 0.3 0.36 0.29 0.34 3926560.0 86111600.0
116 Dec 24, 2017 0.34 0.34 0.28 0.31 2114270.0 97244800.0
117 Dec 25, 2017 0.31 0.33 0.3 0.32 2362050.0 88421700.0
118 Dec 26, 2017 0.32 0.33 0.29 0.3 2676290.0 90586500.0
119 Dec 27, 2017 0.3 0.4 0.3 0.36 8431440.0 86816900.0
120 Dec 28, 2017 0.36 0.38 0.3 0.34 3886040.0 102536000.0
121 Dec 29, 2017 0.34 0.41 0.34 0.39 6462780.0 98257100.0
122 Dec 30, 2017 0.39 0.43 0.34 0.37 6362530.0 111496000.0
123 Dec 31, 2017 0.37 0.47 0.36 0.46 9570140.0 104915000.0
124 Jan 01, 2018 0.46 0.5 0.42 0.46 5781390.0 131690000.0
125 Jan 02, 2018 0.46 0.52 0.43 0.49 10427400.0 130917000.0
126 Jan 03, 2018 0.49 0.57 0.45 0.57 11634500.0 139819000.0
127 Jan 04, 2018 0.57 0.69 0.55 0.66 16973700.0 163805000.0
128 Jan 05, 2018 0.66 1.11 0.65 1.03 53987200.0 41138000.0
129 Jan 06, 2018 1.04 1.38 1.02 1.3 52629400.0 65205200.0
130 Jan 07, 2018 1.27 1.32 1.08 1.15 25142700.0 78963500.0
131 Jan 08, 2018 1.16 1.68 0.9 1.45 44705100.0 72101200.0
132 Jan 09, 2018 1.45 2.59 1.41 2.12 173346000.0 90568300.0
133 Jan 10, 2018 2.24 2.24 1.48 1.71 77854000.0 139725000.0
134 Jan 11, 2018 1.72 1.89 1.41 1.42 32398100.0 107445000.0
135 Jan 12, 2018 1.44 1.67 1.4 1.48 27587600.0 90109200.0
136 Jan 13, 2018 1.48 1.56 1.19 1.24 26940400.0 920463000.0
137 Jan 14, 2018 1.24 1.45 1.04 1.35 30760100.0 772804000.0
138 Jan 15, 2018 1.31 1.58 1.13 1.13 31598000.0 818513000.0
139 Jan 16, 2018 1.13 1.16 0.73 0.87 16416700.0 635660000.0
140 Jan 17, 2018 0.86 0.99 0.62 0.91 13854700.0 484717000.0
141 Jan 18, 2018 0.92 1.04 0.85 0.93 15093700.0 514288000.0
142 Jan 19, 2018 0.92 1.17 0.83 1.13 18655100.0 516230000.0
143 Jan 20, 2018 1.14 1.5 1.1 1.41 33319000.0 641601000.0
144 Jan 21, 2018 1.41 1.41 1.01 1.08 15511300.0 788899000.0
145 Jan 22, 2018 1.1 1.14 0.94 0.99 11088100.0 616970000.0
146 Jan 23, 2018 0.99 1.15 0.9 1.01 8098120.0 556960000.0
147 Jan 24, 2018 1.0 1.12 0.98 1.07 9071860.0 562494000.0
148 Jan 25, 2018 1.08 1.16 1.05 1.08 7228330.0 607511000.0
149 Jan 26, 2018 1.08 1.11 0.95 1.09 10099100.0 604136000.0
150 Jan 27, 2018 1.09 1.16 1.06 1.13 8440320.0 612520000.0
151 Jan 28, 2018 1.14 1.16 1.06 1.06 7175830.0 639377000.0
152 Jan 29, 2018 1.06 1.08 1.01 1.03 6378940.0 596836000.0
153 Jan 30, 2018 1.03 1.13 0.91 0.97 11550200.0 576874000.0
154 >Jan 31, 201 0.97 0.98 0.89 0.93 5016460.0 546950000.0
155 Feb 01, 2018 0.93 1.0 0.77 0.82 8009750.0 524007000.0
156 Feb 02, 2018 0.82 0.82 0.61 0.77 5879210.0 459315000.0
157 Feb 03, 2018 0.77 0.84 0.71 0.81 2856150.0 432164000.0
158 Feb 04, 2018 0.81 0.84 0.64 0.68 3273390.0 455391000.0
159 Feb 05, 2018 0.68 0.69 0.51 0.52 3546640.0 378989000.0
160 Feb 06, 2018 0.52 0.65 0.4 0.63 5641320.0 293319000.0
161 Feb 07, 2018 0.63 0.69 0.56 0.58 2820540.0 354359000.0
162 Feb 08, 2018 0.58 0.66 0.58 0.64 2444270.0 327585000.0
163 Feb 09, 2018 0.64 0.7 0.61 0.7 1171380.0 357604000.0
164 Feb 10, 2018 0.7 0.74 0.63 0.66 2499220.0 394476000.0
165 Feb 11, 2018 0.66 0.66 0.6 0.61 1884400.0 369225000.0
166 Feb 12, 2018 0.61 0.67 0.61 0.66 1539460.0 342973000.0
167 Feb 13, 2018 0.66 0.67 0.62 0.63 974596.0 372653000.0
168 Feb 14, 2018 0.63 0.69 0.62 0.68 2732930.0 353226000.0
169 Feb 15, 2018 0.68 0.7 0.66 0.69 2070900.0 383109000.0
170 Feb 16, 2018 0.69 0.74 0.67 0.71 2468540.0 388762000.0
171 Feb 17, 2018 0.71 0.77 0.7 0.77 2172190.0 397397000.0
172 Feb 18, 2018 0.77 0.77 0.67 0.68 2096690.0 431802000.0
173 Feb 19, 2018 0.68 0.8 0.68 0.72 3526600.0 380466000.0
174 Feb 20, 2018 0.72 0.73 0.64 0.64 2339340.0 405294000.0
175 Feb 21, 2018 0.64 0.65 0.59 0.6 1591470.0 359891000.0
176 Feb 22, 2018 0.6 0.65 0.55 0.57 2072610.0 337370000.0
177 Feb 23, 2018 0.56 0.79 0.55 0.66 10787000.0 315348000.0
178 Feb 24, 2018 0.65 0.74 0.64 0.68 11116200.0 365511000.0
179 Feb 25, 2018 0.68 0.68 0.6 0.62 3279210.0 380857000.0
180 Feb 26, 2018 0.62 0.65 0.6 0.64 1817100.0 347673000.0
181 Feb 27, 2018 0.64 0.65 0.61 0.61 3094370.0 358546000.0
182 Feb 28, 2018 0.61 0.63 0.55 0.55 3504480.0 345572000.0
183 Mar 01, 2018 0.56 0.57 0.53 0.54 3988730.0 313407000.0
184 Mar 02, 2018 0.55 0.57 0.52 0.53 2359030.0 308217000.0
185 Mar 03, 2018 0.53 0.55 0.52 0.52 1795840.0 300682000.0
186 Mar 04, 2018 0.52 0.54 0.51 0.54 1571400.0 297319000.0
187 Mar 05, 2018 0.54 0.56 0.54 0.55 2180030.0 307839000.0
188 Mar 06, 2018 0.55 0.55 0.46 0.47 2651710.0 310955000.0
189 Mar 07, 2018 0.47 0.49 0.39 0.41 2699710.0 265717000.0
190 Mar 08, 2018 0.41 0.48 0.35 0.44 16941500.0 232535000.0
191 Mar 09, 2018 0.44 0.44 0.34 0.4 11645900.0 249227000.0
192 Mar 10, 2018 0.4 0.42 0.35 0.36 3844140.0 226916000.0
193 Mar 11, 2018 0.36 0.38 0.34 0.38 3325920.0 203749000.0
194 Mar 12, 2018 0.38 0.38 0.34 0.35 3356110.0 215473000.0
195 Mar 13, 2018 0.35 0.36 0.33 0.34 2754340.0 198136000.0
196 Mar 14, 2018 0.34 0.35 0.3 0.31 1902010.0 192506000.0
197 Mar 15, 2018 0.31 0.33 0.29 0.31 2378270.0 176180000.0
198 Mar 16, 2018 0.3 0.33 0.3 0.31 1817310.0 175042000.0
199 Mar 17, 2018 0.31 0.32 0.29 0.29 1147170.0 179820000.0
200 Mar 18, 2018 0.28 0.29 0.24 0.29 2026640.0 163152000.0
201 Mar 19, 2018 0.29 0.32 0.28 0.32 1922500.0 164590000.0
202 Mar 20, 2018 0.32 0.34 0.31 0.34 1719810.0 182558000.0
203 Mar 21, 2018 0.34 0.51 0.34 0.41 24672700.0 196622000.0
204 Mar 22, 2018 0.4 0.49 0.39 0.44 15537700.0 231324000.0
205 Mar 23, 2018 0.44 0.46 0.42 0.46 11100000.0 251962000.0
206 Mar 24, 2018 0.46 0.52 0.46 0.5 8622880.0 262470000.0
207 Mar 25, 2018 0.5 0.5 0.46 0.47 4376980.0 285097000.0
208 Mar 26, 2018 0.47 0.47 0.39 0.42 4584660.0 268446000.0
209 Mar 27, 2018 0.42 0.43 0.39 0.41 3080850.0 241902000.0
