0 Oct 01, 2017 0.02 0.03 0.02 0.02 50068700.0 0.0
1 Oct 02, 2017 0.02 0.03 0.02 0.03 57641300.0 0.0
2 Oct 03, 2017 0.03 0.03 0.02 0.02 16997800.0 624651000.0
3 Oct 04, 2017 0.02 0.02 0.02 0.02 9000050.0 540946000.0
4 Oct 05, 2017 0.02 0.02 0.02 0.02 5562510.0 569134000.0
5 Oct 06, 2017 0.02 0.02 0.02 0.02 7780710.0 553774000.0
6 Oct 07, 2017 0.02 0.02 0.02 0.02 7411240.0 477417000.0
7 Oct 08, 2017 0.02 0.02 0.02 0.02 7727460.0 542638000.0
8 Oct 09, 2017 0.02 0.02 0.02 0.02 4663310.0 527469000.0
9 Oct 10, 2017 0.02 0.02 0.02 0.02 2725600.0 573302000.0
10 Oct 11, 2017 0.02 0.02 0.02 0.02 3606720.0 556914000.0
11 Oct 12, 2017 0.02 0.03 0.02 0.03 8680640.0 584358000.0
12 Oct 13, 2017 0.03 0.03 0.03 0.03 15613600.0 675684000.0
13 Oct 14, 2017 0.03 0.04 0.03 0.03 27853200.0 878314000.0
14 Oct 15, 2017 0.03 0.03 0.03 0.03 7104990.0 852317000.0
15 Oct 16, 2017 0.03 0.03 0.03 0.03 6196030.0 776227000.0
16 Oct 17, 2017 0.03 0.03 0.03 0.03 7039900.0 750659000.0
17 Oct 18, 2017 0.03 0.03 0.02 0.03 2336180.0 705718000.0
18 Oct 19, 2017 0.03 0.03 0.03 0.03 2897720.0 692370000.0
19 Oct 20, 2017 0.03 0.03 0.03 0.03 8716410.0 699574000.0
20 >Oct 21, 201 0.03 0.03 0.03 0.03 5344520.0 798697000.0
21 Oct 22, 2017 0.03 0.03 0.03 0.03 2930210.0 740608000.0
22 Oct 23, 2017 0.03 0.03 0.02 0.03 3517050.0 717768000.0
23 Oct 24, 2017 0.03 0.03 0.02 0.03 7589560.0 656966000.0
24 Oct 25, 2017 0.03 0.03 0.03 0.03 2561430.0 701019000.0
25 Oct 26, 2017 0.03 0.03 0.03 0.03 2437710.0 710649000.0
26 Oct 27, 2017 0.03 0.03 0.03 0.03 2511440.0 703611000.0
27 Oct 28, 2017 0.03 0.03 0.03 0.03 1739460.0 682882000.0
28 Oct 29, 2017 0.03 0.03 0.03 0.03 4746180.0 669716000.0
29 Oct 30, 2017 0.03 0.03 0.03 0.03 3781270.0 734193000.0
30 Oct 31, 2017 0.03 0.03 0.03 0.03 7304450.0 740140000.0
31 Nov 01, 2017 0.03 0.03 0.02 0.02 9382780.0 755165000.0
32 Nov 02, 2017 0.02 0.02 0.02 0.02 6165050.0 598375000.0
33 Nov 03, 2017 0.02 0.02 0.02 0.02 2836080.0 555312000.0
34 Nov 04, 2017 0.02 0.02 0.02 0.02 2626920.0 587012000.0
35 Nov 05, 2017 0.02 0.02 0.02 0.02 2396230.0 571799000.0
36 Nov 06, 2017 0.02 0.02 0.02 0.02 4591160.0 543879000.0
37 Nov 07, 2017 0.02 0.02 0.02 0.02 2539540.0 566399000.0
38 Nov 08, 2017 0.02 0.03 0.02 0.03 6367000.0 568104000.0
39 Nov 09, 2017 0.03 0.04 0.03 0.03 18716200.0 652327000.0
40 Nov 10, 2017 0.03 0.03 0.03 0.03 6766780.0 835352000.0
41 Nov 11, 2017 0.03 0.03 0.03 0.03 5532220.0 697209000.0
42 Nov 12, 2017 0.03 0.03 0.02 0.02 7280250.0 712489000.0
43 Nov 13, 2017 0.02 0.03 0.02 0.03 4419440.0 631690000.0
44 Nov 14, 2017 0.03 0.03 0.03 0.03 3033290.0 668839000.0
45 Nov 15, 2017 0.03 0.03 0.03 0.03 6858800.0 677107000.0
46 Nov 16, 2017 0.03 0.03 0.03 0.03 4888130.0 689223000.0
47 Nov 17, 2017 0.03 0.03 0.03 0.03 3578870.0 703728000.0
48 Nov 18, 2017 0.03 0.03 0.02 0.03 2930550.0 663650000.0
49 Nov 19, 2017 0.03 0.03 0.03 0.03 4725050.0 680390000.0
50 Nov 20, 2017 0.03 0.03 0.03 0.03 16172400.0 729895000.0
51 Nov 21, 2017 0.03 0.03 0.03 0.03 5836790.0 767098000.0
52 Nov 22, 2017 0.03 0.03 0.03 0.03 4938480.0 736311000.0
53 Nov 23, 2017 0.03 0.03 0.03 0.03 5132300.0 739960000.0
54 Nov 24, 2017 0.03 0.03 0.03 0.03 5502350.0 710569000.0
55 Nov 25, 2017 0.03 0.03 0.03 0.03 6156460.0 734370000.0
56 Nov 26, 2017 0.03 0.04 0.03 0.04 30527100.0 789144000.0
57 Nov 27, 2017 0.04 0.06 0.04 0.05 77777300.0 949409000.0
58 Nov 28, 2017 0.05 0.13 0.05 0.12 240338000.0 1312600000.0
59 Nov 29, 2017 0.12 0.15 0.08 0.09 210625000.0 3065480000.0
60 Nov 30, 2017 0.09 0.13 0.09 0.12 124345000.0 2461270000.0
61 Dec 01, 2017 0.12 0.13 0.11 0.13 73657600.0 3023680000.0
62 Dec 02, 2017 0.13 0.14 0.13 0.13 56712600.0 3412870000.0
63 Dec 03, 2017 0.13 0.14 0.12 0.13 46458900.0 3431460000.0
64 Dec 04, 2017 0.13 0.14 0.13 0.14 76392700.0 3410590000.0
65 Dec 05, 2017 0.14 0.14 0.13 0.13 50381100.0 3516360000.0
66 Dec 06, 2017 0.13 0.13 0.11 0.12 75688800.0 3286200000.0
67 Dec 07, 2017 0.12 0.12 0.1 0.1 71024600.0 3053330000.0
68 Dec 08, 2017 0.11 0.12 0.1 0.12 70092400.0 2751950000.0
69 Dec 09, 2017 0.11 0.14 0.11 0.12 63308600.0 2974990000.0
70 Dec 10, 2017 0.12 0.12 0.1 0.11 46376600.0 3105910000.0
71 Dec 11, 2017 0.11 0.12 0.11 0.12 39513900.0 2824170000.0
72 Dec 12, 2017 0.12 0.14 0.11 0.13 60056800.0 3141770000.0
73 Dec 13, 2017 0.13 0.14 0.12 0.13 61575000.0 3467460000.0
74 Dec 14, 2017 0.13 0.24 0.13 0.24 309307000.0 3465580000.0
75 Dec 15, 2017 0.23 0.23 0.19 0.21 207311000.0 6046420000.0
76 Dec 16, 2017 0.21 0.45 0.2 0.4 581052000.0 5519230000.0
77 Dec 17, 2017 0.39 0.59 0.38 0.51 628143000.0 10027900000.0
78 Dec 18, 2017 0.51 0.53 0.47 0.52 253463000.0 13273100000.0
79 Dec 19, 2017 0.52 0.59 0.5 0.53 279631000.0 13489000000.0
80 Dec 20, 2017 0.53 0.53 0.44 0.49 182924000.0 13837400000.0
81 Dec 21, 2017 0.49 0.52 0.46 0.48 162926000.0 12705500000.0
82 Dec 22, 2017 0.48 0.48 0.29 0.41 150973000.0 12418400000.0
83 Dec 23, 2017 0.41 0.45 0.39 0.41 88865000.0 10744700000.0
84 Dec 24, 2017 0.42 0.42 0.35 0.39 67372300.0 10802800000.0
85 Dec 25, 2017 0.39 0.44 0.36 0.42 122194000.0 10172000000.0
86 Dec 26, 2017 0.41 0.43 0.41 0.43 94896000.0 10722700000.0
87 Dec 27, 2017 0.43 0.43 0.4 0.41 82067500.0 11073600000.0
88 Dec 28, 2017 0.41 0.42 0.37 0.41 82263800.0 10682500000.0
89 Dec 29, 2017 0.41 0.56 0.4 0.53 266403000.0 10642000000.0
90 Dec 30, 2017 0.53 0.78 0.47 0.64 645156000.0 13697700000.0
91 Dec 31, 2017 0.64 0.75 0.64 0.72 305947000.0 16660300000.0
92 Jan 01, 2018 0.72 0.73 0.67 0.73 150186000.0 18637600000.0
93 Jan 02, 2018 0.72 0.79 0.7 0.78 289712000.0 18788700000.0
94 Jan 03, 2018 0.78 1.08 0.78 1.08 657398000.0 20214800000.0
95 Jan 04, 2018 1.09 1.33 1.04 1.11 593430000.0 28364900000.0
96 Jan 05, 2018 1.17 1.25 0.9 1.0 508100000.0 30364400000.0
97 Jan 06, 2018 1.0 1.05 0.93 1.03 297615000.0 25849300000.0
98 Jan 07, 2018 1.02 1.04 0.99 1.01 226067000.0 26553200000.0
99 Jan 08, 2018 1.0 1.0 0.76 0.9 264461000.0 25909700000.0
100 Jan 09, 2018 0.9 0.92 0.8 0.81 209492000.0 23287300000.0
101 Jan 10, 2018 0.81 0.82 0.68 0.79 236472000.0 21153200000.0
102 Jan 11, 2018 0.79 0.79 0.57 0.69 229001000.0 20521800000.0
103 Jan 12, 2018 0.69 0.93 0.66 0.9 365795000.0 18039200000.0
104 Jan 13, 2018 0.92 0.97 0.84 0.88 313215000.0 23785800000.0
105 Jan 14, 2018 0.88 0.88 0.75 0.8 160712000.0 22866700000.0
106 Jan 15, 2018 0.8 0.88 0.78 0.78 972993000.0 20631800000.0
107 Jan 16, 2018 0.78 0.78 0.48 0.63 1632650000.0 20239200000.0
108 Jan 17, 2018 0.62 0.68 0.44 0.63 1713770000.0 16181700000.0
109 Jan 18, 2018 0.63 0.71 0.59 0.66 1285490000.0 16367600000.0
110 Jan 19, 2018 0.65 0.69 0.61 0.65 584574000.0 16840800000.0
111 Jan 20, 2018 0.66 0.73 0.65 0.71 738799000.0 17022800000.0
112 Jan 21, 2018 0.71 0.71 0.59 0.61 847731000.0 18314600000.0
113 Jan 22, 2018 0.61 0.63 0.52 0.57 522984000.0 15944700000.0
114 Jan 23, 2018 0.57 0.59 0.52 0.56 375958000.0 14688600000.0
115 Jan 24, 2018 0.56 0.64 0.54 0.62 689838000.0 14606500000.0
116 Jan 25, 2018 0.63 0.68 0.62 0.64 654814000.0 16316900000.0
117 Jan 26, 2018 0.63 0.65 0.57 0.62 810062000.0 16435300000.0
118 Jan 27, 2018 0.62 0.63 0.59 0.62 331309000.0 16164900000.0
119 Jan 28, 2018 0.62 0.68 0.62 0.67 325146000.0 16089300000.0
120 Jan 29, 2018 0.67 0.67 0.62 0.62 238318000.0 17354900000.0
121 Jan 30, 2018 0.62 0.62 0.52 0.53 359622000.0 16199200000.0
122 Jan 31, 2018 0.53 0.55 0.47 0.52 505904000.0 13679100000.0
123 Feb 01, 2018 0.52 0.54 0.41 0.42 595624000.0 13376100000.0
124 Feb 02, 2018 0.42 0.42 0.27 0.39 1438810000.0 10875400000.0
125 Feb 03, 2018 0.4 0.5 0.33 0.44 1404500000.0 10395800000.0
126 Feb 04, 2018 0.43 0.48 0.37 0.38 814754000.0 11248900000.0
127 Feb 05, 2018 0.39 0.4 0.32 0.33 658548000.0 9983060000.0
128 Feb 06, 2018 0.33 0.38 0.27 0.37 1338390000.0 8587280000.0
129 Feb 07, 2018 0.37 0.38 0.33 0.34 679744000.0 9522150000.0
130 Feb 08, 2018 0.34 0.37 0.34 0.36 346383000.0 8930940000.0
131 Feb 09, 2018 0.35 0.39 0.34 0.39 401271000.0 9148310000.0
132 Feb 10, 2018 0.39 0.46 0.39 0.41 951824000.0 10025200000.0
133 Feb 11, 2018 0.41 0.41 0.36 0.37 331944000.0 10503200000.0
134 Feb 12, 2018 0.37 0.39 0.37 0.38 243039000.0 9660290000.0
135 Feb 13, 2018 0.38 0.39 0.36 0.37 225695000.0 9941370000.0
136 Feb 14, 2018 0.37 0.4 0.37 0.4 299009000.0 9690670000.0
137 Feb 15, 2018 0.39 0.42 0.39 0.41 348342000.0 10232700000.0
138 Feb 16, 2018 0.41 0.41 0.39 0.4 192420000.0 10633800000.0
139 Feb 17, 2018 0.4 0.43 0.4 0.42 341415000.0 10433100000.0
140 Feb 18, 2018 0.42 0.42 0.38 0.39 251314000.0 10846700000.0
141 Feb 19, 2018 0.39 0.4 0.39 0.39 169966000.0 10032000000.0
142 Feb 20, 2018 0.39 0.4 0.38 0.38 281250000.0 10136000000.0
143 Feb 21, 2018 0.38 0.38 0.36 0.36 242378000.0 9738030000.0
144 Feb 22, 2018 0.36 0.37 0.33 0.34 208342000.0 9402480000.0
145 Feb 23, 2018 0.33 0.35 0.32 0.34 222509000.0 8679300000.0
146 Feb 24, 2018 0.34 0.35 0.32 0.32 133524000.0 8910300000.0
147 Feb 25, 2018 0.32 0.35 0.31 0.34 247808000.0 8352460000.0
148 Feb 26, 2018 0.34 0.35 0.32 0.34 201813000.0 8951880000.0
149 Feb 27, 2018 0.34 0.34 0.33 0.34 106757000.0 8792710000.0
150 Feb 28, 2018 0.33 0.34 0.31 0.31 114757000.0 8672230000.0
151 Mar 01, 2018 0.31 0.31 0.29 0.3 184691000.0 8088540000.0
152 Mar 02, 2018 0.3 0.31 0.29 0.29 107240000.0 7892830000.0
153 Mar 03, 2018 0.29 0.31 0.29 0.3 115320000.0 7595380000.0
154 Mar 04, 2018 0.3 0.3 0.29 0.3 94436000.0 7681810000.0
155 Mar 05, 2018 0.3 0.32 0.29 0.3 202675000.0 7775450000.0
156 Mar 06, 2018 0.29 0.3 0.28 0.28 110305000.0 7673040000.0
157 Mar 07, 2018 0.28 0.29 0.24 0.25 190793000.0 7380750000.0
158 Mar 08, 2018 0.25 0.25 0.22 0.22 167809000.0 6434060000.0
159 Mar 09, 2018 0.22 0.23 0.19 0.22 246849000.0 5737300000.0
160 Mar 10, 2018 0.23 0.23 0.21 0.21 129138000.0 5839200000.0
161 Mar 11, 2018 0.21 0.23 0.2 0.22 161362000.0 5437450000.0
162 Mar 12, 2018 0.22 0.24 0.22 0.22 184250000.0 5810350000.0
163 Mar 13, 2018 0.22 0.23 0.21 0.22 98868700.0 5784580000.0
164 Mar 14, 2018 0.22 0.23 0.2 0.2 144156000.0 5792890000.0
165 Mar 15, 2018 0.2 0.2 0.17 0.18 204233000.0 5153130000.0
166 Mar 16, 2018 0.19 0.19 0.17 0.18 97455300.0 4842870000.0
167 Mar 17, 2018 0.18 0.18 0.15 0.15 81096600.0 4634990000.0
168 Mar 18, 2018 0.15 0.16 0.13 0.16 189689000.0 3990970000.0
169 Mar 19, 2018 0.16 0.2 0.16 0.2 321964000.0 4167750000.0
170 Mar 20, 2018 0.19 0.21 0.18 0.2 249683000.0 5015520000.0
171 Mar 21, 2018 0.2 0.23 0.2 0.21 257686000.0 5323220000.0
172 Mar 22, 2018 0.21 0.22 0.19 0.2 201540000.0 5584770000.0
173 Mar 23, 2018 0.2 0.2 0.18 0.19 148850000.0 5245000000.0
174 Mar 24, 2018 0.19 0.2 0.18 0.19 132660000.0 4896170000.0
175 Mar 25, 2018 0.19 0.19 0.18 0.18 59349400.0 4884550000.0
176 Mar 26, 2018 0.18 0.18 0.16 0.17 117497000.0 4769560000.0
177 Mar 27, 2018 0.17 0.17 0.15 0.15 107510000.0 4361310000.0
