0 Jun 02, 2016 1.33 1.39 1.15 1.21 83733.6 0.0
1 Jun 03, 2016 1.29 1.66 0.73 1.09 57721.2 0.0
2 Jun 04, 2016 1.09 1.29 0.57 0.59 4911.57 0.0
3 Jun 05, 2016 0.59 1.11 0.58 0.71 41700.2 0.0
4 Jun 06, 2016 0.71 1.17 0.71 0.77 95572.5 0.0
5 Jun 07, 2016 0.77 1.08 0.77 0.84 45931.9 0.0
6 Jun 08, 2016 0.84 1.02 0.83 1.02 56105.3 0.0
7 Jun 09, 2016 1.02 1.64 1.01 1.41 27162.8 0.0
8 Jun 10, 2016 1.41 1.61 1.22 1.56 63161.9 0.0
9 Jun 11, 2016 1.56 1.6 1.1 1.37 34844.7 0.0
10 Jun 12, 2016 1.37 1.68 1.12 1.22 40758.6 0.0
11 Jun 13, 2016 1.22 1.65 1.07 1.32 79492.2 0.0
12 Jun 14, 2016 1.32 1.32 0.8 0.91 51761.8 0.0
13 Jun 15, 2016 0.91 1.1 0.82 0.95 41509.0 0.0
14 Jun 16, 2016 0.96 1.18 0.93 0.93 43878.7 0.0
15 Jun 17, 2016 0.93 1.0 0.79 0.9 42057.6 0.0
16 Jun 18, 2016 0.9 1.1 0.31 0.67 173575.0 0.0
17 Jun 19, 2016 0.67 0.74 0.46 0.6 112349.0 0.0
18 Jun 20, 2016 0.6 0.6 0.23 0.29 1771960.0 0.0
19 Jun 21, 2016 0.29 0.29 0.22 0.23 626728.0 28920900.0
20 Jun 22, 2016 0.23 0.23 0.18 0.19 878411.0 23025200.0
21 Jun 23, 2016 0.19 0.2 0.17 0.2 530030.0 19137900.0
22 Jun 24, 2016 0.2 0.22 0.18 0.2 715427.0 19998300.0
23 Jun 25, 2016 0.19 0.24 0.19 0.2 412951.0 19349800.0
24 Jun 26, 2016 0.2 0.2 0.15 0.17 328673.0 20478300.0
25 Jun 27, 2016 0.17 0.18 0.16 0.17 169379.0 17000700.0
26 Jun 28, 2016 0.17 0.18 0.14 0.14 228770.0 17410000.0
27 Jun 29, 2016 0.15 0.17 0.14 0.14 234893.0 14656800.0
28 Jun 30, 2016 0.14 0.16 0.14 0.14 311148.0 14323200.0
29 Jul 01, 2016 0.14 0.15 0.13 0.14 233053.0 13927400.0
30 Jul 02, 2016 0.14 0.2 0.14 0.18 261410.0 14497500.0
31 Jul 03, 2016 0.18 0.21 0.16 0.19 334447.0 18074600.0
32 Jul 04, 2016 0.19 0.22 0.19 0.22 301807.0 19283400.0
33 Jul 05, 2016 0.23 0.23 0.2 0.22 225635.0 22530900.0
34 Jul 06, 2016 0.22 0.24 0.21 0.23 218669.0 21995000.0
35 Jul 07, 2016 0.23 0.23 0.21 0.23 268443.0 22829200.0
36 Jul 08, 2016 0.23 0.23 0.17 0.19 203189.0 23318700.0
37 Jul 09, 2016 0.19 0.23 0.19 0.22 106202.0 19369100.0
38 Jul 10, 2016 0.22 0.22 0.2 0.22 88774.2 22455700.0
39 Jul 11, 2016 0.22 0.22 0.21 0.22 88436.9 21804800.0
40 Jul 12, 2016 0.22 0.22 0.2 0.2 136972.0 21689700.0
41 Jul 13, 2016 0.2 0.21 0.19 0.19 103542.0 19973600.0
42 Jul 14, 2016 0.19 0.2 0.18 0.2 154375.0 19320600.0
43 Jul 15, 2016 0.2 0.21 0.19 0.2 115159.0 19662500.0
44 Jul 16, 2016 0.2 0.21 0.19 0.19 36850.5 20508200.0
45 Jul 17, 2016 0.19 0.2 0.19 0.2 60718.3 19385900.0
46 Jul 18, 2016 0.2 0.23 0.2 0.22 132592.0 19713600.0
47 Jul 19, 2016 0.22 0.23 0.2 0.21 168579.0 22483500.0
48 Jul 20, 2016 0.21 0.22 0.21 0.21 70377.9 20923800.0
49 Jul 21, 2016 0.21 0.22 0.2 0.21 93206.2 21109500.0
50 Jul 22, 2016 0.21 0.21 0.19 0.19 102240.0 20632400.0
51 Jul 23, 2016 0.19 0.21 0.19 0.2 48053.6 19123200.0
52 Jul 24, 2016 0.2 0.21 0.19 0.2 136512.0 20141600.0
53 Jul 25, 2016 0.2 0.21 0.19 0.2 115927.0 20216000.0
54 Jul 26, 2016 0.2 0.21 0.17 0.17 199906.0 20203500.0
55 Jul 27, 2016 0.17 0.2 0.16 0.18 211513.0 17330600.0
56 Jul 28, 2016 0.18 0.2 0.17 0.18 79471.6 18216800.0
57 Jul 29, 2016 0.18 0.2 0.17 0.19 52603.4 17624200.0
58 Jul 30, 2016 0.19 0.19 0.18 0.18 30567.9 19174700.0
59 Jul 31, 2016 0.18 0.19 0.17 0.17 66909.6 18536600.0
60 Aug 01, 2016 0.17 0.17 0.16 0.16 79352.4 17216100.0
61 Aug 02, 2016 0.16 0.17 0.12 0.13 197250.0 16490500.0
62 Aug 03, 2016 0.13 0.16 0.13 0.14 106321.0 12752700.0
63 Aug 04, 2016 0.14 0.16 0.14 0.15 78311.3 14458300.0
64 Aug 05, 2016 0.16 0.17 0.15 0.16 87960.5 15663200.0
65 Aug 06, 2016 0.16 0.17 0.16 0.17 52231.6 16482000.0
66 Aug 07, 2016 0.17 0.17 0.16 0.16 51728.3 17275700.0
67 Aug 08, 2016 0.16 0.18 0.16 0.17 85297.4 16083500.0
68 Aug 09, 2016 0.18 0.18 0.17 0.17 39849.6 17726000.0
69 Aug 10, 2016 0.17 0.19 0.17 0.19 115904.0 17342900.0
70 Aug 11, 2016 0.19 0.2 0.18 0.18 112529.0 18904500.0
71 Aug 12, 2016 0.18 0.19 0.17 0.18 148755.0 18093200.0
72 Aug 13, 2016 0.18 0.18 0.17 0.17 109816.0 18293200.0
73 Aug 14, 2016 0.18 0.18 0.17 0.17 115312.0 17761500.0
74 Aug 15, 2016 0.17 0.18 0.17 0.17 59199.1 17343100.0
75 Aug 16, 2016 0.17 0.18 0.17 0.17 66315.8 17382300.0
76 Aug 17, 2016 0.17 0.18 0.17 0.18 82778.7 17459400.0
77 Aug 18, 2016 0.18 0.18 0.17 0.17 54479.7 17763600.0
78 Aug 19, 2016 0.17 0.18 0.17 0.18 33598.1 17531400.0
79 Aug 20, 2016 0.18 0.18 0.17 0.18 23309.9 17840200.0
80 Aug 21, 2016 0.18 0.18 0.17 0.17 83162.7 17899800.0
81 Aug 22, 2016 0.17 0.18 0.17 0.18 67344.1 17443800.0
82 Aug 23, 2016 0.18 0.18 0.17 0.18 59064.2 17845200.0
83 Aug 24, 2016 0.18 0.18 0.17 0.17 45226.8 17658000.0
84 Aug 25, 2016 0.17 0.17 0.17 0.17 26811.8 17033400.0
85 Aug 26, 2016 0.17 0.17 0.16 0.17 30915.0 16798000.0
86 Aug 27, 2016 0.17 0.17 0.16 0.16 23586.3 16953100.0
87 Aug 28, 2016 0.16 0.17 0.15 0.16 35981.5 16224900.0
88 Aug 29, 2016 0.15 0.16 0.14 0.16 53334.1 15185300.0
89 Aug 30, 2016 0.16 0.16 0.15 0.16 44754.6 15901700.0
90 Aug 31, 2016 0.16 0.17 0.15 0.16 59938.3 15848600.0
91 Sep 01, 2016 0.16 0.17 0.15 0.16 48629.9 16398400.0
92 Sep 02, 2016 0.16 0.17 0.16 0.17 45928.8 16111100.0
93 Sep 03, 2016 0.17 0.17 0.16 0.17 54250.2 17119100.0
94 Sep 04, 2016 0.17 0.17 0.16 0.17 28552.2 16534500.0
95 Sep 05, 2016 0.17 0.17 0.16 0.17 26388.0 16576600.0
96 Sep 06, 2016 0.17 0.17 0.16 0.17 68490.7 17032700.0
97 Sep 07, 2016 0.17 0.17 0.16 0.16 58304.6 16646400.0
98 Sep 08, 2016 0.16 0.17 0.15 0.16 24372.5 16003000.0
99 Sep 09, 2016 0.16 0.17 0.16 0.17 33321.5 16237700.0
100 Sep 10, 2016 0.17 0.17 0.16 0.16 27086.9 16681100.0
101 Sep 11, 2016 0.16 0.17 0.16 0.16 37636.1 16236200.0
102 Sep 12, 2016 0.16 0.17 0.16 0.17 39085.6 16084300.0
103 Sep 13, 2016 0.17 0.17 0.17 0.17 29377.0 17135000.0
104 Sep 14, 2016 0.17 0.18 0.17 0.17 20791.8 16899800.0
105 Sep 15, 2016 0.17 0.17 0.16 0.17 43595.9 17305400.0
106 Sep 16, 2016 0.17 0.17 0.16 0.17 12703.3 16559600.0
107 Sep 17, 2016 0.17 0.18 0.16 0.18 89093.8 16514200.0
108 Sep 18, 2016 0.18 0.19 0.17 0.19 55808.8 17917600.0
109 Sep 19, 2016 0.18 0.19 0.18 0.19 42683.1 18466200.0
110 Sep 20, 2016 0.19 0.22 0.19 0.21 171638.0 19137000.0
111 Sep 21, 2016 0.21 0.21 0.2 0.2 127409.0 21545200.0
112 Sep 22, 2016 0.2 0.2 0.18 0.2 53943.6 19953200.0
113 Sep 23, 2016 0.2 0.2 0.18 0.19 38658.0 19600000.0
114 Sep 24, 2016 0.19 0.19 0.17 0.18 68775.8 18661800.0
115 Sep 25, 2016 0.18 0.19 0.17 0.17 62099.2 18147200.0
116 Sep 26, 2016 0.17 0.18 0.17 0.17 36526.1 17491900.0
117 Sep 27, 2016 0.17 0.18 0.17 0.17 41338.8 17345500.0
118 Sep 28, 2016 0.17 0.18 0.17 0.17 25885.0 17363800.0
119 Sep 29, 2016 0.17 0.18 0.17 0.17 42652.1 17311200.0
120 Sep 30, 2016 0.17 0.21 0.17 0.2 143538.0 17318400.0
121 Oct 01, 2016 0.2 0.2 0.18 0.18 68995.7 19672700.0
122 Oct 02, 2016 0.18 0.2 0.18 0.2 27276.9 18593000.0
123 Oct 03, 2016 0.19 0.2 0.19 0.19 65784.9 18745700.0
124 Oct 04, 2016 0.19 0.21 0.19 0.2 110394.0 19255300.0
125 Oct 05, 2016 0.21 0.22 0.2 0.21 236077.0 21102800.0
126 Oct 06, 2016 0.21 0.22 0.2 0.21 115933.0 21305400.0
127 Oct 07, 2016 0.21 0.22 0.2 0.2 136663.0 21098700.0
128 Oct 08, 2016 0.2 0.22 0.2 0.21 50464.6 20381700.0
129 Oct 09, 2016 0.21 0.22 0.21 0.21 58742.4 21253000.0
130 Oct 10, 2016 0.21 0.21 0.21 0.21 27117.7 21230700.0
131 Oct 11, 2016 0.21 0.21 0.2 0.21 85219.6 20994000.0
132 Oct 12, 2016 0.21 0.21 0.21 0.21 30332.6 20956700.0
133 Oct 13, 2016 0.21 0.21 0.2 0.2 41825.5 21285100.0
134 Oct 14, 2016 0.2 0.21 0.2 0.21 76178.1 20580800.0
135 Oct 15, 2016 0.21 0.23 0.21 0.22 136396.0 20968900.0
136 Oct 16, 2016 0.22 0.25 0.22 0.23 236807.0 22346300.0
137 Oct 17, 2016 0.23 0.25 0.22 0.24 177063.0 23530000.0
138 Oct 18, 2016 0.24 0.25 0.24 0.24 146243.0 24429800.0
139 Oct 19, 2016 0.24 0.28 0.24 0.25 326732.0 24558800.0
140 Oct 20, 2016 0.25 0.25 0.24 0.24 75404.9 24914900.0
141 Oct 21, 2016 0.24 0.25 0.24 0.24 39152.9 24055000.0
142 Oct 22, 2016 0.24 0.29 0.24 0.29 211276.0 24377300.0
143 Oct 23, 2016 0.28 0.31 0.26 0.31 324055.0 27536800.0
144 Oct 24, 2016 0.31 0.34 0.29 0.34 517981.0 31369400.0
145 Oct 25, 2016 0.34 0.36 0.32 0.35 307680.0 33827200.0
146 Oct 26, 2016 0.35 0.37 0.33 0.33 515087.0 35485000.0
147 Oct 27, 2016 0.33 0.35 0.3 0.33 409265.0 33353800.0
148 Oct 28, 2016 0.33 0.35 0.32 0.34 206322.0 32937700.0
149 Oct 29, 2016 0.34 0.36 0.34 0.35 255905.0 33797600.0
150 Oct 30, 2016 0.35 0.36 0.34 0.35 249473.0 34671600.0
151 Oct 31, 2016 0.35 0.36 0.31 0.33 234987.0 35108500.0
152 Nov 01, 2016 0.33 0.37 0.32 0.34 129183.0 32799400.0
153 Nov 02, 2016 0.34 0.35 0.33 0.35 58897.1 34587000.0
154 Nov 03, 2016 0.35 0.35 0.32 0.34 212870.0 35293200.0
155 Nov 04, 2016 0.35 0.35 0.33 0.34 90495.0 34633900.0
156 Nov 05, 2016 0.34 0.35 0.34 0.35 65271.2 34051900.0
157 Nov 06, 2016 0.35 0.37 0.34 0.37 112262.0 34985500.0
158 Nov 07, 2016 0.37 0.37 0.35 0.35 102888.0 36833200.0
159 Nov 08, 2016 0.35 0.36 0.35 0.35 78647.4 35172200.0
160 Nov 09, 2016 0.35 0.38 0.34 0.37 208008.0 34911100.0
161 Nov 10, 2016 0.37 0.38 0.35 0.38 136051.0 36902800.0
162 Nov 11, 2016 0.38 0.39 0.36 0.38 87279.2 37561200.0
163 Nov 12, 2016 0.38 0.4 0.37 0.4 167249.0 37622500.0
164 Nov 13, 2016 0.4 0.4 0.37 0.39 125585.0 40094600.0
165 Nov 14, 2016 0.39 0.4 0.37 0.38 168500.0 39031800.0
166 Nov 15, 2016 0.38 0.38 0.33 0.36 236251.0 38037600.0
167 Nov 16, 2016 0.36 0.37 0.32 0.33 200041.0 35775500.0
168 Nov 17, 2016 0.33 0.35 0.32 0.33 164967.0 33227400.0
169 Nov 18, 2016 0.32 0.34 0.25 0.3 308090.0 32468200.0
170 Nov 19, 2016 0.3 0.33 0.27 0.29 164366.0 29740400.0
171 Nov 20, 2016 0.31 0.31 0.27 0.28 100018.0 30757800.0
172 Nov 21, 2016 0.28 0.3 0.27 0.29 77954.7 27727600.0
173 Nov 22, 2016 0.29 0.29 0.26 0.28 75606.7 28872600.0
174 Nov 23, 2016 0.28 0.28 0.27 0.27 38299.5 27887100.0
175 Nov 24, 2016 0.27 0.28 0.22 0.26 140550.0 27289200.0
176 Nov 25, 2016 0.26 0.26 0.23 0.23 52720.9 26130800.0
177 Nov 26, 2016 0.23 0.24 0.2 0.22 102524.0 23308700.0
178 Nov 27, 2016 0.22 0.27 0.2 0.26 72829.1 21718300.0
179 Nov 28, 2016 0.26 0.31 0.23 0.31 94740.6 25746800.0
180 Nov 29, 2016 0.31 0.31 0.26 0.26 129518.0 30946600.0
181 Nov 30, 2016 0.26 0.27 0.24 0.25 69224.8 25969400.0
182 Dec 01, 2016 0.25 0.26 0.24 0.24 38649.7 25279600.0
183 Dec 02, 2016 0.25 0.26 0.23 0.25 53632.5 24614400.0
184 Dec 03, 2016 0.25 0.25 0.23 0.24 43557.3 24622300.0
185 Dec 04, 2016 0.25 0.25 0.23 0.24 51359.8 24745300.0
186 Dec 05, 2016 0.23 0.24 0.23 0.23 33658.8 23570700.0
187 Dec 06, 2016 0.23 0.23 0.22 0.23 38582.1 23125200.0
188 Dec 07, 2016 0.23 0.24 0.23 0.24 26843.6 23252200.0
189 Dec 08, 2016 0.24 0.24 0.23 0.24 23637.9 24435200.0
190 Dec 09, 2016 0.24 0.24 0.23 0.23 18126.0 23641400.0
191 Dec 10, 2016 0.23 0.24 0.23 0.23 9007.58 23501000.0
192 Dec 11, 2016 0.23 0.23 0.22 0.23 20207.8 23295500.0
193 Dec 12, 2016 0.23 0.24 0.22 0.23 40732.9 22882700.0
194 Dec 13, 2016 0.23 0.23 0.22 0.23 18927.8 22883300.0
195 Dec 14, 2016 0.23 0.23 0.22 0.22 25330.0 23361600.0
196 Dec 15, 2016 0.22 0.23 0.22 0.22 15290.2 22106200.0
197 Dec 16, 2016 0.22 0.25 0.22 0.24 31751.7 22117200.0
198 Dec 17, 2016 0.24 0.24 0.23 0.24 18213.8 24446600.0
199 Dec 18, 2016 0.24 0.25 0.22 0.23 21915.6 23988900.0
200 Dec 19, 2016 0.23 0.23 0.22 0.22 39801.0 22858500.0
201 Dec 20, 2016 0.22 0.22 0.2 0.21 70992.8 21735400.0
202 Dec 21, 2016 0.21 0.21 0.17 0.19 136469.0 21254300.0
203 Dec 22, 2016 0.19 0.2 0.17 0.19 73751.5 19484800.0
204 Dec 23, 2016 0.19 0.2 0.19 0.2 45692.3 19207800.0
205 Dec 24, 2016 0.2 0.2 0.18 0.18 32472.6 19575400.0
206 Dec 25, 2016 0.18 0.21 0.18 0.2 26825.9 18544400.0
207 Dec 26, 2016 0.21 0.21 0.19 0.2 29711.5 20629200.0
208 Dec 27, 2016 0.2 0.2 0.18 0.19 54307.5 20346400.0
209 Dec 28, 2016 0.19 0.2 0.17 0.18 52386.0 18775700.0
210 Dec 29, 2016 0.18 0.21 0.18 0.21 49409.9 18436800.0
211 Dec 30, 2016 0.21 0.23 0.2 0.23 26184.8 20909700.0
212 Dec 31, 2016 0.23 0.26 0.23 0.25 48047.3 22922100.0
213 Jan 01, 2017 0.25 0.25 0.22 0.22 35422.9 25086600.0
214 >Jan 02, 201 0.22 0.24 0.21 0.23 37157.5 22142900.0
215 Jan 03, 2017 0.23 0.25 0.22 0.24 28997.3 23266900.0
216 Jan 04, 2017 0.24 0.26 0.23 0.24 75184.2 23989100.0
217 Jan 05, 2017 0.24 0.27 0.2 0.23 28181.6 24155800.0
218 Jan 06, 2017 0.23 0.25 0.18 0.21 62838.0 23364700.0
219 Jan 07, 2017 0.21 0.23 0.19 0.22 42203.0 21261200.0
220 Jan 08, 2017 0.22 0.23 0.21 0.21 18437.7 21758400.0
221 Jan 09, 2017 0.21 0.22 0.2 0.22 29743.1 21377000.0
222 Jan 10, 2017 0.22 0.23 0.21 0.22 14960.6 21833300.0
223 Jan 11, 2017 0.22 0.23 0.19 0.2 29955.8 22488800.0
224 Jan 12, 2017 0.2 0.21 0.19 0.2 13288.9 20115900.0
225 Jan 13, 2017 0.2 0.22 0.19 0.22 14030.1 20528200.0
226 Jan 14, 2017 0.22 0.23 0.21 0.23 33041.5 21879500.0
227 Jan 15, 2017 0.23 0.27 0.22 0.24 42740.2 23227700.0
228 Jan 16, 2017 0.24 0.27 0.23 0.23 57903.3 23727800.0
229 Jan 17, 2017 0.24 0.25 0.23 0.24 36356.1 23677500.0
230 Jan 18, 2017 0.24 0.26 0.23 0.25 34180.1 24512700.0
231 Jan 19, 2017 0.25 0.26 0.23 0.23 33176.5 25264400.0
232 Jan 20, 2017 0.23 0.24 0.23 0.23 7215.14 23529800.0
233 Jan 21, 2017 0.23 0.25 0.23 0.25 23459.5 23477900.0
234 Jan 22, 2017 0.24 0.26 0.24 0.25 21406.1 24158300.0
235 Jan 23, 2017 0.25 0.25 0.24 0.24 37598.4 24980800.0
236 Jan 24, 2017 0.24 0.24 0.23 0.23 22122.9 24170800.0
237 Jan 25, 2017 0.23 0.24 0.23 0.23 22286.1 23371400.0
238 Jan 26, 2017 0.23 0.24 0.23 0.24 40553.6 23465600.0
239 Jan 27, 2017 0.24 0.24 0.23 0.24 36450.7 23628600.0
240 Jan 28, 2017 0.24 0.24 0.24 0.24 18724.0 23654300.0
241 Jan 29, 2017 0.24 0.24 0.23 0.24 53622.2 24477100.0
242 Jan 30, 2017 0.24 0.24 0.23 0.23 35015.3 23908900.0
243 Jan 31, 2017 0.23 0.24 0.21 0.23 33927.0 23227000.0
244 Feb 01, 2017 0.23 0.24 0.23 0.23 24364.6 22586800.0
245 Feb 02, 2017 0.23 0.25 0.21 0.21 32075.8 23083700.0
246 Feb 03, 2017 0.21 0.24 0.21 0.23 115689.0 21193400.0
247 Feb 04, 2017 0.23 0.28 0.22 0.22 58343.3 22947100.0
248 Feb 05, 2017 0.22 0.23 0.21 0.22 49043.8 22132600.0
249 Feb 06, 2017 0.22 0.27 0.22 0.26 99127.4 22474400.0
250 Feb 07, 2017 0.26 0.27 0.24 0.26 41995.6 26497500.0
251 Feb 08, 2017 0.26 0.27 0.25 0.26 25868.6 25604200.0
252 Feb 09, 2017 0.26 0.28 0.23 0.25 42758.9 26496100.0
253 Feb 10, 2017 0.25 0.25 0.23 0.24 29022.5 24845700.0
254 Feb 11, 2017 0.24 0.26 0.23 0.24 48286.5 23677200.0
255 Feb 12, 2017 0.24 0.26 0.24 0.25 32411.1 24238500.0
256 Feb 13, 2017 0.25 0.26 0.24 0.25 16160.5 24996300.0
257 Feb 14, 2017 0.25 0.29 0.23 0.24 155975.0 24728000.0
258 Feb 15, 2017 0.24 0.27 0.24 0.24 75001.1 24286700.0
259 Feb 16, 2017 0.24 0.25 0.24 0.25 60036.2 24486300.0
260 Feb 17, 2017 0.25 0.26 0.24 0.25 50194.7 24964000.0
261 Feb 18, 2017 0.25 0.26 0.24 0.24 50273.9 25302000.0
262 Feb 19, 2017 0.24 0.25 0.22 0.24 90622.6 24500100.0
263 Feb 20, 2017 0.24 0.25 0.23 0.25 59416.2 24111200.0
264 Feb 21, 2017 0.25 0.25 0.22 0.22 91136.5 24612300.0
265 Feb 22, 2017 0.22 0.23 0.21 0.23 45671.7 21918500.0
266 Feb 23, 2017 0.23 0.23 0.22 0.22 57350.2 22570200.0
267 Feb 24, 2017 0.22 0.23 0.21 0.22 63822.5 21920500.0
268 Feb 25, 2017 0.22 0.23 0.21 0.21 78332.5 22064100.0
269 Feb 26, 2017 0.21 0.23 0.21 0.21 57826.8 21494400.0
270 Feb 27, 2017 0.21 0.22 0.21 0.22 56478.4 21550500.0
271 Feb 28, 2017 0.22 0.22 0.19 0.2 180411.0 22230800.0
272 Mar 01, 2017 0.2 0.2 0.19 0.2 76347.3 19577300.0
273 Mar 02, 2017 0.2 0.2 0.18 0.19 121697.0 19598000.0
274 Mar 03, 2017 0.19 0.2 0.19 0.2 54215.2 18889400.0
275 Mar 04, 2017 0.2 0.21 0.19 0.2 35096.1 20255900.0
276 Mar 05, 2017 0.2 0.24 0.2 0.23 104482.0 19563400.0
277 Mar 06, 2017 0.23 0.25 0.22 0.24 316545.0 22740000.0
278 >Mar 07, 201 0.24 0.25 0.21 0.21 249683.0 23899700.0
279 Mar 08, 2017 0.21 0.21 0.2 0.2 199352.0 21401800.0
280 Mar 09, 2017 0.2 0.21 0.19 0.2 239611.0 19562900.0
281 Mar 10, 2017 0.2 0.22 0.19 0.2 189922.0 20577300.0
282 Mar 11, 2017 0.2 0.22 0.2 0.22 169005.0 19919000.0
283 Mar 12, 2017 0.22 0.27 0.22 0.26 1056330.0 21886800.0
284 Mar 13, 2017 0.26 0.29 0.25 0.27 691705.0 25762900.0
285 Mar 14, 2017 0.27 0.29 0.25 0.25 209764.0 27148700.0
286 Mar 15, 2017 0.26 0.32 0.25 0.3 399122.0 25536000.0
287 Mar 16, 2017 0.3 0.32 0.28 0.31 236331.0 30128100.0
288 Mar 17, 2017 0.31 0.31 0.27 0.27 212021.0 31049200.0
289 Mar 18, 2017 0.27 0.29 0.26 0.26 230859.0 26775400.0
290 Mar 19, 2017 0.26 0.3 0.25 0.28 184119.0 26392300.0
291 Mar 20, 2017 0.28 0.29 0.26 0.28 157842.0 28364200.0
292 Mar 21, 2017 0.28 0.29 0.28 0.29 169660.0 28369300.0
293 Mar 22, 2017 0.29 0.29 0.27 0.27 161794.0 29040100.0
294 Mar 23, 2017 0.28 0.28 0.27 0.27 144537.0 27533600.0
295 Mar 24, 2017 0.27 0.28 0.26 0.28 263578.0 27268900.0
296 Mar 25, 2017 0.28 0.3 0.27 0.3 270956.0 28087600.0
297 Mar 26, 2017 0.3 0.33 0.29 0.32 230424.0 29638800.0
298 Mar 27, 2017 0.32 0.39 0.32 0.36 288109.0 32249800.0
299 Mar 28, 2017 0.36 0.38 0.34 0.37 229631.0 35840300.0
300 Mar 29, 2017 0.37 0.4 0.36 0.4 297157.0 37404200.0
301 Mar 30, 2017 0.4 0.41 0.36 0.38 346511.0 40277900.0
302 Mar 31, 2017 0.38 0.39 0.36 0.38 274899.0 38145600.0
303 Apr 01, 2017 0.38 0.38 0.35 0.35 312547.0 37664400.0
304 Apr 02, 2017 0.35 0.37 0.34 0.34 351514.0 35004500.0
305 Apr 03, 2017 0.34 0.39 0.34 0.38 279890.0 34373600.0
306 Apr 04, 2017 0.38 0.39 0.36 0.37 204891.0 38360500.0
307 Apr 05, 2017 0.37 0.42 0.36 0.42 379711.0 37088600.0
308 Apr 06, 2017 0.42 0.42 0.39 0.4 260516.0 41780700.0
309 Apr 07, 2017 0.4 0.4 0.39 0.39 305879.0 39945700.0
310 Apr 08, 2017 0.39 0.39 0.38 0.38 142979.0 38509800.0
311 Apr 09, 2017 0.38 0.4 0.38 0.39 190894.0 38094800.0
312 Apr 10, 2017 0.39 0.43 0.38 0.41 259204.0 39278400.0
313 Apr 11, 2017 0.41 0.45 0.41 0.45 266946.0 41460400.0
314 Apr 12, 2017 0.45 0.46 0.41 0.42 373385.0 44729600.0
315 Apr 13, 2017 0.42 0.44 0.41 0.44 200220.0 41905100.0
316 Apr 14, 2017 0.44 0.44 0.41 0.43 131218.0 43739900.0
317 Apr 15, 2017 0.43 0.45 0.41 0.42 211117.0 42927900.0
318 Apr 16, 2017 0.43 0.44 0.42 0.43 96845.8 42607600.0
319 Apr 17, 2017 0.43 0.57 0.42 0.44 313608.0 43298900.0
320 Apr 18, 2017 0.45 0.46 0.43 0.43 257694.0 44513600.0
321 Apr 19, 2017 0.43 0.46 0.42 0.46 379471.0 43130600.0
322 Apr 20, 2017 0.46 0.48 0.44 0.46 302686.0 45792400.0
323 Apr 21, 2017 0.46 0.47 0.44 0.46 180213.0 46138700.0
324 Apr 22, 2017 0.46 0.49 0.46 0.48 195745.0 46081200.0
325 Apr 23, 2017 0.47 0.56 0.47 0.56 479973.0 47314100.0
326 Apr 24, 2017 0.56 0.61 0.54 0.56 681177.0 56352200.0
327 Apr 25, 2017 0.56 0.58 0.53 0.55 484929.0 56225200.0
328 Apr 26, 2017 0.55 0.58 0.55 0.56 407189.0 54962500.0
329 Apr 27, 2017 0.56 0.57 0.53 0.56 350409.0 55810900.0
330 Apr 28, 2017 0.56 0.6 0.53 0.6 377319.0 55961400.0
331 Apr 29, 2017 0.6 0.62 0.57 0.59 334335.0 60207900.0
332 Apr 30, 2017 0.58 0.62 0.58 0.59 265313.0 58429100.0
333 May 01, 2017 0.6 0.63 0.58 0.6 363535.0 59976400.0
334 May 02, 2017 0.6 0.62 0.57 0.62 319906.0 59731400.0
335 May 03, 2017 0.62 0.68 0.6 0.67 443313.0 62271700.0
336 May 04, 2017 0.67 0.75 0.67 0.71 450198.0 66992100.0
337 May 05, 2017 0.72 0.78 0.71 0.73 500678.0 71819700.0
338 May 06, 2017 0.73 0.81 0.72 0.8 526869.0 73337900.0
339 May 07, 2017 0.77 0.84 0.75 0.79 689834.0 76730100.0
340 May 08, 2017 0.8 0.85 0.77 0.82 620587.0 80095600.0
341 May 09, 2017 0.83 1.11 0.81 0.92 845264.0 83062700.0
342 May 10, 2017 0.91 1.36 0.9 1.2 2897830.0 91080200.0
343 May 11, 2017 1.21 1.33 1.15 1.2 1606360.0 121449000.0
344 May 12, 2017 1.22 1.26 0.8 1.11 1006640.0 121533000.0
345 May 13, 2017 1.11 1.21 1.07 1.19 1559600.0 110983000.0
346 May 14, 2017 1.19 1.42 1.19 1.37 2176080.0 119476000.0
347 May 15, 2017 1.37 1.46 1.32 1.4 1664930.0 137497000.0
348 May 16, 2017 1.42 1.42 1.24 1.25 1209240.0 141828000.0
349 May 17, 2017 1.27 1.43 1.25 1.34 1348780.0 126782000.0
350 May 18, 2017 1.28 1.4 1.28 1.38 912823.0 128494000.0
351 May 19, 2017 1.39 1.61 1.37 1.57 1423940.0 139098000.0
352 May 20, 2017 1.57 1.65 1.49 1.64 1019880.0 156886000.0
353 May 21, 2017 1.64 1.79 1.64 1.77 1498620.0 163762000.0
354 May 22, 2017 1.77 1.98 1.75 1.87 1696230.0 176818000.0
355 May 23, 2017 1.88 2.75 1.88 2.57 3640250.0 188212000.0
356 May 24, 2017 2.64 3.07 2.51 2.75 2549760.0 263789000.0
357 May 25, 2017 2.83 2.95 2.29 2.36 2280980.0 282949000.0
358 May 26, 2017 2.35 2.95 2.33 2.49 1994070.0 235176000.0
359 May 27, 2017 2.49 2.61 1.74 2.25 2019910.0 249088000.0
360 May 28, 2017 2.25 2.73 2.25 2.46 1273880.0 225588000.0
361 May 29, 2017 2.48 2.76 2.27 2.68 1475750.0 247786000.0
362 May 30, 2017 2.7 2.76 2.38 2.38 2066020.0 269773000.0
363 May 31, 2017 2.43 3.08 2.39 2.95 2233740.0 242799000.0
364 Jun 01, 2017 2.94 3.53 2.93 3.44 3224130.0 294035000.0
365 Jun 02, 2017 3.4 4.64 3.4 4.53 4988350.0 340371000.0
366 Jun 03, 2017 4.69 6.51 4.61 5.19 10124100.0 468617000.0
367 Jun 04, 2017 5.16 5.58 4.44 5.35 4447070.0 516357000.0
368 Jun 05, 2017 5.33 5.69 5.24 5.64 3095220.0 533405000.0
369 Jun 06, 2017 5.68 5.68 4.94 5.51 4467540.0 568531000.0
370 Jun 07, 2017 5.48 5.48 4.86 5.26 2448950.0 548427000.0
371 Jun 08, 2017 5.29 5.92 5.09 5.82 2984740.0 528517000.0
372 Jun 09, 2017 5.82 7.0 5.74 6.34 3963370.0 581550000.0
373 Jun 10, 2017 6.34 7.01 5.5 5.82 5124700.0 634469000.0
374 Jun 11, 2017 5.67 6.4 5.63 6.32 2939820.0 566858000.0
375 Jun 12, 2017 6.31 6.49 4.94 5.36 2913670.0 631105000.0
376 Jun 13, 2017 5.33 5.86 5.23 5.77 2666350.0 532627000.0
377 Jun 14, 2017 5.82 6.0 4.99 5.09 2377380.0 582270000.0
378 Jun 15, 2017 5.09 5.36 4.34 5.28 3132730.0 508817000.0
379 Jun 16, 2017 5.28 5.42 4.95 5.16 1920540.0 527868000.0
380 Jun 17, 2017 5.16 5.38 5.03 5.17 2057140.0 516262000.0
381 Jun 18, 2017 5.17 5.33 4.98 4.99 1459430.0 517299000.0
382 Jun 19, 2017 5.02 5.29 4.93 5.15 3298260.0 502246000.0
383 Jun 20, 2017 5.15 5.33 4.93 5.07 3440970.0 514943000.0
384 Jun 21, 2017 5.06 5.12 4.87 4.89 2505130.0 506126000.0
385 Jun 22, 2017 4.91 5.05 4.8 4.92 2058720.0 490781000.0
386 Jun 23, 2017 4.91 5.36 4.81 5.21 2166710.0 491211000.0
387 Jun 24, 2017 5.21 5.33 4.73 4.86 2400890.0 521488000.0
388 Jun 25, 2017 4.88 4.96 4.45 4.62 3048820.0 488443000.0
389 Jun 26, 2017 4.64 4.65 3.53 3.83 6562970.0 464448000.0
390 Jun 27, 2017 3.95 4.31 3.66 4.29 2439380.0 395139000.0
391 Jun 28, 2017 4.31 4.34 4.03 4.24 2772690.0 431391000.0
392 Jun 29, 2017 4.24 4.28 3.9 3.9 1639660.0 423977000.0
393 Jun 30, 2017 3.94 3.97 3.51 3.57 2036280.0 394515000.0
394 Jul 01, 2017 3.57 4.08 3.53 3.7 2615170.0 357030000.0
395 Jul 02, 2017 3.7 3.71 3.51 3.62 2239090.0 369637000.0
396 Jul 03, 2017 3.61 3.87 3.48 3.81 2625710.0 361116000.0
397 Jul 04, 2017 3.79 4.49 3.75 4.32 5214290.0 378985000.0
398 Jul 05, 2017 4.32 4.79 4.28 4.56 5733020.0 431855000.0
399 Jul 06, 2017 4.58 4.65 4.24 4.34 2939230.0 457740000.0
400 Jul 07, 2017 4.33 4.36 3.71 3.77 2631630.0 432714000.0
401 Jul 08, 2017 3.79 3.93 3.5 3.93 1412280.0 379403000.0
402 Jul 09, 2017 3.92 3.94 3.75 3.75 1225380.0 392118000.0
403 Jul 10, 2017 3.74 3.76 2.73 2.82 2638830.0 373806000.0
404 Jul 11, 2017 2.79 2.96 2.49 2.59 3152450.0 278827000.0
405 Jul 12, 2017 2.59 3.05 2.42 3.05 1930340.0 258727000.0
406 Jul 13, 2017 3.05 3.09 2.72 2.9 1734160.0 305263000.0
407 Jul 14, 2017 2.89 2.89 2.33 2.43 2439500.0 289495000.0
408 Jul 15, 2017 2.43 2.43 1.98 2.04 2860750.0 242705000.0
409 Jul 16, 2017 2.01 2.06 1.77 1.97 1677160.0 201211000.0
410 Jul 17, 2017 1.97 2.52 1.94 2.52 1909110.0 196939000.0
411 Jul 18, 2017 2.52 2.95 2.38 2.83 2325000.0 252329000.0
412 Jul 19, 2017 2.83 2.87 2.53 2.63 2096680.0 282847000.0
413 Jul 20, 2017 2.61 3.43 2.61 3.25 2164540.0 260970000.0
414 Jul 21, 2017 3.26 3.44 3.13 3.24 2167520.0 326154000.0
415 Jul 22, 2017 3.24 4.17 3.23 3.9 3246480.0 324151000.0
416 Jul 23, 2017 3.9 3.97 3.5 3.65 2608730.0 390012000.0
417 Jul 24, 2017 3.65 3.71 3.38 3.52 1813130.0 364582000.0
418 Jul 25, 2017 3.52 3.56 2.76 2.91 2462600.0 351753000.0
419 >Jul 26, 201 2.92 2.99 2.5 2.74 3013790.0 291623000.0
420 Jul 27, 2017 2.74 2.84 2.6 2.75 1889170.0 274372000.0
421 Jul 28, 2017 2.76 3.11 2.45 3.0 3030820.0 276459000.0
422 Jul 29, 2017 2.98 3.06 2.69 2.87 2116910.0 297597000.0
423 Jul 30, 2017 2.87 2.93 2.72 2.72 1530680.0 286809000.0
424 Jul 31, 2017 2.74 2.87 2.62 2.78 2651760.0 273812000.0
425 Aug 01, 2017 2.77 3.11 2.61 3.01 3257400.0 277390000.0
426 Aug 02, 2017 3.02 3.6 2.96 3.51 3739710.0 302169000.0
427 Aug 03, 2017 3.54 3.96 3.46 3.84 4766700.0 354471000.0
428 Aug 04, 2017 3.87 4.13 3.59 3.67 4324800.0 386797000.0
429 Aug 05, 2017 3.67 4.57 3.65 4.32 4831480.0 367228000.0
430 Aug 06, 2017 4.32 5.37 4.29 5.21 7075590.0 432028000.0
431 Aug 07, 2017 5.18 5.75 4.62 5.63 7792050.0 518233000.0
432 Aug 08, 2017 5.64 5.83 5.04 5.41 6867910.0 564066000.0
433 Aug 09, 2017 5.38 5.45 4.9 5.27 4960110.0 538244000.0
434 Aug 10, 2017 5.24 5.63 5.15 5.6 7501860.0 524375000.0
435 Aug 11, 2017 5.6 5.78 5.13 5.54 7567900.0 560241000.0
436 Aug 12, 2017 5.58 5.58 4.89 5.05 6782250.0 557670000.0
437 Aug 13, 2017 5.05 5.28 4.63 4.79 5823330.0 504705000.0
438 Aug 14, 2017 4.83 5.04 4.54 4.72 5089710.0 483469000.0
439 Aug 15, 2017 4.73 5.16 4.31 4.79 5107560.0 473033000.0
440 Aug 16, 2017 4.8 4.96 4.58 4.83 2607640.0 479668000.0
441 Aug 17, 2017 4.81 4.95 4.46 4.58 2609230.0 481390000.0
442 Aug 18, 2017 4.57 4.73 4.09 4.3 2588840.0 456631000.0
443 Aug 19, 2017 4.3 4.45 4.1 4.43 3801000.0 429611000.0
444 Aug 20, 2017 4.43 4.92 4.29 4.86 4519570.0 442870000.0
445 Aug 21, 2017 4.85 4.88 4.33 4.39 4064960.0 485218000.0
446 Aug 22, 2017 4.38 4.74 3.81 4.46 3358640.0 437971000.0
447 Aug 23, 2017 4.49 4.82 4.44 4.6 2989630.0 449053000.0
448 Aug 24, 2017 4.63 5.02 4.55 5.02 3537820.0 463403000.0
449 Aug 25, 2017 5.02 5.46 4.94 5.27 9306450.0 502380000.0
450 Aug 26, 2017 5.28 5.74 5.11 5.32 9123230.0 528242000.0
451 Aug 27, 2017 5.34 5.5 5.18 5.22 7212980.0 534242000.0
452 Aug 28, 2017 5.22 5.41 5.02 5.26 7208780.0 522486000.0
453 Aug 29, 2017 5.27 5.47 5.13 5.45 7581710.0 527066000.0
454 Aug 30, 2017 5.44 5.49 5.13 5.48 6659820.0 544366000.0
455 Aug 31, 2017 5.47 5.94 5.38 5.94 9471090.0 546851000.0
456 Sep 01, 2017 5.95 6.1 5.72 5.74 9556080.0 595498000.0
457 Sep 02, 2017 5.78 5.87 5.07 5.23 6608910.0 577688000.0
458 Sep 03, 2017 5.27 5.5 4.99 5.2 5174780.0 526827000.0
459 Sep 04, 2017 5.2 5.21 4.24 4.66 8324540.0 519570000.0
460 Sep 05, 2017 4.68 5.1 4.32 4.98 6194560.0 467862000.0
461 Sep 06, 2017 4.99 5.41 4.93 5.16 6069650.0 499259000.0
462 Sep 07, 2017 5.1 5.13 4.9 4.98 6353830.0 510327000.0
463 Sep 08, 2017 4.99 5.03 4.28 4.5 5899500.0 498706000.0
464 Sep 09, 2017 4.51 4.59 4.37 4.46 5406880.0 451034000.0
465 Sep 10, 2017 4.45 4.58 3.99 4.41 5469690.0 444828000.0
466 Sep 11, 2017 4.44 4.57 4.16 4.34 4908140.0 443783000.0
467 Sep 12, 2017 4.35 4.61 4.25 4.38 5306860.0 434806000.0
468 Sep 13, 2017 4.36 4.36 3.75 3.95 4928930.0 436202000.0
469 Sep 14, 2017 3.95 4.04 3.09 3.09 4470510.0 394740000.0
470 Sep 15, 2017 3.12 3.94 2.8 3.78 6270110.0 311752000.0
471 Sep 16, 2017 3.77 3.9 3.49 3.75 4499490.0 377410000.0
472 Sep 17, 2017 3.77 3.81 3.49 3.64 3406720.0 376569000.0
473 Sep 18, 2017 3.64 4.39 3.64 4.34 4080300.0 363799000.0
474 Sep 19, 2017 4.36 4.38 4.0 4.16 3403370.0 435701000.0
475 Sep 20, 2017 4.13 4.29 3.96 4.07 3910370.0 413510000.0
476 Sep 21, 2017 4.05 4.08 3.57 3.64 2914710.0 405445000.0
477 Sep 22, 2017 3.65 3.84 3.56 3.77 2723740.0 365050000.0
478 Sep 23, 2017 3.75 3.99 3.71 3.97 4950050.0 375579000.0
479 Sep 24, 2017 3.96 3.98 3.8 3.97 5012110.0 396513000.0
480 Sep 25, 2017 3.97 4.3 3.92 4.23 5218940.0 396943000.0
481 Sep 26, 2017 4.23 4.86 4.23 4.79 7713420.0 422807000.0
482 Sep 27, 2017 4.77 5.19 4.77 5.17 11447500.0 477461000.0
483 Sep 28, 2017 5.17 5.17 4.73 4.78 8795790.0 516674000.0
484 Sep 29, 2017 4.77 5.04 4.39 4.93 8515820.0 476743000.0
485 Sep 30, 2017 4.93 5.2 4.93 5.04 7480680.0 493143000.0
486 Oct 01, 2017 5.03 5.05 4.84 4.97 8233020.0 502985000.0
487 Oct 02, 2017 4.97 4.98 4.81 4.85 7422400.0 497344000.0
488 Oct 03, 2017 4.87 5.0 4.67 4.73 6975040.0 486590000.0
489 Oct 04, 2017 4.74 5.08 4.71 4.91 8679860.0 474477000.0
490 Oct 05, 2017 4.92 5.04 4.76 4.97 6804000.0 491795000.0
491 Oct 06, 2017 4.97 5.1 4.91 4.97 6574960.0 497017000.0
492 Oct 07, 2017 4.96 5.04 4.91 5.02 6760300.0 495816000.0
493 Oct 08, 2017 5.01 5.04 4.43 4.44 7717430.0 501163000.0
494 Oct 09, 2017 4.44 4.63 4.01 4.13 6698160.0 443937000.0
495 Oct 10, 2017 4.11 4.26 3.92 4.12 5675270.0 410737000.0
496 Oct 11, 2017 4.11 4.41 4.08 4.17 7296340.0 410915000.0
497 Oct 12, 2017 4.18 4.2 3.69 3.69 6289170.0 417611000.0
498 Oct 13, 2017 3.69 4.03 3.59 3.97 6777070.0 369201000.0
499 Oct 14, 2017 3.98 4.09 3.81 4.0 5190930.0 397686000.0
500 Oct 15, 2017 4.01 4.02 3.68 3.8 4384340.0 401032000.0
501 Oct 16, 2017 3.8 4.13 3.65 4.02 4972740.0 380320000.0
502 Oct 17, 2017 4.04 4.04 3.84 3.92 4954490.0 404005000.0
503 Oct 18, 2017 3.93 4.1 3.66 4.04 7283440.0 392635000.0
504 Oct 19, 2017 4.04 4.12 3.8 3.89 8840030.0 404068000.0
505 Oct 20, 2017 3.89 3.97 3.63 3.66 10830100.0 389091000.0
506 Oct 21, 2017 3.64 3.76 3.42 3.58 10666600.0 364477000.0
507 Oct 22, 2017 3.58 3.66 3.47 3.58 8491900.0 358200000.0
508 Oct 23, 2017 3.58 3.71 3.35 3.67 8621370.0 358001000.0
509 Oct 24, 2017 3.67 3.98 3.59 3.76 8703160.0 366774000.0
510 Oct 25, 2017 3.76 3.77 3.48 3.7 8533500.0 376245000.0
511 Oct 26, 2017 3.72 3.79 3.54 3.62 8321870.0 371705000.0
512 Oct 27, 2017 3.62 3.68 3.52 3.54 6714780.0 362311000.0
513 Oct 28, 2017 3.54 3.6 3.45 3.46 8103840.0 354417000.0
514 Oct 29, 2017 3.46 3.64 3.45 3.54 9046840.0 345825000.0
515 Oct 30, 2017 3.55 3.61 3.43 3.48 8523780.0 355140000.0
516 Oct 31, 2017 3.47 3.5 3.17 3.24 9895450.0 347320000.0
517 Nov 01, 2017 3.23 3.23 2.67 2.89 11933800.0 323419000.0
518 Nov 02, 2017 2.92 3.94 2.65 3.19 14949200.0 292033000.0
519 Nov 03, 2017 3.21 3.97 3.02 3.68 14090800.0 320550000.0
520 Nov 04, 2017 3.65 3.79 3.44 3.62 11619500.0 365254000.0
521 Nov 05, 2017 3.6 3.62 3.38 3.45 9798490.0 360517000.0
522 Nov 06, 2017 3.46 3.65 3.36 3.52 12291000.0 345746000.0
523 Nov 07, 2017 3.52 3.72 3.42 3.69 11312200.0 352178000.0
524 Nov 08, 2017 3.68 4.82 3.67 4.5 20540000.0 368185000.0
525 Nov 09, 2017 4.51 5.22 4.47 4.91 20982300.0 450694000.0
526 Nov 10, 2017 4.92 5.03 4.09 4.24 14425500.0 491960000.0
527 Nov 11, 2017 4.23 4.46 4.04 4.12 12304600.0 422815000.0
528 Nov 12, 2017 4.1 4.13 3.57 3.7 12279900.0 410250000.0
529 Nov 13, 2017 3.69 4.48 3.69 4.4 12493200.0 369368000.0
530 Nov 14, 2017 4.4 5.09 4.38 5.03 19374900.0 439602000.0
531 Nov 15, 2017 5.05 5.27 4.8 5.05 25851400.0 505269000.0
532 Nov 16, 2017 5.07 5.1 4.71 4.76 24087100.0 506504000.0
533 Nov 17, 2017 4.75 4.97 4.61 4.78 18777000.0 474592000.0
534 Nov 18, 2017 4.76 5.42 4.65 5.3 26020400.0 476545000.0
535 Nov 19, 2017 5.28 5.47 5.02 5.12 20869400.0 528278000.0
536 Nov 20, 2017 5.13 5.42 5.06 5.27 22272000.0 512582000.0
537 Nov 21, 2017 5.26 5.28 4.99 5.19 23353900.0 525616000.0
538 Nov 22, 2017 5.2 5.57 5.16 5.29 26343100.0 519834000.0
539 Nov 23, 2017 5.29 5.34 5.18 5.19 21305100.0 529435000.0
540 Nov 24, 2017 5.19 5.27 5.03 5.23 22424900.0 519100000.0
541 Nov 25, 2017 5.21 5.37 5.13 5.35 20520600.0 521531000.0
542 Nov 26, 2017 5.36 5.79 5.35 5.68 25667300.0 535981000.0
543 Nov 27, 2017 5.67 5.78 5.48 5.65 25029600.0 567162000.0
544 Nov 28, 2017 5.62 5.93 5.56 5.93 26201500.0 562374000.0
545 Nov 29, 2017 5.91 6.16 4.97 5.17 30996500.0 590960000.0
546 Nov 30, 2017 5.23 5.33 4.39 4.88 25549500.0 523239000.0
547 Dec 01, 2017 4.84 5.8 4.61 5.8 26090100.0 483939000.0
548 Dec 02, 2017 5.79 6.43 5.75 6.11 30325700.0 579354000.0
549 Dec 03, 2017 6.09 6.6 5.84 6.2 33036700.0 609449000.0
550 Dec 04, 2017 6.21 6.69 6.03 6.69 30419300.0 620558000.0
551 Dec 05, 2017 6.69 7.68 6.62 7.43 40875800.0 668740000.0
552 Dec 06, 2017 7.38 8.43 6.93 8.43 52074900.0 738347000.0
553 Dec 07, 2017 8.52 9.5 8.01 8.52 61751500.0 852136000.0
554 Dec 08, 2017 8.71 8.73 7.43 8.39 45781100.0 871406000.0
555 Dec 09, 2017 8.41 9.87 7.86 8.72 47394900.0 841212000.0
556 Dec 10, 2017 8.76 10.45 7.59 9.76 57336900.0 875585000.0
557 Dec 11, 2017 9.73 11.33 9.65 11.22 74140500.0 972864000.0
558 Dec 12, 2017 11.22 15.19 10.88 14.86 103848000.0 1122860000.0
559 Dec 13, 2017 15.23 15.62 13.5 13.64 75995500.0 1523380000.0
560 Dec 14, 2017 13.55 14.01 12.43 13.63 55002000.0 1355560000.0
561 Dec 15, 2017 13.54 14.07 11.75 13.08 95357500.0 1354620000.0
562 Dec 16, 2017 13.55 13.73 12.8 13.4 69311000.0 1355530000.0
563 Dec 17, 2017 13.39 14.16 13.16 13.53 64376200.0 1339200000.0
564 Dec 18, 2017 13.63 15.71 13.09 15.6 102357000.0 1363160000.0
565 Dec 19, 2017 15.63 18.07 14.51 15.88 114641000.0 1563340000.0
566 Dec 20, 2017 16.02 16.26 13.9 15.2 81905700.0 1602310000.0
567 Dec 21, 2017 15.29 16.52 14.53 16.02 90875600.0 1529020000.0
568 Dec 22, 2017 16.13 16.42 9.82 12.52 71699500.0 1613900000.0
569 Dec 23, 2017 12.67 15.79 12.48 14.27 88401100.0 1267050000.0
570 Dec 24, 2017 14.47 14.53 12.25 13.81 59222600.0 1447000000.0
571 Dec 25, 2017 13.93 14.46 13.13 14.27 65545300.0 1393480000.0
572 Dec 26, 2017 14.31 15.15 13.68 14.19 65504500.0 1431340000.0
573 Dec 27, 2017 14.32 14.43 13.18 13.58 54343300.0 1432160000.0
574 Dec 28, 2017 13.58 13.61 11.72 12.7 48273000.0 1358300000.0
575 Dec 29, 2017 12.86 14.03 12.43 13.64 64926900.0 1286750000.0
576 Dec 30, 2017 13.63 13.79 10.94 11.8 49173200.0 1363620000.0
577 Dec 31, 2017 11.69 12.79 11.53 12.59 50113900.0 1169780000.0
578 Jan 01, 2018 12.62 12.69 11.76 12.57 43302300.0 1262600000.0
579 Jan 02, 2018 12.53 13.38 12.32 13.34 61136300.0 1253640000.0
580 Jan 03, 2018 13.31 13.73 12.55 12.99 53810900.0 1331820000.0
581 Jan 04, 2018 13.06 13.09 11.87 12.53 65343400.0 1306410000.0
582 Jan 05, 2018 12.45 13.24 11.77 12.05 65668300.0 1245140000.0
583 Jan 06, 2018 12.01 13.07 11.44 12.86 59738700.0 1201900000.0
584 Jan 07, 2018 12.87 13.52 12.26 12.94 56240800.0 1287400000.0
585 Jan 08, 2018 12.84 13.72 11.56 13.62 72190300.0 1284770000.0
586 Jan 09, 2018 13.53 14.1 12.55 12.98 62959200.0 1353300000.0
587 Jan 10, 2018 13.03 13.04 11.4 12.74 62348700.0 1303830000.0
588 Jan 11, 2018 12.65 12.65 9.98 10.71 46240500.0 1265240000.0
589 Jan 12, 2018 10.78 11.76 10.45 11.34 43342800.0 1078330000.0
590 Jan 13, 2018 11.34 12.15 11.33 11.82 42000200.0 1134720000.0
591 Jan 14, 2018 11.84 11.85 10.49 11.09 46611100.0 1184520000.0
592 Jan 15, 2018 11.02 11.47 10.7 10.76 47209300.0 1102430000.0
593 Jan 16, 2018 10.83 10.91 7.08 8.39 42325600.0 1083460000.0
594 Jan 17, 2018 8.36 8.83 6.68 8.09 86632300.0 835624000.0
595 Jan 18, 2018 8.47 10.05 7.95 8.6 35228000.0 847572000.0
596 Jan 19, 2018 8.51 9.38 8.21 8.78 45279300.0 850897000.0
597 Jan 20, 2018 8.88 9.82 8.88 9.6 51892200.0 888259000.0
598 Jan 21, 2018 9.65 9.72 8.06 8.27 36459600.0 964861000.0
599 Jan 22, 2018 8.38 8.65 7.59 8.3 30657000.0 838233000.0
600 Jan 23, 2018 8.28 8.57 7.73 8.2 37418900.0 828237000.0
601 Jan 24, 2018 8.2 8.94 7.97 8.81 45927300.0 819666000.0
602 Jan 25, 2018 8.92 9.22 8.72 9.06 38346500.0 891993000.0
603 Jan 26, 2018 9.04 9.36 8.32 8.96 34796200.0 903952000.0
604 Jan 27, 2018 8.95 9.46 8.86 9.11 39528900.0 894906000.0
605 Jan 28, 2018 9.17 9.53 9.02 9.2 34527300.0 916626000.0
606 Jan 29, 2018 9.19 9.3 8.54 8.71 33554900.0 918718000.0
607 Jan 30, 2018 8.71 8.78 7.52 7.61 29051000.0 870974000.0
608 Jan 31, 2018 7.63 7.93 7.24 7.68 27535700.0 762709000.0
609 Feb 01, 2018 7.7 7.79 6.35 6.67 27774000.0 769864000.0
610 Feb 02, 2018 6.64 6.64 5.35 6.2 26726300.0 664536000.0
611 Feb 03, 2018 6.21 6.85 5.74 6.63 23023200.0 621154000.0
612 Feb 04, 2018 6.64 6.75 5.57 5.74 25765100.0 663752000.0
613 Feb 05, 2018 5.71 5.95 4.36 4.54 22395200.0 571019000.0
614 Feb 06, 2018 4.54 5.15 3.66 5.06 20248500.0 453888000.0
615 Feb 07, 2018 5.01 5.66 4.59 4.97 16135000.0 501033000.0
616 Feb 08, 2018 4.92 6.0 4.92 5.58 31567200.0 492456000.0
617 Feb 09, 2018 5.6 6.09 5.29 6.04 24332800.0 559784000.0
618 Feb 10, 2018 6.06 6.32 5.47 5.72 29552400.0 606151000.0
619 Feb 11, 2018 5.72 5.72 5.01 5.45 21599600.0 571865000.0
620 Feb 12, 2018 5.49 5.89 5.49 5.72 20167600.0 548602000.0
621 Feb 13, 2018 5.74 5.76 5.4 5.6 17030400.0 574298000.0
622 Feb 14, 2018 5.59 6.44 5.58 6.42 20068500.0 558952000.0
623 Feb 15, 2018 6.42 8.07 6.38 8.07 61670200.0 641992000.0
624 Feb 16, 2018 8.0 8.36 7.49 7.9 44143700.0 800093000.0
625 Feb 17, 2018 7.88 7.96 7.63 7.84 34458200.0 788332000.0
626 Feb 18, 2018 7.84 8.09 7.13 7.54 40081300.0 784044000.0
627 Feb 19, 2018 7.54 8.15 7.44 8.1 37813100.0 753733000.0
628 Feb 20, 2018 8.1 8.49 7.94 8.03 46087500.0 810038000.0
629 Feb 21, 2018 8.02 8.54 7.15 7.27 39877300.0 801955000.0
630 Feb 22, 2018 7.26 7.55 6.5 6.58 28774100.0 725646000.0
631 Feb 23, 2018 6.58 6.97 6.35 6.75 24788900.0 657939000.0
632 Feb 24, 2018 6.75 6.99 6.43 6.56 20271100.0 675317000.0
633 Feb 25, 2018 6.56 6.64 6.27 6.49 20420000.0 655883000.0
634 Feb 26, 2018 6.49 6.84 6.36 6.7 21780800.0 648961000.0
635 Feb 27, 2018 6.71 6.89 6.57 6.59 23597200.0 670970000.0
636 Feb 28, 2018 6.62 6.88 6.29 6.29 23822800.0 661897000.0
637 Mar 01, 2018 6.3 6.8 6.14 6.64 23214300.0 630494000.0
638 Mar 02, 2018 6.63 6.74 6.5 6.68 19421300.0 662555000.0
639 Mar 03, 2018 6.66 6.95 6.64 6.9 19895900.0 665875000.0
640 Mar 04, 2018 6.89 6.9 6.6 6.86 22357700.0 688941000.0
641 Mar 05, 2018 6.86 7.03 6.75 6.75 26863300.0 685839000.0
642 Mar 06, 2018 6.76 6.76 6.13 6.18 23312400.0 675705000.0
643 Mar 07, 2018 6.16 6.32 5.56 6.21 27654600.0 616234000.0
644 Mar 08, 2018 6.2 6.46 5.82 5.87 31160000.0 620429000.0
645 Mar 09, 2018 5.84 6.01 5.15 5.88 25548400.0 583695000.0
646 Mar 10, 2018 5.87 6.08 5.51 5.55 18057800.0 586980000.0
647 Mar 11, 2018 5.52 5.99 5.29 5.9 21654300.0 552342000.0
648 Mar 12, 2018 5.88 5.99 5.39 5.58 25160400.0 588249000.0
649 Mar 13, 2018 5.56 5.77 5.4 5.56 22695500.0 555725000.0
650 Mar 14, 2018 5.55 5.72 4.82 4.98 22462700.0 555434000.0
651 Mar 15, 2018 4.98 5.37 4.63 5.22 24144400.0 498313000.0
652 Mar 16, 2018 5.21 5.28 4.86 5.01 21433900.0 521501000.0
653 Mar 17, 2018 5.01 5.03 4.56 4.61 19627900.0 501288000.0
654 Mar 18, 2018 4.58 4.58 3.87 4.41 22563500.0 458336000.0
655 Mar 19, 2018 4.39 4.85 4.39 4.8 19329400.0 438969000.0
656 Mar 20, 2018 4.85 5.08 4.71 5.02 23723900.0 484953000.0
657 Mar 21, 2018 5.03 5.2 4.9 5.0 21143800.0 502947000.0
658 Mar 22, 2018 5.0 5.11 4.66 4.81 20288200.0 500172000.0
659 Mar 23, 2018 4.82 4.82 4.54 4.7 18434200.0 481542000.0
660 Mar 24, 2018 4.77 4.96 4.7 4.77 22757700.0 476922000.0
661 Mar 25, 2018 4.7 4.86 4.58 4.74 20281200.0 469817000.0
662 Mar 26, 2018 4.73 4.78 4.2 4.39 18962800.0 472671000.0
663 Mar 27, 2018 4.37 4.38 4.03 4.11 18969500.0 437310000.0
