0 Oct 13, 2017 0.02 0.02 0.02 0.02 971989.0 0.0
1 Oct 14, 2017 0.02 0.04 0.02 0.02 237228.0 32812000.0
2 >Oct 15, 201 0.02 0.03 0.02 0.02 128373.0 30896900.0
3 Oct 16, 2017 0.02 0.02 0.02 0.02 76915.4 27573400.0
4 Oct 17, 2017 0.02 0.03 0.02 0.02 88613.5 27847700.0
5 Oct 18, 2017 0.02 0.02 0.02 0.02 140943.0 30730700.0
6 Oct 19, 2017 0.02 0.02 0.02 0.02 134065.0 26994500.0
7 Oct 20, 2017 0.02 0.02 0.01 0.01 112202.0 25725700.0
8 Oct 21, 2017 0.01 0.02 0.01 0.01 196356.0 22925000.0
9 Oct 22, 2017 0.01 0.02 0.01 0.01 165991.0 20725300.0
10 Oct 23, 2017 0.01 0.01 0.01 0.01 150236.0 21268500.0
11 Oct 24, 2017 0.01 0.01 0.01 0.01 208404.0 20356900.0
12 Oct 25, 2017 0.01 0.01 0.01 0.01 138432.0 20037300.0
13 Oct 26, 2017 0.01 0.01 0.01 0.01 113031.0 17159500.0
14 Oct 27, 2017 0.01 0.01 0.01 0.01 127953.0 17150200.0
15 Oct 28, 2017 0.01 0.01 0.01 0.01 107873.0 17557600.0
16 Oct 29, 2017 0.01 0.01 0.01 0.01 136432.0 16791100.0
17 Oct 30, 2017 0.01 0.01 0.01 0.01 146030.0 18483400.0
18 Oct 31, 2017 0.01 0.01 0.01 0.01 136449.0 15410600.0
19 Nov 01, 2017 0.01 0.01 0.01 0.01 133274.0 14857800.0
20 Nov 02, 2017 0.01 0.01 0.01 0.01 147800.0 12890800.0
21 Nov 03, 2017 0.01 0.01 0.01 0.01 168679.0 11467800.0
22 Nov 04, 2017 0.01 0.01 0.01 0.01 176757.0 14469100.0
23 Nov 05, 2017 0.01 0.01 0.01 0.01 140319.0 17040300.0
24 Nov 06, 2017 0.01 0.01 0.01 0.01 117849.0 15050800.0
25 Nov 07, 2017 0.01 0.01 0.01 0.01 156970.0 14301400.0
26 Nov 08, 2017 0.01 0.01 0.01 0.01 156915.0 15712500.0
27 Nov 09, 2017 0.01 0.02 0.01 0.02 302871.0 17198900.0
28 Nov 10, 2017 0.02 0.02 0.01 0.01 247869.0 23824500.0
29 Nov 11, 2017 0.01 0.02 0.01 0.02 209109.0 21426600.0
30 Nov 12, 2017 0.02 0.02 0.01 0.01 193003.0 23717500.0
31 Nov 13, 2017 0.01 0.02 0.01 0.01 199984.0 21738300.0
32 Nov 14, 2017 0.01 0.01 0.01 0.01 149013.0 20707500.0
33 Nov 15, 2017 0.01 0.02 0.01 0.01 199700.0 20765400.0
34 Nov 16, 2017 0.01 0.02 0.01 0.01 160693.0 22966400.0
35 Nov 17, 2017 0.01 0.02 0.01 0.01 144547.0 22137800.0
36 Nov 18, 2017 0.01 0.01 0.01 0.01 189844.0 21151900.0
37 Nov 19, 2017 0.01 0.01 0.01 0.01 157812.0 20155900.0
38 Nov 20, 2017 0.01 0.02 0.01 0.01 237922.0 22145900.0
39 Nov 21, 2017 0.01 0.02 0.01 0.02 221558.0 21767300.0
40 Nov 22, 2017 0.01 0.02 0.01 0.02 294242.0 22436900.0
41 Nov 23, 2017 0.02 0.02 0.02 0.02 598817.0 24359700.0
42 Nov 24, 2017 0.02 0.02 0.02 0.02 434963.0 29746200.0
43 Nov 25, 2017 0.02 0.02 0.02 0.02 432424.0 31681300.0
44 Nov 26, 2017 0.02 0.02 0.02 0.02 403314.0 29639400.0
45 Nov 27, 2017 0.02 0.02 0.02 0.02 412421.0 27780600.0
46 Nov 28, 2017 0.02 0.02 0.02 0.02 264435.0 30598900.0
47 Nov 29, 2017 0.02 0.02 0.02 0.02 370308.0 28528000.0
48 Nov 30, 2017 0.02 0.02 0.02 0.02 411999.0 26007600.0
49 Dec 01, 2017 0.02 0.02 0.02 0.02 398296.0 31101600.0
50 Dec 02, 2017 0.02 0.02 0.02 0.02 369107.0 31526800.0
51 Dec 03, 2017 0.02 0.02 0.02 0.02 358732.0 31567600.0
52 Dec 04, 2017 0.02 0.02 0.02 0.02 308025.0 29765200.0
53 Dec 05, 2017 0.02 0.02 0.02 0.02 295760.0 30455800.0
54 Dec 06, 2017 0.02 0.02 0.02 0.02 302349.0 30515300.0
55 Dec 07, 2017 0.02 0.02 0.02 0.02 363451.0 28603400.0
56 Dec 08, 2017 0.02 0.02 0.02 0.02 390579.0 27806100.0
57 Dec 09, 2017 0.02 0.02 0.02 0.02 346460.0 28892000.0
58 Dec 10, 2017 0.02 0.02 0.02 0.02 344944.0 29447500.0
59 Dec 11, 2017 0.02 0.03 0.02 0.02 10865700.0 27575000.0
60 Dec 12, 2017 0.02 0.03 0.02 0.02 9211280.0 34122900.0
61 Dec 13, 2017 0.02 0.02 0.01 0.02 7727030.0 29388700.0
62 Dec 14, 2017 0.02 0.02 0.02 0.02 8760460.0 25528200.0
63 Dec 15, 2017 0.02 0.03 0.02 0.02 8947380.0 29120100.0
64 Dec 16, 2017 0.02 0.03 0.02 0.03 13368700.0 32365500.0
65 Dec 17, 2017 0.03 0.04 0.03 0.04 20361800.0 46291900.0
66 Dec 18, 2017 0.04 0.07 0.03 0.07 48857100.0 52294800.0
67 Dec 19, 2017 0.07 0.08 0.06 0.08 53138100.0 95688100.0
68 Dec 20, 2017 0.08 0.08 0.06 0.06 17514600.0 110969000.0
69 Dec 21, 2017 0.06 0.07 0.06 0.06 11404400.0 87236000.0
70 Dec 22, 2017 0.06 0.06 0.03 0.05 7217730.0 87518100.0
71 Dec 23, 2017 0.05 0.06 0.04 0.05 5765970.0 70849600.0
72 Dec 24, 2017 0.05 0.05 0.04 0.05 3356210.0 73563800.0
73 Dec 25, 2017 0.05 0.06 0.04 0.05 6033710.0 67810300.0
74 Dec 26, 2017 0.05 0.06 0.05 0.05 9967010.0 74103300.0
75 Dec 27, 2017 0.05 0.06 0.05 0.05 11421100.0 73603700.0
76 Dec 28, 2017 0.05 0.06 0.04 0.05 11566900.0 76679700.0
77 Dec 29, 2017 0.05 0.08 0.05 0.07 29636700.0 76226800.0
78 Dec 30, 2017 0.07 0.09 0.06 0.09 51564400.0 106100000.0
79 Dec 31, 2017 0.09 0.09 0.08 0.09 27382900.0 131015000.0
80 Jan 01, 2018 0.09 0.09 0.08 0.08 18095400.0 127940000.0
81 Jan 02, 2018 0.08 0.11 0.07 0.1 31378500.0 116341000.0
82 Jan 03, 2018 0.1 0.13 0.09 0.12 25429800.0 144677000.0
83 Jan 04, 2018 0.12 0.2 0.12 0.16 64999600.0 177997000.0
84 Jan 05, 2018 0.16 0.19 0.13 0.15 51827800.0 230320000.0
85 Jan 06, 2018 0.15 0.19 0.14 0.16 32125800.0 224603000.0
86 Jan 07, 2018 0.17 0.2 0.17 0.18 37226300.0 239823000.0
87 Jan 08, 2018 0.18 0.2 0.14 0.16 21464100.0 263908000.0
88 Jan 09, 2018 0.16 0.17 0.14 0.14 16162100.0 236374000.0
89 Jan 10, 2018 0.15 0.15 0.12 0.15 18402800.0 217148000.0
90 Jan 11, 2018 0.15 0.15 0.11 0.12 12434800.0 223018000.0
91 Jan 12, 2018 0.12 0.13 0.12 0.13 8927990.0 178982000.0
92 Jan 13, 2018 0.13 0.13 0.11 0.12 10574000.0 182198000.0
93 Jan 14, 2018 0.12 0.12 0.09 0.11 8363420.0 173786000.0
94 Jan 15, 2018 0.11 0.11 0.09 0.09 7937430.0 156167000.0
95 Jan 16, 2018 0.09 0.09 0.05 0.07 8990190.0 133373000.0
96 Jan 17, 2018 0.07 0.08 0.05 0.07 9728930.0 96956600.0
97 Jan 18, 2018 0.07 0.18 0.07 0.16 90325300.0 109337000.0
98 Jan 19, 2018 0.16 0.26 0.14 0.22 348724000.0 237596000.0
99 Jan 20, 2018 0.22 0.23 0.19 0.21 70110400.0 321654000.0
100 Jan 21, 2018 0.21 0.23 0.19 0.21 39530600.0 303297000.0
101 Jan 22, 2018 0.21 0.34 0.21 0.29 289010000.0 308448000.0
102 Jan 23, 2018 0.29 0.35 0.26 0.31 178340000.0 417396000.0
103 Jan 24, 2018 0.32 0.32 0.24 0.26 67199300.0 456624000.0
104 Jan 25, 2018 0.26 0.3 0.25 0.28 49970400.0 380213000.0
105 Jan 26, 2018 0.28 0.32 0.26 0.3 46652700.0 400806000.0
106 Jan 27, 2018 0.3 0.3 0.27 0.27 21932700.0 438802000.0
107 Jan 28, 2018 0.28 0.28 0.25 0.26 23875500.0 400040000.0
108 Jan 29, 2018 0.26 0.26 0.23 0.24 15252700.0 380101000.0
109 Jan 30, 2018 0.24 0.27 0.2 0.24 37461300.0 345943000.0
110 Jan 31, 2018 0.23 0.24 0.21 0.22 19878300.0 335379000.0
111 Feb 01, 2018 0.22 0.23 0.17 0.21 27942900.0 323997000.0
112 Feb 02, 2018 0.21 0.21 0.15 0.2 24889400.0 304069000.0
113 Feb 03, 2018 0.2 0.23 0.18 0.21 8738440.0 284827000.0
114 Feb 04, 2018 0.21 0.22 0.17 0.18 6028770.0 308771000.0
115 Feb 05, 2018 0.18 0.19 0.12 0.14 5807440.0 263759000.0
116 Feb 06, 2018 0.14 0.17 0.1 0.17 8891520.0 198038000.0
117 Feb 07, 2018 0.17 0.21 0.16 0.17 10921100.0 249455000.0
118 Feb 08, 2018 0.17 0.2 0.17 0.19 11729100.0 245932000.0
119 Feb 09, 2018 0.19 0.21 0.18 0.21 117566.0 275665000.0
120 Feb 10, 2018 0.2 0.21 0.16 0.18 6428820.0 291571000.0
121 Feb 11, 2018 0.18 0.18 0.15 0.16 5332070.0 257752000.0
122 Feb 12, 2018 0.16 0.19 0.16 0.18 4330240.0 237013000.0
123 Feb 13, 2018 0.18 0.18 0.16 0.17 4387810.0 259345000.0
124 Feb 14, 2018 0.17 0.19 0.16 0.18 5647820.0 238905000.0
125 Feb 15, 2018 0.18 0.19 0.17 0.18 8056040.0 264692000.0
126 Feb 16, 2018 0.18 0.18 0.17 0.18 6439340.0 266741000.0
127 Feb 17, 2018 0.18 0.19 0.18 0.19 6067740.0 260444000.0
128 Feb 18, 2018 0.19 0.19 0.17 0.17 3916680.0 273107000.0
129 Feb 19, 2018 0.17 0.18 0.17 0.17 3803700.0 246041000.0
130 Feb 20, 2018 0.17 0.18 0.15 0.15 7388910.0 247266000.0
131 Feb 21, 2018 0.15 0.17 0.14 0.16 7315490.0 221165000.0
132 Feb 22, 2018 0.16 0.17 0.14 0.14 8387350.0 227384000.0
133 Feb 23, 2018 0.14 0.16 0.14 0.15 2955450.0 207106000.0
134 Feb 24, 2018 0.15 0.15 0.13 0.14 2097460.0 216883000.0
135 Feb 25, 2018 0.14 0.14 0.13 0.13 2239880.0 200412000.0
136 Feb 26, 2018 0.13 0.15 0.13 0.14 2453220.0 192874000.0
137 Feb 27, 2018 0.14 0.14 0.13 0.14 2024610.0 199949000.0
138 Feb 28, 2018 0.14 0.14 0.12 0.12 2771260.0 198311000.0
139 Mar 01, 2018 0.12 0.13 0.11 0.12 4959020.0 175509000.0
140 Mar 02, 2018 0.12 0.14 0.11 0.13 9199380.0 172178000.0
141 Mar 03, 2018 0.14 0.15 0.13 0.13 18291800.0 195208000.0
142 Mar 04, 2018 0.13 0.14 0.12 0.14 5604570.0 188313000.0
143 Mar 05, 2018 0.14 0.14 0.13 0.13 3524160.0 207563000.0
144 Mar 06, 2018 0.13 0.13 0.11 0.11 2752970.0 186835000.0
145 Mar 07, 2018 0.11 0.12 0.09 0.1 3095550.0 163673000.0
146 Mar 08, 2018 0.1 0.11 0.09 0.09 2473430.0 150538000.0
147 Mar 09, 2018 0.09 0.1 0.08 0.09 2710110.0 134716000.0
148 Mar 10, 2018 0.09 0.1 0.09 0.09 2145170.0 127744000.0
149 Mar 11, 2018 0.09 0.09 0.08 0.09 1289810.0 124978000.0
150 Mar 12, 2018 0.09 0.09 0.08 0.08 2061750.0 130704000.0
151 Mar 13, 2018 0.08 0.09 0.08 0.08 1626300.0 119647000.0
152 Mar 14, 2018 0.08 0.09 0.07 0.07 1425200.0 121353000.0
153 Mar 15, 2018 0.07 0.08 0.06 0.07 11052400.0 103614000.0
154 Mar 16, 2018 0.07 0.09 0.07 0.08 12912000.0 105279000.0
155 Mar 17, 2018 0.08 0.1 0.08 0.08 20818900.0 113646000.0
156 Mar 18, 2018 0.08 0.08 0.06 0.07 15323400.0 121212000.0
157 Mar 19, 2018 0.07 0.08 0.07 0.08 15042600.0 108825000.0
158 Mar 20, 2018 0.08 0.09 0.07 0.08 15575800.0 119042000.0
159 Mar 21, 2018 0.08 0.1 0.08 0.09 18044800.0 120415000.0
160 Mar 22, 2018 0.08 0.09 0.08 0.08 2242050.0 122547000.0
161 Mar 23, 2018 0.08 0.08 0.07 0.08 1416700.0 118295000.0
162 Mar 24, 2018 0.08 0.08 0.08 0.08 2169230.0 118698000.0
163 Mar 25, 2018 0.08 0.08 0.08 0.08 2479140.0 112389000.0
164 Mar 26, 2018 0.08 0.08 0.07 0.07 2445320.0 118237000.0
165 Mar 27, 2018 0.07 0.07 0.07 0.07 888363.0 108060000.0
