0 Dec 04, 2013 0.01 0.02 0.0 0.01 0.0 15091900.0
1 Dec 05, 2013 0.01 0.01 0.01 0.01 0.0 13602200.0
2 Dec 06, 2013 0.01 0.02 0.01 0.01 0.0 11580800.0
3 Dec 07, 2013 0.01 0.01 0.01 0.01 0.0 8353200.0
4 Dec 08, 2013 0.01 0.01 0.0 0.0 0.0 5655180.0
5 Dec 09, 2013 0.0 0.01 0.0 0.0 0.0 3969000.0
6 Dec 10, 2013 0.0 0.0 0.0 0.0 0.0 3640670.0
7 Dec 11, 2013 0.0 0.01 0.0 0.01 0.0 3066120.0
8 Dec 12, 2013 0.01 0.02 0.0 0.0 0.0 7610830.0
9 Dec 13, 2013 0.0 0.01 0.0 0.0 0.0 3237430.0
10 Dec 14, 2013 0.0 0.02 0.0 0.0 0.0 3806370.0
11 Dec 15, 2013 0.0 0.01 0.0 0.01 0.0 4542750.0
12 Dec 16, 2013 0.01 0.01 0.0 0.01 0.0 6646490.0
13 Dec 17, 2013 0.01 0.01 0.0 0.01 0.0 6357330.0
14 Dec 18, 2013 0.01 0.01 0.0 0.01 0.0 6680270.0
15 Dec 19, 2013 0.01 0.01 0.01 0.01 0.0 6228720.0
16 Dec 20, 2013 0.01 0.01 0.01 0.01 0.0 8733980.0
17 Dec 21, 2013 0.01 0.03 0.01 0.02 0.0 10359100.0
18 Dec 22, 2013 0.02 0.04 0.01 0.03 0.0 18058200.0
19 Dec 23, 2013 0.03 0.03 0.01 0.03 0.0 31172700.0
20 Dec 24, 2013 0.03 0.04 0.03 0.04 0.0 30487700.0
21 Dec 25, 2013 0.04 0.06 0.03 0.06 0.0 38411300.0
22 Dec 26, 2013 0.06 0.1 0.06 0.08 0.0 64000300.0
23 Dec 27, 2013 0.08 0.08 0.06 0.07 0.0 80606700.0
24 Dec 28, 2013 0.07 0.07 0.04 0.06 532690.0 65396400.0
25 Dec 29, 2013 0.06 0.06 0.04 0.06 501304.0 59469200.0
26 Dec 30, 2013 0.06 0.07 0.04 0.05 307542.0 56207600.0
27 Dec 31, 2013 0.05 0.05 0.03 0.05 307397.0 51733600.0
28 Jan 01, 2014 0.05 0.07 0.05 0.07 556022.0 51861800.0
29 Jan 02, 2014 0.07 0.08 0.07 0.07 793019.0 70807600.0
30 Jan 03, 2014 0.07 0.08 0.06 0.06 724329.0 74847200.0
31 Jan 04, 2014 0.06 0.07 0.04 0.06 244811.0 60679000.0
32 Jan 05, 2014 0.06 0.06 0.05 0.06 282060.0 62959900.0
33 Jan 06, 2014 0.05 0.06 0.05 0.05 22411.7 52634100.0
34 Jan 07, 2014 0.05 0.06 0.03 0.03 60824.5 52323700.0
35 Jan 08, 2014 0.03 0.05 0.03 0.04 312262.0 32241500.0
36 Jan 09, 2014 0.04 0.05 0.04 0.04 117585.0 39889800.0
37 Jan 10, 2014 0.04 0.05 0.04 0.04 199658.0 44049800.0
38 Jan 11, 2014 0.04 0.05 0.04 0.04 87690.6 44117000.0
39 Jan 12, 2014 0.04 0.05 0.04 0.04 87126.2 44743000.0
40 Jan 13, 2014 0.04 0.04 0.03 0.04 93036.7 40374600.0
41 Jan 14, 2014 0.04 0.04 0.04 0.04 93543.6 38058900.0
42 Jan 15, 2014 0.04 0.04 0.04 0.04 101689.0 38032700.0
43 Jan 16, 2014 0.04 0.04 0.03 0.03 218805.0 35466200.0
44 Jan 17, 2014 0.03 0.03 0.03 0.03 115753.0 32948900.0
45 Jan 18, 2014 0.03 0.06 0.03 0.05 560973.0 29365400.0
46 Jan 19, 2014 0.05 0.05 0.04 0.05 219644.0 46323900.0
47 Jan 20, 2014 0.05 0.08 0.05 0.08 700684.0 53078000.0
48 Jan 21, 2014 0.08 0.11 0.08 0.1 1244760.0 78987500.0
49 Jan 22, 2014 0.1 0.1 0.06 0.07 779705.0 95888100.0
50 Jan 23, 2014 0.07 0.08 0.07 0.07 214846.0 73596300.0
51 Jan 24, 2014 0.07 0.07 0.06 0.07 215705.0 74395300.0
52 Jan 25, 2014 0.07 0.08 0.07 0.07 147238.0 69868400.0
53 Jan 26, 2014 0.07 0.08 0.07 0.08 236019.0 73057800.0
54 Jan 27, 2014 0.08 0.08 0.07 0.07 84107.3 77968400.0
55 Jan 28, 2014 0.07 0.07 0.07 0.07 40182.8 67138400.0
56 Jan 29, 2014 0.07 0.07 0.06 0.06 124817.0 68982600.0
57 Jan 30, 2014 0.06 0.07 0.06 0.06 123863.0 62809600.0
58 >Jan 31, 201 0.06 0.06 0.06 0.06 73756.8 62200600.0
59 Feb 01, 2014 0.06 0.07 0.06 0.07 156599.0 60745300.0
60 Feb 02, 2014 0.07 0.07 0.06 0.07 150627.0 66465300.0
61 Feb 03, 2014 0.07 0.07 0.06 0.06 44209.7 65918100.0
62 Feb 04, 2014 0.06 0.07 0.06 0.06 238105.0 63158300.0
63 Feb 05, 2014 0.06 0.06 0.06 0.06 161532.0 61736300.0
64 Feb 06, 2014 0.06 0.06 0.05 0.05 100649.0 59320500.0
65 Feb 07, 2014 0.05 0.06 0.04 0.05 140897.0 53912800.0
66 Feb 08, 2014 0.05 0.05 0.04 0.04 104641.0 48762700.0
67 Feb 09, 2014 0.04 0.05 0.04 0.05 69052.2 45646600.0
68 Feb 10, 2014 0.05 0.05 0.04 0.05 146746.0 48814600.0
69 Feb 11, 2014 0.05 0.05 0.04 0.05 179848.0 48255000.0
70 Feb 12, 2014 0.05 0.05 0.04 0.04 90312.8 47050300.0
71 Feb 13, 2014 0.04 0.05 0.04 0.05 322213.0 44899000.0
72 Feb 14, 2014 0.05 0.07 0.04 0.06 846499.0 48925100.0
73 Feb 15, 2014 0.06 0.06 0.06 0.06 359642.0 59373600.0
74 Feb 16, 2014 0.06 0.06 0.05 0.06 294501.0 58075900.0
75 Feb 17, 2014 0.06 0.06 0.06 0.06 420213.0 56040500.0
76 Feb 18, 2014 0.06 0.06 0.06 0.06 304776.0 60395100.0
77 Feb 19, 2014 0.06 0.06 0.06 0.06 216664.0 60730500.0
78 Feb 20, 2014 0.06 0.06 0.05 0.05 323435.0 60777300.0
79 Feb 21, 2014 0.05 0.06 0.05 0.05 170483.0 53850700.0
80 Feb 22, 2014 0.05 0.06 0.05 0.05 155701.0 51537300.0
81 Feb 23, 2014 0.05 0.06 0.05 0.05 225527.0 54281900.0
82 Feb 24, 2014 0.05 0.05 0.05 0.05 126029.0 50897600.0
83 Feb 25, 2014 0.05 0.05 0.04 0.05 210463.0 46872900.0
84 Feb 26, 2014 0.05 0.05 0.04 0.05 136325.0 48133600.0
85 Feb 27, 2014 0.05 0.05 0.05 0.05 99870.9 49503800.0
86 Feb 28, 2014 0.05 0.05 0.04 0.04 101748.0 47360900.0
87 Mar 01, 2014 0.04 0.05 0.04 0.04 131383.0 44461400.0
88 Mar 02, 2014 0.05 0.05 0.04 0.04 154349.0 46308900.0
89 Mar 03, 2014 0.04 0.05 0.04 0.05 206986.0 44245600.0
90 Mar 04, 2014 0.05 0.05 0.05 0.05 256351.0 52631900.0
91 Mar 05, 2014 0.05 0.05 0.05 0.05 175279.0 50564300.0
92 Mar 06, 2014 0.05 0.05 0.05 0.05 113968.0 49755400.0
93 Mar 07, 2014 0.05 0.05 0.05 0.05 116971.0 49475900.0
94 Mar 08, 2014 0.05 0.05 0.04 0.05 88181.5 46893200.0
95 Mar 09, 2014 0.05 0.05 0.04 0.05 74726.8 46143200.0
96 Mar 10, 2014 0.05 0.05 0.04 0.04 81434.2 46815600.0
97 Mar 11, 2014 0.04 0.05 0.04 0.04 152818.0 45425100.0
98 Mar 12, 2014 0.04 0.04 0.04 0.04 75849.3 44557200.0
99 Mar 13, 2014 0.04 0.04 0.04 0.04 116342.0 44006200.0
100 Mar 14, 2014 0.04 0.04 0.04 0.04 84599.2 40304100.0
101 Mar 15, 2014 0.04 0.04 0.04 0.04 89161.7 40785200.0
102 Mar 16, 2014 0.04 0.04 0.03 0.03 103778.0 38012400.0
103 Mar 17, 2014 0.03 0.04 0.03 0.03 207478.0 32398000.0
104 Mar 18, 2014 0.03 0.03 0.03 0.03 151320.0 32487500.0
105 Mar 19, 2014 0.03 0.03 0.03 0.03 83374.1 29773500.0
106 Mar 20, 2014 0.03 0.04 0.03 0.04 151846.0 31262300.0
107 Mar 21, 2014 0.04 0.04 0.03 0.04 190635.0 38582400.0
108 Mar 22, 2014 0.04 0.04 0.04 0.04 169810.0 40481600.0
109 Mar 23, 2014 0.04 0.04 0.04 0.04 180479.0 40809200.0
110 >Mar 24, 201 0.04 0.05 0.04 0.05 168499.0 41870100.0
111 Mar 25, 2014 0.05 0.05 0.04 0.04 88703.5 47462600.0
112 Mar 26, 2014 0.04 0.04 0.03 0.03 127918.0 37105500.0
113 Mar 27, 2014 0.03 0.03 0.03 0.03 107542.0 34009600.0
114 Mar 28, 2014 0.03 0.03 0.03 0.03 65056.0 26703600.0
115 Mar 29, 2014 0.03 0.03 0.03 0.03 80430.8 29492900.0
116 Mar 30, 2014 0.03 0.03 0.03 0.03 61260.2 28496900.0
117 Mar 31, 2014 0.03 0.03 0.03 0.03 61635.6 28133100.0
118 Apr 01, 2014 0.03 0.03 0.03 0.03 84800.5 28296900.0
119 Apr 02, 2014 0.03 0.03 0.03 0.03 180996.0 30062700.0
120 Apr 03, 2014 0.03 0.03 0.03 0.03 49789.7 28777000.0
121 Apr 04, 2014 0.03 0.03 0.03 0.03 42856.5 28031600.0
122 Apr 05, 2014 0.03 0.03 0.03 0.03 34151.6 27901000.0
123 Apr 06, 2014 0.03 0.03 0.03 0.03 25312.5 29177200.0
124 Apr 07, 2014 0.03 0.03 0.03 0.03 32860.1 28490100.0
125 Apr 08, 2014 0.03 0.03 0.03 0.03 27163.6 27532300.0
126 Apr 09, 2014 0.03 0.03 0.03 0.03 40543.3 27806700.0
127 Apr 10, 2014 0.03 0.03 0.02 0.02 92465.1 25281900.0
128 Apr 11, 2014 0.02 0.02 0.02 0.02 35936.5 19557300.0
129 Apr 12, 2014 0.02 0.04 0.02 0.02 24040.8 23262900.0
130 Apr 13, 2014 0.02 0.02 0.02 0.02 33092.3 23135000.0
131 Apr 14, 2014 0.02 0.02 0.02 0.02 52685.7 21256500.0
132 Apr 15, 2014 0.02 0.03 0.02 0.03 101514.0 23751000.0
133 Apr 16, 2014 0.03 0.03 0.03 0.03 70128.2 28368500.0
134 Apr 17, 2014 0.03 0.03 0.03 0.03 53006.6 29243500.0
135 Apr 18, 2014 0.03 0.03 0.02 0.03 26507.5 25626300.0
136 Apr 19, 2014 0.03 0.03 0.02 0.03 43091.2 25253500.0
137 Apr 20, 2014 0.03 0.03 0.02 0.03 43745.4 25543600.0
138 Apr 21, 2014 0.03 0.03 0.02 0.02 41005.6 25728100.0
139 Apr 22, 2014 0.02 0.02 0.02 0.02 50185.6 23782700.0
140 Apr 23, 2014 0.02 0.02 0.02 0.02 27206.9 24393600.0
141 Apr 24, 2014 0.02 0.02 0.02 0.02 35382.9 24210300.0
142 Apr 25, 2014 0.02 0.02 0.02 0.02 84858.1 23865000.0
143 Apr 26, 2014 0.02 0.02 0.02 0.02 29374.7 20921700.0
144 Apr 27, 2014 0.02 0.02 0.02 0.02 30984.3 21034300.0
145 Apr 28, 2014 0.02 0.02 0.02 0.02 71227.4 19568000.0
146 Apr 29, 2014 0.02 0.02 0.02 0.02 46040.6 21864600.0
147 Apr 30, 2014 0.02 0.02 0.02 0.02 38618.9 21226000.0
148 May 01, 2014 0.02 0.02 0.02 0.02 29931.5 21997400.0
149 May 02, 2014 0.02 0.02 0.02 0.02 37470.9 23038100.0
150 May 03, 2014 0.02 0.02 0.02 0.02 22882.6 23130200.0
151 May 04, 2014 0.02 0.02 0.02 0.02 19743.8 22987200.0
152 May 05, 2014 0.02 0.02 0.02 0.02 26798.2 22517400.0
153 May 06, 2014 0.02 0.02 0.02 0.02 15192.7 22453100.0
154 May 07, 2014 0.02 0.02 0.02 0.02 26396.9 22374600.0
155 May 08, 2014 0.02 0.03 0.02 0.03 42970.9 23272700.0
156 May 09, 2014 0.03 0.04 0.03 0.03 163841.0 25994300.0
157 May 10, 2014 0.03 0.03 0.03 0.03 81360.9 31499400.0
158 May 11, 2014 0.03 0.03 0.03 0.03 65635.1 30725600.0
159 May 12, 2014 0.03 0.03 0.03 0.03 96018.8 31121200.0
160 May 13, 2014 0.03 0.03 0.03 0.03 65502.7 31702300.0
161 May 14, 2014 0.03 0.03 0.03 0.03 80737.1 31300500.0
162 May 15, 2014 0.03 0.04 0.03 0.04 84158.6 32105900.0
163 May 16, 2014 0.04 0.04 0.03 0.04 126819.0 35097900.0
164 May 17, 2014 0.04 0.04 0.04 0.04 257812.0 36683500.0
165 May 18, 2014 0.04 0.04 0.04 0.04 126634.0 43034200.0
166 May 19, 2014 0.04 0.04 0.04 0.04 129611.0 39031700.0
167 May 20, 2014 0.04 0.04 0.03 0.04 184175.0 36273200.0
168 May 21, 2014 0.04 0.04 0.04 0.04 60590.8 39437100.0
169 May 22, 2014 0.04 0.04 0.04 0.04 98023.7 38048500.0
170 May 23, 2014 0.04 0.04 0.04 0.04 162117.0 39953200.0
171 May 24, 2014 0.04 0.04 0.04 0.04 64690.3 36805800.0
172 May 25, 2014 0.04 0.04 0.04 0.04 106999.0 37988700.0
173 May 26, 2014 0.04 0.04 0.04 0.04 75904.6 40445400.0
174 May 27, 2014 0.04 0.04 0.04 0.04 82906.2 41113000.0
175 May 28, 2014 0.04 0.04 0.04 0.04 64330.4 39696800.0
176 May 29, 2014 0.04 0.04 0.04 0.04 159873.0 41169900.0
177 May 30, 2014 0.04 0.05 0.04 0.05 142629.0 44209600.0
178 May 31, 2014 0.05 0.05 0.05 0.05 105586.0 47602200.0
179 Jun 01, 2014 0.05 0.06 0.05 0.06 371767.0 52295800.0
180 Jun 02, 2014 0.06 0.06 0.05 0.06 184506.0 57157100.0
181 Jun 03, 2014 0.06 0.07 0.06 0.07 572626.0 60872800.0
182 Jun 04, 2014 0.07 0.08 0.06 0.07 668345.0 68704300.0
183 Jun 05, 2014 0.07 0.1 0.07 0.09 1655370.0 74707700.0
184 Jun 06, 2014 0.09 0.09 0.07 0.08 917332.0 91990000.0
185 Jun 07, 2014 0.08 0.08 0.07 0.07 244839.0 77242900.0
186 Jun 08, 2014 0.07 0.08 0.06 0.06 512285.0 75859700.0
187 Jun 09, 2014 0.06 0.07 0.06 0.07 331027.0 64590700.0
188 Jun 10, 2014 0.07 0.08 0.07 0.08 350533.0 73871800.0
189 Jun 11, 2014 0.08 0.08 0.07 0.08 481077.0 79432000.0
190 Jun 12, 2014 0.08 0.08 0.07 0.07 66710.2 80472900.0
191 Jun 13, 2014 0.07 0.08 0.07 0.07 167392.0 67447600.0
192 Jun 14, 2014 0.07 0.07 0.07 0.07 212568.0 75813100.0
193 Jun 15, 2014 0.07 0.08 0.07 0.08 244156.0 70386800.0
194 Jun 16, 2014 0.08 0.08 0.07 0.07 153424.0 76259500.0
195 Jun 17, 2014 0.07 0.07 0.07 0.07 159063.0 73147700.0
196 Jun 18, 2014 0.07 0.07 0.07 0.07 101929.0 69044300.0
197 Jun 19, 2014 0.07 0.07 0.06 0.07 344469.0 70163900.0
198 Jun 20, 2014 0.07 0.07 0.06 0.07 159763.0 68568800.0
199 Jun 21, 2014 0.07 0.07 0.06 0.06 81712.3 65036500.0
200 Jun 22, 2014 0.06 0.07 0.06 0.07 53821.2 64544300.0
201 Jun 23, 2014 0.07 0.07 0.06 0.07 58110.8 66182200.0
202 Jun 24, 2014 0.07 0.07 0.06 0.07 112983.0 67037000.0
203 Jun 25, 2014 0.06 0.07 0.06 0.06 164331.0 64968600.0
204 Jun 26, 2014 0.06 0.06 0.06 0.06 112312.0 57813400.0
205 Jun 27, 2014 0.06 0.06 0.05 0.06 184140.0 60092300.0
206 Jun 28, 2014 0.06 0.06 0.06 0.06 122086.0 58608800.0
207 Jun 29, 2014 0.06 0.06 0.05 0.06 115533.0 56223600.0
208 Jun 30, 2014 0.06 0.06 0.06 0.06 131643.0 57100000.0
209 Jul 01, 2014 0.06 0.06 0.06 0.06 258819.0 62176800.0
210 Jul 02, 2014 0.06 0.06 0.06 0.06 131471.0 62097300.0
211 Jul 03, 2014 0.06 0.06 0.06 0.06 204564.0 62062400.0
212 Jul 04, 2014 0.06 0.06 0.06 0.06 203104.0 61149500.0
213 Jul 05, 2014 0.06 0.06 0.05 0.05 202877.0 56348400.0
214 Jul 06, 2014 0.05 0.05 0.05 0.05 123679.0 53280500.0
215 Jul 07, 2014 0.05 0.05 0.05 0.05 84936.1 53376900.0
216 Jul 08, 2014 0.05 0.05 0.05 0.05 69639.3 52761800.0
217 Jul 09, 2014 0.05 0.05 0.05 0.05 122392.0 51394900.0
218 Jul 10, 2014 0.05 0.05 0.04 0.05 313799.0 48865200.0
219 Jul 11, 2014 0.05 0.05 0.04 0.05 139752.0 46428600.0
220 Jul 12, 2014 0.05 0.05 0.04 0.05 199181.0 48714900.0
221 Jul 13, 2014 0.05 0.05 0.04 0.04 221112.0 46651500.0
222 Jul 14, 2014 0.04 0.04 0.04 0.04 124326.0 43751300.0
223 Jul 15, 2014 0.04 0.05 0.04 0.04 168529.0 43904700.0
224 Jul 16, 2014 0.04 0.04 0.04 0.04 73714.2 44032600.0
225 Jul 17, 2014 0.04 0.04 0.04 0.04 199291.0 42964900.0
226 Jul 18, 2014 0.04 0.05 0.04 0.05 177990.0 43082400.0
227 Jul 19, 2014 0.05 0.05 0.05 0.05 82534.0 47641600.0
228 Jul 20, 2014 0.05 0.05 0.05 0.05 113876.0 49331700.0
229 Jul 21, 2014 0.05 0.05 0.05 0.05 87140.9 52397700.0
230 Jul 22, 2014 0.05 0.05 0.05 0.05 95763.6 51712400.0
231 Jul 23, 2014 0.05 0.05 0.05 0.05 57681.8 53154700.0
232 Jul 24, 2014 0.05 0.05 0.04 0.05 73848.9 48040300.0
233 Jul 25, 2014 0.05 0.05 0.04 0.05 60110.0 46098100.0
234 Jul 26, 2014 0.05 0.05 0.04 0.04 105190.0 46742400.0
235 Jul 27, 2014 0.04 0.04 0.04 0.04 71360.1 45516200.0
236 Jul 28, 2014 0.04 0.04 0.04 0.04 49988.3 44941400.0
237 Jul 29, 2014 0.04 0.04 0.04 0.04 67183.6 43489300.0
238 Jul 30, 2014 0.04 0.04 0.04 0.04 88561.8 42366200.0
239 Jul 31, 2014 0.04 0.04 0.04 0.04 46166.0 41031600.0
240 Aug 01, 2014 0.04 0.04 0.04 0.04 36561.6 45127700.0
241 Aug 02, 2014 0.04 0.05 0.04 0.04 71648.3 44580200.0
242 Aug 03, 2014 0.04 0.05 0.04 0.05 49380.5 45920700.0
243 Aug 04, 2014 0.05 0.05 0.04 0.04 109800.0 47648700.0
244 Aug 05, 2014 0.04 0.04 0.04 0.04 63137.2 45566600.0
245 Aug 06, 2014 0.04 0.04 0.04 0.04 100450.0 42446100.0
246 Aug 07, 2014 0.04 0.04 0.04 0.04 64119.4 41525300.0
247 Aug 08, 2014 0.04 0.04 0.04 0.04 92553.8 40109000.0
248 Aug 09, 2014 0.04 0.04 0.04 0.04 132637.0 38967900.0
249 Aug 10, 2014 0.04 0.04 0.03 0.04 154544.0 37125400.0
250 Aug 11, 2014 0.04 0.04 0.03 0.03 125616.0 35444700.0
251 Aug 12, 2014 0.03 0.03 0.03 0.03 190682.0 33456000.0
252 Aug 13, 2014 0.03 0.04 0.03 0.04 170887.0 33409300.0
253 Aug 14, 2014 0.04 0.04 0.03 0.03 81615.9 36971000.0
254 Aug 15, 2014 0.03 0.04 0.03 0.03 28528.2 34821700.0
255 Aug 16, 2014 0.03 0.03 0.02 0.03 71380.6 32221900.0
256 Aug 17, 2014 0.03 0.03 0.03 0.03 33283.0 28080100.0
257 Aug 18, 2014 0.03 0.03 0.03 0.03 16365.3 32670300.0
258 Aug 19, 2014 0.03 0.04 0.03 0.04 23250.4 29715900.0
259 Aug 20, 2014 0.04 0.04 0.03 0.03 99143.6 35256600.0
260 Aug 21, 2014 0.03 0.03 0.03 0.03 83878.8 33171100.0
261 Aug 22, 2014 0.03 0.03 0.03 0.03 54343.8 30919800.0
262 Aug 23, 2014 0.03 0.03 0.03 0.03 33193.3 30797300.0
263 Aug 24, 2014 0.03 0.03 0.03 0.03 45786.2 28780400.0
264 Aug 25, 2014 0.03 0.03 0.03 0.03 67661.4 29462000.0
265 Aug 26, 2014 0.03 0.03 0.03 0.03 82352.1 28237400.0
266 Aug 27, 2014 0.03 0.03 0.03 0.03 40111.8 28629800.0
267 Aug 28, 2014 0.03 0.03 0.03 0.03 60435.9 28363700.0
268 Aug 29, 2014 0.03 0.03 0.03 0.03 69757.0 26467800.0
269 Aug 30, 2014 0.03 0.03 0.03 0.03 73279.8 28338800.0
270 Aug 31, 2014 0.03 0.03 0.03 0.03 116235.0 29977300.0
271 Sep 01, 2014 0.03 0.03 0.03 0.03 38029.1 26602700.0
272 Sep 02, 2014 0.03 0.03 0.03 0.03 78306.8 27141100.0
273 Sep 03, 2014 0.03 0.03 0.03 0.03 75935.6 28252800.0
274 Sep 04, 2014 0.03 0.03 0.03 0.03 74381.0 28851100.0
275 Sep 05, 2014 0.03 0.03 0.03 0.03 164930.0 29263400.0
276 Sep 06, 2014 0.03 0.04 0.03 0.04 220752.0 34424000.0
277 Sep 07, 2014 0.04 0.04 0.04 0.04 65861.3 36390900.0
278 Sep 08, 2014 0.04 0.04 0.04 0.04 125793.0 37242600.0
279 Sep 09, 2014 0.04 0.04 0.04 0.04 74994.1 36893200.0
280 Sep 10, 2014 0.04 0.04 0.04 0.04 105838.0 36560300.0
281 Sep 11, 2014 0.04 0.04 0.04 0.04 226232.0 39581700.0
282 Sep 12, 2014 0.04 0.04 0.04 0.04 235904.0 40990500.0
283 Sep 13, 2014 0.04 0.04 0.04 0.04 165897.0 42261400.0
284 Sep 14, 2014 0.04 0.04 0.04 0.04 189331.0 41300200.0
285 Sep 15, 2014 0.04 0.04 0.04 0.04 118144.0 37845100.0
286 Sep 16, 2014 0.04 0.04 0.04 0.04 126064.0 37245700.0
287 Sep 17, 2014 0.04 0.04 0.03 0.03 132539.0 37888100.0
288 Sep 18, 2014 0.03 0.04 0.03 0.03 74530.1 34948400.0
289 Sep 19, 2014 0.03 0.03 0.03 0.03 86019.0 33145400.0
290 Sep 20, 2014 0.03 0.03 0.03 0.03 106791.0 29498400.0
291 Sep 21, 2014 0.03 0.03 0.03 0.03 142868.0 29835200.0
292 Sep 22, 2014 0.03 0.03 0.03 0.03 59274.2 29770700.0
293 Sep 23, 2014 0.03 0.03 0.03 0.03 76578.1 31970500.0
294 Sep 24, 2014 0.03 0.03 0.03 0.03 41020.3 33038500.0
295 Sep 25, 2014 0.03 0.03 0.03 0.03 68661.0 31953700.0
296 Sep 26, 2014 0.03 0.03 0.03 0.03 105645.0 30895100.0
297 Sep 27, 2014 0.03 0.03 0.03 0.03 43474.4 31947700.0
298 Sep 28, 2014 0.03 0.03 0.03 0.03 57558.9 31029800.0
299 Sep 29, 2014 0.03 0.03 0.03 0.03 88842.6 28639200.0
300 Sep 30, 2014 0.03 0.03 0.03 0.03 63123.8 27305000.0
301 Oct 01, 2014 0.03 0.03 0.03 0.03 43186.2 28286100.0
302 Oct 02, 2014 0.03 0.03 0.03 0.03 72750.3 28059300.0
303 Oct 03, 2014 0.03 0.03 0.03 0.03 49985.0 27548500.0
304 Oct 04, 2014 0.03 0.03 0.02 0.02 50290.5 26513400.0
305 Oct 05, 2014 0.02 0.03 0.02 0.02 46304.1 24236000.0
306 Oct 06, 2014 0.02 0.03 0.02 0.02 41680.6 23803400.0
307 Oct 07, 2014 0.02 0.03 0.02 0.03 42823.4 24935200.0
308 Oct 08, 2014 0.03 0.03 0.02 0.03 65728.7 25263000.0
309 Oct 09, 2014 0.03 0.03 0.02 0.03 117749.0 25623400.0
310 Oct 10, 2014 0.03 0.03 0.02 0.02 26072.0 25575400.0
311 Oct 11, 2014 0.02 0.03 0.02 0.02 63878.1 24682800.0
312 Oct 12, 2014 0.02 0.03 0.02 0.02 40552.6 23970200.0
313 Oct 13, 2014 0.02 0.02 0.02 0.02 73433.2 24834200.0
314 Oct 14, 2014 0.02 0.03 0.02 0.03 99704.6 24293600.0
315 Oct 15, 2014 0.03 0.03 0.02 0.02 82766.6 25458100.0
316 Oct 16, 2014 0.02 0.02 0.02 0.02 29539.5 24075600.0
317 Oct 17, 2014 0.02 0.02 0.02 0.02 35388.3 23329100.0
318 Oct 18, 2014 0.02 0.02 0.02 0.02 37031.9 22599000.0
319 Oct 19, 2014 0.02 0.02 0.02 0.02 56052.0 23068000.0
320 Oct 20, 2014 0.02 0.02 0.02 0.02 52119.2 23082800.0
321 Oct 21, 2014 0.02 0.02 0.02 0.02 46222.1 22664200.0
322 Oct 22, 2014 0.02 0.02 0.02 0.02 56510.6 23565000.0
323 Oct 23, 2014 0.02 0.02 0.02 0.02 77521.6 24496200.0
324 Oct 24, 2014 0.02 0.02 0.02 0.02 54068.7 21473300.0
325 Oct 25, 2014 0.02 0.02 0.02 0.02 28460.4 22331700.0
326 Oct 26, 2014 0.02 0.02 0.02 0.02 22667.9 21508200.0
327 Oct 27, 2014 0.02 0.02 0.02 0.02 37434.2 21722700.0
328 Oct 28, 2014 0.02 0.02 0.02 0.02 63865.3 21652100.0
329 Oct 29, 2014 0.02 0.02 0.02 0.02 62236.9 21215900.0
330 Oct 30, 2014 0.02 0.02 0.02 0.02 62007.8 19930300.0
331 Oct 31, 2014 0.02 0.02 0.02 0.02 81960.0 20214500.0
332 Nov 01, 2014 0.02 0.02 0.02 0.02 74808.7 19387100.0
333 Nov 02, 2014 0.02 0.02 0.02 0.02 70565.8 17860000.0
334 Nov 03, 2014 0.02 0.02 0.02 0.02 28488.0 18809500.0
335 Nov 04, 2014 0.02 0.02 0.02 0.02 35295.1 19466800.0
336 Nov 05, 2014 0.02 0.02 0.02 0.02 32495.1 19310800.0
337 Nov 06, 2014 0.02 0.02 0.02 0.02 37290.3 20103000.0
338 Nov 07, 2014 0.02 0.02 0.02 0.02 50698.1 20359400.0
339 Nov 08, 2014 0.02 0.02 0.02 0.02 30381.9 19908000.0
340 Nov 09, 2014 0.02 0.02 0.02 0.02 32794.8 19789300.0
341 Nov 10, 2014 0.02 0.02 0.02 0.02 47191.5 20433100.0
342 Nov 11, 2014 0.02 0.02 0.02 0.02 31325.7 20358200.0
343 Nov 12, 2014 0.02 0.02 0.02 0.02 112219.0 20477900.0
344 Nov 13, 2014 0.02 0.02 0.02 0.02 252366.0 22403200.0
345 Nov 14, 2014 0.02 0.02 0.02 0.02 48049.1 20861500.0
346 Nov 15, 2014 0.02 0.02 0.02 0.02 90070.7 19985600.0
347 Nov 16, 2014 0.02 0.02 0.02 0.02 27469.8 19359900.0
348 Nov 17, 2014 0.02 0.02 0.02 0.02 26290.2 19438900.0
349 Nov 18, 2014 0.02 0.02 0.02 0.02 39239.3 19278700.0
350 Nov 19, 2014 0.02 0.02 0.02 0.02 31387.5 18005400.0
351 Nov 20, 2014 0.02 0.02 0.02 0.02 29657.6 18051500.0
352 Nov 21, 2014 0.02 0.02 0.02 0.02 35331.6 17857300.0
353 Nov 22, 2014 0.02 0.02 0.02 0.02 33493.0 18214900.0
354 Nov 23, 2014 0.02 0.02 0.02 0.02 32460.8 17705200.0
355 Nov 24, 2014 0.02 0.02 0.02 0.02 47410.2 19004900.0
356 Nov 25, 2014 0.02 0.02 0.02 0.02 36522.4 19769000.0
357 Nov 26, 2014 0.02 0.02 0.02 0.02 54384.5 19542800.0
358 Nov 27, 2014 0.02 0.02 0.02 0.02 22632.4 19107200.0
359 Nov 28, 2014 0.02 0.02 0.02 0.02 61032.7 18784500.0
360 Nov 29, 2014 0.02 0.02 0.02 0.02 90431.9 18970600.0
361 Nov 30, 2014 0.02 0.02 0.02 0.02 19747.2 19895100.0
362 Dec 01, 2014 0.02 0.02 0.02 0.02 34834.5 19456600.0
363 Dec 02, 2014 0.02 0.02 0.02 0.02 55174.2 19760800.0
364 Dec 03, 2014 0.02 0.02 0.02 0.02 79245.2 20059700.0
365 Dec 04, 2014 0.02 0.02 0.02 0.02 26857.9 19794500.0
366 Dec 05, 2014 0.02 0.02 0.02 0.02 29778.5 19245200.0
367 Dec 06, 2014 0.02 0.02 0.02 0.02 23641.8 19483900.0
368 Dec 07, 2014 0.02 0.02 0.02 0.02 59011.6 19317500.0
369 Dec 08, 2014 0.02 0.02 0.02 0.02 44004.6 19315500.0
370 Dec 09, 2014 0.02 0.02 0.02 0.02 69944.1 18135000.0
371 Dec 10, 2014 0.02 0.02 0.02 0.02 48824.7 17347600.0
372 Dec 11, 2014 0.02 0.02 0.02 0.02 42022.6 16898800.0
373 Dec 12, 2014 0.02 0.02 0.02 0.02 52723.2 16875400.0
374 Dec 13, 2014 0.02 0.02 0.02 0.02 31662.7 16602900.0
375 Dec 14, 2014 0.02 0.02 0.02 0.02 23227.9 17014800.0
376 Dec 15, 2014 0.02 0.02 0.02 0.02 21069.8 16775700.0
377 Dec 16, 2014 0.02 0.02 0.01 0.01 34219.2 16681300.0
378 Dec 17, 2014 0.01 0.01 0.01 0.01 37932.9 15483900.0
379 Dec 18, 2014 0.01 0.01 0.01 0.01 38172.7 15229400.0
380 Dec 19, 2014 0.01 0.01 0.01 0.01 42858.5 14793100.0
381 Dec 20, 2014 0.01 0.02 0.01 0.02 97995.3 15361400.0
382 Dec 21, 2014 0.02 0.02 0.02 0.02 39835.2 17057600.0
383 Dec 22, 2014 0.02 0.02 0.02 0.02 34070.4 16676000.0
384 Dec 23, 2014 0.02 0.02 0.02 0.02 47316.8 17236400.0
385 Dec 24, 2014 0.02 0.02 0.02 0.02 79911.7 17452400.0
386 Dec 25, 2014 0.02 0.02 0.02 0.02 24558.6 18214500.0
387 Dec 26, 2014 0.02 0.02 0.02 0.02 21257.6 17288600.0
388 Dec 27, 2014 0.02 0.02 0.01 0.01 55062.0 17110800.0
389 Dec 28, 2014 0.01 0.02 0.01 0.02 17050.2 15933200.0
390 Dec 29, 2014 0.02 0.02 0.02 0.02 24353.7 16546300.0
391 Dec 30, 2014 0.02 0.02 0.02 0.02 22890.4 16456200.0
392 Dec 31, 2014 0.02 0.02 0.02 0.02 36689.3 16710400.0
393 Jan 01, 2015 0.02 0.02 0.02 0.02 22125.1 18062900.0
394 Jan 02, 2015 0.02 0.02 0.02 0.02 107768.0 17696700.0
395 Jan 03, 2015 0.02 0.02 0.02 0.02 214135.0 19697900.0
396 Jan 04, 2015 0.02 0.02 0.01 0.02 94283.5 17700200.0
397 Jan 05, 2015 0.02 0.02 0.02 0.02 30603.1 16073200.0
398 Jan 06, 2015 0.02 0.02 0.01 0.02 57905.9 16908900.0
399 Jan 07, 2015 0.02 0.02 0.02 0.02 33450.6 17459400.0
400 Jan 08, 2015 0.02 0.02 0.02 0.02 57659.5 17864500.0
401 Jan 09, 2015 0.02 0.03 0.02 0.03 33411.5 16441300.0
402 Jan 10, 2015 0.03 0.03 0.01 0.02 43150.6 29813700.0
403 Jan 11, 2015 0.02 0.02 0.01 0.01 37005.5 16209000.0
404 Jan 12, 2015 0.01 0.01 0.01 0.01 34561.0 15566800.0
405 >Jan 13, 201 0.01 0.01 0.01 0.01 46589.7 15374500.0
406 Jan 14, 2015 0.01 0.01 0.01 0.01 46861.0 13007500.0
407 Jan 15, 2015 0.01 0.01 0.01 0.01 64147.3 10231000.0
408 Jan 16, 2015 0.01 0.01 0.01 0.01 26901.1 12953200.0
409 Jan 17, 2015 0.01 0.01 0.01 0.01 18693.2 12406200.0
410 Jan 18, 2015 0.01 0.01 0.01 0.01 19763.6 11976700.0
411 Jan 19, 2015 0.01 0.01 0.01 0.01 20337.9 12652700.0
412 Jan 20, 2015 0.01 0.01 0.01 0.01 16340.9 12600000.0
413 Jan 21, 2015 0.01 0.01 0.01 0.01 28066.2 12835000.0
414 Jan 22, 2015 0.01 0.01 0.01 0.01 23918.0 13802800.0
415 Jan 23, 2015 0.01 0.01 0.01 0.01 15596.6 14150000.0
416 Jan 24, 2015 0.01 0.01 0.01 0.01 18454.9 14024800.0
417 Jan 25, 2015 0.01 0.01 0.01 0.01 38640.8 14948400.0
418 Jan 26, 2015 0.01 0.02 0.01 0.01 93123.9 14840500.0
419 Jan 27, 2015 0.01 0.01 0.01 0.01 99768.8 14452900.0
420 Jan 28, 2015 0.01 0.01 0.01 0.01 26913.4 13789700.0
421 Jan 29, 2015 0.01 0.01 0.01 0.01 11114.2 12519400.0
422 Jan 30, 2015 0.01 0.01 0.01 0.01 19596.9 12674600.0
423 Jan 31, 2015 0.01 0.01 0.01 0.01 16325.3 12003700.0
424 Feb 01, 2015 0.01 0.01 0.01 0.01 27246.7 11284100.0
425 Feb 02, 2015 0.01 0.01 0.01 0.01 22920.3 11766200.0
426 Feb 03, 2015 0.01 0.01 0.01 0.01 29564.9 12339200.0
427 Feb 04, 2015 0.01 0.01 0.01 0.01 19943.5 11497000.0
428 Feb 05, 2015 0.01 0.01 0.01 0.01 22341.3 11534200.0
429 Feb 06, 2015 0.01 0.01 0.01 0.01 35712.2 11048400.0
430 Feb 07, 2015 0.01 0.01 0.01 0.01 54143.3 10995200.0
431 Feb 08, 2015 0.01 0.01 0.01 0.01 21541.9 11789500.0
432 Feb 09, 2015 0.01 0.01 0.01 0.01 12051.0 11379100.0
433 Feb 10, 2015 0.01 0.01 0.01 0.01 34340.3 11018600.0
434 Feb 11, 2015 0.01 0.01 0.01 0.01 14971.6 10755000.0
435 Feb 12, 2015 0.01 0.01 0.01 0.01 14416.0 10828200.0
436 Feb 13, 2015 0.01 0.01 0.01 0.01 15965.9 11047500.0
437 Feb 14, 2015 0.01 0.01 0.01 0.01 16886.4 11584100.0
438 Feb 15, 2015 0.01 0.01 0.01 0.01 13733.1 12148000.0
439 Feb 16, 2015 0.01 0.01 0.01 0.01 11311.4 10947100.0
440 Feb 17, 2015 0.01 0.01 0.01 0.01 10413.3 11345100.0
441 Feb 18, 2015 0.01 0.01 0.01 0.01 13904.0 11362000.0
442 Feb 19, 2015 0.01 0.01 0.01 0.01 37745.1 10917400.0
443 Feb 20, 2015 0.01 0.01 0.01 0.01 11540.1 10804100.0
444 Feb 21, 2015 0.01 0.01 0.01 0.01 11874.8 11304500.0
445 Feb 22, 2015 0.01 0.01 0.01 0.01 16355.0 11205900.0
446 Feb 23, 2015 0.01 0.01 0.01 0.01 83630.0 10758600.0
447 Feb 24, 2015 0.01 0.01 0.01 0.01 35298.2 12393800.0
448 >Feb 25, 201 0.01 0.01 0.01 0.01 54529.1 12093900.0
449 Feb 26, 2015 0.01 0.01 0.01 0.01 26424.5 12954100.0
450 Feb 27, 2015 0.01 0.01 0.01 0.01 25578.4 12706600.0
451 Feb 28, 2015 0.01 0.01 0.01 0.01 16251.7 13374600.0
452 Mar 01, 2015 0.01 0.01 0.01 0.01 25290.8 13190000.0
453 Mar 02, 2015 0.01 0.01 0.01 0.01 18101.4 13414100.0
454 Mar 03, 2015 0.01 0.01 0.01 0.01 31518.6 14032100.0
455 Mar 04, 2015 0.01 0.01 0.01 0.01 20286.9 14081700.0
456 Mar 05, 2015 0.01 0.01 0.01 0.01 28473.4 13560700.0
457 Mar 06, 2015 0.01 0.01 0.01 0.01 27629.5 13776400.0
458 Mar 07, 2015 0.01 0.01 0.01 0.01 40018.9 13845000.0
459 Mar 08, 2015 0.01 0.01 0.01 0.01 42564.6 14289600.0
460 Mar 09, 2015 0.01 0.01 0.01 0.01 57275.8 14359500.0
461 Mar 10, 2015 0.01 0.01 0.01 0.01 43238.6 14399000.0
462 Mar 11, 2015 0.01 0.07 0.01 0.01 20864.5 14459200.0
463 Mar 12, 2015 0.01 0.01 0.01 0.01 19192.3 14286800.0
464 Mar 13, 2015 0.01 0.01 0.01 0.01 25871.2 13875000.0
465 Mar 14, 2015 0.01 0.01 0.01 0.01 20368.5 13360400.0
466 Mar 15, 2015 0.01 0.01 0.01 0.01 35028.3 13354300.0
467 Mar 16, 2015 0.01 0.01 0.01 0.01 25416.5 13014900.0
468 Mar 17, 2015 0.01 0.01 0.01 0.01 49980.6 13295000.0
469 Mar 18, 2015 0.01 0.01 0.01 0.01 25514.6 12928400.0
470 Mar 19, 2015 0.01 0.01 0.01 0.01 22158.6 11491000.0
471 Mar 20, 2015 0.01 0.01 0.01 0.01 31314.6 11694300.0
472 Mar 21, 2015 0.01 0.01 0.01 0.01 20109.6 12001100.0
473 Mar 22, 2015 0.01 0.01 0.01 0.01 14338.3 12111100.0
474 Mar 23, 2015 0.01 0.01 0.01 0.01 47811.2 11976400.0
475 Mar 24, 2015 0.01 0.01 0.01 0.01 20909.0 11762400.0
476 Mar 25, 2015 0.01 0.01 0.01 0.01 31099.3 10790300.0
477 Mar 26, 2015 0.01 0.01 0.01 0.01 20358.1 10508500.0
478 Mar 27, 2015 0.01 0.01 0.01 0.01 16243.7 10264800.0
479 Mar 28, 2015 0.01 0.01 0.01 0.01 11740.5 10551500.0
480 Mar 29, 2015 0.01 0.01 0.01 0.01 15281.1 10832800.0
481 Mar 30, 2015 0.01 0.01 0.01 0.01 17150.8 10231300.0
482 Mar 31, 2015 0.01 0.01 0.01 0.01 50269.4 10504700.0
483 Apr 01, 2015 0.01 0.01 0.01 0.01 48830.1 9619890.0
484 Apr 02, 2015 0.01 0.01 0.01 0.01 23721.0 10171400.0
485 Apr 03, 2015 0.01 0.01 0.01 0.01 12252.5 10824500.0
486 Apr 04, 2015 0.01 0.01 0.01 0.01 18393.8 10594900.0
487 Apr 05, 2015 0.01 0.01 0.01 0.01 18923.2 10663700.0
488 Apr 06, 2015 0.01 0.01 0.01 0.01 23504.4 11036500.0
489 Apr 07, 2015 0.01 0.01 0.01 0.01 22774.6 10881600.0
490 Apr 08, 2015 0.01 0.01 0.01 0.01 20001.4 11073300.0
491 Apr 09, 2015 0.01 0.01 0.01 0.01 15616.2 11007500.0
492 Apr 10, 2015 0.01 0.01 0.01 0.01 12604.5 10819500.0
493 Apr 11, 2015 0.01 0.01 0.01 0.01 18206.6 10383800.0
494 Apr 12, 2015 0.01 0.01 0.01 0.01 7906.66 10422900.0
495 Apr 13, 2015 0.01 0.01 0.01 0.01 16786.7 10530500.0
496 Apr 14, 2015 0.01 0.01 0.01 0.01 23380.8 10070600.0
497 Apr 15, 2015 0.01 0.01 0.01 0.01 20721.6 9754070.0
498 Apr 16, 2015 0.01 0.01 0.01 0.01 26927.1 9715700.0
499 Apr 17, 2015 0.01 0.01 0.01 0.01 31780.6 9400640.0
500 Apr 18, 2015 0.01 0.01 0.01 0.01 12057.0 9120590.0
501 Apr 19, 2015 0.01 0.01 0.01 0.01 14853.4 9228760.0
502 Apr 20, 2015 0.01 0.01 0.01 0.01 19341.2 8938200.0
503 Apr 21, 2015 0.01 0.01 0.01 0.01 25726.9 9172200.0
504 Apr 22, 2015 0.01 0.01 0.01 0.01 22778.0 9537520.0
505 Apr 23, 2015 0.01 0.01 0.01 0.01 18328.4 9276140.0
506 Apr 24, 2015 0.01 0.01 0.01 0.01 47588.6 9734370.0
507 Apr 25, 2015 0.01 0.01 0.01 0.01 34254.6 9697560.0
508 Apr 26, 2015 0.01 0.01 0.01 0.01 28195.2 9686130.0
509 Apr 27, 2015 0.01 0.01 0.01 0.01 24055.4 8911790.0
510 Apr 28, 2015 0.01 0.01 0.01 0.01 16172.2 9216920.0
511 Apr 29, 2015 0.01 0.01 0.01 0.01 12736.8 8989020.0
512 Apr 30, 2015 0.01 0.01 0.01 0.01 25621.0 9044050.0
513 May 01, 2015 0.01 0.01 0.01 0.01 10649.2 9396800.0
514 May 02, 2015 0.01 0.01 0.01 0.01 8876.59 9212230.0
515 May 03, 2015 0.01 0.01 0.01 0.01 12899.6 9303160.0
516 May 04, 2015 0.01 0.01 0.01 0.01 25249.8 9432990.0
517 May 05, 2015 0.01 0.01 0.01 0.01 11455.0 9246070.0
518 May 06, 2015 0.01 0.01 0.01 0.01 20670.2 9006310.0
519 May 07, 2015 0.01 0.01 0.01 0.01 18286.2 8807310.0
520 May 08, 2015 0.01 0.01 0.01 0.01 15705.6 8964080.0
521 May 09, 2015 0.01 0.01 0.01 0.01 22807.5 9176470.0
522 May 10, 2015 0.01 0.01 0.01 0.01 65517.5 8738020.0
523 May 11, 2015 0.01 0.01 0.01 0.01 45978.4 8342500.0
524 May 12, 2015 0.01 0.01 0.01 0.01 42917.8 8460760.0
525 May 13, 2015 0.01 0.01 0.01 0.01 21827.1 9326390.0
526 May 14, 2015 0.01 0.01 0.01 0.01 16436.6 8989950.0
527 May 15, 2015 0.01 0.01 0.01 0.01 15687.7 9106390.0
528 May 16, 2015 0.01 0.01 0.01 0.01 12380.5 9260860.0
529 May 17, 2015 0.01 0.01 0.01 0.01 11402.2 9340560.0
530 May 18, 2015 0.01 0.01 0.01 0.01 43446.2 9208790.0
531 May 19, 2015 0.01 0.01 0.01 0.01 217022.0 9130500.0
532 May 20, 2015 0.01 0.01 0.01 0.01 65672.2 10829900.0
533 May 21, 2015 0.01 0.01 0.01 0.01 54330.1 11145900.0
534 May 22, 2015 0.01 0.01 0.01 0.01 93885.7 11140000.0
535 May 23, 2015 0.01 0.01 0.01 0.01 91766.0 12103600.0
536 May 24, 2015 0.01 0.01 0.01 0.01 46473.7 11879900.0
537 May 25, 2015 0.01 0.01 0.01 0.01 60205.1 11875800.0
538 May 26, 2015 0.01 0.01 0.01 0.01 55277.6 11403100.0
539 May 27, 2015 0.01 0.01 0.01 0.01 49886.4 11618000.0
540 May 28, 2015 0.01 0.01 0.01 0.01 46177.4 11902500.0
541 May 29, 2015 0.01 0.01 0.01 0.01 165360.0 11961000.0
542 May 30, 2015 0.01 0.01 0.01 0.01 61819.2 12309400.0
543 May 31, 2015 0.01 0.01 0.01 0.01 19943.6 11557500.0
544 Jun 01, 2015 0.01 0.01 0.01 0.01 22836.3 11065000.0
545 Jun 02, 2015 0.01 0.01 0.01 0.01 41449.6 10639700.0
546 Jun 03, 2015 0.01 0.01 0.01 0.01 18660.6 11568400.0
547 Jun 04, 2015 0.01 0.01 0.01 0.01 18258.6 11247100.0
548 Jun 05, 2015 0.01 0.01 0.01 0.01 19974.2 11268400.0
549 Jun 06, 2015 0.01 0.01 0.01 0.01 25488.2 11478000.0
550 Jun 07, 2015 0.01 0.01 0.01 0.01 13663.4 11421500.0
551 Jun 08, 2015 0.01 0.01 0.01 0.01 12152.0 11083400.0
552 Jun 09, 2015 0.01 0.01 0.01 0.01 26546.2 11428500.0
553 Jun 10, 2015 0.01 0.01 0.01 0.01 24574.9 11344600.0
554 Jun 11, 2015 0.01 0.01 0.01 0.01 30045.9 11235400.0
555 Jun 12, 2015 0.01 0.01 0.01 0.01 23077.3 11207100.0
556 Jun 13, 2015 0.01 0.01 0.01 0.01 62322.6 11185900.0
557 Jun 14, 2015 0.01 0.01 0.01 0.01 44489.1 11685200.0
558 Jun 15, 2015 0.01 0.01 0.01 0.01 37186.6 11735700.0
559 Jun 16, 2015 0.01 0.01 0.01 0.01 125101.0 11843700.0
560 Jun 17, 2015 0.01 0.01 0.01 0.01 276574.0 13352700.0
561 Jun 18, 2015 0.01 0.01 0.01 0.01 160490.0 13640300.0
562 Jun 19, 2015 0.01 0.01 0.01 0.01 142325.0 14120800.0
563 Jun 20, 2015 0.01 0.01 0.01 0.01 58771.1 14101300.0
564 Jun 21, 2015 0.01 0.01 0.01 0.01 32074.3 14123100.0
565 Jun 22, 2015 0.01 0.01 0.01 0.01 59234.8 13619100.0
566 Jun 23, 2015 0.01 0.01 0.01 0.01 46867.6 13833700.0
567 Jun 24, 2015 0.01 0.01 0.01 0.01 60552.8 12997700.0
568 Jun 25, 2015 0.01 0.01 0.01 0.01 61047.6 12047400.0
569 Jun 26, 2015 0.01 0.01 0.01 0.01 41553.6 12332700.0
570 Jun 27, 2015 0.01 0.01 0.01 0.01 46565.5 11745200.0
571 Jun 28, 2015 0.01 0.01 0.01 0.01 46993.3 12525000.0
572 Jun 29, 2015 0.01 0.01 0.01 0.01 66534.6 12056900.0
573 Jun 30, 2015 0.01 0.01 0.01 0.01 58666.2 13096300.0
574 Jul 01, 2015 0.01 0.01 0.01 0.01 58706.5 12865500.0
575 Jul 02, 2015 0.01 0.01 0.01 0.01 28753.1 13195800.0
576 Jul 03, 2015 0.01 0.01 0.01 0.01 28685.9 12565200.0
577 Jul 04, 2015 0.01 0.01 0.01 0.01 35002.2 12551800.0
578 Jul 05, 2015 0.01 0.01 0.01 0.01 37918.8 13097700.0
579 Jul 06, 2015 0.01 0.01 0.01 0.01 49167.8 13128100.0
580 Jul 07, 2015 0.01 0.02 0.01 0.01 614129.0 12439600.0
581 >Jul 08, 201 0.01 0.01 0.01 0.01 229326.0 15351100.0
582 Jul 09, 2015 0.01 0.01 0.01 0.01 140016.0 14910100.0
583 Jul 10, 2015 0.01 0.02 0.01 0.01 304895.0 15366900.0
584 Jul 11, 2015 0.01 0.01 0.01 0.01 145640.0 15055800.0
585 Jul 12, 2015 0.01 0.01 0.01 0.01 105968.0 14908800.0
586 Jul 13, 2015 0.01 0.01 0.01 0.01 56787.8 14644600.0
587 Jul 14, 2015 0.01 0.01 0.01 0.01 59916.6 13988300.0
588 Jul 15, 2015 0.01 0.01 0.01 0.01 37082.0 13976500.0
589 Jul 16, 2015 0.01 0.01 0.01 0.01 64225.5 13246100.0
590 Jul 17, 2015 0.01 0.01 0.01 0.01 31965.3 12622100.0
591 Jul 18, 2015 0.01 0.01 0.01 0.01 26645.7 12555700.0
592 Jul 19, 2015 0.01 0.01 0.01 0.01 30460.0 12729300.0
593 Jul 20, 2015 0.01 0.01 0.01 0.01 50932.3 12665800.0
594 Jul 21, 2015 0.01 0.01 0.01 0.01 46106.0 12574600.0
595 Jul 22, 2015 0.01 0.01 0.01 0.01 77443.4 12452400.0
596 Jul 23, 2015 0.01 0.01 0.01 0.01 40036.0 12292400.0
597 Jul 24, 2015 0.01 0.01 0.01 0.01 33066.9 12541000.0
598 Jul 25, 2015 0.01 0.01 0.01 0.01 17536.8 13054000.0
599 Jul 26, 2015 0.01 0.01 0.01 0.01 38124.2 12796600.0
600 Jul 27, 2015 0.01 0.01 0.01 0.01 21396.2 12883300.0
601 Jul 28, 2015 0.01 0.01 0.01 0.01 47177.5 12512600.0
602 Jul 29, 2015 0.01 0.01 0.01 0.01 47756.0 12219100.0
603 Jul 30, 2015 0.01 0.01 0.01 0.01 26121.8 11774100.0
604 Jul 31, 2015 0.01 0.01 0.01 0.01 46315.3 11951300.0
605 Aug 01, 2015 0.01 0.01 0.01 0.01 25404.2 11547600.0
606 Aug 02, 2015 0.01 0.01 0.01 0.01 40224.7 11162800.0
607 Aug 03, 2015 0.01 0.01 0.01 0.01 36661.2 11085100.0
608 Aug 04, 2015 0.01 0.01 0.01 0.01 25084.7 10714900.0
609 Aug 05, 2015 0.01 0.01 0.01 0.01 22343.3 10803400.0
610 Aug 06, 2015 0.01 0.01 0.01 0.01 24064.0 10629000.0
611 Aug 07, 2015 0.01 0.01 0.01 0.01 31216.1 10704000.0
612 Aug 08, 2015 0.01 0.01 0.01 0.01 32353.8 11351200.0
613 Aug 09, 2015 0.01 0.01 0.01 0.01 30109.2 10934400.0
614 Aug 10, 2015 0.01 0.01 0.01 0.01 17089.2 10380100.0
615 Aug 11, 2015 0.01 0.01 0.01 0.01 23868.5 10124400.0
616 Aug 12, 2015 0.01 0.01 0.01 0.01 19772.2 10353500.0
617 Aug 13, 2015 0.01 0.01 0.01 0.01 20945.7 10244200.0
618 Aug 14, 2015 0.01 0.01 0.01 0.01 24809.3 10088200.0
619 Aug 15, 2015 0.01 0.01 0.01 0.01 21297.4 9997300.0
620 Aug 16, 2015 0.01 0.01 0.01 0.01 104679.0 9765230.0
621 Aug 17, 2015 0.01 0.01 0.01 0.01 46310.3 9826460.0
622 Aug 18, 2015 0.01 0.01 0.01 0.01 25213.5 8973950.0
623 Aug 19, 2015 0.01 0.01 0.01 0.01 25713.7 7828090.0
624 Aug 20, 2015 0.01 0.01 0.01 0.01 17169.0 8291460.0
625 Aug 21, 2015 0.01 0.01 0.01 0.01 14274.8 8796990.0
626 Aug 22, 2015 0.01 0.01 0.01 0.01 13781.9 8791040.0
627 Aug 23, 2015 0.01 0.01 0.01 0.01 12028.3 8660640.0
628 Aug 24, 2015 0.01 0.01 0.01 0.01 21483.9 8478440.0
629 Aug 25, 2015 0.01 0.01 0.01 0.01 17576.6 7799670.0
630 Aug 26, 2015 0.01 0.01 0.01 0.01 18630.6 8270810.0
631 Aug 27, 2015 0.01 0.01 0.01 0.01 16194.7 8350090.0
632 Aug 28, 2015 0.01 0.01 0.01 0.01 25541.3 8315890.0
633 Aug 29, 2015 0.01 0.01 0.01 0.01 15095.3 8124260.0
634 Aug 30, 2015 0.01 0.01 0.01 0.01 19873.8 8321850.0
635 Aug 31, 2015 0.01 0.01 0.01 0.01 13314.9 8078520.0
636 Sep 01, 2015 0.01 0.01 0.01 0.01 10544.7 8142410.0
637 Sep 02, 2015 0.01 0.01 0.01 0.01 9645.72 8050450.0
638 Sep 03, 2015 0.01 0.01 0.01 0.01 18358.8 8290830.0
639 Sep 04, 2015 0.01 0.01 0.01 0.01 6105.8 7880340.0
640 Sep 05, 2015 0.01 0.01 0.01 0.01 16448.6 8017480.0
641 Sep 06, 2015 0.01 0.01 0.01 0.01 16682.6 8040530.0
642 Sep 07, 2015 0.01 0.01 0.01 0.01 11528.4 8570760.0
643 Sep 08, 2015 0.01 0.01 0.01 0.01 10536.4 8489320.0
644 Sep 09, 2015 0.01 0.01 0.01 0.01 32783.0 8501310.0
645 Sep 10, 2015 0.01 0.01 0.01 0.01 14573.1 8448460.0
646 Sep 11, 2015 0.01 0.01 0.01 0.01 19980.6 8574980.0
647 Sep 12, 2015 0.01 0.01 0.01 0.01 11381.7 8492840.0
648 Sep 13, 2015 0.01 0.01 0.01 0.01 6470.04 8082280.0
649 Sep 14, 2015 0.01 0.01 0.01 0.01 13136.7 8063580.0
650 Sep 15, 2015 0.01 0.01 0.01 0.01 20189.3 8226050.0
651 Sep 16, 2015 0.01 0.01 0.01 0.01 10607.8 8122530.0
652 Sep 17, 2015 0.01 0.01 0.01 0.01 14182.4 8216820.0
653 Sep 18, 2015 0.01 0.01 0.01 0.01 12762.2 8265080.0
654 Sep 19, 2015 0.01 0.01 0.01 0.01 13187.5 8233020.0
655 Sep 20, 2015 0.01 0.01 0.01 0.01 14300.4 8483720.0
656 Sep 21, 2015 0.01 0.01 0.01 0.01 22052.2 8404790.0
657 Sep 22, 2015 0.01 0.01 0.01 0.01 37257.4 8453050.0
658 Sep 23, 2015 0.01 0.01 0.01 0.01 44982.2 8838520.0
659 Sep 24, 2015 0.01 0.01 0.01 0.01 23914.0 9205980.0
660 Sep 25, 2015 0.01 0.01 0.01 0.01 15781.9 8756420.0
661 Sep 26, 2015 0.01 0.01 0.01 0.01 10192.9 8785840.0
662 Sep 27, 2015 0.01 0.01 0.01 0.01 28344.4 8990000.0
663 Sep 28, 2015 0.01 0.01 0.01 0.01 28448.7 9042820.0
664 Sep 29, 2015 0.01 0.01 0.01 0.01 21942.2 8994850.0
665 Sep 30, 2015 0.01 0.01 0.01 0.01 21964.4 8325010.0
666 Oct 01, 2015 0.01 0.01 0.01 0.01 14448.8 8193620.0
667 Oct 02, 2015 0.01 0.01 0.01 0.01 27999.6 8259920.0
668 Oct 03, 2015 0.01 0.01 0.01 0.01 16533.6 8204110.0
669 Oct 04, 2015 0.01 0.01 0.01 0.01 12038.8 8328050.0
670 Oct 05, 2015 0.01 0.01 0.01 0.01 16044.8 8108310.0
671 Oct 06, 2015 0.01 0.01 0.01 0.01 18546.8 8222760.0
672 Oct 07, 2015 0.01 0.01 0.01 0.01 13052.1 8413400.0
673 Oct 08, 2015 0.01 0.01 0.01 0.01 13879.8 8301710.0
674 Oct 09, 2015 0.01 0.01 0.01 0.01 11316.7 8042690.0
675 Oct 10, 2015 0.01 0.01 0.01 0.01 10606.0 8000200.0
676 Oct 11, 2015 0.01 0.01 0.01 0.01 20981.1 7994230.0
677 Oct 12, 2015 0.01 0.01 0.01 0.01 19088.0 7743250.0
678 Oct 13, 2015 0.01 0.01 0.01 0.01 23655.0 7633440.0
679 Oct 14, 2015 0.01 0.01 0.01 0.01 25206.4 8024570.0
680 Oct 15, 2015 0.01 0.01 0.01 0.01 17570.4 7859970.0
681 Oct 16, 2015 0.01 0.01 0.01 0.01 26528.3 7553030.0
682 Oct 17, 2015 0.01 0.01 0.01 0.01 26031.2 7622910.0
683 Oct 18, 2015 0.01 0.01 0.01 0.01 21524.6 7385540.0
684 Oct 19, 2015 0.01 0.01 0.01 0.01 19961.4 7168680.0
685 Oct 20, 2015 0.01 0.01 0.01 0.01 29221.2 7182190.0
686 Oct 21, 2015 0.01 0.01 0.01 0.01 29487.5 6892520.0
687 Oct 22, 2015 0.01 0.01 0.01 0.01 17681.5 7374520.0
688 Oct 23, 2015 0.01 0.01 0.01 0.01 18687.1 7881310.0
689 Oct 24, 2015 0.01 0.01 0.01 0.01 16882.5 7454950.0
690 Oct 25, 2015 0.01 0.01 0.01 0.01 25296.5 7496370.0
691 Oct 26, 2015 0.01 0.01 0.01 0.01 29833.5 7353560.0
692 Oct 27, 2015 0.01 0.01 0.01 0.01 13341.6 7056980.0
693 Oct 28, 2015 0.01 0.01 0.01 0.01 14020.9 7123970.0
694 Oct 29, 2015 0.01 0.01 0.01 0.01 23237.7 7266850.0
695 Oct 30, 2015 0.01 0.01 0.01 0.01 39580.5 8126940.0
696 Oct 31, 2015 0.01 0.01 0.01 0.01 14742.1 7985270.0
697 Nov 01, 2015 0.01 0.01 0.01 0.01 12105.2 7221990.0
698 Nov 02, 2015 0.01 0.01 0.01 0.01 23204.8 7596840.0
699 Nov 03, 2015 0.01 0.01 0.01 0.01 42468.7 7823170.0
700 Nov 04, 2015 0.01 0.01 0.01 0.01 86189.7 8457890.0
701 Nov 05, 2015 0.01 0.01 0.01 0.01 43063.1 7711980.0
702 Nov 06, 2015 0.01 0.01 0.01 0.01 26092.0 7544010.0
703 Nov 07, 2015 0.01 0.01 0.01 0.01 15379.2 7166520.0
704 Nov 08, 2015 0.01 0.01 0.01 0.01 49085.6 6997690.0
705 Nov 09, 2015 0.01 0.01 0.01 0.01 34806.1 6375700.0
706 Nov 10, 2015 0.01 0.01 0.01 0.01 29085.0 6663880.0
707 Nov 11, 2015 0.01 0.01 0.01 0.01 26450.4 6668880.0
708 Nov 12, 2015 0.01 0.01 0.01 0.01 15125.2 6284960.0
709 Nov 13, 2015 0.01 0.01 0.01 0.01 9634.54 6691170.0
710 Nov 14, 2015 0.01 0.01 0.01 0.01 10235.1 6518380.0
711 Nov 15, 2015 0.01 0.01 0.01 0.01 9771.91 6422650.0
712 Nov 16, 2015 0.01 0.01 0.01 0.01 14113.6 6459480.0
713 Nov 17, 2015 0.01 0.01 0.01 0.01 13310.2 6283290.0
714 Nov 18, 2015 0.01 0.01 0.01 0.01 17073.8 6231490.0
715 Nov 19, 2015 0.01 0.01 0.01 0.01 16745.7 6240790.0
716 Nov 20, 2015 0.01 0.01 0.01 0.01 18132.3 6117970.0
717 Nov 21, 2015 0.01 0.01 0.01 0.01 13549.5 6071480.0
718 Nov 22, 2015 0.01 0.01 0.01 0.01 20152.7 6091510.0
719 Nov 23, 2015 0.01 0.01 0.01 0.01 20914.3 6057990.0
720 Nov 24, 2015 0.01 0.01 0.01 0.01 35980.5 5924470.0
721 Nov 25, 2015 0.01 0.01 0.01 0.01 20431.9 5817530.0
722 Nov 26, 2015 0.01 0.01 0.01 0.01 21347.0 6121570.0
723 Nov 27, 2015 0.01 0.01 0.01 0.01 21477.6 6586340.0
724 Nov 28, 2015 0.01 0.01 0.01 0.01 11028.7 6258890.0
725 Nov 29, 2015 0.01 0.01 0.01 0.01 18774.6 6092380.0
726 Nov 30, 2015 0.01 0.01 0.01 0.01 37333.3 6058240.0
727 Dec 01, 2015 0.01 0.01 0.01 0.01 31282.6 6050320.0
728 Dec 02, 2015 0.01 0.01 0.01 0.01 49863.3 6057160.0
729 Dec 03, 2015 0.01 0.01 0.01 0.01 33692.2 5943370.0
730 Dec 04, 2015 0.01 0.01 0.01 0.01 20899.8 5955760.0
731 Dec 05, 2015 0.01 0.01 0.01 0.01 33026.1 6177900.0
732 Dec 06, 2015 0.01 0.01 0.01 0.01 21412.0 6354700.0
733 Dec 07, 2015 0.01 0.01 0.01 0.01 21450.6 6410680.0
734 Dec 08, 2015 0.01 0.01 0.01 0.01 42394.9 6263550.0
735 Dec 09, 2015 0.01 0.01 0.01 0.01 63852.0 6537860.0
736 Dec 10, 2015 0.01 0.01 0.01 0.01 40448.4 6744130.0
737 Dec 11, 2015 0.01 0.01 0.01 0.01 34739.9 6605830.0
738 Dec 12, 2015 0.01 0.01 0.01 0.01 32898.2 6943620.0
739 Dec 13, 2015 0.01 0.01 0.01 0.01 22860.0 6695170.0
740 Dec 14, 2015 0.01 0.01 0.01 0.01 22947.1 6425200.0
741 Dec 15, 2015 0.01 0.01 0.01 0.01 44634.6 6232000.0
742 Dec 16, 2015 0.01 0.01 0.01 0.01 50327.4 6513660.0
743 Dec 17, 2015 0.01 0.01 0.01 0.01 24210.0 6411600.0
744 Dec 18, 2015 0.01 0.01 0.01 0.01 17864.0 6492490.0
745 Dec 19, 2015 0.01 0.01 0.01 0.01 13329.3 6522970.0
746 Dec 20, 2015 0.01 0.01 0.01 0.01 32549.2 6583270.0
747 Dec 21, 2015 0.01 0.01 0.01 0.01 34715.5 6145260.0
748 Dec 22, 2015 0.01 0.01 0.01 0.01 22823.0 6085130.0
749 Dec 23, 2015 0.01 0.01 0.01 0.01 20675.1 6088430.0
750 Dec 24, 2015 0.01 0.01 0.01 0.01 29969.7 6061940.0
751 Dec 25, 2015 0.01 0.01 0.01 0.01 22098.0 6478420.0
752 Dec 26, 2015 0.01 0.01 0.01 0.01 31200.3 6524060.0
753 Dec 27, 2015 0.01 0.01 0.01 0.01 27645.8 6230130.0
754 Dec 28, 2015 0.01 0.01 0.01 0.01 26094.5 6363880.0
755 Dec 29, 2015 0.01 0.01 0.01 0.01 26558.4 6674310.0
756 Dec 30, 2015 0.01 0.01 0.01 0.01 11665.6 6897050.0
757 Dec 31, 2015 0.01 0.01 0.01 0.01 12778.6 6783630.0
758 Jan 01, 2016 0.01 0.01 0.01 0.01 11145.5 6723680.0
759 Jan 02, 2016 0.01 0.01 0.01 0.01 10955.7 6739680.0
760 Jan 03, 2016 0.01 0.01 0.01 0.01 8889.3 7187510.0
761 Jan 04, 2016 0.01 0.01 0.01 0.01 8091.22 6869080.0
762 Jan 05, 2016 0.01 0.01 0.01 0.01 8110.55 6608070.0
763 Jan 06, 2016 0.01 0.01 0.01 0.01 6518.8 6405060.0
764 Jan 07, 2016 0.01 0.01 0.01 0.01 15143.2 6433130.0
765 Jan 08, 2016 0.01 0.01 0.01 0.01 12519.7 6563080.0
766 Jan 09, 2016 0.01 0.01 0.01 0.01 42002.2 6468470.0
767 Jan 10, 2016 0.01 0.01 0.01 0.01 19540.5 6808080.0
768 Jan 11, 2016 0.01 0.01 0.01 0.01 15601.0 6406360.0
769 Jan 12, 2016 0.01 0.01 0.01 0.01 57184.4 6458300.0
770 Jan 13, 2016 0.01 0.01 0.01 0.01 361062.0 6788530.0
771 Jan 14, 2016 0.01 0.01 0.01 0.01 147720.0 9008110.0
772 Jan 15, 2016 0.01 0.01 0.01 0.01 67390.1 8298730.0
773 Jan 16, 2016 0.01 0.01 0.01 0.01 132309.0 7067650.0
774 Jan 17, 2016 0.01 0.01 0.01 0.01 19670.3 7105980.0
775 Jan 18, 2016 0.01 0.01 0.01 0.01 30746.3 6989490.0
776 Jan 19, 2016 0.01 0.01 0.01 0.01 38750.1 6615080.0
777 Jan 20, 2016 0.01 0.01 0.01 0.01 43721.0 6951830.0
778 Jan 21, 2016 0.01 0.01 0.01 0.01 34100.9 7121970.0
779 Jan 22, 2016 0.01 0.01 0.01 0.01 99229.6 6842530.0
780 Jan 23, 2016 0.01 0.01 0.01 0.01 92338.3 7225860.0
781 Jan 24, 2016 0.01 0.01 0.01 0.01 53527.0 7697380.0
782 Jan 25, 2016 0.01 0.01 0.01 0.01 56895.5 7322550.0
783 Jan 26, 2016 0.01 0.01 0.01 0.01 225112.0 7657280.0
784 Jan 27, 2016 0.01 0.01 0.01 0.01 627610.0 8626440.0
785 Jan 28, 2016 0.01 0.01 0.01 0.01 290083.0 11824400.0
786 Jan 29, 2016 0.01 0.01 0.01 0.01 101155.0 9127610.0
787 Jan 30, 2016 0.01 0.01 0.01 0.01 55179.7 8744620.0
788 Jan 31, 2016 0.01 0.01 0.01 0.01 25140.5 8219780.0
789 Feb 01, 2016 0.01 0.01 0.01 0.01 39672.4 8204440.0
790 Feb 02, 2016 0.01 0.01 0.01 0.01 27988.4 7998510.0
791 Feb 03, 2016 0.01 0.01 0.01 0.01 27743.4 7932740.0
792 Feb 04, 2016 0.01 0.01 0.01 0.01 27778.7 8156790.0
793 Feb 05, 2016 0.01 0.01 0.01 0.01 37414.8 8404960.0
794 Feb 06, 2016 0.01 0.01 0.01 0.01 17246.7 8687500.0
795 Feb 07, 2016 0.01 0.01 0.01 0.01 39246.1 8486540.0
796 Feb 08, 2016 0.01 0.01 0.01 0.01 23790.8 8761490.0
797 Feb 09, 2016 0.01 0.01 0.01 0.01 33774.2 8347900.0
798 Feb 10, 2016 0.01 0.01 0.01 0.01 101272.0 8311030.0
799 Feb 11, 2016 0.01 0.01 0.01 0.01 56149.0 8203800.0
800 Feb 12, 2016 0.01 0.01 0.01 0.01 119900.0 8136430.0
801 Feb 13, 2016 0.01 0.01 0.01 0.01 46444.2 9272070.0
802 Feb 14, 2016 0.01 0.01 0.01 0.01 64790.6 8941900.0
803 Feb 15, 2016 0.01 0.01 0.01 0.01 35059.9 9609050.0
804 Feb 16, 2016 0.01 0.01 0.01 0.01 46087.6 9122150.0
805 Feb 17, 2016 0.01 0.01 0.01 0.01 52296.2 8989820.0
806 Feb 18, 2016 0.01 0.01 0.01 0.01 48366.2 8708340.0
807 Feb 19, 2016 0.01 0.01 0.01 0.01 50223.1 8659900.0
808 Feb 20, 2016 0.01 0.01 0.01 0.01 35600.6 8683600.0
809 Feb 21, 2016 0.01 0.01 0.01 0.01 60165.8 8561500.0
810 Feb 22, 2016 0.01 0.01 0.01 0.01 30064.5 8255560.0
811 Feb 23, 2016 0.01 0.01 0.01 0.01 49908.8 8064800.0
812 Feb 24, 2016 0.01 0.01 0.01 0.01 27547.0 7748320.0
813 Feb 25, 2016 0.01 0.01 0.01 0.01 42066.1 8064440.0
814 Feb 26, 2016 0.01 0.01 0.01 0.01 44781.4 7646030.0
815 Feb 27, 2016 0.01 0.01 0.01 0.01 36872.2 7392810.0
816 Feb 28, 2016 0.01 0.01 0.01 0.01 31821.2 7531260.0
817 Feb 29, 2016 0.01 0.01 0.01 0.01 34171.3 7550200.0
818 Mar 01, 2016 0.01 0.01 0.01 0.01 43458.1 7362990.0
819 Mar 02, 2016 0.01 0.01 0.01 0.01 31629.9 6977150.0
820 Mar 03, 2016 0.01 0.01 0.01 0.01 63145.6 6914560.0
821 Mar 04, 2016 0.01 0.01 0.01 0.01 50459.4 7483790.0
822 Mar 05, 2016 0.01 0.01 0.01 0.01 49573.8 7222190.0
823 Mar 06, 2016 0.01 0.01 0.01 0.01 52973.0 7091900.0
824 Mar 07, 2016 0.01 0.01 0.01 0.01 52378.4 7401690.0
825 Mar 08, 2016 0.01 0.01 0.01 0.01 90767.4 7502310.0
826 Mar 09, 2016 0.01 0.01 0.01 0.01 85501.6 8667180.0
827 Mar 10, 2016 0.01 0.01 0.01 0.01 100358.0 8358070.0
828 Mar 11, 2016 0.01 0.01 0.01 0.01 206738.0 8621820.0
829 Mar 12, 2016 0.01 0.01 0.01 0.01 136394.0 9396610.0
830 Mar 13, 2016 0.01 0.01 0.01 0.01 63417.0 9305960.0
831 Mar 14, 2016 0.01 0.01 0.01 0.01 48949.9 9028250.0
832 Mar 15, 2016 0.01 0.01 0.01 0.01 30931.4 8521000.0
833 Mar 16, 2016 0.01 0.01 0.01 0.01 47929.5 8427530.0
834 Mar 17, 2016 0.01 0.01 0.01 0.01 72706.5 8228520.0
835 Mar 18, 2016 0.01 0.01 0.01 0.01 48483.2 8220100.0
836 Mar 19, 2016 0.01 0.01 0.01 0.01 76879.2 7958920.0
837 Mar 20, 2016 0.01 0.01 0.01 0.01 29057.8 7888590.0
838 Mar 21, 2016 0.01 0.01 0.01 0.01 29165.9 8281480.0
839 Mar 22, 2016 0.01 0.01 0.01 0.01 22793.0 8187230.0
840 Mar 23, 2016 0.01 0.01 0.01 0.01 89048.2 8401790.0
841 Mar 24, 2016 0.01 0.01 0.01 0.01 58546.4 8622280.0
842 Mar 25, 2016 0.01 0.01 0.01 0.01 33438.6 8071190.0
843 Mar 26, 2016 0.01 0.01 0.01 0.01 118743.0 8090690.0
844 Mar 27, 2016 0.01 0.01 0.01 0.01 55201.0 7913530.0
845 Mar 28, 2016 0.01 0.01 0.01 0.01 105156.0 7826010.0
846 Mar 29, 2016 0.01 0.01 0.01 0.01 72552.0 8282430.0
847 Mar 30, 2016 0.01 0.01 0.01 0.01 47385.8 8104270.0
848 Mar 31, 2016 0.01 0.01 0.01 0.01 17518.1 7982550.0
849 Apr 01, 2016 0.01 0.01 0.01 0.01 42333.9 8195680.0
850 Apr 02, 2016 0.01 0.01 0.01 0.01 25356.7 7921920.0
851 Apr 03, 2016 0.01 0.01 0.01 0.01 23053.3 8253310.0
852 Apr 04, 2016 0.01 0.01 0.01 0.01 22907.3 8157230.0
853 Apr 05, 2016 0.01 0.01 0.01 0.01 35430.0 8346450.0
854 Apr 06, 2016 0.01 0.01 0.01 0.01 23515.7 8229880.0
855 Apr 07, 2016 0.01 0.01 0.01 0.01 13045.0 8106680.0
856 Apr 08, 2016 0.01 0.01 0.01 0.01 36966.3 8067940.0
857 Apr 09, 2016 0.01 0.01 0.01 0.01 48988.0 8145810.0
858 Apr 10, 2016 0.01 0.01 0.01 0.01 40437.7 7812560.0
859 Apr 11, 2016 0.01 0.01 0.01 0.01 28844.8 7520020.0
860 Apr 12, 2016 0.01 0.01 0.01 0.01 35495.9 7603060.0
861 Apr 13, 2016 0.01 0.01 0.01 0.01 226584.0 7358450.0
862 Apr 14, 2016 0.01 0.01 0.01 0.01 39730.8 6943470.0
863 Apr 15, 2016 0.01 0.01 0.01 0.01 18208.9 7033760.0
864 Apr 16, 2016 0.01 0.01 0.01 0.01 25601.6 7047330.0
865 Apr 17, 2016 0.01 0.01 0.01 0.01 16211.8 6979210.0
866 Apr 18, 2016 0.01 0.01 0.01 0.01 28122.9 6946730.0
867 Apr 19, 2016 0.01 0.01 0.01 0.01 27203.2 7157550.0
868 Apr 20, 2016 0.01 0.01 0.01 0.01 18818.1 7320700.0
869 Apr 21, 2016 0.01 0.01 0.01 0.01 36624.9 7286470.0
870 Apr 22, 2016 0.01 0.01 0.01 0.01 15638.3 7071420.0
871 Apr 23, 2016 0.01 0.01 0.01 0.01 14005.3 6984040.0
872 Apr 24, 2016 0.01 0.01 0.01 0.01 21015.6 7092460.0
873 Apr 25, 2016 0.01 0.01 0.01 0.01 19702.1 7066050.0
874 Apr 26, 2016 0.01 0.01 0.01 0.01 29468.4 7211620.0
875 Apr 27, 2016 0.01 0.01 0.01 0.01 25946.0 6980170.0
876 Apr 28, 2016 0.01 0.01 0.01 0.01 37235.5 6901800.0
877 Apr 29, 2016 0.01 0.01 0.01 0.01 28155.6 6801060.0
878 Apr 30, 2016 0.01 0.01 0.01 0.01 21438.8 7120890.0
879 May 01, 2016 0.01 0.01 0.01 0.01 19939.6 6998820.0
880 May 02, 2016 0.01 0.01 0.01 0.01 10710.5 6950220.0
881 May 03, 2016 0.01 0.01 0.01 0.01 9898.04 6799100.0
882 May 04, 2016 0.01 0.01 0.01 0.01 10614.4 6913610.0
883 May 05, 2016 0.01 0.01 0.01 0.01 13325.8 6838840.0
884 May 06, 2016 0.01 0.01 0.01 0.01 6942.91 6771140.0
885 May 07, 2016 0.01 0.01 0.01 0.01 11390.5 6870550.0
886 May 08, 2016 0.01 0.01 0.01 0.01 16642.4 6754650.0
887 May 09, 2016 0.01 0.01 0.01 0.01 7130.29 6750240.0
888 May 10, 2016 0.01 0.01 0.01 0.01 14104.6 6673020.0
889 May 11, 2016 0.01 0.01 0.01 0.01 14165.0 6536500.0
890 May 12, 2016 0.01 0.01 0.01 0.01 11428.6 6532220.0
891 May 13, 2016 0.01 0.01 0.01 0.01 18411.0 6569870.0
892 May 14, 2016 0.01 0.01 0.01 0.01 6446.46 6354500.0
893 May 15, 2016 0.01 0.01 0.01 0.01 13076.7 6449990.0
894 May 16, 2016 0.01 0.01 0.01 0.01 26006.3 6306620.0
895 May 17, 2016 0.01 0.01 0.01 0.01 13848.2 6255570.0
896 May 18, 2016 0.01 0.01 0.01 0.01 18299.7 6250660.0
897 May 19, 2016 0.01 0.01 0.01 0.01 24244.3 6488070.0
898 May 20, 2016 0.01 0.01 0.01 0.01 16032.9 6237510.0
899 May 21, 2016 0.01 0.01 0.01 0.01 11945.3 6115110.0
900 May 22, 2016 0.01 0.01 0.01 0.01 13062.1 6165280.0
901 May 23, 2016 0.01 0.01 0.01 0.01 112000.0 6019770.0
902 May 24, 2016 0.01 0.01 0.01 0.01 100691.0 6855460.0
903 May 25, 2016 0.01 0.01 0.01 0.01 66127.9 6771520.0
904 May 26, 2016 0.01 0.01 0.01 0.01 42991.6 6166670.0
905 May 27, 2016 0.01 0.01 0.01 0.01 20523.1 6059420.0
906 May 28, 2016 0.01 0.01 0.01 0.01 55975.8 6298650.0
907 May 29, 2016 0.01 0.01 0.01 0.01 32889.4 6098520.0
908 May 30, 2016 0.01 0.01 0.01 0.01 18320.1 6734010.0
909 May 31, 2016 0.01 0.01 0.01 0.01 23810.6 6265040.0
910 Jun 01, 2016 0.01 0.01 0.01 0.01 30425.1 6556210.0
911 Jun 02, 2016 0.01 0.01 0.01 0.01 48692.4 6776790.0
912 Jun 03, 2016 0.01 0.01 0.01 0.01 42087.7 7269730.0
913 Jun 04, 2016 0.01 0.01 0.01 0.01 16726.6 7083550.0
914 Jun 05, 2016 0.01 0.01 0.01 0.01 16974.5 7190600.0
915 Jun 06, 2016 0.01 0.01 0.01 0.01 19211.2 7223100.0
916 Jun 07, 2016 0.01 0.01 0.01 0.01 15416.5 7201810.0
917 Jun 08, 2016 0.01 0.01 0.01 0.01 8346.15 7106860.0
918 Jun 09, 2016 0.01 0.01 0.01 0.01 31432.7 6998840.0
919 Jun 10, 2016 0.01 0.01 0.01 0.01 37781.4 6948360.0
920 Jun 11, 2016 0.01 0.01 0.01 0.01 16347.1 7374440.0
921 Jun 12, 2016 0.01 0.01 0.01 0.01 40774.4 7385110.0
922 Jun 13, 2016 0.01 0.01 0.01 0.01 67916.2 7763390.0
923 Jun 14, 2016 0.01 0.01 0.01 0.01 99126.0 7153570.0
924 Jun 15, 2016 0.01 0.01 0.01 0.01 58882.7 7908270.0
925 Jun 16, 2016 0.01 0.01 0.01 0.01 65836.1 7797820.0
926 Jun 17, 2016 0.01 0.01 0.01 0.01 58391.3 8034540.0
927 Jun 18, 2016 0.01 0.01 0.01 0.01 43402.7 8091460.0
928 Jun 19, 2016 0.01 0.01 0.01 0.01 221846.0 8549060.0
929 Jun 20, 2016 0.01 0.01 0.01 0.01 508892.0 10088300.0
930 Jun 21, 2016 0.01 0.01 0.01 0.01 778568.0 11774700.0
931 Jun 22, 2016 0.01 0.01 0.01 0.01 258461.0 11396900.0
932 Jun 23, 2016 0.01 0.01 0.01 0.01 188450.0 10022300.0
933 Jun 24, 2016 0.01 0.01 0.01 0.01 195579.0 11091800.0
934 Jun 25, 2016 0.01 0.01 0.01 0.01 537660.0 10891700.0
935 Jun 26, 2016 0.01 0.02 0.01 0.02 2432010.0 15012200.0
936 Jun 27, 2016 0.02 0.02 0.02 0.02 1657040.0 17546100.0
937 Jun 28, 2016 0.02 0.03 0.02 0.02 2599280.0 22118400.0
938 Jun 29, 2016 0.02 0.03 0.02 0.02 1998940.0 24412300.0
939 Jun 30, 2016 0.02 0.02 0.02 0.02 983517.0 24514900.0
940 Jul 01, 2016 0.02 0.02 0.02 0.02 781036.0 22514200.0
941 Jul 02, 2016 0.02 0.02 0.02 0.02 959092.0 20312800.0
942 Jul 03, 2016 0.02 0.02 0.02 0.02 450193.0 23021600.0
943 Jul 04, 2016 0.02 0.02 0.02 0.02 460400.0 21272900.0
944 Jul 05, 2016 0.02 0.02 0.02 0.02 423887.0 22438000.0
945 Jul 06, 2016 0.02 0.02 0.02 0.02 265510.0 20313600.0
946 Jul 07, 2016 0.02 0.02 0.02 0.02 588948.0 21391800.0
947 Jul 08, 2016 0.02 0.02 0.02 0.02 728332.0 17584000.0
948 Jul 09, 2016 0.02 0.02 0.02 0.02 356976.0 21000600.0
949 Jul 10, 2016 0.02 0.02 0.02 0.02 259280.0 19680700.0
950 Jul 11, 2016 0.02 0.03 0.02 0.03 3088700.0 20348500.0
951 Jul 12, 2016 0.03 0.03 0.03 0.03 3029450.0 31860300.0
952 Jul 13, 2016 0.03 0.03 0.03 0.03 1464990.0 29888500.0
953 Jul 14, 2016 0.03 0.03 0.03 0.03 1511200.0 28972900.0
954 Jul 15, 2016 0.03 0.03 0.03 0.03 504822.0 27816800.0
955 Jul 16, 2016 0.03 0.03 0.03 0.03 418593.0 28611900.0
956 Jul 17, 2016 0.03 0.03 0.02 0.03 511286.0 26538200.0
957 Jul 18, 2016 0.03 0.03 0.02 0.03 315631.0 25306100.0
958 Jul 19, 2016 0.03 0.03 0.02 0.02 288808.0 25372400.0
959 Jul 20, 2016 0.02 0.02 0.02 0.02 253593.0 23232900.0
960 Jul 21, 2016 0.02 0.02 0.02 0.02 230219.0 24033800.0
961 Jul 22, 2016 0.02 0.02 0.02 0.02 272073.0 24200400.0
962 Jul 23, 2016 0.02 0.03 0.02 0.03 1123440.0 24583700.0
963 Jul 24, 2016 0.03 0.03 0.03 0.03 892301.0 28867000.0
964 Jul 25, 2016 0.03 0.03 0.03 0.03 483690.0 26792500.0
965 Jul 26, 2016 0.03 0.03 0.02 0.03 488156.0 27702700.0
966 Jul 27, 2016 0.03 0.03 0.02 0.03 290151.0 25533400.0
967 Jul 28, 2016 0.03 0.03 0.03 0.03 258461.0 25703600.0
968 Jul 29, 2016 0.03 0.03 0.03 0.03 176414.0 25810600.0
969 Jul 30, 2016 0.03 0.03 0.03 0.03 289126.0 26643100.0
970 Jul 31, 2016 0.03 0.03 0.03 0.03 231552.0 28816900.0
971 Aug 01, 2016 0.03 0.03 0.03 0.03 427575.0 26831300.0
972 Aug 02, 2016 0.03 0.03 0.02 0.02 415502.0 27010000.0
973 Aug 03, 2016 0.02 0.03 0.02 0.03 493512.0 23596200.0
974 Aug 04, 2016 0.03 0.03 0.03 0.03 1406230.0 25244100.0
975 Aug 05, 2016 0.03 0.03 0.03 0.03 870644.0 32623800.0
976 Aug 06, 2016 0.03 0.03 0.03 0.03 439715.0 30097100.0
977 Aug 07, 2016 0.03 0.03 0.03 0.03 498008.0 29547200.0
978 Aug 08, 2016 0.03 0.03 0.03 0.03 321353.0 28341600.0
979 Aug 09, 2016 0.03 0.03 0.03 0.03 454505.0 29235100.0
980 Aug 10, 2016 0.03 0.03 0.03 0.03 392119.0 30786900.0
981 Aug 11, 2016 0.03 0.03 0.03 0.03 298250.0 30831800.0
982 Aug 12, 2016 0.03 0.03 0.03 0.03 195106.0 29896800.0
983 Aug 13, 2016 0.03 0.03 0.03 0.03 178215.0 29585700.0
984 Aug 14, 2016 0.03 0.03 0.03 0.03 211576.0 29075700.0
985 Aug 15, 2016 0.03 0.03 0.03 0.03 92157.7 29362100.0
986 Aug 16, 2016 0.03 0.03 0.03 0.03 144091.0 28529900.0
987 Aug 17, 2016 0.03 0.03 0.03 0.03 162555.0 29204600.0
988 Aug 18, 2016 0.03 0.03 0.03 0.03 353222.0 29237700.0
989 Aug 19, 2016 0.03 0.03 0.03 0.03 191755.0 27947900.0
990 Aug 20, 2016 0.03 0.03 0.03 0.03 240841.0 27327800.0
991 Aug 21, 2016 0.03 0.03 0.03 0.03 154210.0 27867000.0
992 Aug 22, 2016 0.03 0.03 0.02 0.02 567753.0 26884500.0
993 Aug 23, 2016 0.02 0.02 0.02 0.02 385913.0 23908600.0
994 Aug 24, 2016 0.02 0.02 0.02 0.02 265211.0 22438600.0
995 Aug 25, 2016 0.02 0.03 0.02 0.02 351187.0 21457600.0
996 Aug 26, 2016 0.02 0.02 0.02 0.02 247089.0 24671700.0
997 Aug 27, 2016 0.02 0.02 0.02 0.02 233569.0 23025300.0
998 Aug 28, 2016 0.02 0.02 0.02 0.02 660550.0 23070200.0
999 Aug 29, 2016 0.02 0.02 0.02 0.02 360298.0 22095700.0
1000 Aug 30, 2016 0.02 0.03 0.02 0.02 631956.0 22899400.0
1001 Aug 31, 2016 0.02 0.03 0.02 0.02 291501.0 24402200.0
1002 Sep 01, 2016 0.02 0.02 0.02 0.02 267054.0 22957100.0
1003 Sep 02, 2016 0.02 0.02 0.02 0.02 180558.0 23062800.0
1004 Sep 03, 2016 0.02 0.02 0.02 0.02 338410.0 22295900.0
1005 Sep 04, 2016 0.02 0.02 0.02 0.02 331961.0 21226800.0
1006 Sep 05, 2016 0.02 0.02 0.02 0.02 216138.0 20082500.0
1007 Sep 06, 2016 0.02 0.03 0.02 0.02 1689960.0 20462100.0
1008 Sep 07, 2016 0.02 0.02 0.02 0.02 326146.0 21946400.0
1009 Sep 08, 2016 0.02 0.02 0.02 0.02 260438.0 21448200.0
1010 Sep 09, 2016 0.02 0.02 0.02 0.02 130871.0 21087200.0
1011 Sep 10, 2016 0.02 0.02 0.02 0.02 121197.0 20383500.0
1012 Sep 11, 2016 0.02 0.02 0.02 0.02 162895.0 20769300.0
1013 >Sep 12, 201 0.02 0.02 0.02 0.02 167050.0 19845500.0
1014 Sep 13, 2016 0.02 0.02 0.02 0.02 120318.0 20011400.0
1015 Sep 14, 2016 0.02 0.02 0.02 0.02 115613.0 19950800.0
1016 Sep 15, 2016 0.02 0.02 0.02 0.02 228378.0 19851200.0
1017 Sep 16, 2016 0.02 0.02 0.02 0.02 373194.0 20038600.0
1018 Sep 17, 2016 0.02 0.02 0.02 0.02 237493.0 17989900.0
1019 Sep 18, 2016 0.02 0.02 0.02 0.02 169204.0 18044200.0
1020 Sep 19, 2016 0.02 0.02 0.02 0.02 267186.0 17273100.0
1021 Sep 20, 2016 0.02 0.02 0.01 0.01 353562.0 16693000.0
1022 Sep 21, 2016 0.01 0.02 0.01 0.02 248164.0 15271500.0
1023 Sep 22, 2016 0.02 0.02 0.01 0.02 156658.0 16203500.0
1024 Sep 23, 2016 0.02 0.02 0.01 0.01 125825.0 16060300.0
1025 Sep 24, 2016 0.01 0.01 0.01 0.01 78655.5 15343000.0
1026 Sep 25, 2016 0.01 0.02 0.01 0.02 99194.2 15195400.0
1027 Sep 26, 2016 0.02 0.02 0.01 0.01 218974.0 16160600.0
1028 Sep 27, 2016 0.01 0.01 0.01 0.01 121797.0 15026400.0
1029 Sep 28, 2016 0.01 0.01 0.01 0.01 144242.0 14424700.0
1030 Sep 29, 2016 0.01 0.01 0.01 0.01 206832.0 13582900.0
1031 Sep 30, 2016 0.01 0.01 0.01 0.01 156353.0 12792600.0
1032 Oct 01, 2016 0.01 0.01 0.01 0.01 223355.0 12146500.0
1033 Oct 02, 2016 0.01 0.01 0.01 0.01 127225.0 11603400.0
1034 Oct 03, 2016 0.01 0.01 0.01 0.01 157472.0 11186000.0
1035 Oct 04, 2016 0.01 0.01 0.01 0.01 725325.0 10466300.0
1036 Oct 05, 2016 0.01 0.01 0.01 0.01 376338.0 12628200.0
1037 Oct 06, 2016 0.01 0.01 0.01 0.01 307946.0 11472400.0
1038 Oct 07, 2016 0.01 0.01 0.01 0.01 241753.0 12943000.0
1039 Oct 08, 2016 0.01 0.01 0.01 0.01 138467.0 12680900.0
1040 Oct 09, 2016 0.01 0.01 0.01 0.01 141448.0 11492200.0
1041 Oct 10, 2016 0.01 0.01 0.01 0.01 197277.0 12070600.0
1042 Oct 11, 2016 0.01 0.01 0.01 0.01 173443.0 11834900.0
1043 Oct 12, 2016 0.01 0.01 0.01 0.01 90266.2 11691400.0
1044 Oct 13, 2016 0.01 0.01 0.01 0.01 479753.0 11435400.0
1045 Oct 14, 2016 0.01 0.01 0.01 0.01 367796.0 9849580.0
1046 Oct 15, 2016 0.01 0.01 0.01 0.01 493972.0 8820200.0
1047 Oct 16, 2016 0.01 0.01 0.01 0.01 354124.0 8102970.0
1048 Oct 17, 2016 0.01 0.01 0.01 0.01 287708.0 8074800.0
1049 Oct 18, 2016 0.01 0.01 0.01 0.01 144308.0 8003930.0
1050 Oct 19, 2016 0.01 0.01 0.01 0.01 115262.0 7855950.0
1051 Oct 20, 2016 0.01 0.01 0.01 0.01 73557.1 7758480.0
1052 Oct 21, 2016 0.01 0.01 0.01 0.01 63359.2 7777320.0
1053 Oct 22, 2016 0.01 0.01 0.01 0.01 109412.0 7720640.0
1054 Oct 23, 2016 0.01 0.01 0.01 0.01 80352.3 7605710.0
1055 Oct 24, 2016 0.01 0.01 0.01 0.01 106647.0 7456830.0
1056 Oct 25, 2016 0.01 0.01 0.01 0.01 78169.7 7566330.0
1057 Oct 26, 2016 0.01 0.01 0.01 0.01 85220.3 7176310.0
1058 Oct 27, 2016 0.01 0.01 0.01 0.01 96872.9 7068880.0
1059 Oct 28, 2016 0.01 0.01 0.01 0.01 126798.0 6670570.0
1060 Oct 29, 2016 0.01 0.01 0.01 0.01 191759.0 6739590.0
1061 Oct 30, 2016 0.01 0.01 0.01 0.01 84403.2 6343830.0
1062 Oct 31, 2016 0.01 0.01 0.01 0.01 108455.0 6675190.0
1063 Nov 01, 2016 0.01 0.01 0.01 0.01 84768.2 6488120.0
1064 Nov 02, 2016 0.01 0.01 0.01 0.01 60370.6 6378860.0
1065 Nov 03, 2016 0.01 0.01 0.01 0.01 81283.2 6341650.0
1066 Nov 04, 2016 0.01 0.01 0.01 0.01 108260.0 6399660.0
1067 Nov 05, 2016 0.01 0.01 0.01 0.01 127792.0 6991570.0
1068 Nov 06, 2016 0.01 0.01 0.01 0.01 48966.1 7186070.0
1069 Nov 07, 2016 0.01 0.01 0.01 0.01 51954.2 6829600.0
1070 Nov 08, 2016 0.01 0.01 0.01 0.01 53651.2 6717000.0
1071 Nov 09, 2016 0.01 0.01 0.01 0.01 50848.4 6485890.0
1072 Nov 10, 2016 0.01 0.01 0.01 0.01 60133.3 6617580.0
1073 Nov 11, 2016 0.01 0.01 0.01 0.01 66757.4 6736240.0
1074 Nov 12, 2016 0.01 0.01 0.01 0.01 99358.4 6989920.0
1075 Nov 13, 2016 0.01 0.01 0.01 0.01 43230.4 7414630.0
1076 Nov 14, 2016 0.01 0.01 0.01 0.01 31797.0 7112320.0
1077 Nov 15, 2016 0.01 0.01 0.01 0.01 61018.9 7153320.0
1078 Nov 16, 2016 0.01 0.01 0.01 0.01 53368.9 6882330.0
1079 Nov 17, 2016 0.01 0.01 0.01 0.01 54739.1 6704880.0
1080 Nov 18, 2016 0.01 0.01 0.01 0.01 46664.9 6925190.0
1081 Nov 19, 2016 0.01 0.01 0.01 0.01 31910.5 6791750.0
1082 Nov 20, 2016 0.01 0.01 0.01 0.01 35032.3 6621360.0
1083 Nov 21, 2016 0.01 0.01 0.01 0.01 25131.1 6466180.0
1084 Nov 22, 2016 0.01 0.01 0.01 0.01 27314.3 6487650.0
1085 Nov 23, 2016 0.01 0.01 0.01 0.01 30719.3 6360330.0
1086 Nov 24, 2016 0.01 0.01 0.01 0.01 34115.1 6539610.0
1087 Nov 25, 2016 0.01 0.01 0.01 0.01 18078.3 6426120.0
1088 >Nov 26, 201 0.01 0.01 0.01 0.01 20274.8 6265290.0
1089 Nov 27, 2016 0.01 0.01 0.01 0.01 22985.7 6210730.0
1090 Nov 28, 2016 0.01 0.01 0.01 0.01 17533.9 6102310.0
1091 Nov 29, 2016 0.01 0.01 0.01 0.01 15646.9 6252780.0
1092 Nov 30, 2016 0.01 0.01 0.01 0.01 19819.0 6186180.0
1093 Dec 01, 2016 0.01 0.01 0.01 0.01 45990.9 6315410.0
1094 Dec 02, 2016 0.01 0.01 0.01 0.01 29419.1 5921150.0
1095 Dec 03, 2016 0.01 0.01 0.01 0.01 20144.4 5817080.0
1096 Dec 04, 2016 0.01 0.01 0.01 0.01 16307.8 5833770.0
1097 Dec 05, 2016 0.01 0.01 0.01 0.01 41093.5 5939820.0
1098 Dec 06, 2016 0.01 0.01 0.01 0.01 62562.1 5614030.0
1099 Dec 07, 2016 0.01 0.01 0.01 0.01 80980.7 5403520.0
1100 Dec 08, 2016 0.01 0.01 0.01 0.01 30878.5 6190740.0
1101 Dec 09, 2016 0.01 0.01 0.01 0.01 49432.8 6174520.0
1102 Dec 10, 2016 0.01 0.01 0.01 0.01 22777.3 5740160.0
1103 Dec 11, 2016 0.01 0.01 0.01 0.01 19134.8 5891460.0
1104 Dec 12, 2016 0.01 0.01 0.01 0.01 25521.4 5767190.0
1105 Dec 13, 2016 0.01 0.01 0.01 0.01 30302.8 5765910.0
1106 Dec 14, 2016 0.01 0.01 0.01 0.01 16866.8 5846630.0
1107 Dec 15, 2016 0.01 0.01 0.01 0.01 24602.7 5778840.0
1108 Dec 16, 2016 0.01 0.01 0.01 0.01 33628.3 5560020.0
1109 Dec 17, 2016 0.01 0.01 0.01 0.01 14837.3 5951070.0
1110 Dec 18, 2016 0.01 0.01 0.01 0.01 26550.3 5879680.0
1111 Dec 19, 2016 0.01 0.01 0.01 0.01 37026.3 5714010.0
1112 Dec 20, 2016 0.01 0.01 0.01 0.01 19945.0 5600780.0
1113 Dec 21, 2016 0.01 0.01 0.01 0.01 32551.4 5697100.0
1114 Dec 22, 2016 0.01 0.01 0.01 0.01 40377.1 5747410.0
1115 Dec 23, 2016 0.01 0.01 0.01 0.01 38475.8 5815460.0
1116 Dec 24, 2016 0.01 0.01 0.01 0.01 65473.8 5868090.0
1117 Dec 25, 2016 0.01 0.01 0.01 0.01 23451.4 6111280.0
1118 Dec 26, 2016 0.01 0.01 0.01 0.01 17571.5 5981590.0
1119 Dec 27, 2016 0.01 0.01 0.01 0.01 40691.8 6029850.0
1120 Dec 28, 2016 0.01 0.01 0.01 0.01 33323.4 6113500.0
1121 Dec 29, 2016 0.01 0.01 0.01 0.01 55622.2 5904150.0
1122 Dec 30, 2016 0.01 0.01 0.01 0.01 18186.7 6250730.0
1123 Dec 31, 2016 0.01 0.01 0.01 0.01 19036.7 6004190.0
1124 Jan 01, 2017 0.01 0.01 0.01 0.01 36559.5 5932590.0
1125 Jan 02, 2017 0.01 0.01 0.01 0.01 31725.2 6106540.0
1126 Jan 03, 2017 0.01 0.01 0.01 0.01 36254.2 6013190.0
1127 Jan 04, 2017 0.01 0.01 0.01 0.01 107770.0 6028910.0
1128 Jan 05, 2017 0.01 0.01 0.01 0.01 179925.0 6535810.0
1129 Jan 06, 2017 0.01 0.01 0.01 0.01 73613.5 6177350.0
1130 Jan 07, 2017 0.01 0.01 0.01 0.01 70181.7 5819200.0
1131 Jan 08, 2017 0.01 0.01 0.01 0.01 46920.2 6130290.0
1132 Jan 09, 2017 0.01 0.01 0.01 0.01 35625.7 5978310.0
1133 Jan 10, 2017 0.01 0.01 0.01 0.01 34189.3 5941060.0
1134 Jan 11, 2017 0.01 0.01 0.01 0.01 93417.3 5796500.0
1135 Jan 12, 2017 0.01 0.01 0.01 0.01 60596.4 5317660.0
1136 Jan 13, 2017 0.01 0.01 0.01 0.01 37372.2 5485040.0
1137 Jan 14, 2017 0.01 0.01 0.01 0.01 17610.8 5530130.0
1138 Jan 15, 2017 0.01 0.01 0.01 0.01 99537.3 5487870.0
1139 Jan 16, 2017 0.01 0.01 0.01 0.01 77953.5 5938720.0
1140 Jan 17, 2017 0.01 0.01 0.01 0.01 68584.6 5834980.0
1141 Jan 18, 2017 0.01 0.01 0.01 0.01 41130.6 5753170.0
1142 Jan 19, 2017 0.01 0.01 0.01 0.01 43145.9 5714110.0
1143 Jan 20, 2017 0.01 0.01 0.01 0.01 37593.1 5920620.0
1144 Jan 21, 2017 0.01 0.01 0.01 0.01 40508.8 5804070.0
1145 Jan 22, 2017 0.01 0.01 0.01 0.01 34747.7 5800420.0
1146 Jan 23, 2017 0.01 0.01 0.01 0.01 31342.3 5793310.0
1147 Jan 24, 2017 0.01 0.01 0.01 0.01 44566.4 5786000.0
1148 Jan 25, 2017 0.01 0.01 0.01 0.01 58652.3 5618420.0
1149 Jan 26, 2017 0.01 0.01 0.01 0.01 55215.1 5776940.0
1150 Jan 27, 2017 0.01 0.01 0.01 0.01 44436.5 5857160.0
1151 Jan 28, 2017 0.01 0.01 0.01 0.01 28231.1 5784470.0
1152 Jan 29, 2017 0.01 0.01 0.01 0.01 164744.0 5893350.0
1153 Jan 30, 2017 0.01 0.01 0.01 0.01 119621.0 6465260.0
1154 Jan 31, 2017 0.01 0.01 0.01 0.01 125253.0 6430090.0
1155 Feb 01, 2017 0.01 0.01 0.01 0.01 64069.8 6384060.0
1156 Feb 02, 2017 0.01 0.01 0.01 0.01 41916.3 6385900.0
1157 Feb 03, 2017 0.01 0.01 0.01 0.01 53961.8 6327930.0
1158 Feb 04, 2017 0.01 0.01 0.01 0.01 88955.5 6807140.0
1159 Feb 05, 2017 0.01 0.01 0.01 0.01 313128.0 6544670.0
1160 Feb 06, 2017 0.01 0.01 0.01 0.01 1103770.0 7328750.0
1161 Feb 07, 2017 0.01 0.01 0.01 0.01 972690.0 9549520.0
1162 Feb 08, 2017 0.01 0.01 0.01 0.01 475850.0 9196020.0
1163 Feb 09, 2017 0.01 0.01 0.01 0.01 354332.0 9059300.0
1164 Feb 10, 2017 0.01 0.01 0.01 0.01 295380.0 8317380.0
1165 Feb 11, 2017 0.01 0.01 0.01 0.01 338777.0 9006020.0
1166 Feb 12, 2017 0.01 0.01 0.01 0.01 127635.0 8808840.0
1167 Feb 13, 2017 0.01 0.01 0.01 0.01 112345.0 8530200.0
1168 Feb 14, 2017 0.01 0.01 0.01 0.01 111952.0 8168280.0
1169 Feb 15, 2017 0.01 0.01 0.01 0.01 47138.4 8003800.0
1170 Feb 16, 2017 0.01 0.01 0.01 0.01 95756.6 8013580.0
1171 Feb 17, 2017 0.01 0.01 0.01 0.01 128371.0 7458520.0
1172 Feb 18, 2017 0.01 0.01 0.01 0.01 69368.5 7439300.0
1173 Feb 19, 2017 0.01 0.01 0.01 0.01 66590.8 7237170.0
1174 Feb 20, 2017 0.01 0.01 0.01 0.01 37080.1 7295810.0
1175 Feb 21, 2017 0.01 0.01 0.01 0.01 106620.0 7259020.0
1176 Feb 22, 2017 0.01 0.01 0.01 0.01 44556.6 7020400.0
1177 Feb 23, 2017 0.01 0.01 0.01 0.01 71088.0 7039140.0
1178 Feb 24, 2017 0.01 0.01 0.01 0.01 77336.0 7390530.0
1179 Feb 25, 2017 0.01 0.01 0.01 0.01 51250.3 6975050.0
1180 Feb 26, 2017 0.01 0.01 0.01 0.01 37087.3 6989810.0
1181 Feb 27, 2017 0.01 0.01 0.01 0.01 32109.7 7082950.0
1182 Feb 28, 2017 0.01 0.01 0.01 0.01 35025.2 6952530.0
1183 Mar 01, 2017 0.01 0.01 0.01 0.01 136738.0 6804130.0
1184 Mar 02, 2017 0.01 0.01 0.01 0.01 141379.0 6700630.0
1185 Mar 03, 2017 0.01 0.01 0.01 0.01 132399.0 6665530.0
1186 >Mar 04, 201 0.01 0.01 0.01 0.01 175462.0 7019380.0
1187 Mar 05, 2017 0.01 0.01 0.01 0.01 261681.0 8027410.0
1188 Mar 06, 2017 0.01 0.01 0.01 0.01 107513.0 8214660.0
1189 Mar 07, 2017 0.01 0.01 0.01 0.01 138815.0 7765740.0
1190 Mar 08, 2017 0.01 0.01 0.01 0.01 242295.0 8196370.0
1191 Mar 09, 2017 0.01 0.01 0.01 0.01 93779.3 8064480.0
1192 Mar 10, 2017 0.01 0.01 0.01 0.01 120713.0 7851870.0
1193 Mar 11, 2017 0.01 0.01 0.01 0.01 73440.1 7389730.0
1194 Mar 12, 2017 0.01 0.01 0.01 0.01 214091.0 7929060.0
1195 Mar 13, 2017 0.01 0.01 0.01 0.01 356518.0 8237930.0
1196 Mar 14, 2017 0.01 0.01 0.01 0.01 355543.0 8896110.0
1197 Mar 15, 2017 0.01 0.01 0.01 0.01 836668.0 9760810.0
1198 Mar 16, 2017 0.01 0.01 0.01 0.01 428263.0 11014200.0
1199 Mar 17, 2017 0.01 0.01 0.01 0.01 229671.0 9689110.0
1200 Mar 18, 2017 0.01 0.01 0.01 0.01 230806.0 9050520.0
1201 Mar 19, 2017 0.01 0.01 0.01 0.01 256481.0 8005560.0
1202 Mar 20, 2017 0.01 0.01 0.01 0.01 305398.0 8414120.0
1203 Mar 21, 2017 0.01 0.01 0.01 0.01 326517.0 9224330.0
1204 Mar 22, 2017 0.01 0.01 0.01 0.01 669812.0 10456600.0
1205 Mar 23, 2017 0.01 0.01 0.01 0.01 247857.0 9982710.0
1206 Mar 24, 2017 0.01 0.01 0.01 0.01 245111.0 10678100.0
1207 Mar 25, 2017 0.01 0.01 0.01 0.01 1615320.0 9796660.0
1208 Mar 26, 2017 0.01 0.01 0.01 0.01 1211810.0 14065700.0
1209 Mar 27, 2017 0.01 0.01 0.01 0.01 684861.0 12180900.0
1210 Mar 28, 2017 0.01 0.01 0.01 0.01 353244.0 11982000.0
1211 Mar 29, 2017 0.01 0.01 0.01 0.01 562766.0 12201900.0
1212 Mar 30, 2017 0.01 0.01 0.01 0.01 410931.0 12942900.0
1213 Mar 31, 2017 0.01 0.01 0.01 0.01 580469.0 13395900.0
1214 Apr 01, 2017 0.01 0.01 0.01 0.01 190536.0 13687700.0
1215 Apr 02, 2017 0.01 0.02 0.01 0.02 1194490.0 13764000.0
1216 Apr 03, 2017 0.02 0.02 0.01 0.01 1755800.0 17359500.0
1217 Apr 04, 2017 0.01 0.02 0.01 0.01 605800.0 15126800.0
1218 Apr 05, 2017 0.01 0.02 0.01 0.01 342234.0 15664800.0
1219 Apr 06, 2017 0.01 0.02 0.01 0.01 511195.0 15961400.0
1220 Apr 07, 2017 0.01 0.01 0.01 0.01 407040.0 14407100.0
1221 Apr 08, 2017 0.01 0.01 0.01 0.01 217185.0 14459400.0
1222 Apr 09, 2017 0.01 0.01 0.01 0.01 235999.0 14829400.0
1223 Apr 10, 2017 0.01 0.01 0.01 0.01 266925.0 13778400.0
1224 Apr 11, 2017 0.01 0.01 0.01 0.01 271296.0 13766400.0
1225 Apr 12, 2017 0.01 0.01 0.01 0.01 443642000.0 14046400.0
1226 Apr 13, 2017 0.01 0.01 0.01 0.01 471141.0 14523500.0
1227 Apr 14, 2017 0.01 0.01 0.01 0.01 141107.0 15504200.0
1228 Apr 15, 2017 0.01 0.02 0.01 0.02 558877.0 15335800.0
1229 Apr 16, 2017 0.02 0.02 0.02 0.02 929194.0 16527500.0
1230 Apr 17, 2017 0.02 0.02 0.02 0.02 533568.0 17384600.0
1231 Apr 18, 2017 0.02 0.02 0.02 0.02 732604.0 17290200.0
1232 Apr 19, 2017 0.02 0.02 0.02 0.02 1341270.0 19082600.0
1233 Apr 20, 2017 0.02 0.02 0.02 0.02 1026450.0 20890300.0
1234 Apr 21, 2017 0.02 0.02 0.02 0.02 451292.0 19979900.0
1235 Apr 22, 2017 0.02 0.02 0.02 0.02 281463.0 19652800.0
1236 Apr 23, 2017 0.02 0.02 0.02 0.02 284316.0 20176300.0
1237 Apr 24, 2017 0.02 0.02 0.02 0.02 937806.0 20146100.0
1238 Apr 25, 2017 0.02 0.03 0.02 0.02 1295300.0 22163600.0
1239 Apr 26, 2017 0.02 0.03 0.02 0.03 1588770.0 24089200.0
1240 Apr 27, 2017 0.03 0.03 0.03 0.03 1035390.0 27725800.0
1241 Apr 28, 2017 0.03 0.03 0.03 0.03 1128600.0 26769800.0
1242 Apr 29, 2017 0.03 0.03 0.03 0.03 1465540.0 28158000.0
1243 Apr 30, 2017 0.03 0.03 0.03 0.03 1515830.0 30151100.0
1244 May 01, 2017 0.03 0.03 0.03 0.03 2376200.0 31845600.0
1245 May 02, 2017 0.03 0.03 0.03 0.03 1880690.0 28509200.0
1246 May 03, 2017 0.03 0.03 0.03 0.03 1263600.0 27356200.0
1247 May 04, 2017 0.03 0.03 0.03 0.03 2115720.0 28211100.0
1248 May 05, 2017 0.03 0.04 0.03 0.03 3597260.0 29152600.0
1249 May 06, 2017 0.03 0.04 0.03 0.04 2614790.0 32618600.0
1250 May 07, 2017 0.04 0.05 0.04 0.04 5896070.0 37275000.0
1251 May 08, 2017 0.04 0.05 0.04 0.05 5042380.0 43358500.0
1252 May 09, 2017 0.05 0.05 0.04 0.04 3417460.0 49200500.0
1253 May 10, 2017 0.04 0.05 0.04 0.04 1809560.0 45256500.0
1254 May 11, 2017 0.04 0.04 0.04 0.04 1809270.0 43933900.0
1255 May 12, 2017 0.04 0.04 0.04 0.04 1833240.0 41389800.0
1256 May 13, 2017 0.04 0.05 0.04 0.04 2141000.0 42151400.0
1257 May 14, 2017 0.04 0.07 0.04 0.07 11989600.0 45159600.0
1258 May 15, 2017 0.07 0.08 0.06 0.06 11237300.0 65064800.0
1259 May 16, 2017 0.06 0.06 0.06 0.06 4918440.0 62599400.0
1260 May 17, 2017 0.06 0.06 0.05 0.06 4784060.0 57746000.0
1261 May 18, 2017 0.06 0.07 0.06 0.06 5136470.0 62270800.0
1262 May 19, 2017 0.06 0.08 0.06 0.07 8020000.0 64602000.0
1263 May 20, 2017 0.07 0.08 0.07 0.08 5510860.0 73625500.0
1264 May 21, 2017 0.08 0.09 0.08 0.08 5330710.0 78208700.0
1265 May 22, 2017 0.08 0.08 0.07 0.08 7139750.0 80431700.0
1266 May 23, 2017 0.08 0.08 0.08 0.08 4703610.0 77415700.0
1267 May 24, 2017 0.08 0.09 0.08 0.08 6202480.0 81715100.0
1268 May 25, 2017 0.08 0.08 0.06 0.07 4980290.0 82743600.0
1269 May 26, 2017 0.07 0.07 0.05 0.05 3693040.0 66436900.0
1270 May 27, 2017 0.05 0.05 0.04 0.05 3654140.0 53811600.0
1271 May 28, 2017 0.05 0.05 0.04 0.05 2490220.0 48559200.0
1272 May 29, 2017 0.05 0.07 0.04 0.06 5388980.0 49178300.0
1273 May 30, 2017 0.06 0.06 0.05 0.05 3126010.0 57680100.0
1274 May 31, 2017 0.05 0.06 0.05 0.06 2721540.0 52561300.0
1275 Jun 01, 2017 0.06 0.06 0.06 0.06 2902730.0 55421500.0
1276 Jun 02, 2017 0.06 0.07 0.06 0.07 4061940.0 58625100.0
1277 Jun 03, 2017 0.07 0.07 0.07 0.07 3274130.0 69497100.0
1278 Jun 04, 2017 0.07 0.07 0.06 0.07 2207880.0 66319600.0
1279 Jun 05, 2017 0.07 0.09 0.07 0.08 7229600.0 68776600.0
1280 Jun 06, 2017 0.08 0.08 0.07 0.08 4980300.0 82348300.0
1281 Jun 07, 2017 0.08 0.09 0.08 0.09 6071780.0 83422300.0
1282 Jun 08, 2017 0.09 0.1 0.08 0.1 5477890.0 87320000.0
1283 Jun 09, 2017 0.1 0.14 0.1 0.12 26223000.0 98887900.0
1284 Jun 10, 2017 0.12 0.16 0.12 0.12 36078100.0 123761000.0
1285 Jun 11, 2017 0.12 0.15 0.12 0.15 16359800.0 119554000.0
1286 Jun 12, 2017 0.14 0.2 0.13 0.17 49554400.0 145338000.0
1287 Jun 13, 2017 0.17 0.25 0.17 0.2 72025200.0 166828000.0
1288 Jun 14, 2017 0.2 0.21 0.17 0.17 23573800.0 198449000.0
1289 Jun 15, 2017 0.17 0.18 0.14 0.18 22383800.0 170597000.0
1290 Jun 16, 2017 0.18 0.18 0.16 0.17 14035300.0 180493000.0
1291 Jun 17, 2017 0.17 0.18 0.16 0.17 12780600.0 170433000.0
1292 Jun 18, 2017 0.17 0.17 0.16 0.16 7226620.0 165525000.0
1293 Jun 19, 2017 0.16 0.19 0.16 0.18 23588300.0 158726000.0
1294 Jun 20, 2017 0.18 0.18 0.17 0.17 14347800.0 179307000.0
1295 Jun 21, 2017 0.17 0.18 0.17 0.17 9024110.0 173142000.0
1296 Jun 22, 2017 0.17 0.17 0.17 0.17 5750750.0 171006000.0
1297 Jun 23, 2017 0.17 0.18 0.17 0.18 6488460.0 170184000.0
1298 Jun 24, 2017 0.18 0.19 0.17 0.18 12266700.0 176733000.0
1299 Jun 25, 2017 0.18 0.22 0.17 0.18 29516600.0 179116000.0
1300 Jun 26, 2017 0.18 0.2 0.15 0.18 19615500.0 185417000.0
1301 Jun 27, 2017 0.18 0.18 0.15 0.17 12830300.0 180948000.0
1302 Jun 28, 2017 0.17 0.18 0.16 0.17 10520400.0 167501000.0
1303 Jun 29, 2017 0.17 0.17 0.16 0.16 6627190.0 172401000.0
1304 Jun 30, 2017 0.16 0.17 0.16 0.16 7020530.0 164453000.0
1305 Jul 01, 2017 0.16 0.16 0.14 0.14 6124410.0 162465000.0
1306 Jul 02, 2017 0.14 0.14 0.13 0.14 7928740.0 137953000.0
1307 Jul 03, 2017 0.14 0.14 0.13 0.14 5727340.0 139605000.0
1308 Jul 04, 2017 0.14 0.16 0.14 0.15 8242470.0 139962000.0
1309 Jul 05, 2017 0.15 0.15 0.14 0.14 4114300.0 147291000.0
1310 Jul 06, 2017 0.14 0.14 0.13 0.13 4342270.0 140583000.0
1311 Jul 07, 2017 0.13 0.13 0.1 0.1 6957720.0 127707000.0
1312 Jul 08, 2017 0.1 0.12 0.09 0.12 6879790.0 100858000.0
1313 Jul 09, 2017 0.12 0.13 0.1 0.1 8208790.0 117833000.0
1314 Jul 10, 2017 0.1 0.12 0.08 0.09 6183970.0 103488000.0
1315 Jul 11, 2017 0.09 0.09 0.07 0.08 5121040.0 89678000.0
1316 Jul 12, 2017 0.08 0.09 0.07 0.09 6063350.0 78445500.0
1317 Jul 13, 2017 0.09 0.1 0.08 0.08 5774600.0 90988900.0
1318 Jul 14, 2017 0.08 0.09 0.07 0.08 2995440.0 83736700.0
1319 Jul 15, 2017 0.08 0.08 0.07 0.07 2830060.0 77768800.0
1320 Jul 16, 2017 0.07 0.07 0.06 0.06 2782570.0 69890100.0
1321 Jul 17, 2017 0.06 0.08 0.06 0.07 3730820.0 62835200.0
1322 Jul 18, 2017 0.07 0.09 0.07 0.08 5778130.0 75036100.0
1323 Jul 19, 2017 0.08 0.1 0.07 0.09 11499900.0 81236000.0
1324 Jul 20, 2017 0.09 0.13 0.09 0.12 16465200.0 87331400.0
1325 Jul 21, 2017 0.12 0.14 0.12 0.13 11357800.0 120756000.0
1326 Jul 22, 2017 0.13 0.15 0.13 0.15 10237600.0 126796000.0
1327 Jul 23, 2017 0.15 0.15 0.12 0.13 11223500.0 146865000.0
1328 Jul 24, 2017 0.13 0.13 0.12 0.12 6479290.0 128990000.0
1329 Jul 25, 2017 0.12 0.13 0.1 0.1 9375160.0 124535000.0
1330 Jul 26, 2017 0.1 0.11 0.1 0.1 7435520.0 104047000.0
1331 Jul 27, 2017 0.11 0.11 0.1 0.11 5131900.0 106207000.0
1332 Jul 28, 2017 0.11 0.11 0.1 0.1 5472650.0 108361000.0
1333 Jul 29, 2017 0.1 0.1 0.1 0.1 3354770.0 100405000.0
1334 Jul 30, 2017 0.1 0.1 0.1 0.1 3167130.0 103469000.0
1335 Jul 31, 2017 0.1 0.11 0.1 0.11 4285090.0 98997100.0
1336 Aug 01, 2017 0.1 0.14 0.1 0.14 16358800.0 105774000.0
1337 Aug 02, 2017 0.14 0.19 0.14 0.18 36997200.0 142883000.0
1338 Aug 03, 2017 0.18 0.18 0.16 0.16 22248200.0 178922000.0
1339 Aug 04, 2017 0.16 0.18 0.16 0.16 20845800.0 164331000.0
1340 Aug 05, 2017 0.16 0.17 0.14 0.15 31655900.0 156544000.0
1341 Aug 06, 2017 0.15 0.15 0.13 0.13 17633300.0 147111000.0
1342 Aug 07, 2017 0.13 0.15 0.13 0.15 18974100.0 130644000.0
1343 Aug 08, 2017 0.15 0.15 0.14 0.14 12914900.0 152437000.0
1344 Aug 09, 2017 0.14 0.15 0.14 0.14 10688300.0 142568000.0
1345 Aug 10, 2017 0.14 0.14 0.13 0.13 10872000.0 142877000.0
1346 Aug 11, 2017 0.13 0.14 0.12 0.13 12667200.0 130853000.0
1347 Aug 12, 2017 0.13 0.13 0.11 0.12 11568200.0 128433000.0
1348 Aug 13, 2017 0.12 0.13 0.11 0.13 10649600.0 115781000.0
1349 Aug 14, 2017 0.13 0.13 0.11 0.11 13950500.0 128454000.0
1350 Aug 15, 2017 0.11 0.12 0.1 0.11 14698800.0 108747000.0
1351 Aug 16, 2017 0.11 0.12 0.11 0.11 7053980.0 109885000.0
1352 Aug 17, 2017 0.11 0.12 0.11 0.11 10786100.0 108691000.0
1353 Aug 18, 2017 0.11 0.11 0.1 0.1 6354520.0 109756000.0
1354 Aug 19, 2017 0.1 0.11 0.09 0.1 7898830.0 102077000.0
1355 Aug 20, 2017 0.1 0.12 0.1 0.11 9386530.0 103405000.0
1356 Aug 21, 2017 0.11 0.12 0.1 0.11 7768210.0 113460000.0
1357 Aug 22, 2017 0.11 0.11 0.1 0.11 6215630.0 107716000.0
1358 Aug 23, 2017 0.11 0.14 0.11 0.12 25614900.0 108160000.0
1359 Aug 24, 2017 0.12 0.12 0.12 0.12 8704460.0 122097000.0
1360 Aug 25, 2017 0.12 0.12 0.11 0.11 7313590.0 117486000.0
1361 Aug 26, 2017 0.11 0.12 0.11 0.11 6888840.0 114676000.0
1362 Aug 27, 2017 0.11 0.12 0.11 0.11 8235880.0 110450000.0
1363 Aug 28, 2017 0.12 0.12 0.11 0.11 7015290.0 115137000.0
1364 Aug 29, 2017 0.11 0.11 0.11 0.11 7142150.0 113504000.0
1365 Aug 30, 2017 0.11 0.11 0.11 0.11 5936270.0 110748000.0
1366 Aug 31, 2017 0.11 0.12 0.11 0.11 6085480.0 113154000.0
1367 Sep 01, 2017 0.11 0.12 0.11 0.12 7045670.0 112766000.0
1368 Sep 02, 2017 0.12 0.12 0.1 0.11 8500410.0 119117000.0
1369 Sep 03, 2017 0.11 0.11 0.1 0.11 4642680.0 106259000.0
1370 Sep 04, 2017 0.11 0.11 0.08 0.09 7995960.0 106639000.0
1371 Sep 05, 2017 0.09 0.09 0.08 0.09 7765250.0 88349200.0
1372 Sep 06, 2017 0.09 0.11 0.09 0.11 9613080.0 90333600.0
1373 Sep 07, 2017 0.11 0.11 0.1 0.1 10709000.0 106449000.0
1374 Sep 08, 2017 0.1 0.11 0.08 0.09 14566200.0 104011000.0
1375 Sep 09, 2017 0.09 0.09 0.08 0.09 4929800.0 88350300.0
1376 Sep 10, 2017 0.09 0.09 0.08 0.08 5038210.0 88159000.0
1377 Sep 11, 2017 0.08 0.09 0.08 0.08 4811660.0 83830200.0
1378 Sep 12, 2017 0.08 0.1 0.08 0.08 9020360.0 82772900.0
1379 Sep 13, 2017 0.08 0.08 0.07 0.08 4783860.0 83772700.0
1380 Sep 14, 2017 0.08 0.08 0.05 0.05 4483420.0 76695600.0
1381 Sep 15, 2017 0.06 0.07 0.04 0.07 8510900.0 55162100.0
1382 Sep 16, 2017 0.07 0.07 0.06 0.06 4298970.0 65172800.0
1383 Sep 17, 2017 0.06 0.07 0.06 0.07 3473430.0 63285600.0
1384 Sep 18, 2017 0.07 0.08 0.07 0.08 5181500.0 67186600.0
1385 Sep 19, 2017 0.08 0.08 0.07 0.07 3046770.0 76370600.0
1386 Sep 20, 2017 0.07 0.07 0.07 0.07 2979880.0 69182700.0
1387 Sep 21, 2017 0.07 0.07 0.06 0.06 3156750.0 67297600.0
1388 Sep 22, 2017 0.06 0.06 0.05 0.06 2592450.0 59290300.0
1389 Sep 23, 2017 0.06 0.06 0.06 0.06 2220900.0 58554900.0
1390 Sep 24, 2017 0.06 0.06 0.06 0.06 1819550.0 61612600.0
1391 Sep 25, 2017 0.06 0.06 0.06 0.06 1880870.0 59552500.0
1392 Sep 26, 2017 0.06 0.07 0.06 0.07 3653810.0 63910500.0
1393 Sep 27, 2017 0.07 0.07 0.07 0.07 3774000.0 65596000.0
1394 Sep 28, 2017 0.08 0.08 0.07 0.07 5831200.0 76232300.0
1395 Sep 29, 2017 0.07 0.07 0.07 0.07 3322550.0 72323300.0
1396 Sep 30, 2017 0.07 0.08 0.07 0.08 4086020.0 70549300.0
1397 Oct 01, 2017 0.08 0.08 0.07 0.07 3403220.0 76620000.0
1398 Oct 02, 2017 0.07 0.07 0.07 0.07 2839980.0 74909100.0
1399 Oct 03, 2017 0.07 0.07 0.06 0.07 2832090.0 70812800.0
1400 Oct 04, 2017 0.07 0.07 0.06 0.06 1702370.0 66838200.0
1401 Oct 05, 2017 0.06 0.06 0.06 0.06 2404930.0 62980400.0
1402 Oct 06, 2017 0.06 0.07 0.06 0.07 3205850.0 63340400.0
1403 Oct 07, 2017 0.07 0.08 0.07 0.08 11741900.0 66095000.0
1404 Oct 08, 2017 0.08 0.08 0.07 0.07 7469230.0 79368200.0
1405 Oct 09, 2017 0.07 0.07 0.06 0.06 4005670.0 68679800.0
1406 Oct 10, 2017 0.06 0.07 0.06 0.07 3686780.0 62129500.0
1407 Oct 11, 2017 0.07 0.07 0.07 0.07 2206970.0 66622700.0
1408 Oct 12, 2017 0.07 0.07 0.06 0.06 3941970.0 66414500.0
1409 Oct 13, 2017 0.06 0.07 0.06 0.06 3505360.0 63901300.0
1410 Oct 14, 2017 0.06 0.07 0.06 0.07 4661430.0 63157700.0
1411 Oct 15, 2017 0.07 0.07 0.06 0.07 3431370.0 67901300.0
1412 Oct 16, 2017 0.07 0.07 0.07 0.07 5472330.0 67048200.0
1413 Oct 17, 2017 0.07 0.07 0.07 0.07 4462080.0 69208800.0
1414 Oct 18, 2017 0.07 0.07 0.06 0.07 5569270.0 66556700.0
1415 Oct 19, 2017 0.07 0.07 0.06 0.07 4038610.0 66578800.0
1416 Oct 20, 2017 0.07 0.07 0.06 0.06 3093700.0 65010500.0
1417 Oct 21, 2017 0.06 0.06 0.06 0.06 2948750.0 62339800.0
1418 Oct 22, 2017 0.06 0.06 0.06 0.06 2536540.0 62036400.0
1419 Oct 23, 2017 0.06 0.06 0.06 0.06 3710600.0 60995400.0
1420 Oct 24, 2017 0.06 0.07 0.06 0.06 3465930.0 58509400.0
1421 Oct 25, 2017 0.06 0.06 0.06 0.06 2228100.0 61352300.0
1422 Oct 26, 2017 0.06 0.06 0.06 0.06 2755640.0 60789900.0
1423 Oct 27, 2017 0.06 0.06 0.06 0.06 1942760.0 59986900.0
1424 Oct 28, 2017 0.06 0.06 0.06 0.06 1623190.0 59306400.0
1425 Oct 29, 2017 0.06 0.06 0.06 0.06 6687650.0 58181300.0
1426 Oct 30, 2017 0.06 0.06 0.06 0.06 2029090.0 58986300.0
1427 Oct 31, 2017 0.06 0.06 0.06 0.06 1846800.0 58318400.0
1428 Nov 01, 2017 0.06 0.06 0.06 0.06 3161980.0 58200600.0
1429 Nov 02, 2017 0.06 0.06 0.05 0.06 4569930.0 56074800.0
1430 Nov 03, 2017 0.06 0.06 0.05 0.06 3109510.0 60239200.0
1431 Nov 04, 2017 0.06 0.06 0.05 0.06 2279930.0 58120100.0
1432 Nov 05, 2017 0.06 0.06 0.06 0.06 2266750.0 56368300.0
1433 Nov 06, 2017 0.06 0.06 0.05 0.06 2848380.0 57168800.0
1434 Nov 07, 2017 0.06 0.06 0.06 0.06 2507610.0 55854700.0
1435 Nov 08, 2017 0.06 0.06 0.06 0.06 4097570.0 58670800.0
1436 Nov 09, 2017 0.06 0.07 0.06 0.07 6215410.0 64473700.0
1437 Nov 10, 2017 0.07 0.07 0.06 0.06 5123080.0 72041000.0
1438 Nov 11, 2017 0.06 0.07 0.06 0.07 4921230.0 64032500.0
1439 Nov 12, 2017 0.07 0.07 0.06 0.06 4907610.0 67994400.0
1440 Nov 13, 2017 0.06 0.07 0.06 0.06 3358820.0 60703700.0
1441 Nov 14, 2017 0.06 0.07 0.06 0.07 3558640.0 63205800.0
1442 Nov 15, 2017 0.07 0.07 0.07 0.07 3527330.0 66817500.0
1443 Nov 16, 2017 0.07 0.07 0.07 0.07 3839530.0 68882200.0
1444 Nov 17, 2017 0.07 0.07 0.07 0.07 3260860.0 69868300.0
1445 Nov 18, 2017 0.07 0.07 0.07 0.07 4093940.0 68577000.0
1446 Nov 19, 2017 0.07 0.08 0.07 0.08 3701600.0 75289900.0
1447 Nov 20, 2017 0.08 0.1 0.07 0.09 11942100.0 77152300.0
1448 Nov 21, 2017 0.09 0.13 0.09 0.13 40962300.0 90224100.0
1449 Nov 22, 2017 0.12 0.15 0.12 0.13 33382500.0 124618000.0
1450 Nov 23, 2017 0.13 0.13 0.11 0.11 14452000.0 126347000.0
1451 Nov 24, 2017 0.11 0.13 0.1 0.13 13709300.0 111369000.0
1452 Nov 25, 2017 0.13 0.14 0.13 0.14 16848900.0 126438000.0
1453 Nov 26, 2017 0.13 0.17 0.12 0.17 21664000.0 134255000.0
1454 Nov 27, 2017 0.17 0.22 0.17 0.2 62299900.0 165698000.0
1455 Nov 28, 2017 0.2 0.21 0.19 0.2 26461500.0 197677000.0
1456 Nov 29, 2017 0.2 0.22 0.16 0.16 28684200.0 196866000.0
1457 Nov 30, 2017 0.16 0.19 0.15 0.18 13576100.0 163272000.0
1458 Dec 01, 2017 0.18 0.23 0.17 0.23 23423500.0 178830000.0
1459 Dec 02, 2017 0.23 0.4 0.22 0.37 104003000.0 227292000.0
1460 Dec 03, 2017 0.35 0.49 0.33 0.43 213195000.0 348218000.0
1461 Dec 04, 2017 0.43 0.5 0.42 0.45 130717000.0 427061000.0
1462 Dec 05, 2017 0.45 0.45 0.41 0.41 71367200.0 449369000.0
1463 Dec 06, 2017 0.41 0.53 0.37 0.47 159605000.0 410904000.0
1464 Dec 07, 2017 0.47 0.8 0.44 0.72 237639000.0 471011000.0
1465 Dec 08, 2017 0.7 0.74 0.57 0.66 201496000.0 698159000.0
1466 Dec 09, 2017 0.66 0.69 0.51 0.61 89882400.0 663641000.0
1467 Dec 10, 2017 0.62 0.62 0.44 0.56 94363300.0 617231000.0
1468 Dec 11, 2017 0.56 0.7 0.56 0.65 104955000.0 556258000.0
1469 Dec 12, 2017 0.64 0.7 0.62 0.69 80546000.0 643020000.0
1470 Dec 13, 2017 0.67 0.8 0.63 0.7 117073000.0 673902000.0
1471 Dec 14, 2017 0.69 0.73 0.66 0.7 84616500.0 691751000.0
1472 Dec 15, 2017 0.7 0.71 0.61 0.68 75192000.0 701822000.0
1473 Dec 16, 2017 0.67 0.71 0.67 0.69 67153300.0 674090000.0
1474 Dec 17, 2017 0.69 0.87 0.68 0.82 145799000.0 684970000.0
1475 Dec 18, 2017 0.82 1.14 0.76 0.98 317735000.0 824568000.0
1476 Dec 19, 2017 0.99 1.06 0.86 0.94 150382000.0 985511000.0
1477 Dec 20, 2017 0.94 1.24 0.79 1.18 237063000.0 935315000.0
1478 Dec 21, 2017 1.17 1.42 1.1 1.22 264017000.0 1167570000.0
1479 Dec 22, 2017 1.23 1.39 0.8 1.23 421425000.0 1231220000.0
1480 Dec 23, 2017 1.24 2.16 1.22 1.82 603581000.0 1238030000.0
1481 Dec 24, 2017 1.91 1.99 1.57 1.79 321218000.0 1905770000.0
1482 Dec 25, 2017 1.81 1.88 1.63 1.72 174949000.0 1804210000.0
1483 Dec 26, 2017 1.72 1.87 1.39 1.52 392506000.0 1713750000.0
1484 Dec 27, 2017 1.48 1.69 1.2 1.29 555784000.0 1476730000.0
1485 Dec 28, 2017 1.25 1.26 0.65 0.73 480011000.0 1250590000.0
1486 Dec 29, 2017 0.73 0.73 0.57 0.6 170792000.0 729902000.0
1487 Dec 30, 2017 0.59 0.64 0.46 0.55 161982000.0 595360000.0
1488 Dec 31, 2017 0.56 0.74 0.53 0.7 199298000.0 557011000.0
1489 Jan 01, 2018 0.69 0.69 0.6 0.64 80812200.0 687588000.0
1490 Jan 02, 2018 0.64 0.67 0.58 0.63 86632300.0 642557000.0
1491 Jan 03, 2018 0.63 0.67 0.57 0.64 93119500.0 626655000.0
1492 Jan 04, 2018 0.64 0.65 0.59 0.59 94506400.0 639448000.0
1493 Jan 05, 2018 0.59 0.61 0.5 0.52 69330500.0 592068000.0
1494 Jan 06, 2018 0.52 0.63 0.48 0.55 65488700.0 519429000.0
1495 Jan 07, 2018 0.55 0.59 0.54 0.55 40635300.0 551610000.0
1496 Jan 08, 2018 0.55 0.55 0.44 0.49 38511500.0 548023000.0
1497 Jan 09, 2018 0.49 0.54 0.48 0.49 36913900.0 487345000.0
1498 Jan 10, 2018 0.49 0.5 0.43 0.46 35078400.0 491272000.0
1499 Jan 11, 2018 0.46 0.47 0.39 0.4 28711400.0 457192000.0
1500 Jan 12, 2018 0.4 0.49 0.39 0.47 38354200.0 401224000.0
1501 Jan 13, 2018 0.47 0.48 0.45 0.46 21155100.0 465059000.0
1502 Jan 14, 2018 0.46 0.46 0.41 0.43 16357200.0 455511000.0
1503 Jan 15, 2018 0.43 0.45 0.42 0.42 18258600.0 427111000.0
1504 Jan 16, 2018 0.42 0.42 0.24 0.28 25817200.0 417926000.0
1505 Jan 17, 2018 0.29 0.32 0.22 0.31 21947800.0 286321000.0
1506 Jan 18, 2018 0.31 0.35 0.29 0.32 23643400.0 313943000.0
1507 Jan 19, 2018 0.32 0.34 0.3 0.32 15103900.0 316921000.0
1508 Jan 20, 2018 0.32 0.36 0.32 0.35 17475100.0 323582000.0
1509 Jan 21, 2018 0.35 0.35 0.29 0.3 13729900.0 352520000.0
1510 Jan 22, 2018 0.3 0.42 0.3 0.39 138105000.0 304007000.0
1511 Jan 23, 2018 0.38 0.38 0.31 0.34 31086000.0 375146000.0
1512 Jan 24, 2018 0.34 0.36 0.33 0.35 20757700.0 340138000.0
1513 Jan 25, 2018 0.35 0.35 0.32 0.33 16547400.0 353002000.0
1514 Jan 26, 2018 0.33 0.34 0.3 0.32 11723500.0 328867000.0
1515 Jan 27, 2018 0.32 0.33 0.3 0.33 11697000.0 316518000.0
1516 Jan 28, 2018 0.33 0.34 0.32 0.33 10138700.0 327246000.0
1517 Jan 29, 2018 0.33 0.35 0.32 0.34 15601800.0 332572000.0
1518 Jan 30, 2018 0.34 0.34 0.28 0.28 19917000.0 337923000.0
1519 Jan 31, 2018 0.28 0.29 0.27 0.28 11777800.0 284147000.0
1520 Feb 01, 2018 0.28 0.29 0.22 0.24 11253500.0 285260000.0
1521 Feb 02, 2018 0.23 0.23 0.18 0.22 13271000.0 235063000.0
1522 Feb 03, 2018 0.22 0.24 0.2 0.23 6835330.0 223456000.0
1523 Feb 04, 2018 0.23 0.23 0.19 0.2 4609400.0 230871000.0
1524 Feb 05, 2018 0.2 0.2 0.15 0.15 8461130.0 200294000.0
1525 Feb 06, 2018 0.16 0.18 0.13 0.17 10187600.0 156064000.0
1526 Feb 07, 2018 0.17 0.19 0.16 0.16 8432500.0 173309000.0
1527 Feb 08, 2018 0.16 0.19 0.16 0.18 6183670.0 163425000.0
1528 Feb 09, 2018 0.18 0.2 0.17 0.2 11565900.0 178452000.0
1529 Feb 10, 2018 0.2 0.22 0.18 0.19 9964840.0 199893000.0
1530 Feb 11, 2018 0.19 0.19 0.17 0.18 4624030.0 193908000.0
1531 Feb 12, 2018 0.18 0.2 0.18 0.2 4633640.0 180094000.0
1532 Feb 13, 2018 0.2 0.2 0.18 0.19 4793670.0 199149000.0
1533 Feb 14, 2018 0.19 0.22 0.19 0.22 8642670.0 191634000.0
1534 Feb 15, 2018 0.22 0.29 0.21 0.26 29568200.0 218766000.0
1535 Feb 16, 2018 0.26 0.26 0.23 0.25 14773300.0 256782000.0
1536 Feb 17, 2018 0.25 0.28 0.25 0.27 15430700.0 251273000.0
1537 Feb 18, 2018 0.27 0.27 0.24 0.24 9191960.0 267425000.0
1538 Feb 19, 2018 0.24 0.27 0.24 0.27 9528410.0 244667000.0
1539 Feb 20, 2018 0.27 0.27 0.24 0.24 9986260.0 266549000.0
1540 Feb 21, 2018 0.24 0.24 0.21 0.22 8211720.0 238789000.0
1541 Feb 22, 2018 0.22 0.23 0.2 0.2 5363360.0 222365000.0
1542 Feb 23, 2018 0.2 0.22 0.2 0.21 5629210.0 204294000.0
1543 Feb 24, 2018 0.21 0.22 0.2 0.2 4702280.0 211715000.0
1544 Feb 25, 2018 0.2 0.21 0.2 0.21 5056980.0 203740000.0
1545 Feb 26, 2018 0.21 0.22 0.2 0.21 3157290.0 209885000.0
1546 Feb 27, 2018 0.21 0.22 0.21 0.21 3542740.0 211304000.0
1547 Feb 28, 2018 0.21 0.21 0.19 0.19 3499800.0 210955000.0
1548 Mar 01, 2018 0.19 0.21 0.19 0.2 4710680.0 188254000.0
1549 Mar 02, 2018 0.2 0.2 0.19 0.2 4112730.0 202116000.0
1550 Mar 03, 2018 0.2 0.2 0.19 0.2 2778300.0 198118000.0
1551 Mar 04, 2018 0.2 0.2 0.19 0.2 2677280.0 196411000.0
1552 Mar 05, 2018 0.2 0.2 0.19 0.19 3144750.0 200705000.0
1553 Mar 06, 2018 0.19 0.19 0.18 0.18 2841240.0 193931000.0
1554 Mar 07, 2018 0.18 0.27 0.17 0.18 21469500.0 181797000.0
1555 Mar 08, 2018 0.18 0.19 0.17 0.17 5920550.0 177243000.0
1556 Mar 09, 2018 0.17 0.17 0.15 0.16 4420440.0 169969000.0
1557 Mar 10, 2018 0.16 0.17 0.15 0.15 2332510.0 161939000.0
1558 Mar 11, 2018 0.15 0.17 0.15 0.16 2011500.0 153978000.0
1559 Mar 12, 2018 0.16 0.17 0.15 0.16 2155070.0 164002000.0
1560 Mar 13, 2018 0.15 0.16 0.15 0.15 2390770.0 155673000.0
1561 Mar 14, 2018 0.15 0.17 0.14 0.14 5088980.0 153932000.0
1562 Mar 15, 2018 0.14 0.14 0.13 0.14 2713740.0 137237000.0
1563 Mar 16, 2018 0.14 0.14 0.13 0.13 2038830.0 136357000.0
1564 Mar 17, 2018 0.13 0.13 0.12 0.13 1733040.0 134084000.0
1565 Mar 18, 2018 0.13 0.13 0.11 0.13 2343110.0 125718000.0
1566 Mar 19, 2018 0.13 0.14 0.12 0.14 2373760.0 126021000.0
1567 Mar 20, 2018 0.14 0.15 0.13 0.15 2727070.0 137481000.0
1568 Mar 21, 2018 0.15 0.15 0.14 0.14 2145130.0 148138000.0
1569 Mar 22, 2018 0.14 0.15 0.13 0.14 1652600.0 143099000.0
1570 Mar 23, 2018 0.14 0.14 0.13 0.14 1267770.0 139259000.0
1571 Mar 24, 2018 0.14 0.14 0.14 0.14 1257460.0 138006000.0
1572 Mar 25, 2018 0.14 0.15 0.13 0.14 2456810.0 135791000.0
1573 Mar 26, 2018 0.14 0.15 0.13 0.13 3476930.0 142226000.0
1574 Mar 27, 2018 0.13 0.13 0.13 0.13 1906740.0 133062000.0
