0 Jul 24, 2016 0.75 0.96 0.74 0.93 17769300.0 0.0
1 Jul 25, 2016 0.93 0.93 0.45 0.6 9308400.0 76700600.0
2 Jul 26, 2016 0.6 2.85 0.6 2.55 103066000.0 49768300.0
3 Jul 27, 2016 2.46 2.46 1.26 1.6 62645700.0 202315000.0
4 Jul 28, 2016 1.56 1.92 1.37 1.73 40291300.0 128530000.0
5 Jul 29, 2016 1.71 1.8 1.55 1.64 20745500.0 140887000.0
6 Jul 30, 2016 1.66 1.71 1.55 1.57 10061600.0 136213000.0
7 Jul 31, 2016 1.57 1.91 1.56 1.8 29167500.0 129265000.0
8 Aug 01, 2016 1.79 2.34 1.78 2.34 45924200.0 147548000.0
9 Aug 02, 2016 2.36 3.53 2.31 2.76 147855000.0 194318000.0
10 Aug 03, 2016 2.77 3.2 2.36 2.6 74184500.0 228712000.0
11 Aug 04, 2016 2.59 2.76 2.1 2.34 43516500.0 213375000.0
12 Aug 05, 2016 2.35 2.6 2.27 2.59 20254400.0 193412000.0
13 Aug 06, 2016 2.58 2.86 2.57 2.7 22874700.0 213044000.0
14 Aug 07, 2016 2.7 2.74 2.06 2.15 31153900.0 222683000.0
15 Aug 08, 2016 2.16 2.38 2.05 2.19 15781200.0 178435000.0
16 Aug 09, 2016 2.17 2.22 1.79 1.95 23612300.0 179978000.0
17 Aug 10, 2016 1.94 2.04 1.64 1.71 20082200.0 160983000.0
18 Aug 11, 2016 1.72 1.96 1.59 1.85 17263000.0 142268000.0
19 Aug 12, 2016 1.84 2.09 1.8 1.85 15418800.0 152797000.0
20 Aug 13, 2016 1.86 1.93 1.82 1.87 3822490.0 153918000.0
21 Aug 14, 2016 1.87 1.98 1.87 1.93 6985300.0 154946000.0
22 Aug 15, 2016 1.93 2.0 1.83 1.86 7282060.0 159898000.0
23 Aug 16, 2016 1.86 1.9 1.8 1.86 4062150.0 154786000.0
24 Aug 17, 2016 1.86 1.87 1.72 1.74 5087980.0 154458000.0
25 Aug 18, 2016 1.74 1.78 1.65 1.69 4469650.0 144697000.0
26 Aug 19, 2016 1.68 1.8 1.61 1.79 6186480.0 139926000.0
27 Aug 20, 2016 1.78 1.78 1.68 1.74 3315060.0 147957000.0
28 Aug 21, 2016 1.75 1.77 1.7 1.72 1866780.0 145110000.0
29 Aug 22, 2016 1.73 1.74 1.62 1.67 4757220.0 143596000.0
30 Aug 23, 2016 1.67 1.68 1.56 1.6 6292880.0 139367000.0
31 Aug 24, 2016 1.61 1.64 1.44 1.44 6191350.0 133732000.0
32 Aug 25, 2016 1.44 1.45 1.26 1.37 9500860.0 120071000.0
33 Aug 26, 2016 1.37 1.47 1.31 1.44 6251250.0 114207000.0
34 Aug 27, 2016 1.44 1.46 1.35 1.35 3494870.0 119989000.0
35 Aug 28, 2016 1.35 1.36 1.29 1.32 4837510.0 112287000.0
36 Aug 29, 2016 1.32 1.34 1.23 1.26 6289800.0 109994000.0
37 Aug 30, 2016 1.26 1.31 1.15 1.24 6984970.0 105167000.0
38 Aug 31, 2016 1.24 1.28 1.17 1.18 6098980.0 103201000.0
39 Sep 01, 2016 1.19 1.49 1.17 1.44 13501800.0 99255000.0
40 Sep 02, 2016 1.46 1.48 1.37 1.39 6325890.0 121870000.0
41 Sep 03, 2016 1.4 1.4 1.32 1.34 4659540.0 116853000.0
42 Sep 04, 2016 1.34 1.46 1.32 1.46 3690740.0 112345000.0
43 Sep 05, 2016 1.46 1.53 1.43 1.45 4621750.0 122418000.0
44 Sep 06, 2016 1.46 1.5 1.44 1.47 2566580.0 121876000.0
45 Sep 07, 2016 1.47 1.48 1.44 1.48 2868960.0 122689000.0
46 Sep 08, 2016 1.48 1.51 1.44 1.44 2554920.0 123795000.0
47 Sep 09, 2016 1.42 1.43 1.37 1.4 2336300.0 119154000.0
48 Sep 10, 2016 1.4 1.45 1.39 1.42 1485050.0 117067000.0
49 Sep 11, 2016 1.42 1.43 1.33 1.34 4152550.0 118754000.0
50 Sep 12, 2016 1.34 1.35 1.31 1.32 1735650.0 112052000.0
51 Sep 13, 2016 1.32 1.33 1.28 1.29 1627740.0 111010000.0
52 Sep 14, 2016 1.29 1.31 1.25 1.29 1593070.0 107907000.0
53 Sep 15, 2016 1.29 1.31 1.27 1.28 1366170.0 108413000.0
54 Sep 16, 2016 1.28 1.34 1.27 1.32 1873990.0 107390000.0
55 Sep 17, 2016 1.32 1.32 1.3 1.32 1030080.0 111151000.0
56 Sep 18, 2016 1.32 1.35 1.32 1.32 1962480.0 111199000.0
57 Sep 19, 2016 1.32 1.33 1.28 1.28 1355970.0 111304000.0
58 Sep 20, 2016 1.27 1.28 1.24 1.25 2456390.0 107214000.0
59 Sep 21, 2016 1.24 1.26 1.22 1.22 2655260.0 104107000.0
60 Sep 22, 2016 1.22 1.33 1.13 1.25 6841360.0 102704000.0
61 Sep 23, 2016 1.25 1.29 1.22 1.24 1704280.0 105422000.0
62 Sep 24, 2016 1.24 1.25 1.22 1.25 876236.0 104666000.0
63 Sep 25, 2016 1.25 1.25 1.21 1.21 972037.0 105492000.0
64 Sep 26, 2016 1.21 1.22 1.2 1.2 1228960.0 102099000.0
65 Sep 27, 2016 1.2 1.21 1.17 1.2 1938500.0 101088000.0
66 Sep 28, 2016 1.2 1.27 1.2 1.25 2066680.0 101396000.0
67 Sep 29, 2016 1.25 1.29 1.22 1.27 1282790.0 105121000.0
68 Sep 30, 2016 1.27 1.27 1.24 1.25 745522.0 107096000.0
69 Oct 01, 2016 1.26 1.26 1.17 1.19 2443730.0 106140000.0
70 Oct 02, 2016 1.19 1.22 1.19 1.19 983089.0 100731000.0
71 Oct 03, 2016 1.19 1.22 1.17 1.19 1573360.0 100887000.0
72 Oct 04, 2016 1.19 1.2 1.16 1.16 1142370.0 100983000.0
73 Oct 05, 2016 1.16 1.23 1.16 1.19 1992410.0 98217700.0
74 Oct 06, 2016 1.19 1.19 1.16 1.17 1017020.0 100554000.0
75 Oct 07, 2016 1.17 1.18 1.15 1.17 1012830.0 99343800.0
76 Oct 08, 2016 1.17 1.2 1.16 1.18 988691.0 99103100.0
77 Oct 09, 2016 1.18 1.19 1.17 1.17 397777.0 100236000.0
78 Oct 10, 2016 1.17 1.17 1.15 1.15 1148440.0 99081600.0
79 Oct 11, 2016 1.15 1.17 1.09 1.09 2255700.0 97634800.0
80 Oct 12, 2016 1.1 1.1 1.01 1.03 2752650.0 93070700.0
81 Oct 13, 2016 1.03 1.05 0.98 1.01 1430120.0 87844800.0
82 Oct 14, 2016 1.01 1.01 0.99 0.99 928586.0 85829400.0
83 Oct 15, 2016 0.99 1.0 0.99 0.99 574708.0 84120800.0
84 Oct 16, 2016 0.99 1.21 0.99 1.2 3374640.0 84301800.0
85 Oct 17, 2016 1.2 1.2 1.07 1.07 3167420.0 101983000.0
86 Oct 18, 2016 1.07 1.08 1.02 1.06 1721510.0 91309400.0
87 Oct 19, 2016 1.06 1.08 1.03 1.05 1033890.0 89893500.0
88 Oct 20, 2016 1.05 1.06 1.04 1.04 715948.0 89675000.0
89 Oct 21, 2016 1.04 1.06 1.03 1.03 787404.0 88668400.0
90 Oct 22, 2016 1.03 1.05 1.03 1.04 1046830.0 87678400.0
91 Oct 23, 2016 1.05 1.05 1.03 1.05 548805.0 89059000.0
92 Oct 24, 2016 1.05 1.05 1.02 1.03 613841.0 89121900.0
93 Oct 25, 2016 1.03 1.04 1.01 1.02 1434440.0 87706100.0
94 Oct 26, 2016 1.02 1.04 1.01 1.03 798289.0 86814900.0
95 Oct 27, 2016 1.03 1.04 0.99 0.99 2343270.0 87960500.0
96 Oct 28, 2016 0.99 1.0 0.94 0.94 1298910.0 84921800.0
97 Oct 29, 2016 0.94 0.97 0.87 0.89 2566530.0 80282600.0
98 Oct 30, 2016 0.89 0.95 0.89 0.93 1311260.0 75987400.0
99 Oct 31, 2016 0.93 0.93 0.9 0.9 878220.0 79453400.0
100 Nov 01, 2016 0.9 0.9 0.87 0.88 1320260.0 76991000.0
101 Nov 02, 2016 0.89 0.9 0.88 0.89 677927.0 75639700.0
102 Nov 03, 2016 0.89 0.92 0.88 0.89 1340080.0 75896300.0
103 Nov 04, 2016 0.89 1.0 0.89 0.97 2084100.0 76454000.0
104 Nov 05, 2016 0.97 1.06 0.96 1.04 1950000.0 83072800.0
105 Nov 06, 2016 1.04 1.04 0.97 0.98 1078790.0 89079700.0
106 Nov 07, 2016 0.99 1.0 0.93 0.93 1030590.0 84474700.0
107 Nov 08, 2016 0.93 0.95 0.92 0.94 573276.0 79709100.0
108 Nov 09, 2016 0.94 0.94 0.91 0.91 976848.0 80626200.0
109 Nov 10, 2016 0.91 0.96 0.9 0.92 626060.0 78301200.0
110 Nov 11, 2016 0.92 0.94 0.9 0.92 487773.0 79151900.0
111 Nov 12, 2016 0.92 0.94 0.9 0.91 727877.0 78675200.0
112 Nov 13, 2016 0.91 0.92 0.9 0.9 475268.0 78130300.0
113 Nov 14, 2016 0.9 0.91 0.89 0.89 272128.0 77279300.0
114 Nov 15, 2016 0.89 0.93 0.88 0.92 671820.0 76561200.0
115 Nov 16, 2016 0.93 0.93 0.91 0.91 952217.0 79516300.0
116 Nov 17, 2016 0.91 0.91 0.89 0.89 479144.0 78162800.0
117 Nov 18, 2016 0.89 0.9 0.87 0.87 545120.0 76751400.0
118 Nov 19, 2016 0.87 0.87 0.86 0.86 377116.0 74779900.0
119 Nov 20, 2016 0.86 0.88 0.85 0.86 383441.0 74089000.0
120 Nov 21, 2016 0.86 0.86 0.84 0.85 273020.0 73912300.0
121 Nov 22, 2016 0.85 0.87 0.84 0.84 440341.0 73223900.0
122 Nov 23, 2016 0.84 0.85 0.81 0.82 742687.0 72179000.0
123 Nov 24, 2016 0.81 0.82 0.74 0.77 1100000.0 70293700.0
124 Nov 25, 2016 0.77 0.86 0.76 0.84 1354540.0 66544000.0
125 Nov 26, 2016 0.84 0.84 0.78 0.78 445946.0 72456000.0
126 Nov 27, 2016 0.78 0.8 0.77 0.78 270799.0 67442700.0
127 Nov 28, 2016 0.78 0.79 0.76 0.76 267367.0 67087300.0
128 Nov 29, 2016 0.76 0.78 0.72 0.75 796887.0 65578800.0
129 Nov 30, 2016 0.75 0.77 0.74 0.75 382146.0 64612500.0
130 Dec 01, 2016 0.75 0.79 0.75 0.77 413683.0 64580700.0
131 Dec 02, 2016 0.77 0.81 0.74 0.8 1205640.0 66309800.0
132 Dec 03, 2016 0.8 0.81 0.77 0.77 396889.0 69364500.0
133 Dec 04, 2016 0.77 0.79 0.75 0.77 556114.0 66820700.0
134 Dec 05, 2016 0.77 0.86 0.76 0.84 1459110.0 66510700.0
135 Dec 06, 2016 0.84 0.85 0.74 0.78 1518070.0 72693900.0
136 Dec 07, 2016 0.78 0.83 0.77 0.82 582894.0 67732800.0
137 Dec 08, 2016 0.82 0.83 0.81 0.82 528148.0 71428700.0
138 Dec 09, 2016 0.82 0.84 0.8 0.81 579338.0 70873700.0
139 Dec 10, 2016 0.81 0.87 0.8 0.86 547454.0 70176700.0
140 Dec 11, 2016 0.86 0.96 0.86 0.93 1751520.0 74443900.0
141 >Dec 12, 201 0.93 0.96 0.9 0.91 1153900.0 80707700.0
142 Dec 13, 2016 0.91 1.0 0.91 0.98 1507660.0 78969100.0
143 Dec 14, 2016 0.98 1.0 0.96 0.99 1119820.0 85382100.0
144 Dec 15, 2016 0.99 1.11 0.98 1.08 3175330.0 86222800.0
145 Dec 16, 2016 1.08 1.09 1.04 1.07 1463920.0 94032300.0
146 Dec 17, 2016 1.07 1.07 0.99 1.01 1410390.0 92896500.0
147 Dec 18, 2016 1.01 1.06 1.01 1.05 632975.0 87709900.0
148 Dec 19, 2016 1.06 1.21 1.06 1.2 3140940.0 92384900.0
149 Dec 20, 2016 1.2 1.2 1.13 1.14 2311760.0 104095000.0
150 Dec 21, 2016 1.14 1.17 1.11 1.14 2182690.0 98977000.0
151 Dec 22, 2016 1.14 1.16 1.08 1.1 2408530.0 99217600.0
152 Dec 23, 2016 1.1 1.11 1.02 1.05 4006640.0 95854800.0
153 Dec 24, 2016 1.05 1.13 1.04 1.12 1701720.0 91254200.0
154 Dec 25, 2016 1.12 1.13 1.06 1.07 1115620.0 97352300.0
155 Dec 26, 2016 1.07 1.08 1.03 1.04 706717.0 93483900.0
156 Dec 27, 2016 1.04 1.07 1.03 1.05 838558.0 91042200.0
157 Dec 28, 2016 1.05 1.12 1.04 1.11 1532120.0 91838000.0
158 Dec 29, 2016 1.11 1.46 1.11 1.43 8164640.0 97111000.0
159 Dec 30, 2016 1.43 1.63 1.42 1.54 9605480.0 124970000.0
160 Dec 31, 2016 1.55 1.58 1.33 1.41 3908650.0 135389000.0
161 Jan 01, 2017 1.41 1.5 1.35 1.4 3570370.0 123453000.0
162 Jan 02, 2017 1.4 1.46 1.36 1.44 3098340.0 122159000.0
163 Jan 03, 2017 1.44 1.59 1.41 1.49 5508620.0 125771000.0
164 Jan 04, 2017 1.49 1.79 1.49 1.76 7173020.0 130536000.0
165 Jan 05, 2017 1.77 1.91 1.44 1.6 7339060.0 154605000.0
166 Jan 06, 2017 1.63 1.65 1.42 1.5 3402610.0 142529000.0
167 Jan 07, 2017 1.51 1.51 1.27 1.44 3523930.0 132231000.0
168 Jan 08, 2017 1.44 1.5 1.42 1.45 1085530.0 126377000.0
169 Jan 09, 2017 1.45 1.46 1.39 1.41 1833120.0 127367000.0
170 Jan 10, 2017 1.41 1.45 1.41 1.43 1161360.0 123839000.0
171 Jan 11, 2017 1.43 1.45 1.15 1.18 3176450.0 125722000.0
172 Jan 12, 2017 1.17 1.25 1.12 1.22 1906150.0 103032000.0
173 Jan 13, 2017 1.21 1.25 1.17 1.21 1510150.0 106440000.0
174 Jan 14, 2017 1.21 1.23 1.19 1.2 574209.0 106020000.0
175 Jan 15, 2017 1.2 1.21 1.16 1.19 748170.0 105800000.0
176 Jan 16, 2017 1.19 1.2 1.17 1.18 368937.0 104251000.0
177 Jan 17, 2017 1.18 1.23 1.18 1.21 1531790.0 103624000.0
178 Jan 18, 2017 1.21 1.22 1.16 1.2 984448.0 106445000.0
179 Jan 19, 2017 1.2 1.22 1.16 1.17 686642.0 105903000.0
180 Jan 20, 2017 1.17 1.4 1.16 1.34 4968780.0 103069000.0
181 Jan 21, 2017 1.34 1.44 1.34 1.41 3094200.0 118279000.0
182 Jan 22, 2017 1.41 1.47 1.36 1.38 1770900.0 124520000.0
183 Jan 23, 2017 1.39 1.41 1.37 1.41 797981.0 122297000.0
184 Jan 24, 2017 1.39 1.4 1.36 1.36 921969.0 122697000.0
185 Jan 25, 2017 1.36 1.37 1.29 1.29 1373550.0 119962000.0
186 Jan 26, 2017 1.29 1.36 1.29 1.33 948543.0 113854000.0
187 Jan 27, 2017 1.33 1.35 1.28 1.28 1341760.0 117575000.0
188 Jan 28, 2017 1.28 1.31 1.28 1.3 513562.0 113059000.0
189 Jan 29, 2017 1.3 1.31 1.29 1.3 308654.0 115225000.0
190 Jan 30, 2017 1.3 1.35 1.29 1.35 564097.0 114748000.0
191 Jan 31, 2017 1.35 1.38 1.33 1.36 1080040.0 119181000.0
192 Feb 01, 2017 1.36 1.38 1.35 1.36 738198.0 120212000.0
193 Feb 02, 2017 1.35 1.37 1.33 1.36 486080.0 119811000.0
194 Feb 03, 2017 1.36 1.38 1.35 1.36 985487.0 120305000.0
195 Feb 04, 2017 1.36 1.4 1.36 1.39 888228.0 120607000.0
196 Feb 05, 2017 1.39 1.39 1.36 1.39 734278.0 123124000.0
197 Feb 06, 2017 1.39 1.5 1.39 1.47 2217650.0 123057000.0
198 Feb 07, 2017 1.48 1.53 1.47 1.47 1381580.0 130982000.0
199 Feb 08, 2017 1.48 1.5 1.42 1.45 1227740.0 130979000.0
200 Feb 09, 2017 1.46 1.48 1.2 1.27 4496600.0 129031000.0
201 Feb 10, 2017 1.27 1.28 1.21 1.26 1814640.0 113045000.0
202 Feb 11, 2017 1.26 1.29 1.23 1.24 1627780.0 111538000.0
203 Feb 12, 2017 1.24 1.24 1.21 1.23 1574630.0 109633000.0
204 Feb 13, 2017 1.23 1.23 1.18 1.19 1459080.0 108925000.0
205 Feb 14, 2017 1.2 1.25 1.19 1.25 1588940.0 106179000.0
206 Feb 15, 2017 1.25 1.28 1.24 1.26 1164420.0 110928000.0
207 Feb 16, 2017 1.26 1.27 1.23 1.24 1067180.0 112162000.0
208 Feb 17, 2017 1.23 1.25 1.23 1.23 781116.0 109732000.0
209 Feb 18, 2017 1.23 1.24 1.21 1.22 1130150.0 109624000.0
210 Feb 19, 2017 1.22 1.24 1.22 1.22 642421.0 108590000.0
211 Feb 20, 2017 1.22 1.24 1.22 1.22 609461.0 108897000.0
212 Feb 21, 2017 1.22 1.25 1.21 1.24 1034130.0 108797000.0
213 Feb 22, 2017 1.24 1.25 1.21 1.21 1014370.0 110732000.0
214 Feb 23, 2017 1.21 1.23 1.2 1.22 1254060.0 108040000.0
215 Feb 24, 2017 1.23 1.24 1.2 1.21 2141280.0 109710000.0
216 Feb 25, 2017 1.21 1.22 1.17 1.21 1337270.0 107563000.0
217 Feb 26, 2017 1.21 1.25 1.2 1.25 1486190.0 108135000.0
218 Feb 27, 2017 1.25 1.26 1.23 1.23 1284690.0 111240000.0
219 Feb 28, 2017 1.24 1.25 1.23 1.24 1444190.0 110317000.0
220 Mar 01, 2017 1.24 1.42 1.23 1.4 4561930.0 110412000.0
221 Mar 02, 2017 1.4 1.4 1.34 1.36 3776100.0 124927000.0
222 Mar 03, 2017 1.36 1.44 1.35 1.44 4159960.0 122017000.0
223 Mar 04, 2017 1.44 1.48 1.4 1.43 2412650.0 128748000.0
224 Mar 05, 2017 1.43 1.44 1.39 1.4 1580650.0 128238000.0
225 Mar 06, 2017 1.4 1.44 1.4 1.43 1172880.0 125032000.0
226 Mar 07, 2017 1.43 1.44 1.35 1.37 2220840.0 128228000.0
227 Mar 08, 2017 1.37 1.37 1.29 1.29 1960780.0 122982000.0
228 Mar 09, 2017 1.29 1.33 1.28 1.32 1248670.0 115319000.0
229 Mar 10, 2017 1.33 1.38 1.23 1.3 4351910.0 118799000.0
230 Mar 11, 2017 1.3 1.39 1.3 1.38 1985600.0 116335000.0
231 Mar 12, 2017 1.39 1.43 1.37 1.42 3137590.0 124142000.0
232 Mar 13, 2017 1.42 1.67 1.42 1.65 9504840.0 127735000.0
233 Mar 14, 2017 1.65 1.78 1.63 1.66 9565220.0 148130000.0
234 Mar 15, 2017 1.66 1.8 1.64 1.8 5906800.0 148644000.0
235 Mar 16, 2017 1.81 2.13 1.8 2.13 19379700.0 162466000.0
236 Mar 17, 2017 2.09 2.22 1.81 1.91 20132500.0 187614000.0
237 Mar 18, 2017 1.91 1.91 1.65 1.7 9267590.0 171119000.0
238 Mar 19, 2017 1.71 2.0 1.71 1.92 6790520.0 153490000.0
239 Mar 20, 2017 1.93 2.01 1.93 1.95 6100770.0 173892000.0
240 Mar 21, 2017 1.95 2.42 1.91 2.42 21455000.0 175087000.0
241 Mar 22, 2017 2.42 2.51 2.25 2.4 18969200.0 218160000.0
242 Mar 23, 2017 2.39 2.4 2.24 2.29 7279450.0 215468000.0
243 Mar 24, 2017 2.29 2.48 2.27 2.41 12123700.0 206033000.0
244 Mar 25, 2017 2.42 2.43 2.28 2.28 7542960.0 218022000.0
245 Mar 26, 2017 2.28 2.38 2.27 2.31 4810060.0 205706000.0
246 Mar 27, 2017 2.36 2.37 2.12 2.13 7221650.0 212515000.0
247 Mar 28, 2017 2.14 2.35 2.14 2.27 7125770.0 192717000.0
248 Mar 29, 2017 2.27 2.38 2.25 2.33 5549740.0 204442000.0
249 Mar 30, 2017 2.33 2.98 2.28 2.83 19426400.0 209841000.0
250 Mar 31, 2017 2.8 2.99 2.6 2.83 24881200.0 252768000.0
251 Apr 01, 2017 2.82 2.82 2.75 2.75 6321790.0 254292000.0
252 Apr 02, 2017 2.75 2.81 2.52 2.64 10883300.0 248588000.0
253 Apr 03, 2017 2.65 2.77 2.51 2.6 9722960.0 239440000.0
254 Apr 04, 2017 2.6 2.71 2.58 2.67 6273250.0 235018000.0
255 Apr 05, 2017 2.68 2.8 2.65 2.76 5603160.0 241974000.0
256 Apr 06, 2017 2.75 2.81 2.46 2.67 10892200.0 248631000.0
257 Apr 07, 2017 2.67 2.73 2.56 2.73 5287300.0 241422000.0
258 Apr 08, 2017 2.71 2.77 2.63 2.71 6855690.0 244756000.0
259 Apr 09, 2017 2.72 2.72 2.58 2.64 6335860.0 245821000.0
260 Apr 10, 2017 2.64 2.65 2.53 2.6 5163570.0 239316000.0
261 Apr 11, 2017 2.6 2.6 2.54 2.54 3092580.0 235280000.0
262 Apr 12, 2017 2.54 2.66 2.52 2.62 4452230.0 229734000.0
263 Apr 13, 2017 2.62 2.66 2.6 2.62 5216010.0 237470000.0
264 Apr 14, 2017 2.63 2.7 2.55 2.64 6137310.0 238045000.0
265 Apr 15, 2017 2.64 2.68 2.62 2.68 3488550.0 239360000.0
266 Apr 16, 2017 2.68 2.69 2.61 2.63 3454270.0 242861000.0
267 Apr 17, 2017 2.63 2.65 2.59 2.62 3539730.0 238216000.0
268 Apr 18, 2017 2.62 2.96 2.61 2.88 12008300.0 237684000.0
269 Apr 19, 2017 2.88 3.29 2.82 3.14 18424100.0 261650000.0
270 Apr 20, 2017 3.15 3.47 3.1 3.28 25077400.0 286485000.0
271 Apr 21, 2017 3.28 3.36 3.14 3.18 12069800.0 297930000.0
272 Apr 22, 2017 3.18 3.25 3.17 3.23 5842940.0 289096000.0
273 Apr 23, 2017 3.23 3.54 3.19 3.54 17227400.0 293703000.0
274 Apr 24, 2017 3.57 4.11 3.57 4.05 42912000.0 324863000.0
275 Apr 25, 2017 4.05 4.13 3.83 3.96 25195800.0 368833000.0
276 Apr 26, 2017 3.97 4.64 3.92 4.59 46981900.0 361613000.0
277 Apr 27, 2017 4.59 5.11 4.59 4.95 57485800.0 418466000.0
278 Apr 28, 2017 4.95 5.09 4.61 4.84 29110500.0 450848000.0
279 Apr 29, 2017 4.88 5.43 4.83 5.42 36329100.0 444253000.0
280 Apr 30, 2017 5.44 6.61 5.33 6.52 82888200.0 496272000.0
281 May 01, 2017 6.49 7.64 6.24 6.88 118589000.0 591840000.0
282 May 02, 2017 6.94 7.08 6.22 6.58 56020100.0 632910000.0
283 May 03, 2017 6.54 6.85 6.44 6.67 35759200.0 597190000.0
284 May 04, 2017 6.67 7.63 6.67 7.63 61868400.0 609121000.0
285 May 05, 2017 7.68 8.1 7.31 7.53 60387300.0 701217000.0
286 May 06, 2017 7.55 7.58 6.98 7.27 31552400.0 689342000.0
287 May 07, 2017 7.29 7.54 6.93 7.12 36206300.0 666100000.0
288 May 08, 2017 7.11 7.11 6.57 6.66 38785200.0 650286000.0
289 May 09, 2017 6.66 6.66 5.64 6.44 58464400.0 609381000.0
290 May 10, 2017 6.42 6.8 6.29 6.6 34371500.0 587732000.0
291 May 11, 2017 6.62 6.84 6.31 6.48 21112300.0 605901000.0
292 May 12, 2017 6.48 6.67 6.34 6.34 18365500.0 592771000.0
293 May 13, 2017 6.33 6.37 6.01 6.14 12663500.0 579371000.0
294 May 14, 2017 6.17 7.08 6.17 6.83 29682700.0 565543000.0
295 May 15, 2017 6.83 6.83 6.36 6.41 19609300.0 625436000.0
296 May 16, 2017 6.39 6.5 6.03 6.25 22364100.0 585399000.0
297 May 17, 2017 6.24 6.28 5.74 5.93 29290700.0 571892000.0
298 May 18, 2017 5.92 6.76 5.89 6.73 41864200.0 543449000.0
299 May 19, 2017 6.71 8.22 6.62 7.99 90591100.0 616144000.0
300 May 20, 2017 7.99 8.21 7.41 7.41 38813800.0 733122000.0
301 May 21, 2017 7.39 9.4 7.37 9.4 64632100.0 678664000.0
302 May 22, 2017 9.0 11.0 8.94 9.9 169832000.0 826321000.0
303 May 23, 2017 9.97 11.94 9.84 11.94 116546000.0 915912000.0
304 May 24, 2017 12.02 21.29 11.9 18.87 319906000.0 1104910000.0
305 May 25, 2017 19.22 22.34 15.76 16.35 575964000.0 1767600000.0
306 May 26, 2017 16.52 17.99 13.16 14.25 321918000.0 1519550000.0
307 May 27, 2017 13.95 16.26 10.57 16.26 220003000.0 1282250000.0
308 May 28, 2017 16.55 17.36 14.1 16.13 159009000.0 1523730000.0
309 May 29, 2017 16.22 17.41 15.24 17.1 100235000.0 1494310000.0
310 May 30, 2017 17.13 18.85 16.88 18.54 151989000.0 1577830000.0
311 May 31, 2017 18.74 18.74 16.68 17.67 169218000.0 1726710000.0
312 Jun 01, 2017 17.62 17.93 16.62 16.83 129554000.0 1624040000.0
313 Jun 02, 2017 16.83 17.51 16.83 17.38 74579100.0 1552150000.0
314 Jun 03, 2017 17.39 17.53 16.14 16.26 94317500.0 1603910000.0
315 Jun 04, 2017 16.36 17.55 16.08 17.48 105612000.0 1508760000.0
316 Jun 05, 2017 17.42 17.42 16.9 17.3 65380500.0 1607200000.0
317 Jun 06, 2017 17.34 17.83 16.77 17.49 94322300.0 1601600000.0
318 Jun 07, 2017 17.49 18.38 17.0 17.51 133332000.0 1615920000.0
319 Jun 08, 2017 17.53 17.78 17.16 17.53 52434000.0 1619690000.0
320 Jun 09, 2017 17.53 17.65 17.32 17.44 57805600.0 1620430000.0
321 Jun 10, 2017 17.44 19.65 17.43 19.65 195638000.0 1612890000.0
322 Jun 11, 2017 19.5 22.14 18.16 21.56 415109000.0 1803650000.0
323 Jun 12, 2017 21.56 22.93 18.02 20.32 315523000.0 1995200000.0
324 Jun 13, 2017 20.25 21.01 19.79 20.74 153774000.0 1874700000.0
325 Jun 14, 2017 20.75 21.05 18.11 18.83 126599000.0 1921790000.0
326 Jun 15, 2017 18.85 18.92 16.1 18.35 178225000.0 1746400000.0
327 Jun 16, 2017 18.32 18.56 17.58 18.39 89917100.0 1697750000.0
328 Jun 17, 2017 18.37 23.99 18.33 23.27 415397000.0 1703170000.0
329 Jun 18, 2017 23.02 24.61 21.72 22.06 489569000.0 2134890000.0
330 Jun 19, 2017 22.05 23.66 21.97 22.94 270192000.0 2044860000.0
331 Jun 20, 2017 23.02 23.04 21.42 21.68 161373000.0 2135600000.0
332 Jun 21, 2017 21.69 21.91 19.83 20.7 166313000.0 2013030000.0
333 Jun 22, 2017 20.76 21.04 20.27 20.79 89949500.0 1927380000.0
334 Jun 23, 2017 20.79 21.56 20.6 21.34 77701100.0 1931450000.0
335 Jun 24, 2017 21.35 21.38 20.12 20.18 64584600.0 1984090000.0
336 Jun 25, 2017 20.13 23.86 19.45 21.41 441712000.0 1871250000.0
337 Jun 26, 2017 21.52 22.46 17.7 19.58 269996000.0 2001190000.0
338 Jun 27, 2017 19.68 20.23 16.56 19.14 304733000.0 1830180000.0
339 Jun 28, 2017 19.15 19.84 18.07 19.65 181039000.0 1782010000.0
340 Jun 29, 2017 19.62 19.66 18.32 18.66 102812000.0 1825930000.0
341 Jun 30, 2017 18.59 19.81 18.59 18.91 120634000.0 1731060000.0
342 >Jul 01, 201 18.75 18.79 17.5 17.81 64563300.0 1745950000.0
343 Jul 02, 2017 17.73 18.11 16.96 17.9 88689500.0 1652150000.0
344 Jul 03, 2017 17.91 18.32 17.53 17.85 80328000.0 1669210000.0
345 Jul 04, 2017 17.83 18.58 17.83 18.05 85616700.0 1662670000.0
346 Jul 05, 2017 18.04 18.04 17.38 17.77 57671900.0 1682750000.0
347 Jul 06, 2017 17.77 18.18 17.49 17.91 62603300.0 1657550000.0
348 Jul 07, 2017 17.95 18.16 16.67 16.74 63005000.0 1675380000.0
349 Jul 08, 2017 16.74 16.99 15.37 16.99 113998000.0 1562560000.0
350 Jul 09, 2017 16.97 17.45 16.25 16.25 56397400.0 1584440000.0
351 Jul 10, 2017 16.23 17.48 14.43 15.47 146147000.0 1516460000.0
352 Jul 11, 2017 15.21 16.03 13.16 14.72 194378000.0 1421880000.0
353 Jul 12, 2017 14.69 20.42 14.22 19.94 725473000.0 1373170000.0
354 Jul 13, 2017 20.04 20.72 17.35 18.35 429173000.0 1874350000.0
355 Jul 14, 2017 18.41 18.59 16.85 17.55 215528000.0 1722240000.0
356 Jul 15, 2017 17.6 17.6 14.38 14.76 243159000.0 1646950000.0
357 Jul 16, 2017 14.7 15.36 12.25 14.17 249231000.0 1376490000.0
358 Jul 17, 2017 14.39 15.69 13.79 15.49 300782000.0 1348150000.0
359 Jul 18, 2017 15.51 17.05 14.79 16.4 282383000.0 1451740000.0
360 Jul 19, 2017 16.43 16.44 14.56 14.82 153459000.0 1538640000.0
361 Jul 20, 2017 14.94 16.06 14.94 16.06 179261000.0 1400840000.0
362 Jul 21, 2017 16.11 16.85 15.75 16.14 178167000.0 1510790000.0
363 Jul 22, 2017 16.11 16.57 16.06 16.51 70103300.0 1511020000.0
364 Jul 23, 2017 16.51 16.61 15.37 15.77 76647400.0 1549590000.0
365 Jul 24, 2017 15.84 16.01 15.56 15.87 38370000.0 1486560000.0
366 Jul 25, 2017 15.88 15.92 14.49 14.92 74645500.0 1491550000.0
367 Jul 26, 2017 14.86 15.07 14.22 14.76 46058800.0 1395600000.0
368 Jul 27, 2017 14.8 14.83 14.59 14.65 28722600.0 1390780000.0
369 Jul 28, 2017 14.65 14.74 14.03 14.16 48972400.0 1376840000.0
370 Jul 29, 2017 14.15 14.46 13.47 14.39 65494300.0 1330870000.0
371 Jul 30, 2017 14.33 14.41 13.75 13.81 37797400.0 1347810000.0
372 Jul 31, 2017 13.78 14.13 13.55 14.0 44660400.0 1295940000.0
373 Aug 01, 2017 14.01 14.69 13.84 14.57 86270500.0 1319170000.0
374 Aug 02, 2017 14.6 15.1 14.41 14.76 81127100.0 1374450000.0
375 Aug 03, 2017 14.76 15.47 14.57 15.37 74707900.0 1390050000.0
376 Aug 04, 2017 15.37 15.44 14.94 15.03 51110000.0 1447760000.0
377 Aug 05, 2017 15.02 15.92 14.98 15.92 98290900.0 1415870000.0
378 Aug 06, 2017 15.96 16.34 15.35 15.35 81856700.0 1504680000.0
379 Aug 07, 2017 15.32 15.47 15.17 15.31 59522900.0 1445300000.0
380 Aug 08, 2017 15.29 15.95 15.22 15.87 88294200.0 1442970000.0
381 Aug 09, 2017 15.87 16.24 15.21 15.38 95728900.0 1497320000.0
382 Aug 10, 2017 15.39 15.58 15.19 15.19 42596500.0 1453210000.0
383 Aug 11, 2017 15.16 15.47 15.04 15.17 46330400.0 1431410000.0
384 Aug 12, 2017 15.17 15.28 14.75 14.8 50077000.0 1433430000.0
385 Aug 13, 2017 14.78 14.8 14.08 14.29 58116600.0 1396350000.0
386 Aug 14, 2017 14.28 14.54 14.05 14.08 38585500.0 1350180000.0
387 Aug 15, 2017 14.07 14.09 13.52 13.68 49456900.0 1330550000.0
388 Aug 16, 2017 13.68 14.65 13.52 14.18 77467600.0 1294140000.0
389 Aug 17, 2017 14.23 14.34 13.84 13.93 50306000.0 1346400000.0
390 Aug 18, 2017 13.88 14.42 13.74 13.81 70150100.0 1314260000.0
391 Aug 19, 2017 13.85 14.07 13.46 13.69 48175900.0 1311790000.0
392 Aug 20, 2017 13.68 14.11 13.59 13.88 40155000.0 1295520000.0
393 Aug 21, 2017 13.89 15.04 13.86 14.55 114021000.0 1316110000.0
394 Aug 22, 2017 14.57 14.96 13.74 14.39 97160200.0 1380860000.0
395 Aug 23, 2017 14.47 17.02 14.32 15.29 325317000.0 1372030000.0
396 Aug 24, 2017 15.35 15.98 15.09 15.13 105296000.0 1456290000.0
397 Aug 25, 2017 15.12 15.42 15.09 15.28 49610500.0 1434760000.0
398 Aug 26, 2017 15.28 15.32 15.11 15.28 41284600.0 1450080000.0
399 Aug 27, 2017 15.27 16.36 15.25 16.01 150740000.0 1449670000.0
400 Aug 28, 2017 16.09 16.46 15.65 15.78 96308800.0 1527600000.0
401 Aug 29, 2017 15.79 15.99 15.71 15.78 68677500.0 1499090000.0
402 Aug 30, 2017 15.79 16.05 15.48 15.66 66337400.0 1500740000.0
403 Aug 31, 2017 15.67 16.46 15.66 16.38 86584900.0 1489950000.0
404 Sep 01, 2017 16.4 22.44 16.31 21.93 821440000.0 1559510000.0
405 Sep 02, 2017 22.04 23.67 18.18 20.07 648787000.0 2096550000.0
406 Sep 03, 2017 20.18 20.46 18.07 18.56 221986000.0 1920050000.0
407 Sep 04, 2017 18.54 18.7 15.36 15.83 243535000.0 1764650000.0
408 Sep 05, 2017 15.82 16.84 14.3 16.58 218190000.0 1506490000.0
409 Sep 06, 2017 16.58 19.02 16.58 19.02 228007000.0 1579610000.0
410 Sep 07, 2017 19.0 19.0 17.63 17.8 187201000.0 1810900000.0
411 Sep 08, 2017 17.85 18.08 14.7 15.19 269884000.0 1701770000.0
412 Sep 09, 2017 15.14 15.68 14.57 14.89 131722000.0 1443530000.0
413 Sep 10, 2017 14.83 14.85 12.43 13.66 210528000.0 1415090000.0
414 Sep 11, 2017 13.62 14.83 13.53 14.6 142588000.0 1299470000.0
415 Sep 12, 2017 14.66 15.64 14.28 14.44 167338000.0 1399560000.0
416 Sep 13, 2017 14.45 14.45 13.67 14.11 103257000.0 1379350000.0
417 Sep 14, 2017 14.04 14.23 9.0 9.13 220330000.0 1341200000.0
418 Sep 15, 2017 9.09 11.2 7.67 10.23 434921000.0 868471000.0
419 Sep 16, 2017 10.24 11.19 9.62 9.93 146996000.0 978667000.0
420 Sep 17, 2017 9.92 10.21 9.46 10.02 55522700.0 948141000.0
421 Sep 18, 2017 10.01 11.81 10.01 11.79 117958000.0 957337000.0
422 Sep 19, 2017 11.83 11.93 11.12 11.47 69938100.0 1131850000.0
423 Sep 20, 2017 11.43 11.56 11.18 11.24 41369200.0 1094120000.0
424 Sep 21, 2017 11.2 11.23 10.01 10.07 39347200.0 1072660000.0
425 Sep 22, 2017 10.1 10.53 9.93 10.26 31855800.0 967000000.0
426 Sep 23, 2017 10.21 10.76 10.12 10.61 27727300.0 978077000.0
427 Sep 24, 2017 10.6 10.7 10.35 10.43 21480300.0 1016090000.0
428 Sep 25, 2017 10.4 10.98 10.4 10.86 34197100.0 997582000.0
429 Sep 26, 2017 10.86 11.96 10.7 11.24 84319600.0 1041640000.0
430 Sep 27, 2017 11.23 12.86 11.19 12.65 119565000.0 1077120000.0
431 Sep 28, 2017 12.62 13.67 12.27 12.73 175932000.0 1211380000.0
432 Sep 29, 2017 12.76 13.25 12.03 12.51 123657000.0 1225220000.0
433 Sep 30, 2017 12.5 13.14 12.5 12.98 81530800.0 1200620000.0
434 Oct 01, 2017 12.98 13.01 12.62 12.74 44133200.0 1246600000.0
435 Oct 02, 2017 12.74 12.86 12.37 12.43 36422500.0 1223910000.0
436 Oct 03, 2017 12.47 12.49 11.76 12.4 38300200.0 1198270000.0
437 Oct 04, 2017 12.38 12.39 11.94 11.97 23010900.0 1190230000.0
438 Oct 05, 2017 11.96 12.04 11.61 11.94 26552900.0 1150570000.0
439 Oct 06, 2017 11.94 12.4 11.94 12.33 30320700.0 1148890000.0
440 Oct 07, 2017 12.31 12.32 12.08 12.27 18414400.0 1185190000.0
441 Oct 08, 2017 12.27 12.44 12.1 12.12 32447800.0 1181440000.0
442 Oct 09, 2017 12.12 12.13 11.23 11.49 40264100.0 1166960000.0
443 Oct 10, 2017 11.49 11.66 11.35 11.53 27818000.0 1107010000.0
444 Oct 11, 2017 11.54 11.58 11.4 11.49 17991900.0 1112470000.0
445 Oct 12, 2017 11.5 12.08 11.41 11.96 56959300.0 1109090000.0
446 Oct 13, 2017 12.0 12.46 11.65 12.18 79837000.0 1157100000.0
447 Oct 14, 2017 12.2 12.54 12.06 12.25 38425100.0 1176620000.0
448 Oct 15, 2017 12.24 12.65 11.6 11.94 52181800.0 1180820000.0
449 Oct 16, 2017 11.94 12.1 11.83 11.88 28608500.0 1153060000.0
450 Oct 17, 2017 11.9 12.46 11.74 11.91 75268900.0 1148970000.0
451 Oct 18, 2017 11.92 11.92 10.81 11.52 55644800.0 1151010000.0
452 Oct 19, 2017 11.51 11.61 11.29 11.34 25045400.0 1112650000.0
453 Oct 20, 2017 11.35 11.51 11.22 11.22 28250900.0 1097270000.0
454 Oct 21, 2017 11.2 11.31 10.79 10.91 20451400.0 1083120000.0
455 Oct 22, 2017 10.93 11.24 10.71 10.82 19648600.0 1057170000.0
456 Oct 23, 2017 10.81 10.82 9.97 10.27 39358200.0 1046200000.0
457 Oct 24, 2017 10.28 10.98 10.0 10.59 41969800.0 994988000.0
458 Oct 25, 2017 10.58 10.74 10.3 10.63 25582600.0 1024260000.0
459 Oct 26, 2017 10.62 10.72 10.46 10.49 18961900.0 1028580000.0
460 Oct 27, 2017 10.48 10.56 10.31 10.38 21540100.0 1015860000.0
461 Oct 28, 2017 10.39 10.67 10.29 10.54 24204100.0 1007430000.0
462 Oct 29, 2017 10.59 11.19 10.59 10.85 65005200.0 1026380000.0
463 Oct 30, 2017 10.83 10.96 10.8 10.87 20081700.0 1050600000.0
464 Oct 31, 2017 10.86 10.94 10.62 10.62 27241200.0 1053730000.0
465 Nov 01, 2017 10.6 10.66 10.24 10.26 30011800.0 1028310000.0
466 Nov 02, 2017 10.27 10.37 9.81 10.23 39190200.0 996639000.0
467 Nov 03, 2017 10.23 12.72 10.19 12.66 146543000.0 993753000.0
468 Nov 04, 2017 12.62 12.65 11.22 11.89 149319000.0 1226190000.0
469 Nov 05, 2017 11.86 14.22 11.8 13.24 333395000.0 1152170000.0
470 Nov 06, 2017 13.29 15.63 13.12 14.33 435668000.0 1292090000.0
471 Nov 07, 2017 14.14 14.98 13.57 13.92 173761000.0 1374590000.0
472 Nov 08, 2017 14.08 14.43 13.72 14.02 139534000.0 1369880000.0
473 Nov 09, 2017 13.97 14.49 13.89 14.2 129201000.0 1359370000.0
474 Nov 10, 2017 14.18 15.35 13.91 14.6 299857000.0 1380350000.0
475 Nov 11, 2017 14.62 19.81 14.59 19.42 958982000.0 1423270000.0
476 Nov 12, 2017 19.46 21.75 15.03 15.18 697453000.0 1894610000.0
477 Nov 13, 2017 15.3 16.66 14.46 16.1 350880000.0 1490890000.0
478 Nov 14, 2017 16.08 18.73 16.08 17.86 449738000.0 1566510000.0
479 Nov 15, 2017 17.84 17.91 17.21 17.54 149567000.0 1738580000.0
480 Nov 16, 2017 17.5 17.5 16.38 16.88 182721000.0 1706140000.0
481 Nov 17, 2017 16.77 17.57 16.76 17.24 150957000.0 1635500000.0
482 Nov 18, 2017 17.21 18.12 16.99 17.71 159453000.0 1679120000.0
483 Nov 19, 2017 17.73 18.07 17.58 17.91 110618000.0 1730450000.0
484 Nov 20, 2017 17.93 18.68 17.83 18.39 147752000.0 1750630000.0
485 Nov 21, 2017 18.39 18.47 17.28 17.79 186210000.0 1796380000.0
486 Nov 22, 2017 17.74 18.14 17.73 17.99 93779000.0 1732980000.0
487 Nov 23, 2017 18.02 18.77 17.77 18.22 186523000.0 1760670000.0
488 Nov 24, 2017 18.26 21.76 18.06 21.44 373045000.0 1785000000.0
489 Nov 25, 2017 21.32 22.74 20.21 21.7 370135000.0 2084820000.0
490 Nov 26, 2017 21.72 22.61 21.34 22.21 494333000.0 2124930000.0
491 Nov 27, 2017 22.15 26.54 21.7 25.75 718945000.0 2167620000.0
492 Nov 28, 2017 25.74 34.85 25.59 33.98 1640680000.0 2519340000.0
493 Nov 29, 2017 33.98 34.24 24.66 25.42 919393000.0 3326880000.0
494 Nov 30, 2017 26.0 29.44 22.59 28.18 968075000.0 2546530000.0
495 Dec 01, 2017 27.95 31.54 25.49 31.2 853735000.0 2737970000.0
496 Dec 02, 2017 31.18 32.65 29.8 30.79 605113000.0 3055410000.0
497 Dec 03, 2017 30.77 31.79 29.87 30.45 401675000.0 3016140000.0
498 Dec 04, 2017 30.44 30.88 29.61 30.39 274351000.0 2984910000.0
499 Dec 05, 2017 30.39 31.23 29.58 30.38 331677000.0 2981630000.0
500 Dec 06, 2017 30.49 30.51 27.31 27.86 407100000.0 2991890000.0
501 Dec 07, 2017 27.9 30.03 26.76 26.82 449013000.0 2738670000.0
502 Dec 08, 2017 26.88 30.05 25.44 30.05 581400000.0 2639940000.0
503 Dec 09, 2017 29.76 33.04 26.72 29.09 585616000.0 2923310000.0
504 Dec 10, 2017 29.21 29.21 24.19 26.5 463748000.0 2870390000.0
505 Dec 11, 2017 26.47 29.42 26.47 27.64 470359000.0 2602010000.0
506 Dec 12, 2017 27.75 33.38 27.41 30.31 819045000.0 2728370000.0
507 Dec 13, 2017 30.29 33.24 27.94 29.72 688511000.0 2978500000.0
508 Dec 14, 2017 29.63 34.06 29.6 31.96 632755000.0 2914580000.0
509 Dec 15, 2017 32.02 32.69 28.46 32.08 526730000.0 3150230000.0
510 Dec 16, 2017 32.02 39.01 31.29 34.77 1104770000.0 3151410000.0
511 Dec 17, 2017 34.78 36.4 34.2 34.78 428826000.0 3423520000.0
512 Dec 18, 2017 34.85 42.4 32.53 39.39 1072100000.0 3431130000.0
513 Dec 19, 2017 39.4 46.24 38.61 40.27 931713000.0 3880300000.0
514 Dec 20, 2017 40.37 44.85 37.32 44.04 920793000.0 3976420000.0
515 Dec 21, 2017 43.86 47.77 39.68 42.1 825239000.0 4321050000.0
516 Dec 22, 2017 42.42 42.68 23.75 30.95 817384000.0 4180300000.0
517 Dec 23, 2017 31.54 35.14 31.12 32.72 385223000.0 3109180000.0
518 Dec 24, 2017 33.0 33.0 28.22 30.78 316553000.0 3253910000.0
519 Dec 25, 2017 30.9 32.43 30.69 32.35 258235000.0 3047860000.0
520 Dec 26, 2017 32.46 33.98 31.96 32.9 317646000.0 3201840000.0
521 Dec 27, 2017 32.83 33.21 31.26 32.13 217743000.0 3239130000.0
522 Dec 28, 2017 32.15 32.24 28.28 29.52 307104000.0 3173780000.0
523 Dec 29, 2017 29.64 30.66 28.16 30.03 239663000.0 2926400000.0
524 Dec 30, 2017 30.03 30.03 26.24 26.91 241645000.0 2965900000.0
525 Dec 31, 2017 26.73 28.42 26.63 27.99 169331000.0 2640600000.0
526 Jan 01, 2018 28.04 37.03 27.32 34.16 870413000.0 2770760000.0
527 Jan 02, 2018 34.46 38.03 34.05 34.91 615984000.0 3405130000.0
528 Jan 03, 2018 34.91 35.5 32.84 34.86 910507000.0 3450400000.0
529 Jan 04, 2018 34.44 39.35 32.31 36.31 1733940000.0 3404930000.0
530 Jan 05, 2018 36.17 38.28 35.89 36.19 517583000.0 3576720000.0
531 Jan 06, 2018 36.31 38.98 35.9 38.42 362469000.0 3591720000.0
532 Jan 07, 2018 38.44 42.43 38.42 40.79 423276000.0 3802870000.0
533 Jan 08, 2018 41.12 44.41 29.52 34.18 798928000.0 4069110000.0
534 Jan 09, 2018 34.09 39.04 31.76 38.32 808371000.0 3374260000.0
535 Jan 10, 2018 38.12 39.26 34.68 36.95 862859000.0 3774740000.0
536 Jan 11, 2018 36.9 37.97 31.43 32.79 586658000.0 3654630000.0
537 Jan 12, 2018 33.06 37.02 31.9 36.4 536064000.0 3274750000.0
538 Jan 13, 2018 36.18 43.16 35.78 42.39 876581000.0 3584650000.0
539 Jan 14, 2018 42.89 46.49 40.84 42.95 1314400000.0 4250660000.0
540 Jan 15, 2018 42.68 43.69 40.43 40.49 615007000.0 4230510000.0
541 Jan 16, 2018 40.48 40.49 23.25 28.45 699985000.0 4014070000.0
542 Jan 17, 2018 28.38 30.35 22.49 29.12 598707000.0 2814880000.0
543 Jan 18, 2018 29.24 32.89 28.02 30.18 455046000.0 2900830000.0
544 Jan 19, 2018 30.02 34.34 29.06 31.7 394037000.0 2979260000.0
545 Jan 20, 2018 32.09 35.55 32.09 35.0 418291000.0 3184770000.0
546 Jan 21, 2018 35.49 36.2 29.28 30.32 381507000.0 3523310000.0
547 Jan 22, 2018 30.59 32.83 26.92 29.26 321230000.0 3037400000.0
548 Jan 23, 2018 29.27 30.17 26.54 28.36 230031000.0 2907490000.0
549 Jan 24, 2018 28.47 30.54 28.08 29.6 187789000.0 2828350000.0
550 Jan 25, 2018 29.88 30.39 28.78 29.19 162749000.0 2969790000.0
551 Jan 26, 2018 29.1 29.68 26.82 28.79 198045000.0 2892380000.0
552 Jan 27, 2018 28.75 30.13 28.15 29.49 127839000.0 2858610000.0
553 Jan 28, 2018 29.62 34.4 29.62 32.9 350799000.0 2945280000.0
554 Jan 29, 2018 33.21 33.65 30.97 31.71 197076000.0 3303240000.0
555 Jan 30, 2018 31.76 31.77 26.97 27.13 235160000.0 3160490000.0
556 Jan 31, 2018 27.2 28.75 25.95 28.75 271852000.0 2707440000.0
557 Feb 01, 2018 28.77 28.88 23.74 24.97 251254000.0 2863780000.0
558 Feb 02, 2018 24.95 24.95 18.36 23.07 340095000.0 2484190000.0
559 Feb 03, 2018 23.15 24.73 20.75 24.19 179081000.0 2305470000.0
560 Feb 04, 2018 24.18 24.72 19.91 21.03 218348000.0 2409210000.0
561 Feb 05, 2018 20.76 21.19 15.89 16.52 171500000.0 2068330000.0
562 Feb 06, 2018 16.75 19.42 14.06 19.38 318212000.0 1669530000.0
563 Feb 07, 2018 19.18 20.45 17.45 18.15 212987000.0 1912010000.0
564 Feb 08, 2018 18.14 21.95 18.14 21.79 265155000.0 1809300000.0
565 Feb 09, 2018 21.88 26.21 21.0 25.99 393049000.0 2182530000.0
566 Feb 10, 2018 25.95 26.65 23.08 24.51 256181000.0 2588640000.0
567 Feb 11, 2018 24.53 26.0 21.42 24.12 378189000.0 2447400000.0
568 Feb 12, 2018 24.3 30.33 24.3 29.88 541766000.0 2425800000.0
569 Feb 13, 2018 29.88 34.73 28.31 33.96 1135950000.0 2982730000.0
570 Feb 14, 2018 34.32 36.43 33.39 35.04 1055340000.0 3426860000.0
571 Feb 15, 2018 34.82 35.64 32.82 34.53 635228000.0 3477970000.0
572 Feb 16, 2018 34.43 35.33 32.9 35.03 456754000.0 3439180000.0
573 Feb 17, 2018 34.96 35.4 34.37 34.98 418534000.0 3493650000.0
574 Feb 18, 2018 35.0 35.07 31.51 34.88 456829000.0 3498390000.0
575 Feb 19, 2018 34.69 40.25 33.92 39.29 992256000.0 3467860000.0
576 Feb 20, 2018 39.4 43.96 38.23 38.46 1175890000.0 3940010000.0
577 Feb 21, 2018 38.07 40.25 34.98 36.63 904092000.0 3807360000.0
578 Feb 22, 2018 36.45 37.62 31.93 32.8 711134000.0 3646740000.0
579 Feb 23, 2018 32.49 38.11 31.32 38.03 1132690000.0 3251620000.0
580 Feb 24, 2018 37.82 40.71 36.91 38.84 1324420000.0 3785310000.0
581 Feb 25, 2018 38.57 38.77 34.87 36.41 685424000.0 3861100000.0
582 Feb 26, 2018 36.85 37.11 34.67 36.07 622099000.0 3689630000.0
583 Feb 27, 2018 36.23 37.47 35.51 36.24 513290000.0 3628860000.0
584 Feb 28, 2018 36.0 36.41 33.41 33.69 501651000.0 3606200000.0
585 Mar 01, 2018 33.63 34.79 32.1 33.76 514648000.0 3370090000.0
586 Mar 02, 2018 33.75 34.02 30.42 30.76 556804000.0 3382540000.0
587 Mar 03, 2018 30.79 32.0 28.62 29.19 699657000.0 3086730000.0
588 Mar 04, 2018 29.15 31.35 28.77 29.68 647562000.0 2923270000.0
589 Mar 05, 2018 29.64 30.24 26.51 26.84 637222000.0 2973110000.0
590 Mar 06, 2018 26.82 27.29 24.91 25.09 387811000.0 2690760000.0
591 Mar 07, 2018 25.06 25.47 21.04 22.11 417289000.0 2514490000.0
592 Mar 08, 2018 22.18 25.16 21.17 22.66 619477000.0 2226360000.0
593 Mar 09, 2018 22.7 23.26 20.51 22.47 499609000.0 2279350000.0
594 Mar 10, 2018 22.51 22.93 20.77 20.91 262771000.0 2260360000.0
595 Mar 11, 2018 20.87 21.84 19.96 21.57 278368000.0 2096350000.0
596 Mar 12, 2018 21.56 21.79 20.13 20.49 222694000.0 2166290000.0
597 Mar 13, 2018 20.45 20.84 19.74 19.92 178296000.0 2055300000.0
598 Mar 14, 2018 19.94 20.22 16.25 17.15 201571000.0 2004500000.0
599 Mar 15, 2018 17.19 19.3 15.93 18.41 368178000.0 1727880000.0
600 Mar 16, 2018 18.49 18.51 17.32 17.77 201541000.0 1859700000.0
601 Mar 17, 2018 17.75 17.97 16.08 16.31 154703000.0 1785600000.0
602 Mar 18, 2018 16.24 16.91 14.48 16.78 233157000.0 1634110000.0
603 Mar 19, 2018 16.91 19.65 16.33 19.65 315268000.0 1701120000.0
604 Mar 20, 2018 19.61 21.07 18.01 20.2 432819000.0 1973450000.0
605 Mar 21, 2018 20.28 21.52 19.29 19.79 295532000.0 2041930000.0
606 Mar 22, 2018 19.78 20.73 18.55 19.66 242384000.0 1992000000.0
607 Mar 23, 2018 19.68 19.68 18.15 19.03 196326000.0 1982260000.0
608 Mar 24, 2018 19.13 19.38 18.44 18.49 137105000.0 1926730000.0
609 Mar 25, 2018 18.37 18.56 17.99 18.08 110957000.0 1850480000.0
610 Mar 26, 2018 18.09 18.13 15.52 16.48 189408000.0 1823050000.0
611 Mar 27, 2018 16.48 17.05 15.35 15.9 184083000.0 1660910000.0
