0 Jul 18, 2017 0.07 0.07 0.05 0.05 61496.8 0.0
1 Jul 19, 2017 0.06 0.07 0.04 0.06 69379.5 3787920.0
2 Jul 20, 2017 0.07 0.07 0.04 0.05 64515.9 4409750.0
3 Jul 21, 2017 0.05 0.07 0.05 0.06 34469.9 3584260.0
4 Jul 22, 2017 0.06 0.07 0.06 0.06 23392.5 4133020.0
5 Jul 23, 2017 0.06 0.06 0.05 0.06 29665.3 4087940.0
6 Jul 24, 2017 0.06 0.06 0.04 0.04 30338.0 3836530.0
7 Jul 25, 2017 0.04 0.05 0.04 0.05 12101.2 3114560.0
8 Jul 26, 2017 0.05 0.05 0.04 0.04 14124.7 3362100.0
9 Jul 27, 2017 0.04 0.04 0.03 0.04 23319.5 3119530.0
10 Jul 28, 2017 0.04 0.05 0.03 0.04 23079.3 2949030.0
11 Jul 29, 2017 0.04 0.04 0.03 0.04 24330.1 2646850.0
12 Jul 30, 2017 0.04 0.04 0.03 0.04 34094.0 2965250.0
13 Jul 31, 2017 0.04 0.05 0.04 0.04 21423.4 2907510.0
14 Aug 01, 2017 0.04 0.05 0.04 0.04 31950.7 2569640.0
15 Aug 02, 2017 0.04 0.05 0.04 0.04 26129.4 2891890.0
16 Aug 03, 2017 0.04 0.05 0.04 0.04 35677.0 2871020.0
17 Aug 04, 2017 0.04 0.05 0.04 0.05 27831.3 3013860.0
18 Aug 05, 2017 0.05 0.09 0.05 0.07 78172.2 3284550.0
19 Aug 06, 2017 0.07 0.1 0.07 0.1 110909.0 4597400.0
20 Aug 07, 2017 0.1 0.23 0.09 0.18 618445.0 8072330.0
21 Aug 08, 2017 0.18 0.19 0.15 0.18 266988.0 14290000.0
22 Aug 09, 2017 0.18 0.19 0.15 0.17 222484.0 13019000.0
23 Aug 10, 2017 0.17 0.24 0.17 0.22 365852.0 12042600.0
24 Aug 11, 2017 0.22 0.51 0.22 0.51 1337950.0 15772300.0
25 Aug 12, 2017 0.5 1.08 0.48 1.01 2246300.0 35359400.0
26 Aug 13, 2017 1.04 1.04 0.38 0.75 1902750.0 73425600.0
27 Aug 14, 2017 0.75 0.88 0.65 0.8 1201880.0 53024500.0
28 Aug 15, 2017 0.8 0.81 0.58 0.72 975342.0 56829800.0
29 Aug 16, 2017 0.71 0.97 0.68 0.96 1380050.0 50228700.0
30 Aug 17, 2017 0.94 1.28 0.93 1.2 2583040.0 66579500.0
31 Aug 18, 2017 1.17 1.33 1.05 1.16 1942910.0 82718200.0
32 Aug 19, 2017 1.15 1.27 1.14 1.25 993767.0 81667300.0
33 Aug 20, 2017 1.24 1.27 1.13 1.16 856033.0 87995500.0
34 Aug 21, 2017 1.16 1.18 0.91 1.1 1001250.0 81767000.0
35 Aug 22, 2017 1.1 1.24 0.87 1.02 955651.0 77712300.0
36 Aug 23, 2017 1.02 1.05 0.91 0.98 707674.0 71942700.0
37 Aug 24, 2017 0.98 1.07 0.79 1.0 1022480.0 69657800.0
38 Aug 25, 2017 1.06 1.07 0.93 0.96 589840.0 74967000.0
39 Aug 26, 2017 0.97 0.99 0.92 0.97 461536.0 68376900.0
40 Aug 27, 2017 0.97 0.98 0.89 0.94 493999.0 68921100.0
41 Aug 28, 2017 0.97 0.97 0.79 0.83 675985.0 68389900.0
42 Aug 29, 2017 0.84 0.9 0.71 0.79 695080.0 59795900.0
43 Aug 30, 2017 0.79 0.83 0.56 0.79 592616.0 56059500.0
44 Aug 31, 2017 0.83 0.89 0.78 0.87 551303.0 59079500.0
45 Sep 01, 2017 0.86 1.29 0.85 1.24 1987910.0 61211900.0
46 Sep 02, 2017 1.23 1.24 0.88 0.95 1029700.0 87631600.0
47 Sep 03, 2017 0.95 1.01 0.88 0.93 446969.0 67799800.0
48 Sep 04, 2017 0.94 0.94 0.7 0.87 857825.0 66552700.0
49 Sep 05, 2017 0.88 0.89 0.75 0.87 418387.0 62461400.0
50 Sep 06, 2017 0.87 1.31 0.83 1.06 973324.0 61682800.0
51 Sep 07, 2017 1.05 1.11 1.0 1.09 869586.0 75125800.0
52 Sep 08, 2017 1.08 1.09 0.81 0.89 875484.0 77148700.0
53 Sep 09, 2017 0.87 0.95 0.84 0.92 430423.0 61744600.0
54 Sep 10, 2017 0.92 0.98 0.85 0.91 686190.0 65742800.0
55 Sep 11, 2017 0.91 0.98 0.87 0.88 440405.0 64830700.0
56 Sep 12, 2017 0.88 1.13 0.87 0.97 1989700.0 62654600.0
57 Sep 13, 2017 0.99 1.0 0.81 0.86 1044400.0 70206200.0
58 Sep 14, 2017 0.86 0.89 0.58 0.63 913336.0 61388000.0
59 Sep 15, 2017 0.64 0.82 0.51 0.74 1742630.0 45862100.0
60 Sep 16, 2017 0.75 0.83 0.72 0.78 716725.0 53292900.0
61 Sep 17, 2017 0.78 0.81 0.72 0.78 200397.0 55378500.0
62 Sep 18, 2017 0.78 0.93 0.77 0.9 789016.0 55275800.0
63 Sep 19, 2017 0.9 0.9 0.78 0.8 352419.0 64269700.0
64 Sep 20, 2017 0.8 0.99 0.76 0.94 854680.0 56908700.0
65 Sep 21, 2017 0.93 0.95 0.81 0.82 654569.0 66418900.0
66 Sep 22, 2017 0.82 0.9 0.79 0.84 494118.0 58734700.0
67 Sep 23, 2017 0.83 0.88 0.8 0.82 439769.0 59492200.0
68 Sep 24, 2017 0.82 0.85 0.76 0.76 387835.0 58464500.0
69 Sep 25, 2017 0.77 0.82 0.74 0.77 566304.0 54596700.0
70 Sep 26, 2017 0.77 0.79 0.7 0.72 349429.0 55027500.0
71 Sep 27, 2017 0.73 0.79 0.7 0.74 660872.0 52138200.0
72 Sep 28, 2017 0.74 0.75 0.66 0.71 738735.0 52949700.0
73 Sep 29, 2017 0.7 0.72 0.65 0.67 534513.0 50170800.0
74 Sep 30, 2017 0.67 0.69 0.64 0.66 456795.0 47691200.0
75 Oct 01, 2017 0.66 0.67 0.57 0.64 686095.0 46911100.0
76 Oct 02, 2017 0.64 0.78 0.61 0.74 948643.0 45956600.0
77 Oct 03, 2017 0.74 0.84 0.71 0.76 997424.0 52782600.0
78 Oct 04, 2017 0.76 0.76 0.62 0.68 772782.0 54207400.0
79 Oct 05, 2017 0.65 0.69 0.61 0.66 425555.0 46670500.0
80 Oct 06, 2017 0.66 0.67 0.6 0.63 264905.0 47162600.0
81 Oct 07, 2017 0.63 0.65 0.59 0.61 322322.0 44942500.0
82 >Oct 08, 201 0.61 0.61 0.46 0.5 705902.0 43959200.0
83 Oct 09, 2017 0.48 0.55 0.44 0.54 818114.0 34586000.0
84 Oct 10, 2017 0.55 0.67 0.52 0.63 668498.0 39090200.0
85 Oct 11, 2017 0.63 0.67 0.58 0.64 355682.0 44798200.0
86 Oct 12, 2017 0.64 0.66 0.59 0.62 338549.0 45937500.0
87 Oct 13, 2017 0.62 0.63 0.54 0.57 488909.0 44545400.0
88 Oct 14, 2017 0.57 0.62 0.57 0.6 229994.0 40599400.0
89 Oct 15, 2017 0.59 0.62 0.55 0.59 651194.0 42636500.0
90 Oct 16, 2017 0.58 0.61 0.56 0.58 380184.0 41379400.0
91 Oct 17, 2017 0.58 0.6 0.55 0.57 315237.0 41466200.0
92 Oct 18, 2017 0.56 0.6 0.53 0.6 388179.0 40389400.0
93 Oct 19, 2017 0.59 0.9 0.56 0.76 1626800.0 42259300.0
94 Oct 20, 2017 0.76 0.82 0.66 0.68 1392410.0 54683400.0
95 Oct 21, 2017 0.69 0.7 0.65 0.67 418047.0 49368400.0
96 Oct 22, 2017 0.67 0.74 0.66 0.74 440879.0 47876000.0
97 Oct 23, 2017 0.73 0.88 0.7 0.87 1567580.0 52190300.0
98 Oct 24, 2017 0.87 0.95 0.84 0.88 1579730.0 62099700.0
99 Oct 25, 2017 0.89 0.89 0.79 0.85 765833.0 63835900.0
100 Oct 26, 2017 0.85 0.92 0.82 0.9 837595.0 60620500.0
101 Oct 27, 2017 0.9 0.91 0.87 0.89 672849.0 64323400.0
102 Oct 28, 2017 0.89 0.91 0.86 0.87 300756.0 63553500.0
103 Oct 29, 2017 0.87 0.93 0.86 0.89 429574.0 62074400.0
104 Oct 30, 2017 0.88 0.94 0.84 0.86 475604.0 63354300.0
105 Oct 31, 2017 0.85 0.87 0.78 0.78 550279.0 61263100.0
106 Nov 01, 2017 0.78 0.78 0.65 0.7 1109190.0 56107400.0
107 Nov 02, 2017 0.69 0.85 0.65 0.83 1116840.0 50020800.0
108 Nov 03, 2017 0.83 1.05 0.77 0.84 3644990.0 59675300.0
109 Nov 04, 2017 0.84 0.88 0.8 0.82 667821.0 60693900.0
110 Nov 05, 2017 0.81 0.84 0.77 0.81 761950.0 58567700.0
111 >Nov 06, 201 0.81 0.86 0.79 0.83 1426810.0 58625300.0
112 Nov 07, 2017 0.82 0.89 0.82 0.86 1799330.0 59327900.0
113 Nov 08, 2017 0.85 1.03 0.83 0.99 3562980.0 61716400.0
114 Nov 09, 2017 0.99 1.09 0.98 1.01 2842790.0 71634800.0
115 Nov 10, 2017 1.01 1.05 0.92 0.97 3087760.0 73262500.0
116 Nov 11, 2017 0.96 1.07 0.96 1.03 2634190.0 69705900.0
117 Nov 12, 2017 1.03 1.04 0.91 0.94 2779900.0 74347600.0
118 Nov 13, 2017 0.95 1.13 0.95 1.09 1778530.0 68453800.0
119 Nov 14, 2017 1.1 1.24 1.09 1.24 1849090.0 79721900.0
120 Nov 15, 2017 1.24 1.34 1.23 1.3 1818780.0 89846000.0
121 Nov 16, 2017 1.32 1.43 1.29 1.32 1956450.0 95344800.0
122 Nov 17, 2017 1.31 1.44 1.3 1.36 1768860.0 95071800.0
123 Nov 18, 2017 1.36 1.37 1.27 1.34 1221800.0 98517900.0
124 Nov 19, 2017 1.34 1.41 1.29 1.41 1577090.0 97351200.0
125 Nov 20, 2017 1.4 2.08 1.4 1.81 10208100.0 101739000.0
126 Nov 21, 2017 1.82 1.97 1.62 1.7 4534410.0 135696000.0
127 Nov 22, 2017 1.7 1.86 1.61 1.72 3246300.0 127051000.0
128 Nov 23, 2017 1.72 1.73 1.53 1.53 2406350.0 128138000.0
129 Nov 24, 2017 1.53 1.64 1.36 1.57 2257280.0 114096000.0
130 Nov 25, 2017 1.57 1.75 1.57 1.72 1138540.0 117027000.0
131 Nov 26, 2017 1.73 1.77 1.7 1.7 1107840.0 129093000.0
132 Nov 27, 2017 1.7 1.75 1.63 1.65 1836410.0 126943000.0
133 Nov 28, 2017 1.68 1.69 1.57 1.6 1462290.0 124858000.0
134 Nov 29, 2017 1.59 1.63 1.24 1.35 2390200.0 118851000.0
135 Nov 30, 2017 1.39 1.55 1.28 1.48 1870590.0 103565000.0
136 Dec 01, 2017 1.47 1.75 1.47 1.61 1418340.0 110035000.0
137 Dec 02, 2017 1.63 1.63 1.49 1.49 1086700.0 121784000.0
138 Dec 03, 2017 1.49 1.59 1.41 1.45 1601840.0 111736000.0
139 Dec 04, 2017 1.47 1.6 1.42 1.6 1148770.0 110302000.0
140 Dec 05, 2017 1.56 1.61 1.48 1.52 1173830.0 117164000.0
141 Dec 06, 2017 1.51 1.55 1.33 1.42 1792840.0 113668000.0
142 Dec 07, 2017 1.4 1.48 1.2 1.24 2641450.0 105300000.0
143 Dec 08, 2017 1.27 1.51 1.2 1.46 2111270.0 95720800.0
144 Dec 09, 2017 1.46 1.49 1.32 1.42 1244420.0 109604000.0
145 Dec 10, 2017 1.43 1.43 1.2 1.24 1095280.0 107640000.0
146 Dec 11, 2017 1.24 1.63 1.23 1.36 5316300.0 93118700.0
147 Dec 12, 2017 1.36 1.39 1.23 1.31 4729520.0 101941000.0
148 Dec 13, 2017 1.32 1.37 1.21 1.25 4329040.0 99020700.0
149 Dec 14, 2017 1.25 1.52 1.24 1.41 5732340.0 94120100.0
150 Dec 15, 2017 1.4 1.44 1.27 1.34 4551700.0 105261000.0
151 Dec 16, 2017 1.34 1.42 1.31 1.33 4912260.0 101133000.0
152 Dec 17, 2017 1.34 1.73 1.33 1.61 6813570.0 100623000.0
153 Dec 18, 2017 1.64 2.08 1.47 2.06 11335700.0 123563000.0
154 Dec 19, 2017 2.15 2.36 1.9 2.03 8078700.0 162099000.0
155 Dec 20, 2017 2.03 2.54 1.84 2.53 10971600.0 152827000.0
156 Dec 21, 2017 2.5 3.3 2.5 3.2 21014500.0 188442000.0
157 Dec 22, 2017 3.25 3.25 1.93 2.67 12229200.0 244191000.0
158 Dec 23, 2017 2.7 3.29 2.7 3.01 10375000.0 203264000.0
159 Dec 24, 2017 3.05 3.05 2.55 2.86 7709580.0 229673000.0
160 Dec 25, 2017 2.88 2.93 2.52 2.56 7127560.0 216894000.0
161 Dec 26, 2017 2.53 2.82 2.19 2.57 8516190.0 190506000.0
162 Dec 27, 2017 2.57 2.8 2.3 2.5 7375560.0 194092000.0
163 Dec 28, 2017 2.48 2.61 2.22 2.52 6915040.0 187090000.0
164 Dec 29, 2017 2.55 2.75 2.45 2.61 7013680.0 192007000.0
165 Dec 30, 2017 2.6 2.61 2.22 2.46 6907740.0 196198000.0
166 Dec 31, 2017 2.44 3.05 2.42 2.91 8940680.0 184084000.0
167 Jan 01, 2018 2.92 3.93 2.87 3.92 14587400.0 220265000.0
168 Jan 02, 2018 3.9 4.71 3.71 4.57 19243800.0 294363000.0
169 Jan 03, 2018 4.58 6.64 4.28 6.29 11899200.0 345131000.0
170 Jan 04, 2018 6.32 6.72 5.82 6.64 12205700.0 476372000.0
171 Jan 05, 2018 6.55 12.53 6.16 9.39 39375000.0 494160000.0
172 Jan 06, 2018 9.21 9.98 8.53 8.96 14628800.0 694690000.0
173 Jan 07, 2018 8.99 11.57 8.89 11.01 21982600.0 677654000.0
174 Jan 08, 2018 11.03 11.03 8.52 9.7 13314400.0 832265000.0
175 Jan 09, 2018 9.63 10.16 8.92 9.15 9884330.0 725747000.0
176 Jan 10, 2018 9.13 9.51 7.73 9.51 11669700.0 688569000.0
177 Jan 11, 2018 9.54 9.61 7.25 7.75 7620220.0 719685000.0
178 Jan 12, 2018 7.82 8.67 7.62 8.02 5879260.0 589978000.0
179 Jan 13, 2018 8.06 8.44 7.56 8.17 7781280.0 607654000.0
180 Jan 14, 2018 8.16 8.19 6.89 7.28 5569960.0 615384000.0
181 Jan 15, 2018 7.14 7.51 6.39 6.46 6430980.0 538352000.0
182 Jan 16, 2018 6.46 7.17 4.46 6.24 17651600.0 487277000.0
183 Jan 17, 2018 6.35 7.05 4.74 7.01 12945400.0 479077000.0
184 Jan 18, 2018 7.08 7.89 6.73 7.06 7004900.0 533939000.0
185 Jan 19, 2018 7.0 7.21 6.46 6.77 4795660.0 527671000.0
186 Jan 20, 2018 6.79 7.53 6.74 7.29 4531850.0 511920000.0
187 Jan 21, 2018 7.31 7.31 6.13 6.31 2790070.0 550929000.0
188 Jan 22, 2018 6.38 6.55 5.3 5.84 3675430.0 481308000.0
189 Jan 23, 2018 5.91 6.28 5.24 5.73 3513320.0 445348000.0
190 Jan 24, 2018 5.71 6.09 5.6 5.75 2697100.0 430794000.0
191 Jan 25, 2018 5.79 5.93 5.42 5.51 2139980.0 436319000.0
192 Jan 26, 2018 5.47 5.68 4.83 5.41 3698180.0 412585000.0
193 Jan 27, 2018 5.39 5.65 5.29 5.43 1889200.0 406196000.0
194 Jan 28, 2018 5.44 5.66 5.16 5.23 2462540.0 410126000.0
195 Jan 29, 2018 5.23 5.38 4.77 4.8 2800750.0 394093000.0
196 Jan 30, 2018 4.8 4.85 3.89 4.27 3693020.0 362322000.0
197 Jan 31, 2018 4.27 5.01 4.04 4.53 6535140.0 322111000.0
198 Feb 01, 2018 4.53 4.55 3.53 3.92 3558920.0 341479000.0
199 Feb 02, 2018 3.93 4.13 2.76 3.79 4963390.0 296134000.0
200 Feb 03, 2018 3.82 4.61 3.49 4.34 2592920.0 288081000.0
201 Feb 04, 2018 4.35 4.39 3.34 3.66 1634300.0 329072000.0
202 Feb 05, 2018 3.64 3.71 2.19 2.56 3378370.0 275164000.0
203 Feb 06, 2018 2.57 3.93 2.08 3.86 5419840.0 194605000.0
204 Feb 07, 2018 3.86 4.97 3.34 3.85 6262650.0 291530000.0
205 Feb 08, 2018 3.81 4.4 3.81 4.23 6717700.0 288241000.0
206 Feb 09, 2018 4.24 4.73 4.02 4.7 107314.0 320451000.0
207 Feb 10, 2018 4.6 4.91 3.85 4.07 3164490.0 347926000.0
208 Feb 11, 2018 4.07 4.07 3.46 3.73 2112290.0 307962000.0
209 Feb 12, 2018 3.75 4.19 3.75 4.05 1362420.0 283480000.0
210 Feb 13, 2018 4.03 4.05 3.79 3.84 1175880.0 305268000.0
211 Feb 14, 2018 3.82 4.13 3.81 4.06 1719190.0 289622000.0
212 Feb 15, 2018 4.05 4.16 3.92 4.14 2305380.0 306789000.0
213 Feb 16, 2018 4.13 4.28 3.99 4.13 2386550.0 313479000.0
214 Feb 17, 2018 4.15 4.38 4.12 4.25 1849830.0 314368000.0
215 Feb 18, 2018 4.24 4.3 3.86 3.91 1433230.0 321669000.0
216 Feb 19, 2018 3.9 4.19 3.87 4.02 1459590.0 295696000.0
217 Feb 20, 2018 4.05 4.09 3.64 3.68 2635170.0 307193000.0
218 Feb 21, 2018 3.68 3.76 3.21 3.32 1491080.0 279001000.0
219 Feb 22, 2018 3.33 3.69 3.15 3.24 1375000.0 252278000.0
220 Feb 23, 2018 3.23 3.58 3.07 3.38 1101830.0 244923000.0
221 Feb 24, 2018 3.4 3.44 3.08 3.24 1197220.0 257487000.0
222 Feb 25, 2018 3.25 3.32 3.1 3.25 1041200.0 246032000.0
223 Feb 26, 2018 3.25 3.54 3.22 3.48 1272440.0 246274000.0
224 Feb 27, 2018 3.5 4.16 3.46 4.1 3373890.0 265296000.0
225 Feb 28, 2018 4.09 4.35 3.78 3.91 4944470.0 310370000.0
226 Mar 01, 2018 3.9 4.33 3.87 4.28 2043970.0 296086000.0
227 Mar 02, 2018 4.26 4.45 4.08 4.38 2009480.0 322663000.0
228 Mar 03, 2018 4.37 5.47 4.3 5.11 9225270.0 331338000.0
229 Mar 04, 2018 5.12 5.22 4.76 4.96 4780020.0 387939000.0
230 Mar 05, 2018 4.96 5.11 4.57 4.58 4564430.0 376385000.0
231 Mar 06, 2018 4.54 4.54 4.13 4.26 3799000.0 343834000.0
232 Mar 07, 2018 4.29 4.36 3.42 3.94 2897950.0 324875000.0
233 Mar 08, 2018 3.94 4.01 3.46 3.51 1792150.0 299006000.0
234 Mar 09, 2018 3.49 3.54 2.99 3.19 3350390.0 264521000.0
235 Mar 10, 2018 3.19 3.39 2.83 2.85 2878770.0 242125000.0
236 Mar 11, 2018 2.85 3.28 2.76 3.25 1653760.0 216301000.0
237 Mar 12, 2018 3.24 3.6 3.08 3.27 1883670.0 246060000.0
238 Mar 13, 2018 3.26 3.36 3.16 3.19 1072970.0 247811000.0
239 Mar 14, 2018 3.18 3.24 2.61 2.72 1544260.0 241349000.0
240 Mar 15, 2018 2.73 2.77 2.44 2.57 3812740.0 207770000.0
241 Mar 16, 2018 2.57 2.85 2.44 2.67 3931450.0 195167000.0
242 Mar 17, 2018 2.69 2.7 2.26 2.29 3673870.0 204502000.0
243 Mar 18, 2018 2.28 2.38 1.81 2.23 6419670.0 173438000.0
244 Mar 19, 2018 2.23 2.43 2.18 2.42 3716620.0 169754000.0
245 Mar 20, 2018 2.45 2.94 2.35 2.76 6236380.0 186215000.0
246 Mar 21, 2018 2.79 3.13 2.75 2.91 7081700.0 211915000.0
247 Mar 22, 2018 2.92 2.94 2.6 2.69 5424060.0 221768000.0
248 Mar 23, 2018 2.67 2.72 2.31 2.72 6597700.0 203079000.0
249 Mar 24, 2018 2.76 2.99 2.69 2.75 5876320.0 210053000.0
250 Mar 25, 2018 2.7 3.63 2.68 3.26 11232200.0 204939000.0
251 Mar 26, 2018 3.27 3.47 2.72 3.06 9659720.0 248491000.0
252 Mar 27, 2018 3.07 3.1 2.72 2.72 5666390.0 233300000.0
