0 Jun 18, 2017 13.74 19.98 13.74 19.98 16871.3 0.0
1 Jun 19, 2017 20.9 23.73 16.98 23.73 51908.3 0.0
2 Jun 20, 2017 23.73 23.73 14.98 21.4 28295.1 0.0
3 Jun 21, 2017 21.4 22.75 17.48 20.0 28089.1 0.0
4 Jun 22, 2017 20.0 20.0 3.97 4.19 2399260.0 0.0
5 Jun 23, 2017 4.16 4.44 3.9 4.04 8023600.0 0.0
6 Jun 24, 2017 4.05 4.06 3.33 3.4 4176390.0 0.0
7 Jun 25, 2017 3.4 3.48 2.55 2.86 4202840.0 0.0
8 Jun 26, 2017 2.85 3.06 2.15 2.48 8236810.0 0.0
9 Jun 27, 2017 2.66 3.04 2.3 3.04 4432880.0 79509600.0
10 Jun 28, 2017 3.06 3.51 2.87 3.48 7524550.0 91695100.0
11 Jun 29, 2017 3.49 3.58 3.16 3.16 3625460.0 104423000.0
12 Jun 30, 2017 3.18 3.27 2.8 2.85 3329010.0 95209600.0
13 Jul 01, 2017 2.87 2.88 2.59 2.7 3321100.0 85976300.0
14 Jul 02, 2017 2.7 2.99 2.59 2.92 2457840.0 80703400.0
15 Jul 03, 2017 2.91 2.95 2.76 2.89 3030160.0 87027600.0
16 Jul 04, 2017 2.89 2.96 2.77 2.85 1823890.0 86397900.0
17 Jul 05, 2017 2.85 2.87 2.67 2.79 2600760.0 85168700.0
18 Jul 06, 2017 2.77 2.85 2.74 2.78 1497570.0 82983800.0
19 Jul 07, 2017 2.77 2.77 2.47 2.49 1849670.0 83017900.0
20 Jul 08, 2017 2.5 2.56 2.39 2.5 1452940.0 74692900.0
21 Jul 09, 2017 2.5 2.56 2.41 2.41 661295.0 74998300.0
22 Jul 10, 2017 2.41 2.42 1.95 2.1 2403320.0 72054200.0
23 Jul 11, 2017 2.1 2.15 1.77 1.94 1557010.0 83812100.0
24 Jul 12, 2017 1.94 2.25 1.82 2.17 831411.0 57924500.0
25 Jul 13, 2017 2.21 2.21 1.91 2.06 23188800.0 66013700.0
26 Jul 14, 2017 2.05 2.07 1.83 1.98 65835700.0 61457400.0
27 Jul 15, 2017 1.97 1.98 1.71 1.71 72605900.0 59039100.0
28 Jul 16, 2017 1.7 1.73 1.36 1.56 1499730.0 51021500.0
29 Jul 17, 2017 1.55 1.87 1.55 1.87 958200.0 46379000.0
30 Jul 18, 2017 1.88 2.51 1.79 2.26 1752420.0 56219000.0
31 Jul 19, 2017 2.26 2.43 1.78 1.81 5602570.0 67614300.0
32 Jul 20, 2017 1.82 2.18 1.82 2.09 2628320.0 54432000.0
33 Jul 21, 2017 2.11 2.17 1.94 1.99 1501240.0 63079800.0
34 Jul 22, 2017 1.99 2.18 1.97 2.15 1247180.0 59510400.0
35 Jul 23, 2017 2.17 2.28 2.04 2.26 2861240.0 64810800.0
36 Jul 24, 2017 2.26 2.29 2.2 2.25 1818030.0 67726400.0
37 Jul 25, 2017 2.25 2.26 1.87 1.94 1741270.0 67267800.0
38 Jul 26, 2017 1.94 2.01 1.82 2.0 1496860.0 58006100.0
39 Jul 27, 2017 2.0 2.04 1.9 2.02 1665700.0 59865600.0
40 Jul 28, 2017 2.01 2.03 1.79 1.79 2822560.0 60280500.0
41 Jul 29, 2017 1.8 1.84 1.65 1.83 1713160.0 53779700.0
42 Jul 30, 2017 1.83 1.85 1.73 1.81 1329730.0 54890700.0
43 Jul 31, 2017 1.8 1.91 1.43 1.87 1465680.0 53802200.0
44 Aug 01, 2017 1.87 2.1 1.72 2.02 1499590.0 56053400.0
45 Aug 02, 2017 2.02 2.06 1.95 1.98 1735610.0 60564600.0
46 Aug 03, 2017 1.99 2.06 1.97 2.01 1605640.0 59422000.0
47 Aug 04, 2017 2.01 2.06 1.98 2.01 1483470.0 60183700.0
48 Aug 05, 2017 2.01 2.36 2.01 2.29 1305200.0 60239900.0
49 Aug 06, 2017 2.29 2.42 2.26 2.37 1500290.0 68523100.0
50 Aug 07, 2017 2.36 2.47 2.34 2.45 2195170.0 70715400.0
51 Aug 08, 2017 2.46 2.6 2.44 2.56 2240360.0 73585000.0
52 Aug 09, 2017 2.56 2.68 2.38 2.57 2988450.0 76613400.0
53 Aug 10, 2017 2.57 2.77 2.53 2.65 2526260.0 77070800.0
54 Aug 11, 2017 2.65 2.84 2.6 2.78 4985580.0 79378900.0
55 Aug 12, 2017 2.77 3.09 2.77 2.96 6900550.0 82886800.0
56 Aug 13, 2017 2.98 2.98 2.69 2.82 4273330.0 89339000.0
57 Aug 14, 2017 2.85 2.9 2.73 2.77 4883460.0 85174300.0
58 Aug 15, 2017 2.78 2.79 2.53 2.61 3388150.0 83217400.0
59 Aug 16, 2017 2.6 2.75 2.5 2.75 3129120.0 77956500.0
60 Aug 17, 2017 2.74 2.83 2.63 2.7 2441650.0 82111500.0
61 Aug 18, 2017 2.69 2.83 2.54 2.6 3111720.0 80576700.0
62 Aug 19, 2017 2.6 2.65 2.47 2.58 2970530.0 77677600.0
63 Aug 20, 2017 2.57 2.66 2.51 2.6 2516270.0 76990700.0
64 Aug 21, 2017 2.57 2.95 2.57 2.72 3867280.0 76899800.0
65 Aug 22, 2017 2.72 2.83 2.45 2.67 2669290.0 81372100.0
66 Aug 23, 2017 2.66 2.75 2.62 2.66 2206580.0 79694700.0
67 Aug 24, 2017 2.66 2.74 2.6 2.71 2396130.0 79504900.0
68 Aug 25, 2017 2.69 2.79 2.55 2.64 1993490.0 80506700.0
69 Aug 26, 2017 2.64 2.76 2.56 2.72 2847010.0 79044100.0
70 Aug 27, 2017 2.73 3.0 2.56 2.99 4833680.0 81577900.0
71 Aug 28, 2017 3.0 3.04 2.85 2.96 3378000.0 89656200.0
72 Aug 29, 2017 2.94 3.26 2.81 3.18 3987800.0 88083900.0
73 Aug 30, 2017 3.18 3.3 3.09 3.17 3915320.0 95170100.0
74 Aug 31, 2017 3.18 3.23 3.11 3.18 2488720.0 95263200.0
75 Sep 01, 2017 3.16 3.28 3.16 3.23 2272360.0 94721700.0
76 Sep 02, 2017 3.24 3.24 2.73 2.85 1526370.0 96919400.0
77 Sep 03, 2017 2.85 2.97 2.7 2.84 1272440.0 85434900.0
78 Sep 04, 2017 2.85 2.85 2.21 2.38 1831740.0 85343600.0
79 Sep 05, 2017 2.4 2.58 2.23 2.52 1601870.0 71927400.0
80 Sep 06, 2017 2.52 2.77 2.5 2.69 1515920.0 75494800.0
81 Sep 07, 2017 2.68 2.77 2.55 2.7 1503880.0 80339200.0
82 Sep 08, 2017 2.7 2.72 2.33 2.44 1249460.0 80816800.0
83 Sep 09, 2017 2.45 2.45 2.31 2.4 639025.0 73328000.0
84 Sep 10, 2017 2.4 2.4 2.19 2.31 1005960.0 71834900.0
85 Sep 11, 2017 2.32 2.5 2.25 2.38 1080540.0 69331700.0
86 Sep 12, 2017 2.44 2.48 2.22 2.32 1835300.0 73061100.0
87 Sep 13, 2017 2.33 2.41 2.0 2.12 1345710.0 69832400.0
88 Sep 14, 2017 2.12 2.27 1.66 1.71 1091670.0 63410900.0
89 Sep 15, 2017 1.73 2.19 1.5 1.95 1489820.0 51875500.0
90 Sep 16, 2017 1.92 2.2 1.79 1.98 1130950.0 57599600.0
91 Sep 17, 2017 1.98 2.07 1.82 1.95 991284.0 59130100.0
92 Sep 18, 2017 1.95 2.38 1.95 2.24 1209200.0 58336000.0
93 Sep 19, 2017 2.24 2.26 2.1 2.13 1031180.0 67025000.0
94 Sep 20, 2017 2.13 2.22 2.09 2.16 783909.0 63744500.0
95 Sep 21, 2017 2.15 2.16 1.91 1.98 752825.0 64444200.0
96 Sep 22, 2017 1.96 2.03 1.91 2.02 833754.0 58801200.0
97 Sep 23, 2017 1.96 2.16 1.94 2.15 874673.0 58800300.0
98 Sep 24, 2017 2.16 2.22 2.07 2.11 658734.0 64745700.0
99 Sep 25, 2017 2.13 2.25 2.11 2.24 603259.0 63875400.0
100 Sep 26, 2017 2.24 2.26 2.15 2.18 955106.0 67158600.0
101 Sep 27, 2017 2.17 2.35 2.17 2.33 706819.0 64906300.0
102 Sep 28, 2017 2.33 2.35 2.27 2.32 879419.0 69778800.0
103 Sep 29, 2017 2.32 2.33 2.15 2.28 1216580.0 69479600.0
104 Sep 30, 2017 2.28 2.4 2.21 2.32 2447150.0 68342300.0
105 Oct 01, 2017 2.31 2.38 2.21 2.34 2128430.0 69267400.0
106 Oct 02, 2017 2.31 2.34 2.19 2.21 1153440.0 69093100.0
107 Oct 03, 2017 2.22 2.23 2.07 2.16 1593020.0 66448300.0
108 Oct 04, 2017 2.17 2.21 2.15 2.21 571837.0 64849800.0
109 Oct 05, 2017 2.21 2.21 2.13 2.18 703998.0 66144500.0
110 Oct 06, 2017 2.18 2.37 2.17 2.28 1260730.0 65340400.0
111 Oct 07, 2017 2.28 2.33 2.25 2.31 1224100.0 68259700.0
112 Oct 08, 2017 2.31 2.33 2.26 2.26 1787620.0 69038200.0
113 Oct 09, 2017 2.26 2.3 2.07 2.2 2280330.0 67653300.0
114 Oct 10, 2017 2.2 2.27 2.17 2.17 696724.0 65911000.0
115 Oct 11, 2017 2.19 2.22 2.17 2.2 776844.0 65472900.0
116 Oct 12, 2017 2.19 2.25 2.17 2.2 760881.0 65693200.0
117 Oct 13, 2017 2.21 2.52 2.11 2.42 1328750.0 66052100.0
118 Oct 14, 2017 2.42 2.47 2.38 2.39 681128.0 72564500.0
119 Oct 15, 2017 2.4 2.42 2.21 2.34 823784.0 71718300.0
120 Oct 16, 2017 2.32 2.42 2.28 2.33 892768.0 69582200.0
121 Oct 17, 2017 2.33 2.35 2.17 2.19 2294300.0 69793000.0
122 Oct 18, 2017 2.19 2.19 2.0 2.14 1583160.0 65516800.0
123 Oct 19, 2017 2.13 2.16 2.08 2.1 1496620.0 63640900.0
124 Oct 20, 2017 2.1 2.18 2.03 2.05 1148670.0 62832500.0
125 Oct 21, 2017 2.05 2.1 1.85 2.02 1005330.0 61267900.0
126 Oct 22, 2017 2.04 2.05 1.93 1.99 1271590.0 60912300.0
127 Oct 23, 2017 1.97 2.02 1.82 1.88 1459900.0 58851600.0
128 Oct 24, 2017 1.87 2.15 1.82 1.97 1901180.0 56106800.0
129 Oct 25, 2017 1.98 2.03 1.93 1.99 1485030.0 59153500.0
130 Oct 26, 2017 1.99 2.01 1.9 1.94 2022500.0 59676900.0
131 Oct 27, 2017 1.92 1.97 1.86 1.92 1320880.0 57335700.0
132 Oct 28, 2017 1.92 1.94 1.86 1.91 1137270.0 57566400.0
133 Oct 29, 2017 1.9 2.1 1.88 1.96 1154460.0 56805700.0
134 Oct 30, 2017 1.96 2.03 1.95 1.99 1090470.0 58707300.0
135 Oct 31, 2017 1.99 2.07 1.94 2.0 990337.0 59423500.0
136 >Nov 01, 201 1.98 2.0 1.87 1.93 1171980.0 59383300.0
137 Nov 02, 2017 1.91 1.92 1.77 1.78 1379960.0 57122100.0
138 Nov 03, 2017 1.78 1.96 1.78 1.93 1324870.0 53365600.0
139 Nov 04, 2017 1.94 2.0 1.88 1.93 1567020.0 57967700.0
140 Nov 05, 2017 1.93 1.96 1.84 1.86 2012750.0 57672300.0
141 Nov 06, 2017 1.88 1.91 1.81 1.85 1586090.0 56279000.0
142 Nov 07, 2017 1.85 1.91 1.82 1.87 1025090.0 55285200.0
143 Nov 08, 2017 1.87 2.02 1.85 1.95 1957250.0 55957700.0
144 Nov 09, 2017 1.95 2.11 1.92 2.03 2044140.0 58296600.0
145 Nov 10, 2017 2.05 2.08 1.83 1.87 1861230.0 61387800.0
146 Nov 11, 2017 1.86 1.96 1.83 1.92 2650010.0 55597700.0
147 Nov 12, 2017 1.93 1.93 1.77 1.81 2634170.0 57627100.0
148 Nov 13, 2017 1.8 2.0 1.8 1.96 2738800.0 54001300.0
149 Nov 14, 2017 1.96 2.04 1.93 2.04 2596440.0 58585200.0
150 Nov 15, 2017 2.02 2.07 1.96 2.02 2464150.0 60372500.0
151 Nov 16, 2017 2.02 2.02 1.91 1.98 2081880.0 60490700.0
152 Nov 17, 2017 2.0 2.01 1.93 1.97 1564790.0 59996500.0
153 Nov 18, 2017 1.96 2.07 1.92 2.06 1545720.0 58522600.0
154 Nov 19, 2017 2.06 2.19 2.04 2.09 1980670.0 61798700.0
155 Nov 20, 2017 2.09 2.18 2.08 2.17 1705110.0 62511200.0
156 Nov 21, 2017 2.18 2.19 2.07 2.12 1940570.0 65183300.0
157 Nov 22, 2017 2.13 2.25 2.12 2.24 1954530.0 63610500.0
158 Nov 23, 2017 2.25 2.46 2.21 2.41 3682080.0 67224900.0
159 Nov 24, 2017 2.41 2.75 2.31 2.73 4389420.0 72054800.0
160 Nov 25, 2017 2.73 2.73 2.6 2.65 3577920.0 81599000.0
161 Nov 26, 2017 2.65 2.88 2.54 2.67 4779860.0 79341700.0
162 Nov 27, 2017 2.66 2.78 2.63 2.68 4448550.0 79757200.0
163 Nov 28, 2017 2.68 2.7 2.58 2.6 3413550.0 80291900.0
164 Nov 29, 2017 2.6 2.88 2.33 2.35 4369150.0 77842400.0
165 Nov 30, 2017 2.37 2.54 2.19 2.45 2397210.0 71079800.0
166 Dec 01, 2017 2.44 2.6 2.31 2.54 2934080.0 73004100.0
167 Dec 02, 2017 2.53 2.64 2.47 2.51 3549220.0 75776500.0
168 Dec 03, 2017 2.5 2.71 2.44 2.56 3197670.0 74956900.0
169 Dec 04, 2017 2.56 2.74 2.48 2.67 3796320.0 76702400.0
170 Dec 05, 2017 2.67 3.1 2.61 2.8 8684160.0 79863500.0
171 Dec 06, 2017 2.81 2.81 2.46 2.5 5482920.0 83958800.0
172 Dec 07, 2017 2.5 2.6 2.4 2.5 5255870.0 74778300.0
173 Dec 08, 2017 2.5 2.74 2.42 2.66 4422620.0 74925700.0
174 Dec 09, 2017 2.66 2.93 2.65 2.72 4901430.0 79679300.0
175 Dec 10, 2017 2.74 2.74 2.49 2.54 2993900.0 82072600.0
176 Dec 11, 2017 2.54 2.98 2.52 2.98 5695280.0 76045500.0
177 Dec 12, 2017 2.98 3.73 2.9 3.65 8958670.0 89303700.0
178 Dec 13, 2017 3.66 4.15 3.38 3.86 9020600.0 109450000.0
179 Dec 14, 2017 3.85 4.11 3.62 3.74 6513150.0 115151000.0
180 Dec 15, 2017 3.77 3.79 3.43 3.69 6491670.0 112883000.0
181 Dec 16, 2017 3.71 3.92 3.69 3.77 4245120.0 110933000.0
182 Dec 17, 2017 3.81 4.13 3.78 4.0 5357790.0 113920000.0
183 Dec 18, 2017 4.01 4.74 3.85 4.73 13199900.0 119971000.0
184 Dec 19, 2017 4.71 5.03 4.55 4.73 10141400.0 140848000.0
185 Dec 20, 2017 4.72 4.72 4.22 4.49 8022840.0 141433000.0
186 Dec 21, 2017 4.5 4.89 4.38 4.54 8224620.0 134698000.0
187 Dec 22, 2017 4.52 4.58 2.87 3.74 5516460.0 135384000.0
188 Dec 23, 2017 3.77 4.43 3.74 3.87 10164900.0 112953000.0
189 Dec 24, 2017 3.91 3.91 3.3 3.81 6153670.0 116949000.0
190 Dec 25, 2017 3.82 5.18 3.8 4.91 28141600.0 114335000.0
191 Dec 26, 2017 4.89 5.24 4.6 4.95 24474500.0 146378000.0
192 Dec 27, 2017 5.0 5.08 4.69 4.96 11689200.0 149536000.0
193 Dec 28, 2017 4.98 5.09 4.39 5.06 18151200.0 148938000.0
194 Dec 29, 2017 5.1 5.56 5.08 5.42 18013400.0 152570000.0
195 Dec 30, 2017 5.42 5.44 4.66 4.92 9956090.0 162157000.0
196 Dec 31, 2017 4.9 5.3 4.83 5.28 7434550.0 146795000.0
197 Jan 01, 2018 5.29 5.42 5.04 5.36 7968180.0 158340000.0
198 Jan 02, 2018 5.36 6.25 5.36 6.01 14395900.0 160580000.0
199 Jan 03, 2018 6.01 6.68 5.83 6.61 11675000.0 179779000.0
200 Jan 04, 2018 6.63 7.49 6.3 7.05 16215600.0 198375000.0
201 Jan 05, 2018 7.02 7.74 6.9 7.16 16267500.0 210018000.0
202 Jan 06, 2018 7.2 7.85 7.04 7.4 11898200.0 215649000.0
203 Jan 07, 2018 7.65 8.46 7.46 8.19 14097700.0 228943000.0
204 Jan 08, 2018 8.44 9.17 7.38 8.65 20321200.0 252471000.0
205 Jan 09, 2018 8.65 10.24 8.58 10.0 22186700.0 259073000.0
206 Jan 10, 2018 10.06 10.65 9.2 9.35 24478900.0 301116000.0
207 Jan 11, 2018 9.39 9.96 8.3 8.45 13715300.0 281156000.0
208 Jan 12, 2018 8.47 9.45 8.23 9.21 8363290.0 253526000.0
209 Jan 13, 2018 9.23 10.42 9.23 10.09 11140400.0 276218000.0
210 Jan 14, 2018 10.07 10.15 9.22 9.74 13120600.0 301691000.0
211 Jan 15, 2018 9.7 9.88 8.79 8.79 13456800.0 290454000.0
212 Jan 16, 2018 8.8 8.84 5.81 6.93 11670400.0 263545000.0
213 Jan 17, 2018 6.91 7.21 5.02 6.69 11429900.0 206716000.0
214 Jan 18, 2018 6.71 7.29 6.32 6.83 8910910.0 200917000.0
215 Jan 19, 2018 6.8 7.31 6.64 6.96 6741280.0 203551000.0
216 Jan 20, 2018 7.03 9.67 7.02 7.82 32620800.0 210363000.0
217 Jan 21, 2018 7.87 7.87 6.88 7.01 9263360.0 235703000.0
218 Jan 22, 2018 7.08 7.51 6.24 6.74 8864110.0 211866000.0
219 Jan 23, 2018 6.76 7.04 6.23 6.75 6955220.0 202286000.0
220 Jan 24, 2018 6.73 7.16 6.53 7.07 6319190.0 201324000.0
221 Jan 25, 2018 7.18 7.53 6.92 7.17 11843100.0 214891000.0
222 Jan 26, 2018 7.13 7.26 6.62 7.08 10578800.0 213573000.0
223 Jan 27, 2018 7.08 7.54 6.93 7.3 22854400.0 211972000.0
224 Jan 28, 2018 7.36 8.17 7.31 8.03 11141900.0 220279000.0
225 >Jan 29, 201 8.01 8.09 7.42 7.57 8017380.0 239619000.0
226 Jan 30, 2018 7.58 7.58 6.63 6.69 7960670.0 226739000.0
227 Jan 31, 2018 6.7 7.02 6.5 6.92 5229000.0 199387000.0
228 Feb 01, 2018 6.92 7.18 6.14 6.43 16943600.0 205947000.0
229 Feb 02, 2018 6.41 6.41 4.76 5.81 15758600.0 208425000.0
230 Feb 03, 2018 5.83 6.26 5.32 6.06 7297230.0 190654000.0
231 Feb 04, 2018 6.07 6.12 4.98 5.21 8342590.0 198100000.0
232 Feb 05, 2018 5.16 5.31 3.89 4.17 10330700.0 172012000.0
233 Feb 06, 2018 4.19 4.79 3.42 4.78 9932820.0 142043000.0
234 Feb 07, 2018 4.76 5.2 4.37 4.58 7140200.0 189177000.0
235 Feb 08, 2018 4.57 5.14 4.57 4.89 7021540.0 177915000.0
236 Feb 09, 2018 4.91 5.34 4.71 5.34 7438740.0 191361000.0
237 Feb 10, 2018 5.34 5.56 4.98 5.16 7705840.0 212598000.0
238 Feb 11, 2018 5.16 5.16 4.69 4.89 4394220.0 209134000.0
239 Feb 12, 2018 4.91 5.24 4.91 5.16 4348820.0 190395000.0
240 Feb 13, 2018 5.17 5.22 4.91 5.0 9288810.0 200226000.0
241 Feb 14, 2018 4.99 5.49 4.98 5.47 6093060.0 193200000.0
242 Feb 15, 2018 5.48 5.67 5.4 5.54 4539380.0 212012000.0
243 Feb 16, 2018 5.54 5.63 5.38 5.59 4204030.0 214385000.0
244 Feb 17, 2018 5.59 5.9 5.55 5.9 7018130.0 216448000.0
245 Feb 18, 2018 5.9 6.53 5.44 5.47 22189100.0 229658000.0
246 Feb 19, 2018 5.44 5.74 5.44 5.63 5679900.0 212728000.0
247 Feb 20, 2018 5.64 5.75 5.25 5.3 8803870.0 220627000.0
248 Feb 21, 2018 5.3 5.42 4.89 5.01 6416960.0 207443000.0
249 Feb 22, 2018 5.02 5.21 4.7 4.78 4642030.0 196351000.0
250 Feb 23, 2018 4.77 5.18 4.67 5.04 4480830.0 186495000.0
251 Feb 24, 2018 5.03 5.13 4.72 4.83 4331290.0 196598000.0
252 Feb 25, 2018 4.83 4.95 4.75 4.89 3705220.0 188917000.0
253 Feb 26, 2018 4.9 5.07 4.84 5.05 5681650.0 191697000.0
254 Feb 27, 2018 5.05 5.22 5.0 5.09 5586980.0 197796000.0
255 Feb 28, 2018 5.08 5.2 4.82 4.84 7993500.0 199805000.0
256 Mar 01, 2018 4.84 5.13 4.81 5.06 7657490.0 189384000.0
257 Mar 02, 2018 5.06 5.09 4.94 4.98 7102660.0 199265000.0
258 Mar 03, 2018 4.99 5.07 4.93 4.96 7420780.0 196502000.0
259 Mar 04, 2018 4.96 5.01 4.86 5.0 5103170.0 195513000.0
260 Mar 05, 2018 5.0 5.05 4.9 4.9 6577140.0 196929000.0
261 Mar 06, 2018 4.89 4.89 4.62 4.7 5732700.0 192406000.0
262 Mar 07, 2018 4.7 4.75 4.14 4.22 6757670.0 184742000.0
263 Mar 08, 2018 4.22 4.32 3.93 3.96 5435600.0 164896000.0
264 Mar 09, 2018 3.95 4.06 3.61 4.05 5327570.0 154546000.0
265 Mar 10, 2018 4.04 4.14 3.78 3.8 3019420.0 157508000.0
266 Mar 11, 2018 3.8 4.06 3.71 3.98 5110830.0 148267000.0
267 Mar 12, 2018 3.98 4.12 3.73 3.83 6402490.0 157846000.0
268 Mar 13, 2018 3.84 3.93 3.72 3.76 4927140.0 152342000.0
269 Mar 14, 2018 3.76 3.83 3.25 3.33 4115390.0 151418000.0
270 Mar 15, 2018 3.34 3.36 3.12 3.29 4492260.0 134128000.0
271 Mar 16, 2018 3.28 3.36 3.15 3.24 4696370.0 131739000.0
272 Mar 17, 2018 3.23 3.28 2.97 2.99 3134330.0 130041000.0
273 Mar 18, 2018 2.99 3.0 2.47 2.9 5820200.0 119861000.0
274 Mar 19, 2018 2.88 3.01 2.77 3.0 6970000.0 115618000.0
275 Mar 20, 2018 3.02 3.08 2.82 3.03 7161360.0 122681000.0
276 Mar 21, 2018 3.05 3.21 3.01 3.1 9267060.0 123529000.0
277 Mar 22, 2018 3.1 3.21 2.88 3.0 7062780.0 126134000.0
278 Mar 23, 2018 3.0 3.07 2.84 3.05 10059900.0 121792000.0
279 Mar 24, 2018 3.07 3.12 2.97 2.98 6911570.0 125252000.0
280 Mar 25, 2018 2.95 3.02 2.9 2.95 5884440.0 120098000.0
281 Mar 26, 2018 2.95 2.96 2.6 2.72 4557760.0 119986000.0
282 Mar 27, 2018 2.71 2.73 2.5 2.51 6865390.0 113373000.0
