0 Jul 25, 2017 0.12 0.12 0.1 0.1 145269.0 11520300.0
1 Jul 26, 2017 0.1 0.11 0.1 0.1 200395.0 10589300.0
2 Jul 27, 2017 0.1 0.11 0.1 0.11 344499.0 10510800.0
3 Jul 28, 2017 0.11 0.11 0.1 0.1 342568.0 10763200.0
4 Jul 29, 2017 0.1 0.11 0.1 0.11 340218.0 10478200.0
5 Jul 30, 2017 0.11 0.11 0.1 0.11 224261.0 10793500.0
6 Jul 31, 2017 0.11 0.11 0.1 0.1 240309.0 10682800.0
7 Aug 01, 2017 0.1 0.11 0.1 0.1 300413.0 10459500.0
8 Aug 02, 2017 0.1 0.1 0.1 0.1 256793.0 9972120.0
9 Aug 03, 2017 0.1 0.11 0.1 0.11 293008.0 10032800.0
10 Aug 04, 2017 0.11 0.11 0.1 0.11 287621.0 10668500.0
11 Aug 05, 2017 0.11 0.14 0.11 0.13 542878.0 10741800.0
12 Aug 06, 2017 0.13 0.13 0.13 0.13 393681.0 12929200.0
13 Aug 07, 2017 0.13 0.15 0.13 0.15 748177.0 13395800.0
14 Aug 08, 2017 0.15 0.23 0.15 0.22 2617340.0 14899800.0
15 Aug 09, 2017 0.22 0.26 0.22 0.24 3075320.0 22474800.0
16 Aug 10, 2017 0.25 0.35 0.24 0.35 4118070.0 25182700.0
17 Aug 11, 2017 0.35 0.41 0.31 0.39 4413920.0 34878500.0
18 Aug 12, 2017 0.39 0.47 0.34 0.45 5080760.0 39219300.0
19 Aug 13, 2017 0.45 1.02 0.45 0.88 13852100.0 44599000.0
20 Aug 14, 2017 0.87 1.46 0.73 1.29 51698100.0 87291800.0
21 Aug 15, 2017 1.33 1.38 0.92 1.06 19824400.0 132709000.0
22 Aug 16, 2017 1.12 1.45 1.08 1.44 31363100.0 111969000.0
23 >Aug 17, 201 1.44 2.11 1.32 1.97 61296500.0 143697000.0
24 Aug 18, 2017 1.93 2.75 1.89 2.38 69048000.0 192519000.0
25 Aug 19, 2017 2.33 2.33 1.82 2.09 43391300.0 233440000.0
26 Aug 20, 2017 2.11 2.69 2.08 2.5 65350400.0 210821000.0
27 Aug 21, 2017 2.43 2.91 2.43 2.7 72000600.0 243075000.0
28 Aug 22, 2017 2.72 2.72 2.22 2.48 52091300.0 272445000.0
29 Aug 23, 2017 2.47 2.96 2.47 2.58 64925100.0 247397000.0
30 Aug 24, 2017 2.63 2.66 2.28 2.38 45080400.0 262736000.0
31 Aug 25, 2017 2.39 2.73 2.39 2.5 49977600.0 239057000.0
32 Aug 26, 2017 2.53 2.54 1.96 2.17 26690700.0 253038000.0
33 Aug 27, 2017 2.18 2.31 1.86 2.0 17214900.0 217997000.0
34 Aug 28, 2017 2.02 2.17 1.96 2.04 15413900.0 202149000.0
35 Aug 29, 2017 2.11 2.33 1.99 2.33 20372000.0 210625000.0
36 Aug 30, 2017 2.28 2.37 2.09 2.35 24830000.0 228194000.0
37 Aug 31, 2017 2.33 2.41 2.2 2.2 20214800.0 232823000.0
38 Sep 01, 2017 2.2 2.39 2.12 2.38 20990700.0 220169000.0
39 Sep 02, 2017 2.5 2.85 1.72 1.99 22995400.0 250000000.0
40 Sep 03, 2017 1.93 2.02 1.42 1.57 11662000.0 192548000.0
41 Sep 04, 2017 1.58 1.58 0.61 1.05 20075100.0 157665000.0
42 Sep 05, 2017 1.03 1.12 0.74 0.97 9453770.0 103251000.0
43 Sep 06, 2017 0.99 1.17 0.73 1.09 14279400.0 99052100.0
44 Sep 07, 2017 1.03 1.51 0.96 1.37 15442300.0 103434000.0
45 Sep 08, 2017 1.4 1.4 0.95 1.01 9872850.0 139804000.0
46 Sep 09, 2017 1.01 1.03 0.86 0.99 4011510.0 100920000.0
47 Sep 10, 2017 0.98 1.0 0.85 0.94 3257430.0 98207800.0
48 Sep 11, 2017 0.95 1.1 0.9 1.02 5167180.0 94918600.0
49 Sep 12, 2017 1.03 1.21 0.99 1.03 7213490.0 103348000.0
50 Sep 13, 2017 1.04 1.04 0.88 0.94 2780700.0 104290000.0
51 Sep 14, 2017 0.94 0.95 0.67 0.68 3134360.0 93787000.0
52 Sep 15, 2017 0.68 0.85 0.53 0.8 4625680.0 68330500.0
53 Sep 16, 2017 0.81 0.93 0.75 0.8 2829570.0 80805600.0
54 Sep 17, 2017 0.8 0.81 0.73 0.79 1273640.0 80342300.0
55 Sep 18, 2017 0.79 0.94 0.79 0.91 3717860.0 78956500.0
56 Sep 19, 2017 0.91 0.91 0.79 0.8 2888420.0 90739800.0
57 Sep 20, 2017 0.81 0.82 0.74 0.75 2536950.0 81503200.0
58 Sep 21, 2017 0.76 0.78 0.68 0.7 2238040.0 76401300.0
59 Sep 22, 2017 0.7 0.74 0.68 0.71 2099500.0 69887100.0
60 Sep 23, 2017 0.72 0.78 0.71 0.77 2276080.0 71719600.0
61 Sep 24, 2017 0.78 0.79 0.74 0.78 2402720.0 77580400.0
62 Sep 25, 2017 0.78 0.94 0.77 0.92 3695220.0 78424400.0
63 Sep 26, 2017 0.92 0.94 0.86 0.86 3460160.0 91892200.0
64 Sep 27, 2017 0.85 1.2 0.85 1.14 8394020.0 85569800.0
65 Sep 28, 2017 1.15 1.43 1.15 1.38 13944300.0 114843000.0
66 Sep 29, 2017 1.37 1.37 1.14 1.27 8474270.0 136698000.0
67 Sep 30, 2017 1.27 1.31 1.23 1.28 6194570.0 127000000.0
68 Oct 01, 2017 1.28 1.53 1.26 1.53 9043600.0 128418000.0
69 Oct 02, 2017 1.53 1.98 1.51 1.96 19367700.0 152662000.0
70 Oct 03, 2017 1.97 2.03 1.67 1.82 14411500.0 196783000.0
71 Oct 04, 2017 1.85 1.86 1.52 1.6 7227750.0 185150000.0
72 Oct 05, 2017 1.63 1.74 1.42 1.68 7503500.0 163499000.0
73 Oct 06, 2017 1.68 1.71 1.53 1.58 6076260.0 167731000.0
74 Oct 07, 2017 1.6 1.6 1.5 1.58 5578780.0 160526000.0
75 Oct 08, 2017 1.58 1.6 1.22 1.22 4515300.0 157618000.0
76 Oct 09, 2017 1.21 1.58 1.21 1.4 9667100.0 120771000.0
77 Oct 10, 2017 1.43 1.47 1.34 1.39 6912770.0 143107000.0
78 Oct 11, 2017 1.4 1.46 1.38 1.43 6123140.0 139944000.0
79 Oct 12, 2017 1.43 1.44 1.28 1.34 5275850.0 142996000.0
80 Oct 13, 2017 1.34 1.51 1.18 1.44 5705760.0 133651000.0
81 Oct 14, 2017 1.47 1.54 1.41 1.54 3355060.0 146932000.0
82 Oct 15, 2017 1.5 1.68 1.41 1.56 5987930.0 149513000.0
83 Oct 16, 2017 1.55 1.6 1.39 1.44 2960330.0 155599000.0
84 Oct 17, 2017 1.44 1.47 1.36 1.39 1744390.0 143768000.0
85 Oct 18, 2017 1.39 1.42 1.21 1.33 2311140.0 139351000.0
86 Oct 19, 2017 1.33 1.35 1.25 1.28 1791220.0 132868000.0
87 Oct 20, 2017 1.28 1.37 1.22 1.24 1703230.0 128326000.0
88 Oct 21, 2017 1.24 1.27 1.17 1.25 1331640.0 122515000.0
89 Oct 22, 2017 1.25 1.3 1.18 1.21 1631220.0 124292000.0
90 Oct 23, 2017 1.23 1.28 1.1 1.18 2355560.0 121922000.0
91 Oct 24, 2017 1.18 1.38 1.14 1.25 4833390.0 116532000.0
92 Oct 25, 2017 1.24 1.27 1.17 1.25 2288360.0 123115000.0
93 Oct 26, 2017 1.26 1.26 1.1 1.21 2400010.0 124854000.0
94 Oct 27, 2017 1.21 1.22 1.11 1.17 2067650.0 119683000.0
95 Oct 28, 2017 1.18 1.2 1.14 1.15 1495260.0 116928000.0
96 Oct 29, 2017 1.18 1.26 1.16 1.24 1969690.0 116675000.0
97 Oct 30, 2017 1.23 1.36 1.2 1.31 2437230.0 122120000.0
98 Oct 31, 2017 1.33 1.41 1.27 1.31 3397150.0 132278000.0
99 Nov 01, 2017 1.33 1.33 1.22 1.26 2118920.0 132200000.0
100 Nov 02, 2017 1.26 1.37 1.2 1.3 3550520.0 124783000.0
101 Nov 03, 2017 1.29 1.48 1.29 1.46 3201070.0 128180000.0
102 Nov 04, 2017 1.46 1.7 1.4 1.64 4685320.0 144162000.0
103 Nov 05, 2017 1.64 1.64 1.46 1.52 2681150.0 162105000.0
104 Nov 06, 2017 1.53 1.67 1.48 1.57 5042750.0 151372000.0
105 Nov 07, 2017 1.57 1.82 1.55 1.81 9469500.0 155362000.0
106 Nov 08, 2017 1.8 2.06 1.78 2.03 18796200.0 178133000.0
107 Nov 09, 2017 2.05 2.17 1.89 1.99 19192200.0 203289000.0
108 Nov 10, 2017 2.01 2.07 1.64 1.8 11155000.0 198793000.0
109 Nov 11, 2017 1.79 1.92 1.61 1.67 8178150.0 176866000.0
110 Nov 12, 2017 1.67 1.67 1.46 1.52 15298700.0 165243000.0
111 Nov 13, 2017 1.53 1.74 1.52 1.69 12238800.0 151096000.0
112 Nov 14, 2017 1.69 1.74 1.57 1.59 7829600.0 167262000.0
113 Nov 15, 2017 1.59 1.62 1.5 1.53 7615500.0 157212000.0
114 Nov 16, 2017 1.56 1.68 1.54 1.58 8928640.0 154085000.0
115 Nov 17, 2017 1.58 1.58 1.5 1.51 8508840.0 156447000.0
116 Nov 18, 2017 1.51 1.68 1.5 1.67 32167300.0 149646000.0
117 Nov 19, 2017 1.67 1.7 1.57 1.61 38081700.0 165686000.0
118 Nov 20, 2017 1.63 1.66 1.55 1.62 12994500.0 160956000.0
119 Nov 21, 2017 1.66 1.66 1.55 1.57 5440790.0 164182000.0
120 Nov 22, 2017 1.59 1.62 1.56 1.61 7177000.0 157481000.0
121 Nov 23, 2017 1.61 1.62 1.54 1.55 8392640.0 159472000.0
122 Nov 24, 2017 1.57 1.82 1.55 1.72 12155400.0 155406000.0
123 Nov 25, 2017 1.72 1.96 1.69 1.87 12839900.0 170004000.0
124 Nov 26, 2017 1.89 1.94 1.83 1.85 9056850.0 187606000.0
125 Nov 27, 2017 1.87 1.95 1.79 1.94 22826600.0 185239000.0
126 Nov 28, 2017 1.96 1.96 1.87 1.92 36377700.0 193953000.0
127 Nov 29, 2017 1.92 2.05 1.68 1.75 43765500.0 190537000.0
128 Nov 30, 2017 1.76 2.05 1.76 2.0 31559500.0 174407000.0
129 Dec 01, 2017 2.0 2.14 1.92 2.07 28867200.0 197726000.0
130 Dec 02, 2017 2.08 2.12 2.0 2.08 24332700.0 205658000.0
131 Dec 03, 2017 2.08 2.38 2.05 2.23 35163500.0 206485000.0
132 Dec 04, 2017 2.26 2.58 2.26 2.49 41226200.0 223583000.0
133 Dec 05, 2017 2.5 2.73 2.5 2.6 49190000.0 247714000.0
134 Dec 06, 2017 2.58 2.78 2.35 2.59 41731500.0 255499000.0
135 Dec 07, 2017 2.55 2.91 2.49 2.78 28297900.0 252426000.0
136 Dec 08, 2017 2.77 2.87 2.26 2.83 38648500.0 273882000.0
137 Dec 09, 2017 2.83 2.87 2.33 2.61 27217000.0 279816000.0
138 Dec 10, 2017 2.66 2.69 2.21 2.48 19258500.0 263510000.0
139 Dec 11, 2017 2.51 2.82 2.5 2.71 19427000.0 248824000.0
140 Dec 12, 2017 2.73 2.78 2.61 2.68 24523200.0 269956000.0
141 Dec 13, 2017 2.69 2.88 2.57 2.78 28429500.0 266059000.0
142 Dec 14, 2017 2.77 3.16 2.77 3.16 40335300.0 274609000.0
143 Dec 15, 2017 3.16 4.41 3.14 4.0 52745900.0 312557000.0
144 Dec 16, 2017 4.17 4.72 3.92 4.66 54002400.0 412737000.0
145 Dec 17, 2017 4.67 6.75 4.67 5.76 98159600.0 462330000.0
146 Dec 18, 2017 5.79 6.22 5.28 5.62 66623700.0 573529000.0
147 Dec 19, 2017 5.65 6.54 5.58 5.79 66695200.0 559132000.0
148 Dec 20, 2017 5.79 5.79 4.93 5.18 47866900.0 573156000.0
149 Dec 21, 2017 5.18 5.7 4.81 5.18 46905500.0 513379000.0
150 Dec 22, 2017 5.21 5.21 3.51 4.34 36672600.0 515413000.0
151 Dec 23, 2017 4.39 5.13 4.31 4.84 32930300.0 435162000.0
152 Dec 24, 2017 4.74 5.29 4.2 5.29 43676900.0 469508000.0
153 Dec 25, 2017 5.31 6.96 5.25 6.56 66374400.0 525624000.0
154 Dec 26, 2017 6.56 10.62 6.5 9.03 167813000.0 649460000.0
155 Dec 27, 2017 9.25 11.3 8.49 10.1 167808000.0 916302000.0
156 Dec 28, 2017 10.12 10.19 8.15 9.32 109298000.0 1002640000.0
157 Dec 29, 2017 9.32 9.53 8.54 8.81 70849400.0 922674000.0
158 Dec 30, 2017 8.71 8.76 7.19 7.84 72933900.0 862785000.0
159 Dec 31, 2017 7.76 8.84 7.71 8.63 74927900.0 768676000.0
160 Jan 01, 2018 8.63 8.7 7.96 8.41 66422800.0 854444000.0
161 Jan 02, 2018 8.46 9.12 8.22 8.84 104789000.0 837431000.0
162 Jan 03, 2018 8.77 9.58 8.53 9.54 108852000.0 868367000.0
163 Jan 04, 2018 9.45 9.54 8.85 9.21 158819000.0 935270000.0
164 Jan 05, 2018 9.14 16.71 9.09 14.91 341505000.0 905550000.0
165 Jan 06, 2018 14.86 23.5 14.82 22.75 637021000.0 1472230000.0
166 Jan 07, 2018 22.76 22.76 18.24 18.65 258050000.0 2254460000.0
167 Jan 08, 2018 18.64 19.21 15.34 18.26 296618000.0 1846270000.0
168 Jan 09, 2018 18.17 20.32 16.8 17.41 194750000.0 1799480000.0
169 Jan 10, 2018 17.7 17.7 15.17 17.39 146582000.0 1753330000.0
170 Jan 11, 2018 17.56 23.15 15.28 21.04 389228000.0 1739340000.0
171 Jan 12, 2018 21.47 24.91 19.93 22.31 387538000.0 2126410000.0
172 Jan 13, 2018 22.34 23.66 21.37 22.17 181676000.0 2212490000.0
173 Jan 14, 2018 22.25 22.25 19.13 20.77 129239000.0 2203410000.0
174 Jan 15, 2018 20.8 23.6 19.33 19.56 244154000.0 2059530000.0
175 Jan 16, 2018 19.63 19.63 10.43 13.89 399951000.0 1944040000.0
176 Jan 17, 2018 13.62 15.53 9.65 14.2 299411000.0 1348860000.0
177 Jan 18, 2018 14.25 15.95 13.51 14.28 204899000.0 1411010000.0
178 Jan 19, 2018 14.31 15.63 13.98 14.94 139882000.0 1416950000.0
179 Jan 20, 2018 15.03 16.65 15.03 16.19 156745000.0 1488590000.0
180 Jan 21, 2018 16.24 16.24 13.35 14.06 141562000.0 1608870000.0
181 Jan 22, 2018 14.19 14.45 11.91 13.01 138026000.0 1405870000.0
182 Jan 23, 2018 13.0 13.96 11.78 13.09 91706200.0 1287330000.0
183 Jan 24, 2018 13.19 14.19 12.78 13.62 105736000.0 1306050000.0
184 Jan 25, 2018 13.76 14.13 13.06 13.22 105648000.0 1362480000.0
185 Jan 26, 2018 13.21 13.59 12.29 13.21 113429000.0 1308060000.0
186 Jan 27, 2018 13.23 13.44 12.89 13.25 84009400.0 1310270000.0
187 Jan 28, 2018 13.3 13.81 13.2 13.54 93871100.0 1317060000.0
188 >Jan 29, 201 13.54 13.67 12.67 12.76 71294300.0 1341190000.0
189 Jan 30, 2018 12.77 12.77 11.05 11.25 59389600.0 1264770000.0
190 Jan 31, 2018 11.26 11.41 10.56 11.14 50435000.0 1115720000.0
191 Feb 01, 2018 11.17 11.39 8.71 9.52 82984200.0 1106810000.0
192 Feb 02, 2018 9.41 10.45 7.22 9.65 91468200.0 931520000.0
193 Feb 03, 2018 9.7 10.27 8.61 9.75 56556200.0 960106000.0
194 Feb 04, 2018 9.74 9.74 8.1 8.46 49990000.0 964955000.0
195 Feb 05, 2018 8.43 8.55 6.13 6.71 55276900.0 834443000.0
196 Feb 06, 2018 6.81 8.55 5.59 8.29 97189900.0 673916000.0
197 Feb 07, 2018 8.31 9.22 7.35 8.1 77970300.0 823329000.0
198 Feb 08, 2018 8.09 8.72 8.09 8.6 82496000.0 801392000.0
199 Feb 09, 2018 8.61 9.89 8.34 9.73 9284.19 852180000.0
200 Feb 10, 2018 9.73 10.36 8.85 9.26 80123200.0 963676000.0
201 Feb 11, 2018 9.2 9.35 8.14 8.7 68554600.0 911015000.0
202 Feb 12, 2018 8.71 9.4 8.71 9.32 50792600.0 862556000.0
203 Feb 13, 2018 9.32 9.35 8.77 8.99 41593400.0 922580000.0
204 Feb 14, 2018 9.02 10.64 8.99 10.4 68781600.0 892701000.0
205 Feb 15, 2018 10.39 11.28 10.1 10.93 108962000.0 1028830000.0
206 Feb 16, 2018 10.91 11.2 10.42 11.2 71131800.0 1080730000.0
207 Feb 17, 2018 11.07 11.87 10.95 11.68 76093500.0 1096730000.0
208 Feb 18, 2018 11.69 11.7 10.68 10.7 62044700.0 1157730000.0
209 Feb 19, 2018 10.66 11.19 10.65 11.07 54898800.0 1056160000.0
210 Feb 20, 2018 11.09 11.19 9.79 9.9 66512400.0 1098200000.0
211 Feb 21, 2018 9.88 10.19 9.15 9.38 55087600.0 978027000.0
212 Feb 22, 2018 9.4 9.81 8.71 8.9 47216100.0 931201000.0
213 Feb 23, 2018 8.87 9.73 8.66 9.69 53626800.0 878591000.0
214 Feb 24, 2018 9.69 9.84 8.78 9.14 48709200.0 959200000.0
215 Feb 25, 2018 9.15 9.49 8.94 9.35 43814500.0 906299000.0
216 Feb 26, 2018 9.37 10.06 9.13 9.9 53540300.0 927688000.0
217 Feb 27, 2018 9.96 11.09 9.82 10.65 97184400.0 986727000.0
218 Feb 28, 2018 10.69 11.18 10.39 10.43 69036400.0 1058940000.0
219 Mar 01, 2018 10.44 10.67 10.32 10.5 72474200.0 1034520000.0
220 Mar 02, 2018 10.45 10.54 10.14 10.22 46449100.0 1035380000.0
221 Mar 03, 2018 10.28 10.44 10.12 10.21 40001900.0 1018430000.0
222 Mar 04, 2018 10.2 10.38 9.9 10.34 37886900.0 1010660000.0
223 Mar 05, 2018 10.4 10.43 10.1 10.11 38605100.0 1030130000.0
224 Mar 06, 2018 10.15 10.15 9.15 9.38 38182600.0 1005470000.0
225 Mar 07, 2018 9.39 10.12 8.24 9.03 79740800.0 930265000.0
226 Mar 08, 2018 9.04 9.14 8.12 8.31 48535100.0 894659000.0
227 Mar 09, 2018 8.26 8.33 7.17 8.31 46893300.0 817991000.0
228 Mar 10, 2018 8.27 8.35 7.63 7.67 41645000.0 818561000.0
229 Mar 11, 2018 7.65 8.42 7.38 8.27 45451700.0 757333000.0
230 Mar 12, 2018 8.3 8.55 7.74 8.04 51188100.0 821728000.0
231 Mar 13, 2018 8.0 11.0 7.9 10.11 216111000.0 792009000.0
232 Mar 14, 2018 10.13 10.67 8.55 8.96 124112000.0 1003010000.0
233 Mar 15, 2018 8.94 9.4 8.42 9.1 104531000.0 885637000.0
234 Mar 16, 2018 9.13 9.39 8.64 9.11 97626000.0 904246000.0
235 Mar 17, 2018 9.2 9.5 8.66 8.99 94679900.0 910826000.0
236 Mar 18, 2018 8.96 8.96 7.86 8.95 94840300.0 886910000.0
237 Mar 19, 2018 9.09 9.26 8.5 8.99 97938900.0 900038000.0
238 Mar 20, 2018 8.99 9.24 8.65 9.16 96919500.0 889857000.0
239 Mar 21, 2018 9.17 10.29 9.08 9.98 131761000.0 907616000.0
240 Mar 22, 2018 10.02 10.9 9.57 10.06 112305000.0 992959000.0
241 Mar 23, 2018 10.04 11.97 9.54 11.73 157246000.0 995067000.0
242 Mar 24, 2018 11.7 14.83 11.6 13.08 255358000.0 1159060000.0
243 Mar 25, 2018 13.13 14.23 12.56 12.78 189518000.0 1300570000.0
244 Mar 26, 2018 12.91 12.91 10.95 12.06 132353000.0 1278620000.0
245 Mar 27, 2018 12.11 12.23 10.87 11.5 102579000.0 1199940000.0
