0 Jul 21, 2014 0.01 0.01 0.01 0.01 19494.1 26424000.0
1 Jul 22, 2014 0.01 0.01 0.01 0.01 512931.0 27139200.0
2 Jul 23, 2014 0.01 0.01 0.01 0.01 118097.0 20332900.0
3 Jul 24, 2014 0.01 0.01 0.01 0.01 61327.2 20045100.0
4 Jul 25, 2014 0.01 0.01 0.01 0.01 75917.5 19844100.0
5 Jul 26, 2014 0.01 0.01 0.01 0.01 44231.0 18430000.0
6 Jul 27, 2014 0.01 0.01 0.01 0.01 91448.9 18052700.0
7 Jul 28, 2014 0.01 0.01 0.01 0.01 134367.0 16313300.0
8 Jul 29, 2014 0.01 0.01 0.01 0.01 58717.9 15776500.0
9 Jul 30, 2014 0.01 0.01 0.01 0.01 136156.0 16256700.0
10 Jul 31, 2014 0.01 0.01 0.01 0.01 285239.0 17940500.0
11 Aug 01, 2014 0.01 0.01 0.01 0.01 136484.0 19817800.0
12 Aug 02, 2014 0.01 0.01 0.01 0.01 150361.0 19127400.0
13 Aug 03, 2014 0.01 0.01 0.01 0.01 63111.7 19868500.0
14 Aug 04, 2014 0.01 0.01 0.01 0.01 47870.1 19053400.0
15 Aug 05, 2014 0.01 0.01 0.01 0.01 38932.0 18790300.0
16 Aug 06, 2014 0.01 0.01 0.01 0.01 85162.8 19166600.0
17 Aug 07, 2014 0.01 0.01 0.01 0.01 44282.6 17943600.0
18 Aug 08, 2014 0.01 0.01 0.01 0.01 76293.3 18232300.0
19 Aug 09, 2014 0.01 0.01 0.01 0.01 90670.9 18127200.0
20 Aug 10, 2014 0.01 0.01 0.01 0.01 22719.0 17813000.0
21 Aug 11, 2014 0.01 0.01 0.01 0.01 63217.5 18321700.0
22 Aug 12, 2014 0.01 0.01 0.01 0.01 77488.3 17493300.0
23 Aug 13, 2014 0.01 0.01 0.01 0.01 51402.7 17196100.0
24 Aug 14, 2014 0.01 0.01 0.01 0.01 85846.2 17157600.0
25 Aug 15, 2014 0.01 0.01 0.01 0.01 62625.0 16660100.0
26 Aug 16, 2014 0.01 0.01 0.01 0.01 266280.0 17579000.0
27 Aug 17, 2014 0.01 0.01 0.01 0.01 197538.0 21996700.0
28 Aug 18, 2014 0.01 0.01 0.01 0.01 180548.0 20984200.0
29 Aug 19, 2014 0.01 0.01 0.01 0.01 157043.0 20258300.0
30 Aug 20, 2014 0.01 0.01 0.01 0.01 501478.0 21566200.0
31 Aug 21, 2014 0.01 0.02 0.01 0.02 1180700.0 29952200.0
32 Aug 22, 2014 0.02 0.03 0.02 0.03 2466200.0 40829900.0
33 Aug 23, 2014 0.03 0.03 0.02 0.02 942424.0 56266800.0
34 Aug 24, 2014 0.02 0.03 0.02 0.03 863625.0 49748500.0
35 Aug 25, 2014 0.03 0.05 0.03 0.05 4020070.0 61726500.0
36 Aug 26, 2014 0.05 0.06 0.03 0.04 4565800.0 93603800.0
37 Aug 27, 2014 0.04 0.04 0.03 0.04 1375400.0 76809900.0
38 Aug 28, 2014 0.04 0.04 0.03 0.03 1403300.0 79359100.0
39 Aug 29, 2014 0.03 0.03 0.02 0.03 1868650.0 61987600.0
40 Aug 30, 2014 0.03 0.03 0.02 0.03 1464530.0 52359400.0
41 Aug 31, 2014 0.03 0.03 0.03 0.03 1609340.0 62935800.0
42 >Sep 01, 201 0.03 0.03 0.03 0.03 872095.0 60465800.0
43 Sep 02, 2014 0.03 0.03 0.03 0.03 360456.0 56871800.0
44 Sep 03, 2014 0.03 0.03 0.03 0.03 1037950.0 55724400.0
45 Sep 04, 2014 0.03 0.03 0.03 0.03 1023930.0 65235400.0
46 Sep 05, 2014 0.03 0.03 0.03 0.03 385088.0 62127500.0
47 Sep 06, 2014 0.03 0.03 0.03 0.03 619410.0 64871100.0
48 Sep 07, 2014 0.03 0.03 0.03 0.03 266494.0 65514900.0
49 Sep 08, 2014 0.03 0.04 0.03 0.04 1432860.0 65323900.0
50 Sep 09, 2014 0.04 0.04 0.04 0.04 1356040.0 77104300.0
51 Sep 10, 2014 0.04 0.04 0.04 0.04 908080.0 74122700.0
52 Sep 11, 2014 0.04 0.04 0.04 0.04 908739.0 80527700.0
53 Sep 12, 2014 0.04 0.04 0.04 0.04 456189.0 78435400.0
54 Sep 13, 2014 0.04 0.04 0.04 0.04 704233.0 77143400.0
55 Sep 14, 2014 0.04 0.04 0.04 0.04 886013.0 74852800.0
56 Sep 15, 2014 0.04 0.04 0.03 0.03 891488.0 73774500.0
57 Sep 16, 2014 0.03 0.04 0.03 0.03 1019800.0 66856100.0
58 Sep 17, 2014 0.03 0.03 0.03 0.03 708696.0 68093000.0
59 Sep 18, 2014 0.03 0.03 0.03 0.03 504952.0 62698800.0
60 Sep 19, 2014 0.03 0.03 0.03 0.03 539520.0 62212000.0
61 Sep 20, 2014 0.03 0.03 0.03 0.03 567017.0 59945100.0
62 Sep 21, 2014 0.03 0.03 0.03 0.03 270648.0 62440000.0
63 Sep 22, 2014 0.03 0.03 0.03 0.03 121298.0 60062900.0
64 Sep 23, 2014 0.03 0.03 0.03 0.03 403715.0 61292400.0
65 Sep 24, 2014 0.03 0.03 0.03 0.03 218822.0 64019900.0
66 Sep 25, 2014 0.03 0.03 0.03 0.03 166740.0 61293200.0
67 Sep 26, 2014 0.03 0.03 0.03 0.03 1211990.0 61551400.0
68 Sep 27, 2014 0.03 0.04 0.03 0.03 520848.0 67824400.0
69 Sep 28, 2014 0.03 0.03 0.03 0.03 360587.0 67826600.0
70 Sep 29, 2014 0.03 0.03 0.03 0.03 259268.0 63481300.0
71 Sep 30, 2014 0.03 0.03 0.03 0.03 268646.0 62007800.0
72 Oct 01, 2014 0.03 0.03 0.03 0.03 183853.0 65755000.0
73 Oct 02, 2014 0.03 0.03 0.03 0.03 87025.8 64665200.0
74 Oct 03, 2014 0.03 0.03 0.03 0.03 111488.0 62816900.0
75 Oct 04, 2014 0.03 0.03 0.03 0.03 252982.0 63525900.0
76 Oct 05, 2014 0.03 0.03 0.03 0.03 337712.0 59933300.0
77 Oct 06, 2014 0.03 0.03 0.03 0.03 253555.0 58324600.0
78 Oct 07, 2014 0.03 0.03 0.03 0.03 196917.0 57876600.0
79 Oct 08, 2014 0.03 0.03 0.03 0.03 214919.0 56544500.0
80 Oct 09, 2014 0.03 0.03 0.03 0.03 231151.0 57396900.0
81 Oct 10, 2014 0.03 0.03 0.03 0.03 203303.0 56940700.0
82 Oct 11, 2014 0.03 0.03 0.02 0.03 380242.0 53559300.0
83 Oct 12, 2014 0.03 0.03 0.03 0.03 167045.0 56133500.0
84 Oct 13, 2014 0.03 0.03 0.03 0.03 114471.0 54354600.0
85 Oct 14, 2014 0.03 0.03 0.03 0.03 192025.0 55017200.0
86 Oct 15, 2014 0.03 0.03 0.03 0.03 195984.0 55171600.0
87 Oct 16, 2014 0.03 0.03 0.03 0.03 366588.0 53008900.0
88 Oct 17, 2014 0.03 0.03 0.02 0.03 204787.0 51152600.0
89 Oct 18, 2014 0.03 0.03 0.02 0.02 238007.0 50741200.0
90 Oct 19, 2014 0.02 0.02 0.02 0.02 471716.0 49176700.0
91 Oct 20, 2014 0.02 0.02 0.02 0.02 521043.0 47027300.0
92 Oct 21, 2014 0.02 0.03 0.02 0.03 333458.0 44608200.0
93 Oct 22, 2014 0.03 0.03 0.02 0.03 743803.0 51656000.0
94 Oct 23, 2014 0.03 0.03 0.02 0.02 406640.0 51272600.0
95 Oct 24, 2014 0.02 0.02 0.02 0.02 331379.0 46007100.0
96 Oct 25, 2014 0.02 0.02 0.02 0.02 154827.0 47118900.0
97 Oct 26, 2014 0.02 0.02 0.02 0.02 148776.0 45280600.0
98 Oct 27, 2014 0.02 0.02 0.02 0.02 141391.0 45364000.0
99 Oct 28, 2014 0.02 0.02 0.02 0.02 120312.0 45461000.0
100 Oct 29, 2014 0.02 0.02 0.02 0.02 140041.0 44335800.0
101 Oct 30, 2014 0.02 0.02 0.02 0.02 563755.0 40789800.0
102 Oct 31, 2014 0.02 0.02 0.02 0.02 282740.0 36703100.0
103 Nov 01, 2014 0.02 0.02 0.01 0.01 486100.0 34484800.0
104 Nov 02, 2014 0.01 0.02 0.01 0.02 369144.0 29238700.0
105 Nov 03, 2014 0.02 0.02 0.01 0.02 223196.0 33000300.0
106 Nov 04, 2014 0.02 0.02 0.01 0.02 129260.0 32769900.0
107 Nov 05, 2014 0.02 0.02 0.02 0.02 516197.0 34068000.0
108 Nov 06, 2014 0.02 0.02 0.02 0.02 336188.0 39401900.0
109 Nov 07, 2014 0.02 0.02 0.02 0.02 127416.0 36047500.0
110 Nov 08, 2014 0.02 0.02 0.02 0.02 306568.0 36850300.0
111 Nov 09, 2014 0.02 0.02 0.02 0.02 178511.0 41199400.0
112 Nov 10, 2014 0.02 0.02 0.02 0.02 333907.0 40274100.0
113 Nov 11, 2014 0.02 0.02 0.02 0.02 118480.0 38562600.0
114 Nov 12, 2014 0.02 0.02 0.02 0.02 324588.0 37651600.0
115 Nov 13, 2014 0.02 0.02 0.02 0.02 578284.0 41198800.0
116 Nov 14, 2014 0.02 0.02 0.02 0.02 218616.0 40438200.0
117 Nov 15, 2014 0.02 0.02 0.02 0.02 136506.0 37459600.0
118 Nov 16, 2014 0.02 0.02 0.02 0.02 85938.7 35359500.0
119 Nov 17, 2014 0.02 0.02 0.02 0.02 226791.0 35943500.0
120 Nov 18, 2014 0.02 0.02 0.01 0.01 320498.0 33836800.0
121 Nov 19, 2014 0.01 0.02 0.01 0.01 215871.0 30647400.0
122 Nov 20, 2014 0.01 0.01 0.01 0.01 241978.0 38581600.0
123 Nov 21, 2014 0.01 0.02 0.01 0.01 233743.0 34964900.0
124 Nov 22, 2014 0.01 0.02 0.01 0.01 204296.0 39539500.0
125 Nov 23, 2014 0.01 0.02 0.01 0.02 156905.0 39917200.0
126 Nov 24, 2014 0.02 0.02 0.02 0.02 176826.0 41930300.0
127 Nov 25, 2014 0.02 0.02 0.02 0.02 200088.0 41769600.0
128 Nov 26, 2014 0.02 0.02 0.02 0.02 54280.9 43598500.0
129 Nov 27, 2014 0.02 0.02 0.02 0.02 46040.9 41217300.0
130 Nov 28, 2014 0.02 0.02 0.02 0.02 22632.2 42008700.0
131 Nov 29, 2014 0.02 0.02 0.02 0.02 1002300.0 42467600.0
132 Nov 30, 2014 0.02 0.02 0.02 0.02 509741.0 50121600.0
133 Dec 01, 2014 0.02 0.02 0.02 0.02 285531.0 47488000.0
134 Dec 02, 2014 0.02 0.02 0.02 0.02 215930.0 48757900.0
135 Dec 03, 2014 0.02 0.02 0.02 0.02 166710.0 48555100.0
136 Dec 04, 2014 0.02 0.02 0.02 0.02 232031.0 48198200.0
137 Dec 05, 2014 0.02 0.02 0.02 0.02 171124.0 46360100.0
138 Dec 06, 2014 0.02 0.02 0.02 0.02 252598.0 46035200.0
139 Dec 07, 2014 0.02 0.02 0.02 0.02 115162.0 42770100.0
140 Dec 08, 2014 0.02 0.02 0.02 0.02 169716.0 44432200.0
141 Dec 09, 2014 0.02 0.02 0.01 0.01 482812.0 42170000.0
142 Dec 10, 2014 0.01 0.01 0.01 0.01 93732.8 38542500.0
143 Dec 11, 2014 0.01 0.01 0.01 0.01 142806.0 38010700.0
144 Dec 12, 2014 0.01 0.02 0.01 0.02 410686.0 39131800.0
145 Dec 13, 2014 0.02 0.02 0.02 0.02 99205.6 43951100.0
146 Dec 14, 2014 0.02 0.02 0.02 0.02 64658.1 43176200.0
147 Dec 15, 2014 0.02 0.02 0.02 0.02 123006.0 43203700.0
148 Dec 16, 2014 0.02 0.02 0.01 0.01 132346.0 40701000.0
149 Dec 17, 2014 0.01 0.01 0.01 0.01 294254.0 38351400.0
150 Dec 18, 2014 0.01 0.01 0.01 0.01 164892.0 37944700.0
151 Dec 19, 2014 0.01 0.02 0.01 0.01 298276.0 36251100.0
152 Dec 20, 2014 0.01 0.02 0.01 0.01 223876.0 37862500.0
153 Dec 21, 2014 0.01 0.02 0.01 0.02 214441.0 39812700.0
154 Dec 22, 2014 0.02 0.02 0.01 0.02 523057.0 40518400.0
155 Dec 23, 2014 0.02 0.02 0.02 0.02 442563.0 45058200.0
156 Dec 24, 2014 0.02 0.02 0.02 0.02 201288.0 43069600.0
157 Dec 25, 2014 0.02 0.02 0.02 0.02 182924.0 43528700.0
158 Dec 26, 2014 0.02 0.02 0.02 0.02 152423.0 42237200.0
159 Dec 27, 2014 0.02 0.02 0.02 0.02 104700.0 41938200.0
160 Dec 28, 2014 0.02 0.02 0.01 0.02 98140.0 40703200.0
161 Dec 29, 2014 0.02 0.02 0.01 0.01 109661.0 40951300.0
162 Dec 30, 2014 0.01 0.02 0.01 0.01 112549.0 39469200.0
163 Dec 31, 2014 0.01 0.02 0.01 0.02 102287.0 39183700.0
164 Jan 01, 2015 0.02 0.02 0.02 0.02 116338.0 40789700.0
165 Jan 02, 2015 0.02 0.02 0.01 0.02 65833.2 40791200.0
166 Jan 03, 2015 0.02 0.02 0.01 0.01 164287.0 40104500.0
167 Jan 04, 2015 0.01 0.01 0.01 0.01 387279.0 37050700.0
168 Jan 05, 2015 0.01 0.01 0.01 0.01 195918.0 33925000.0
169 >Jan 06, 201 0.01 0.01 0.01 0.01 100320.0 35859200.0
170 Jan 07, 2015 0.01 0.01 0.01 0.01 108749.0 36261800.0
171 Jan 08, 2015 0.01 0.01 0.01 0.01 103815.0 37524100.0
172 Jan 09, 2015 0.01 0.01 0.01 0.01 94073.4 35837900.0
173 Jan 10, 2015 0.01 0.01 0.01 0.01 110640.0 35862900.0
174 Jan 11, 2015 0.01 0.01 0.01 0.01 161039.0 34297200.0
175 Jan 12, 2015 0.01 0.01 0.01 0.01 157937.0 33429600.0
176 Jan 13, 2015 0.01 0.01 0.01 0.01 381771.0 31908400.0
177 Jan 14, 2015 0.01 0.01 0.01 0.01 482673.0 26756000.0
178 Jan 15, 2015 0.01 0.01 0.01 0.01 360132.0 22757300.0
179 Jan 16, 2015 0.01 0.01 0.01 0.01 204328.0 27852400.0
180 Jan 17, 2015 0.01 0.01 0.01 0.01 130744.0 26740300.0
181 Jan 18, 2015 0.01 0.01 0.01 0.01 136171.0 25506300.0
182 Jan 19, 2015 0.01 0.01 0.01 0.01 97394.3 26304400.0
183 Jan 20, 2015 0.01 0.01 0.01 0.01 135447.0 27008300.0
184 Jan 21, 2015 0.01 0.01 0.01 0.01 202562.0 27845400.0
185 Jan 22, 2015 0.01 0.01 0.01 0.01 193223.0 28565600.0
186 Jan 23, 2015 0.01 0.01 0.01 0.01 157654.0 30700300.0
187 Jan 24, 2015 0.01 0.01 0.01 0.01 268810.0 29355900.0
188 Jan 25, 2015 0.01 0.01 0.01 0.01 207520.0 30232500.0
189 Jan 26, 2015 0.01 0.01 0.01 0.01 412836.0 29419600.0
190 Jan 27, 2015 0.01 0.01 0.01 0.01 137935.0 29418100.0
191 Jan 28, 2015 0.01 0.01 0.01 0.01 107569.0 28595800.0
192 Jan 29, 2015 0.01 0.01 0.01 0.01 134570.0 26330400.0
193 Jan 30, 2015 0.01 0.01 0.01 0.01 90308.2 25598000.0
194 Jan 31, 2015 0.01 0.01 0.01 0.01 182219.0 25966200.0
195 Feb 01, 2015 0.01 0.01 0.01 0.01 122707.0 25347400.0
196 Feb 02, 2015 0.01 0.01 0.01 0.01 111577.0 26122800.0
197 Feb 03, 2015 0.01 0.01 0.01 0.01 106252.0 26238000.0
198 Feb 04, 2015 0.01 0.01 0.01 0.01 161694.0 25573000.0
199 Feb 05, 2015 0.01 0.01 0.01 0.01 95648.4 25897700.0
200 Feb 06, 2015 0.01 0.01 0.01 0.01 69281.2 25126100.0
201 Feb 07, 2015 0.01 0.01 0.01 0.01 76236.8 25601500.0
202 Feb 08, 2015 0.01 0.01 0.01 0.01 479601.0 24775200.0
203 Feb 09, 2015 0.01 0.01 0.01 0.01 49255.4 23650000.0
204 Feb 10, 2015 0.01 0.01 0.01 0.01 59551.3 22961400.0
205 Feb 11, 2015 0.01 0.01 0.01 0.01 150114.0 22676600.0
206 Feb 12, 2015 0.01 0.01 0.01 0.01 122459.0 22399300.0
207 Feb 13, 2015 0.01 0.01 0.01 0.01 118907.0 21998200.0
208 Feb 14, 2015 0.01 0.01 0.01 0.01 108345.0 21917300.0
209 Feb 15, 2015 0.01 0.01 0.01 0.01 134608.0 22199300.0
210 Feb 16, 2015 0.01 0.01 0.01 0.01 71898.9 20507400.0
211 Feb 17, 2015 0.01 0.01 0.01 0.01 79798.3 20445600.0
212 Feb 18, 2015 0.01 0.01 0.01 0.01 63535.4 21648600.0
213 Feb 19, 2015 0.01 0.01 0.01 0.01 44414.8 20634600.0
214 Feb 20, 2015 0.01 0.01 0.01 0.01 47660.2 20790100.0
215 Feb 21, 2015 0.01 0.01 0.01 0.01 62976.7 21183200.0
216 Feb 22, 2015 0.01 0.01 0.01 0.01 81229.4 21366000.0
217 Feb 23, 2015 0.01 0.01 0.01 0.01 153925.0 21518100.0
218 Feb 24, 2015 0.01 0.01 0.01 0.01 246796.0 23857700.0
219 Feb 25, 2015 0.01 0.01 0.01 0.01 275702.0 25229800.0
220 Feb 26, 2015 0.01 0.01 0.01 0.01 291527.0 25278400.0
221 Feb 27, 2015 0.01 0.01 0.01 0.01 111188.0 26372600.0
222 Feb 28, 2015 0.01 0.01 0.01 0.01 93420.4 26380300.0
223 Mar 01, 2015 0.01 0.01 0.01 0.01 108475.0 27373200.0
224 Mar 02, 2015 0.01 0.01 0.01 0.01 97926.9 26429400.0
225 Mar 03, 2015 0.01 0.01 0.01 0.01 189350.0 26657000.0
226 Mar 04, 2015 0.01 0.01 0.01 0.01 87743.7 25433500.0
227 Mar 05, 2015 0.01 0.01 0.01 0.01 65295.5 24893000.0
228 Mar 06, 2015 0.01 0.01 0.01 0.01 83233.8 24865400.0
229 Mar 07, 2015 0.01 0.01 0.01 0.01 68154.0 25346000.0
230 Mar 08, 2015 0.01 0.01 0.01 0.01 73965.5 25072400.0
231 Mar 09, 2015 0.01 0.01 0.01 0.01 103133.0 23302200.0
232 Mar 10, 2015 0.01 0.01 0.01 0.01 115758.0 25298100.0
233 Mar 11, 2015 0.01 0.01 0.01 0.01 449808.0 23244600.0
234 Mar 12, 2015 0.01 0.01 0.01 0.01 55274.2 23634900.0
235 Mar 13, 2015 0.01 0.01 0.01 0.01 55921.6 23381000.0
236 Mar 14, 2015 0.01 0.01 0.01 0.01 69016.5 22437300.0
237 Mar 15, 2015 0.01 0.01 0.01 0.01 51775.0 22479100.0
238 Mar 16, 2015 0.01 0.01 0.01 0.01 68804.5 21733500.0
239 Mar 17, 2015 0.01 0.01 0.01 0.01 51577.2 21576100.0
240 Mar 18, 2015 0.01 0.01 0.01 0.01 116080.0 21559500.0
241 Mar 19, 2015 0.01 0.01 0.01 0.01 86297.1 20099800.0
242 Mar 20, 2015 0.01 0.01 0.01 0.01 55243.6 20386500.0
243 Mar 21, 2015 0.01 0.01 0.01 0.01 150177.0 20263600.0
244 Mar 22, 2015 0.01 0.01 0.01 0.01 58743.3 18992300.0
245 Mar 23, 2015 0.01 0.01 0.01 0.01 191383.0 19386800.0
246 Mar 24, 2015 0.01 0.01 0.01 0.01 137474.0 17336200.0
247 Mar 25, 2015 0.01 0.01 0.01 0.01 138026.0 15093900.0
248 Mar 26, 2015 0.01 0.01 0.01 0.01 41343.8 15891000.0
249 Mar 27, 2015 0.01 0.01 0.01 0.01 45733.2 16383000.0
250 Mar 28, 2015 0.01 0.01 0.01 0.01 56630.4 16248000.0
251 Mar 29, 2015 0.01 0.01 0.01 0.01 42090.4 16999400.0
252 Mar 30, 2015 0.01 0.01 0.01 0.01 54976.3 16641200.0
253 Mar 31, 2015 0.01 0.01 0.01 0.01 66204.6 16243800.0
254 Apr 01, 2015 0.01 0.01 0.01 0.01 28890.9 15337400.0
255 Apr 02, 2015 0.01 0.01 0.01 0.01 45731.1 15756700.0
256 Apr 03, 2015 0.01 0.01 0.01 0.01 37149.4 15257700.0
257 Apr 04, 2015 0.01 0.01 0.01 0.01 34395.8 15333600.0
258 Apr 05, 2015 0.01 0.01 0.01 0.01 51078.8 15166800.0
259 Apr 06, 2015 0.01 0.01 0.01 0.01 56638.4 14656200.0
260 Apr 07, 2015 0.01 0.01 0.01 0.01 79617.3 14175800.0
261 Apr 08, 2015 0.01 0.01 0.01 0.01 33828.9 14217700.0
262 Apr 09, 2015 0.01 0.01 0.01 0.01 52428.1 14114900.0
263 Apr 10, 2015 0.01 0.01 0.0 0.0 182342.0 13416200.0
264 Apr 11, 2015 0.0 0.0 0.0 0.0 89137.9 11994000.0
265 Apr 12, 2015 0.0 0.0 0.0 0.0 41210.8 11204400.0
266 Apr 13, 2015 0.0 0.0 0.0 0.0 251683.0 11337500.0
267 Apr 14, 2015 0.0 0.0 0.0 0.0 128460.0 11380500.0
268 Apr 15, 2015 0.0 0.0 0.0 0.0 28259.9 11125500.0
269 Apr 16, 2015 0.0 0.0 0.0 0.0 56495.8 11687000.0
270 Apr 17, 2015 0.0 0.0 0.0 0.0 59303.9 12205000.0
271 Apr 18, 2015 0.0 0.0 0.0 0.0 25890.9 11696600.0
272 Apr 19, 2015 0.0 0.0 0.0 0.0 20773.7 11998200.0
273 Apr 20, 2015 0.0 0.0 0.0 0.0 21939.0 11901500.0
274 Apr 21, 2015 0.0 0.0 0.0 0.0 21486.6 11726700.0
275 Apr 22, 2015 0.0 0.0 0.0 0.0 33978.9 12011300.0
276 Apr 23, 2015 0.0 0.0 0.0 0.0 103813.0 11758600.0
277 Apr 24, 2015 0.0 0.0 0.0 0.0 35127.1 11714000.0
278 Apr 25, 2015 0.0 0.0 0.0 0.0 31935.3 11525900.0
279 Apr 26, 2015 0.0 0.0 0.0 0.0 31778.4 11130000.0
280 Apr 27, 2015 0.0 0.0 0.0 0.0 38741.0 10575800.0
281 Apr 28, 2015 0.0 0.0 0.0 0.0 44433.3 10611400.0
282 Apr 29, 2015 0.0 0.0 0.0 0.0 107074.0 9941820.0
283 Apr 30, 2015 0.0 0.0 0.0 0.0 48434.6 8691840.0
284 May 01, 2015 0.0 0.0 0.0 0.0 40136.7 8789630.0
285 May 02, 2015 0.0 0.0 0.0 0.0 41550.2 8772950.0
286 May 03, 2015 0.0 0.0 0.0 0.0 25242.2 9160670.0
287 May 04, 2015 0.0 0.0 0.0 0.0 50721.4 9303870.0
288 May 05, 2015 0.0 0.0 0.0 0.0 21646.4 8330280.0
289 May 06, 2015 0.0 0.0 0.0 0.0 17420.6 8197100.0
290 May 07, 2015 0.0 0.0 0.0 0.0 31308.9 8316700.0
291 May 08, 2015 0.0 0.0 0.0 0.0 38615.6 8276820.0
292 May 09, 2015 0.0 0.0 0.0 0.0 32346.6 9261810.0
293 May 10, 2015 0.0 0.0 0.0 0.0 22692.5 9044890.0
294 May 11, 2015 0.0 0.0 0.0 0.0 33395.6 9068800.0
295 May 12, 2015 0.0 0.0 0.0 0.0 94250.5 8869220.0
296 May 13, 2015 0.0 0.0 0.0 0.0 56900.4 10285600.0
297 May 14, 2015 0.0 0.0 0.0 0.0 40792.5 9613770.0
298 May 15, 2015 0.0 0.0 0.0 0.0 36073.5 9915420.0
299 May 16, 2015 0.0 0.0 0.0 0.0 28935.2 9492440.0
300 May 17, 2015 0.0 0.0 0.0 0.0 16814.3 9048830.0
301 May 18, 2015 0.0 0.0 0.0 0.0 28656.9 9077810.0
302 May 19, 2015 0.0 0.0 0.0 0.0 80788.5 9187250.0
303 May 20, 2015 0.0 0.0 0.0 0.0 57021.0 9947640.0
304 May 21, 2015 0.0 0.0 0.0 0.0 51012.2 10098700.0
305 May 22, 2015 0.0 0.01 0.0 0.01 348034.0 11239300.0
306 May 23, 2015 0.01 0.01 0.01 0.01 251741.0 13257100.0
307 May 24, 2015 0.01 0.01 0.01 0.01 112928.0 14906000.0
308 May 25, 2015 0.01 0.01 0.01 0.01 122338.0 15385300.0
309 May 26, 2015 0.01 0.01 0.01 0.01 89618.0 15111900.0
310 May 27, 2015 0.01 0.01 0.01 0.01 110216.0 15911700.0
311 May 28, 2015 0.01 0.01 0.01 0.01 232664.0 16816300.0
312 May 29, 2015 0.01 0.01 0.01 0.01 410087.0 19285400.0
313 >May 30, 201 0.01 0.01 0.01 0.01 188145.0 19415900.0
314 May 31, 2015 0.01 0.01 0.01 0.01 77301.6 16717600.0
315 Jun 01, 2015 0.01 0.01 0.01 0.01 127883.0 17045800.0
316 Jun 02, 2015 0.01 0.01 0.01 0.01 90478.7 15247200.0
317 Jun 03, 2015 0.01 0.01 0.01 0.01 56458.5 17146300.0
318 Jun 04, 2015 0.01 0.01 0.01 0.01 23037.6 16224100.0
319 Jun 05, 2015 0.01 0.01 0.01 0.01 57733.5 16216300.0
320 Jun 06, 2015 0.01 0.01 0.01 0.01 58870.4 17224800.0
321 Jun 07, 2015 0.01 0.01 0.01 0.01 89925.9 17418000.0
322 Jun 08, 2015 0.01 0.01 0.01 0.01 106688.0 17359100.0
323 Jun 09, 2015 0.01 0.01 0.01 0.01 90897.4 18919300.0
324 Jun 10, 2015 0.01 0.01 0.01 0.01 50967.7 17908200.0
325 Jun 11, 2015 0.01 0.01 0.01 0.01 64008.7 18088800.0
326 Jun 12, 2015 0.01 0.01 0.01 0.01 63734.4 17435200.0
327 Jun 13, 2015 0.01 0.01 0.01 0.01 92407.3 16917200.0
328 Jun 14, 2015 0.01 0.01 0.01 0.01 70684.4 17430300.0
329 Jun 15, 2015 0.01 0.01 0.01 0.01 55581.8 17512700.0
330 Jun 16, 2015 0.01 0.01 0.01 0.01 318287.0 17523000.0
331 Jun 17, 2015 0.01 0.01 0.01 0.01 393776.0 19608900.0
332 Jun 18, 2015 0.01 0.01 0.01 0.01 115090.0 19109100.0
333 Jun 19, 2015 0.01 0.01 0.01 0.01 133253.0 19876300.0
334 Jun 20, 2015 0.01 0.01 0.01 0.01 149945.0 19730800.0
335 Jun 21, 2015 0.01 0.01 0.01 0.01 66206.4 20088400.0
336 >Jun 22, 201 0.01 0.01 0.01 0.01 34243.8 19414400.0
337 Jun 23, 2015 0.01 0.01 0.01 0.01 103642.0 20165800.0
338 Jun 24, 2015 0.01 0.01 0.01 0.01 80459.3 18407100.0
339 Jun 25, 2015 0.01 0.01 0.01 0.01 68033.6 16713500.0
340 Jun 26, 2015 0.01 0.01 0.01 0.01 40960.0 17396300.0
341 Jun 27, 2015 0.01 0.01 0.01 0.01 52619.3 17122100.0
342 Jun 28, 2015 0.01 0.01 0.01 0.01 41210.9 18254600.0
343 Jun 29, 2015 0.01 0.01 0.01 0.01 67166.9 17306200.0
344 Jun 30, 2015 0.01 0.01 0.01 0.01 76997.5 17640200.0
345 Jul 01, 2015 0.01 0.01 0.01 0.01 60573.7 17639400.0
346 Jul 02, 2015 0.01 0.01 0.01 0.01 65691.8 17128900.0
347 Jul 03, 2015 0.01 0.01 0.01 0.01 34131.3 16773800.0
348 Jul 04, 2015 0.01 0.01 0.01 0.01 21239.8 16930200.0
349 Jul 05, 2015 0.01 0.01 0.01 0.01 56100.3 16876100.0
350 Jul 06, 2015 0.01 0.01 0.01 0.01 96883.5 16218800.0
351 Jul 07, 2015 0.01 0.01 0.01 0.01 106392.0 15886100.0
352 Jul 08, 2015 0.01 0.01 0.01 0.01 43554.9 15671600.0
353 Jul 09, 2015 0.01 0.01 0.01 0.01 88039.7 15499600.0
354 Jul 10, 2015 0.01 0.01 0.01 0.01 144807.0 16041200.0
355 Jul 11, 2015 0.01 0.01 0.01 0.01 44851.4 15539500.0
356 Jul 12, 2015 0.01 0.01 0.01 0.01 31397.6 15713100.0
357 Jul 13, 2015 0.01 0.01 0.01 0.01 45464.7 15987400.0
358 Jul 14, 2015 0.01 0.01 0.01 0.01 104493.0 15079900.0
359 Jul 15, 2015 0.01 0.01 0.01 0.01 46819.9 15047900.0
360 Jul 16, 2015 0.01 0.01 0.0 0.01 194031.0 14142900.0
361 Jul 17, 2015 0.01 0.01 0.0 0.01 35729.6 12676400.0
362 Jul 18, 2015 0.01 0.01 0.0 0.0 60182.3 13237000.0
363 Jul 19, 2015 0.0 0.01 0.0 0.01 39701.4 12411100.0
364 Jul 20, 2015 0.01 0.01 0.01 0.01 37374.6 13037800.0
365 Jul 21, 2015 0.01 0.01 0.01 0.01 29546.5 12871900.0
366 Jul 22, 2015 0.01 0.01 0.01 0.01 68440.7 13417200.0
367 Jul 23, 2015 0.01 0.01 0.01 0.01 36687.8 13708700.0
368 Jul 24, 2015 0.01 0.01 0.01 0.01 39966.1 13804900.0
369 Jul 25, 2015 0.01 0.01 0.01 0.01 46210.7 14308500.0
370 Jul 26, 2015 0.01 0.01 0.01 0.01 30677.5 14111100.0
371 Jul 27, 2015 0.01 0.01 0.01 0.01 52245.2 13809100.0
372 Jul 28, 2015 0.01 0.01 0.0 0.01 70708.4 13231800.0
373 Jul 29, 2015 0.01 0.01 0.0 0.0 61037.9 12652100.0
374 Jul 30, 2015 0.0 0.01 0.0 0.0 49447.3 12372300.0
375 Jul 31, 2015 0.0 0.0 0.0 0.0 43728.4 12235200.0
376 Aug 01, 2015 0.0 0.0 0.0 0.0 24336.1 12204800.0
377 Aug 02, 2015 0.0 0.0 0.0 0.0 26770.5 12227800.0
378 Aug 03, 2015 0.0 0.0 0.0 0.0 35265.4 12178100.0
379 Aug 04, 2015 0.0 0.0 0.0 0.0 63676.5 11876900.0
380 Aug 05, 2015 0.0 0.0 0.0 0.0 52168.8 11631100.0
381 Aug 06, 2015 0.0 0.0 0.0 0.0 71855.6 11265000.0
382 Aug 07, 2015 0.0 0.0 0.0 0.0 153377.0 10922400.0
383 Aug 08, 2015 0.0 0.0 0.0 0.0 28131.9 11311500.0
384 Aug 09, 2015 0.0 0.0 0.0 0.0 19957.8 10501100.0
385 Aug 10, 2015 0.0 0.0 0.0 0.0 56952.4 10806200.0
386 Aug 11, 2015 0.0 0.0 0.0 0.0 26433.4 10933500.0
387 Aug 12, 2015 0.0 0.01 0.0 0.0 82191.8 11624700.0
388 Aug 13, 2015 0.0 0.01 0.0 0.01 193067.0 12434100.0
389 Aug 14, 2015 0.01 0.01 0.0 0.01 74132.2 13045500.0
390 Aug 15, 2015 0.01 0.01 0.0 0.0 48908.0 12579300.0
391 Aug 16, 2015 0.0 0.0 0.0 0.0 34447.9 11695900.0
392 Aug 17, 2015 0.0 0.0 0.0 0.0 32900.1 11585900.0
393 Aug 18, 2015 0.0 0.0 0.0 0.0 54407.4 11114900.0
394 Aug 19, 2015 0.0 0.0 0.0 0.0 116260.0 9740950.0
395 Aug 20, 2015 0.0 0.0 0.0 0.0 124885.0 9833390.0
396 Aug 21, 2015 0.0 0.0 0.0 0.0 46064.6 10051500.0
397 Aug 22, 2015 0.0 0.0 0.0 0.0 76759.1 9767600.0
398 Aug 23, 2015 0.0 0.0 0.0 0.0 53200.8 9016680.0
399 Aug 24, 2015 0.0 0.0 0.0 0.0 128583.0 8972800.0
400 Aug 25, 2015 0.0 0.0 0.0 0.0 112783.0 8206850.0
401 Aug 26, 2015 0.0 0.0 0.0 0.0 56181.3 8580030.0
402 Aug 27, 2015 0.0 0.0 0.0 0.0 45258.7 8601050.0
403 Aug 28, 2015 0.0 0.0 0.0 0.0 50116.0 8309490.0
404 Aug 29, 2015 0.0 0.0 0.0 0.0 27973.2 8445960.0
405 Aug 30, 2015 0.0 0.0 0.0 0.0 62448.3 8439430.0
406 Aug 31, 2015 0.0 0.0 0.0 0.0 60551.3 8491980.0
407 Sep 01, 2015 0.0 0.0 0.0 0.0 37946.0 8474000.0
408 Sep 02, 2015 0.0 0.0 0.0 0.0 48770.8 8410090.0
409 Sep 03, 2015 0.0 0.0 0.0 0.0 42257.6 8577260.0
410 Sep 04, 2015 0.0 0.0 0.0 0.0 65704.1 8166760.0
411 Sep 05, 2015 0.0 0.01 0.0 0.01 540324.0 8383440.0
412 Sep 06, 2015 0.01 0.01 0.0 0.0 466444.0 12669200.0
413 Sep 07, 2015 0.0 0.01 0.0 0.0 270038.0 11761800.0
414 Sep 08, 2015 0.0 0.0 0.0 0.0 185064.0 12119900.0
415 Sep 09, 2015 0.0 0.0 0.0 0.0 165708.0 10930000.0
416 Sep 10, 2015 0.0 0.0 0.0 0.0 160067.0 11235500.0
417 Sep 11, 2015 0.0 0.0 0.0 0.0 112231.0 10826300.0
418 Sep 12, 2015 0.0 0.0 0.0 0.0 96350.9 10570600.0
419 Sep 13, 2015 0.0 0.0 0.0 0.0 110237.0 10862000.0
420 Sep 14, 2015 0.0 0.0 0.0 0.0 110931.0 10710800.0
421 Sep 15, 2015 0.0 0.01 0.0 0.0 305490.0 10437900.0
422 Sep 16, 2015 0.0 0.01 0.0 0.0 549963.0 11582900.0
423 Sep 17, 2015 0.0 0.01 0.0 0.01 337616.0 12543000.0
424 Sep 18, 2015 0.01 0.01 0.01 0.01 434622.0 13011200.0
425 Sep 19, 2015 0.01 0.01 0.01 0.01 407485.0 14475300.0
426 Sep 20, 2015 0.01 0.01 0.01 0.01 729978.0 14693500.0
427 Sep 21, 2015 0.01 0.01 0.01 0.01 703750.0 17572800.0
428 Sep 22, 2015 0.01 0.01 0.01 0.01 563545.0 16789500.0
429 Sep 23, 2015 0.01 0.01 0.01 0.01 378302.0 15388400.0
430 Sep 24, 2015 0.01 0.01 0.01 0.01 372618.0 16002900.0
431 Sep 25, 2015 0.01 0.01 0.01 0.01 137136.0 14725400.0
432 Sep 26, 2015 0.01 0.01 0.01 0.01 207714.0 14912800.0
433 Sep 27, 2015 0.01 0.01 0.01 0.01 145042.0 15955400.0
434 Sep 28, 2015 0.01 0.01 0.01 0.01 230724.0 15944700.0
435 Sep 29, 2015 0.01 0.01 0.01 0.01 139131.0 15886000.0
436 Sep 30, 2015 0.01 0.01 0.01 0.01 129852.0 16044500.0
437 Oct 01, 2015 0.01 0.01 0.01 0.01 121292.0 15765000.0
438 Oct 02, 2015 0.01 0.01 0.0 0.01 467917.0 15095500.0
439 Oct 03, 2015 0.01 0.01 0.01 0.01 109104.0 13365300.0
440 Oct 04, 2015 0.01 0.01 0.01 0.01 69580.0 13425600.0
441 Oct 05, 2015 0.01 0.01 0.0 0.01 191967.0 13122400.0
442 Oct 06, 2015 0.01 0.01 0.0 0.01 161532.0 12608600.0
443 Oct 07, 2015 0.0 0.01 0.0 0.01 95863.6 12536400.0
444 Oct 08, 2015 0.01 0.01 0.01 0.01 81439.0 12767300.0
445 Oct 09, 2015 0.01 0.01 0.01 0.01 207826.0 12921600.0
446 Oct 10, 2015 0.01 0.01 0.01 0.01 253490.0 14576700.0
447 Oct 11, 2015 0.01 0.01 0.01 0.01 227001.0 14345300.0
448 Oct 12, 2015 0.01 0.01 0.01 0.01 324669.0 14909400.0
449 Oct 13, 2015 0.01 0.01 0.01 0.01 568450.0 15434400.0
450 Oct 14, 2015 0.01 0.01 0.0 0.0 422453.0 14531500.0
451 Oct 15, 2015 0.0 0.0 0.0 0.0 363283.0 12133800.0
452 Oct 16, 2015 0.0 0.0 0.0 0.0 188575.0 11744600.0
453 >Oct 17, 201 0.0 0.0 0.0 0.0 364592.0 11024500.0
454 Oct 18, 2015 0.0 0.0 0.0 0.0 185361.0 10186000.0
455 Oct 19, 2015 0.0 0.0 0.0 0.0 146562.0 10671900.0
456 Oct 20, 2015 0.0 0.0 0.0 0.0 113923.0 10671000.0
457 Oct 21, 2015 0.0 0.0 0.0 0.0 125491.0 10860700.0
458 Oct 22, 2015 0.0 0.0 0.0 0.0 183665.0 9876400.0
459 Oct 23, 2015 0.0 0.0 0.0 0.0 97873.9 9552000.0
460 Oct 24, 2015 0.0 0.0 0.0 0.0 49430.9 9181670.0
461 Oct 25, 2015 0.0 0.0 0.0 0.0 88915.0 9867030.0
462 Oct 26, 2015 0.0 0.0 0.0 0.0 93931.9 9343390.0
463 Oct 27, 2015 0.0 0.0 0.0 0.0 98551.3 9204950.0
464 Oct 28, 2015 0.0 0.0 0.0 0.0 148250.0 10149700.0
465 Oct 29, 2015 0.0 0.0 0.0 0.0 145733.0 10532400.0
466 Oct 30, 2015 0.0 0.0 0.0 0.0 237601.0 10572900.0
467 Oct 31, 2015 0.0 0.0 0.0 0.0 122552.0 11608600.0
468 Nov 01, 2015 0.0 0.0 0.0 0.0 86421.2 10609100.0
469 Nov 02, 2015 0.0 0.0 0.0 0.0 295086.0 10914000.0
470 Nov 03, 2015 0.0 0.0 0.0 0.0 494207.0 9928900.0
471 Nov 04, 2015 0.0 0.0 0.0 0.0 533856.0 9557430.0
472 Nov 05, 2015 0.0 0.0 0.0 0.0 224241.0 8935600.0
473 Nov 06, 2015 0.0 0.0 0.0 0.0 108221.0 7981580.0
474 Nov 07, 2015 0.0 0.0 0.0 0.0 62848.9 8686010.0
475 Nov 08, 2015 0.0 0.0 0.0 0.0 62744.2 8772850.0
476 Nov 09, 2015 0.0 0.0 0.0 0.0 86282.0 8642400.0
477 Nov 10, 2015 0.0 0.0 0.0 0.0 128461.0 7857970.0
478 Nov 11, 2015 0.0 0.0 0.0 0.0 131870.0 8068220.0
479 Nov 12, 2015 0.0 0.0 0.0 0.0 61232.0 7930610.0
480 Nov 13, 2015 0.0 0.0 0.0 0.0 49661.6 8174550.0
481 Nov 14, 2015 0.0 0.0 0.0 0.0 55954.4 8587820.0
482 Nov 15, 2015 0.0 0.0 0.0 0.0 108732.0 8994800.0
483 Nov 16, 2015 0.0 0.0 0.0 0.0 57182.1 8724640.0
484 Nov 17, 2015 0.0 0.0 0.0 0.0 50573.8 8863640.0
485 Nov 18, 2015 0.0 0.0 0.0 0.0 26710.7 8651680.0
486 Nov 19, 2015 0.0 0.0 0.0 0.0 40032.6 8700590.0
487 Nov 20, 2015 0.0 0.0 0.0 0.0 53635.8 8501240.0
488 Nov 21, 2015 0.0 0.0 0.0 0.0 30333.0 8378400.0
489 Nov 22, 2015 0.0 0.0 0.0 0.0 31050.6 8455880.0
490 Nov 23, 2015 0.0 0.0 0.0 0.0 66465.4 8349460.0
491 Nov 24, 2015 0.0 0.0 0.0 0.0 66032.3 8491300.0
492 Nov 25, 2015 0.0 0.0 0.0 0.0 65085.8 8253750.0
493 Nov 26, 2015 0.0 0.0 0.0 0.0 114813.0 8424610.0
494 Nov 27, 2015 0.0 0.0 0.0 0.0 63590.4 8143970.0
495 Nov 28, 2015 0.0 0.0 0.0 0.0 63219.2 8120800.0
496 Nov 29, 2015 0.0 0.0 0.0 0.0 74116.3 8217590.0
497 Nov 30, 2015 0.0 0.0 0.0 0.0 89464.3 8141310.0
498 Dec 01, 2015 0.0 0.0 0.0 0.0 92897.4 8151600.0
499 Dec 02, 2015 0.0 0.0 0.0 0.0 57720.8 8098060.0
500 Dec 03, 2015 0.0 0.0 0.0 0.0 49785.8 7978750.0
501 Dec 04, 2015 0.0 0.0 0.0 0.0 193061.0 8127010.0
502 Dec 05, 2015 0.0 0.0 0.0 0.0 97789.5 8714260.0
503 Dec 06, 2015 0.0 0.0 0.0 0.0 81029.5 8787570.0
504 Dec 07, 2015 0.0 0.0 0.0 0.0 101480.0 8704750.0
505 Dec 08, 2015 0.0 0.0 0.0 0.0 283706.0 8671160.0
506 Dec 09, 2015 0.0 0.0 0.0 0.0 241671.0 9346240.0
507 Dec 10, 2015 0.0 0.0 0.0 0.0 108555.0 9799630.0
508 Dec 11, 2015 0.0 0.0 0.0 0.0 172899.0 9414050.0
509 Dec 12, 2015 0.0 0.0 0.0 0.0 139249.0 10186500.0
510 Dec 13, 2015 0.0 0.0 0.0 0.0 77313.6 9521980.0
511 Dec 14, 2015 0.0 0.0 0.0 0.0 37037.1 9348540.0
512 Dec 15, 2015 0.0 0.0 0.0 0.0 74486.7 9408360.0
513 Dec 16, 2015 0.0 0.0 0.0 0.0 56069.7 9412380.0
514 Dec 17, 2015 0.0 0.0 0.0 0.0 35259.5 9372260.0
515 Dec 18, 2015 0.0 0.0 0.0 0.0 67071.9 9365590.0
516 Dec 19, 2015 0.0 0.0 0.0 0.0 38933.5 9341830.0
517 Dec 20, 2015 0.0 0.0 0.0 0.0 31850.8 9177190.0
518 Dec 21, 2015 0.0 0.0 0.0 0.0 51867.4 8862730.0
519 Dec 22, 2015 0.0 0.0 0.0 0.0 38614.0 9039380.0
520 Dec 23, 2015 0.0 0.0 0.0 0.0 58395.0 8821180.0
521 Dec 24, 2015 0.0 0.01 0.0 0.0 68481.7 8820100.0
522 Dec 25, 2015 0.0 0.0 0.0 0.0 30702.1 8656740.0
523 Dec 26, 2015 0.0 0.0 0.0 0.0 51780.7 8839680.0
524 Dec 27, 2015 0.0 0.0 0.0 0.0 62829.0 8366400.0
525 Dec 28, 2015 0.0 0.0 0.0 0.0 35091.7 8987400.0
526 Dec 29, 2015 0.0 0.0 0.0 0.0 23457.9 8705300.0
527 Dec 30, 2015 0.0 0.0 0.0 0.0 40126.5 8762890.0
528 Dec 31, 2015 0.0 0.0 0.0 0.0 23310.6 8815430.0
529 Jan 01, 2016 0.0 0.0 0.0 0.0 18589.9 8688490.0
530 Jan 02, 2016 0.0 0.0 0.0 0.0 11052.3 8780140.0
531 Jan 03, 2016 0.0 0.0 0.0 0.0 12205.1 8665730.0
532 Jan 04, 2016 0.0 0.0 0.0 0.0 19261.0 8592970.0
533 Jan 05, 2016 0.0 0.0 0.0 0.0 15650.2 8517920.0
534 Jan 06, 2016 0.0 0.0 0.0 0.0 40129.0 8549490.0
535 Jan 07, 2016 0.0 0.0 0.0 0.0 456946.0 8226500.0
536 Jan 08, 2016 0.0 0.0 0.0 0.0 146358.0 7565020.0
537 Jan 09, 2016 0.0 0.0 0.0 0.0 168421.0 7401020.0
538 Jan 10, 2016 0.0 0.0 0.0 0.0 64814.5 7967480.0
539 Jan 11, 2016 0.0 0.0 0.0 0.0 121164.0 7670410.0
540 Jan 12, 2016 0.0 0.0 0.0 0.0 155523.0 7651760.0
541 Jan 13, 2016 0.0 0.0 0.0 0.0 166116.0 7953430.0
542 Jan 14, 2016 0.0 0.0 0.0 0.0 187518.0 8275060.0
543 Jan 15, 2016 0.0 0.0 0.0 0.0 180154.0 8080940.0
544 Jan 16, 2016 0.0 0.0 0.0 0.0 187047.0 7780730.0
545 Jan 17, 2016 0.0 0.0 0.0 0.0 93170.8 7791300.0
546 Jan 18, 2016 0.0 0.0 0.0 0.0 66266.7 7708180.0
547 Jan 19, 2016 0.0 0.0 0.0 0.0 68851.2 7712410.0
548 Jan 20, 2016 0.0 0.0 0.0 0.0 122925.0 7714040.0
549 Jan 21, 2016 0.0 0.0 0.0 0.0 101696.0 8025180.0
550 Jan 22, 2016 0.0 0.0 0.0 0.0 172495.0 7801550.0
551 >Jan 23, 201 0.0 0.0 0.0 0.0 147684.0 7668190.0
552 Jan 24, 2016 0.0 0.0 0.0 0.0 140398.0 7721250.0
553 Jan 25, 2016 0.0 0.0 0.0 0.0 238007.0 7839490.0
554 Jan 26, 2016 0.0 0.0 0.0 0.0 781759.0 7931360.0
555 Jan 27, 2016 0.0 0.0 0.0 0.0 752970.0 9026240.0
556 Jan 28, 2016 0.0 0.0 0.0 0.0 852794.0 10186900.0
557 Jan 29, 2016 0.0 0.0 0.0 0.0 237516.0 9499120.0
558 Jan 30, 2016 0.0 0.0 0.0 0.0 119291.0 8780580.0
559 Jan 31, 2016 0.0 0.0 0.0 0.0 119493.0 8330800.0
560 Feb 01, 2016 0.0 0.0 0.0 0.0 33608.5 8516220.0
561 Feb 02, 2016 0.0 0.0 0.0 0.0 55638.6 8566950.0
562 Feb 03, 2016 0.0 0.0 0.0 0.0 73600.5 8319870.0
563 Feb 04, 2016 0.0 0.0 0.0 0.0 56808.7 8128180.0
564 Feb 05, 2016 0.0 0.0 0.0 0.0 63278.9 8348540.0
565 Feb 06, 2016 0.0 0.0 0.0 0.0 62356.7 8617370.0
566 Feb 07, 2016 0.0 0.0 0.0 0.0 269939.0 8484050.0
567 Feb 08, 2016 0.0 0.0 0.0 0.0 81142.5 9313320.0
568 Feb 09, 2016 0.0 0.0 0.0 0.0 93857.2 8637300.0
569 Feb 10, 2016 0.0 0.0 0.0 0.0 117599.0 8496410.0
570 Feb 11, 2016 0.0 0.0 0.0 0.0 323343.0 8773660.0
571 Feb 12, 2016 0.0 0.01 0.0 0.0 1341430.0 9516850.0
572 Feb 13, 2016 0.0 0.0 0.0 0.0 515137.0 12209500.0
573 Feb 14, 2016 0.0 0.0 0.0 0.0 236869.0 11540700.0
574 Feb 15, 2016 0.0 0.0 0.0 0.0 142244.0 11547800.0
575 Feb 16, 2016 0.0 0.01 0.0 0.01 513863.0 11820600.0
576 Feb 17, 2016 0.01 0.01 0.0 0.0 587511.0 12963500.0
577 Feb 18, 2016 0.0 0.0 0.0 0.0 307839.0 10836400.0
578 Feb 19, 2016 0.0 0.0 0.0 0.0 119274.0 10918600.0
579 Feb 20, 2016 0.0 0.0 0.0 0.0 228775.0 11169400.0
580 Feb 21, 2016 0.0 0.0 0.0 0.0 140856.0 10533000.0
581 Feb 22, 2016 0.0 0.0 0.0 0.0 116551.0 10547300.0
582 Feb 23, 2016 0.0 0.0 0.0 0.0 156930.0 10507900.0
583 Feb 24, 2016 0.0 0.0 0.0 0.0 108847.0 10685700.0
584 Feb 25, 2016 0.0 0.0 0.0 0.0 126238.0 10475100.0
585 Feb 26, 2016 0.0 0.0 0.0 0.0 81882.9 10131400.0
586 Feb 27, 2016 0.0 0.0 0.0 0.0 64406.7 10436300.0
587 Feb 28, 2016 0.0 0.0 0.0 0.0 143610.0 10293300.0
588 Feb 29, 2016 0.0 0.0 0.0 0.0 87876.5 10476800.0
589 Mar 01, 2016 0.0 0.0 0.0 0.0 74523.0 10100000.0
590 Mar 02, 2016 0.0 0.0 0.0 0.0 129333.0 9998580.0
591 Mar 03, 2016 0.0 0.0 0.0 0.0 200636.0 9725530.0
592 Mar 04, 2016 0.0 0.0 0.0 0.0 349496.0 10336400.0
593 Mar 05, 2016 0.0 0.0 0.0 0.0 341813.0 10799700.0
594 Mar 06, 2016 0.0 0.01 0.0 0.01 758140.0 10548200.0
595 Mar 07, 2016 0.01 0.01 0.0 0.0 614080.0 12879300.0
596 Mar 08, 2016 0.0 0.0 0.0 0.0 235215.0 11546200.0
597 Mar 09, 2016 0.0 0.01 0.0 0.01 514476.0 12358700.0
598 Mar 10, 2016 0.01 0.01 0.01 0.01 5927510.0 12799500.0
599 Mar 11, 2016 0.01 0.01 0.01 0.01 4619310.0 21235200.0
600 Mar 12, 2016 0.01 0.01 0.01 0.01 2167920.0 19677700.0
601 Mar 13, 2016 0.01 0.01 0.01 0.01 1059210.0 20136500.0
602 Mar 14, 2016 0.01 0.01 0.01 0.01 1867110.0 18397400.0
603 Mar 15, 2016 0.01 0.01 0.01 0.01 1067680.0 15122300.0
604 Mar 16, 2016 0.01 0.01 0.01 0.01 1047900.0 16286500.0
605 Mar 17, 2016 0.01 0.01 0.01 0.01 910664.0 16823300.0
606 Mar 18, 2016 0.01 0.01 0.01 0.01 943946.0 14929700.0
607 Mar 19, 2016 0.01 0.01 0.01 0.01 421747.0 13933100.0
608 Mar 20, 2016 0.01 0.01 0.01 0.01 231685.0 14836300.0
609 Mar 21, 2016 0.01 0.01 0.01 0.01 499914.0 14111300.0
610 Mar 22, 2016 0.01 0.01 0.01 0.01 358071.0 15786900.0
611 Mar 23, 2016 0.01 0.01 0.01 0.01 270299.0 15381000.0
612 Mar 24, 2016 0.01 0.01 0.01 0.01 136799.0 15480400.0
613 Mar 25, 2016 0.01 0.01 0.01 0.01 178424.0 14840700.0
614 Mar 26, 2016 0.01 0.01 0.01 0.01 618748.0 15504900.0
615 Mar 27, 2016 0.01 0.01 0.01 0.01 933844.0 17143400.0
616 Mar 28, 2016 0.01 0.01 0.01 0.01 330004.0 15789500.0
617 Mar 29, 2016 0.01 0.01 0.01 0.01 295666.0 15421700.0
618 Mar 30, 2016 0.01 0.01 0.01 0.01 496152.0 14935600.0
619 Mar 31, 2016 0.01 0.01 0.01 0.01 248735.0 15655700.0
620 Apr 01, 2016 0.01 0.01 0.01 0.01 219992.0 15039100.0
621 Apr 02, 2016 0.01 0.01 0.01 0.01 177650.0 14994400.0
622 Apr 03, 2016 0.01 0.01 0.01 0.01 95250.2 15017600.0
623 Apr 04, 2016 0.01 0.01 0.01 0.01 313372.0 15156400.0
624 Apr 05, 2016 0.01 0.01 0.01 0.01 169947.0 15756200.0
625 Apr 06, 2016 0.01 0.01 0.01 0.01 160445.0 15547600.0
626 Apr 07, 2016 0.01 0.01 0.01 0.01 120708.0 15505600.0
627 Apr 08, 2016 0.01 0.01 0.01 0.01 225807.0 15118700.0
628 Apr 09, 2016 0.01 0.01 0.01 0.01 161733.0 14593100.0
629 Apr 10, 2016 0.01 0.01 0.0 0.01 464190.0 14367400.0
630 Apr 11, 2016 0.01 0.01 0.0 0.0 376983.0 12935400.0
631 Apr 12, 2016 0.0 0.0 0.0 0.0 242988.0 12305600.0
632 Apr 13, 2016 0.0 0.0 0.0 0.0 198960.0 12158200.0
633 Apr 14, 2016 0.0 0.0 0.0 0.0 87984.7 12205400.0
634 Apr 15, 2016 0.0 0.0 0.0 0.0 250112.0 12087000.0
635 Apr 16, 2016 0.0 0.0 0.0 0.0 356439.0 11111600.0
636 Apr 17, 2016 0.0 0.0 0.0 0.0 181933.0 11132400.0
637 Apr 18, 2016 0.0 0.0 0.0 0.0 130159.0 11356500.0
638 Apr 19, 2016 0.0 0.0 0.0 0.0 97360.9 11474200.0
639 Apr 20, 2016 0.0 0.0 0.0 0.0 315062.0 11441900.0
640 Apr 21, 2016 0.0 0.0 0.0 0.0 178733.0 12119800.0
641 Apr 22, 2016 0.0 0.0 0.0 0.0 122986.0 11745100.0
642 Apr 23, 2016 0.0 0.0 0.0 0.0 149405.0 11561200.0
643 Apr 24, 2016 0.0 0.0 0.0 0.0 249096.0 11267800.0
644 Apr 25, 2016 0.0 0.0 0.0 0.0 450047.0 10508700.0
645 Apr 26, 2016 0.0 0.0 0.0 0.0 269518.0 9642560.0
646 Apr 27, 2016 0.0 0.0 0.0 0.0 154612.0 9860750.0
647 Apr 28, 2016 0.0 0.0 0.0 0.0 122357.0 10176500.0
648 Apr 29, 2016 0.0 0.0 0.0 0.0 78774.6 10105900.0
649 Apr 30, 2016 0.0 0.0 0.0 0.0 63683.6 10060200.0
650 May 01, 2016 0.0 0.0 0.0 0.0 108494.0 10150200.0
651 May 02, 2016 0.0 0.0 0.0 0.0 373711.0 10373600.0
652 May 03, 2016 0.0 0.0 0.0 0.0 57213.8 10921300.0
653 May 04, 2016 0.0 0.0 0.0 0.0 54476.3 10496500.0
654 May 05, 2016 0.0 0.0 0.0 0.0 71198.4 10341000.0
655 May 06, 2016 0.0 0.0 0.0 0.0 155294.0 10448900.0
656 May 07, 2016 0.0 0.0 0.0 0.0 96101.5 10057600.0
657 May 08, 2016 0.0 0.0 0.0 0.0 48089.0 9951010.0
658 May 09, 2016 0.0 0.0 0.0 0.0 230015.0 9989700.0
659 May 10, 2016 0.0 0.0 0.0 0.0 108580.0 9155370.0
660 May 11, 2016 0.0 0.0 0.0 0.0 60553.9 9184720.0
661 May 12, 2016 0.0 0.0 0.0 0.0 67488.5 9212580.0
662 May 13, 2016 0.0 0.0 0.0 0.0 175726.0 9156930.0
663 May 14, 2016 0.0 0.0 0.0 0.0 57682.1 9148510.0
664 May 15, 2016 0.0 0.0 0.0 0.0 46693.3 9229990.0
665 May 16, 2016 0.0 0.0 0.0 0.0 64573.7 9149650.0
666 May 17, 2016 0.0 0.0 0.0 0.0 52428.4 9378990.0
667 May 18, 2016 0.0 0.0 0.0 0.0 99815.9 9296390.0
668 May 19, 2016 0.0 0.0 0.0 0.0 122182.0 9491610.0
669 May 20, 2016 0.0 0.0 0.0 0.0 72619.1 9689560.0
670 May 21, 2016 0.0 0.0 0.0 0.0 57165.8 9541630.0
671 May 22, 2016 0.0 0.0 0.0 0.0 108210.0 9291920.0
672 May 23, 2016 0.0 0.0 0.0 0.0 90344.1 8932550.0
673 May 24, 2016 0.0 0.0 0.0 0.0 148712.0 8814710.0
674 May 25, 2016 0.0 0.0 0.0 0.0 259774.0 8674730.0
675 May 26, 2016 0.0 0.0 0.0 0.0 238511.0 8924560.0
676 May 27, 2016 0.0 0.0 0.0 0.0 215853.0 8662340.0
677 May 28, 2016 0.0 0.0 0.0 0.0 149461.0 8556120.0
678 May 29, 2016 0.0 0.0 0.0 0.0 238049.0 8935120.0
679 May 30, 2016 0.0 0.0 0.0 0.0 68658.6 8536370.0
680 May 31, 2016 0.0 0.0 0.0 0.0 255346.0 8629600.0
681 Jun 01, 2016 0.0 0.0 0.0 0.0 96411.4 8728600.0
682 Jun 02, 2016 0.0 0.0 0.0 0.0 60343.7 8888660.0
683 Jun 03, 2016 0.0 0.0 0.0 0.0 60824.7 8898460.0
684 Jun 04, 2016 0.0 0.0 0.0 0.0 31740.1 8972670.0
685 Jun 05, 2016 0.0 0.0 0.0 0.0 83259.1 9089840.0
686 Jun 06, 2016 0.0 0.0 0.0 0.0 45786.7 9088760.0
687 Jun 07, 2016 0.0 0.0 0.0 0.0 55471.7 8931760.0
688 Jun 08, 2016 0.0 0.0 0.0 0.0 65664.1 9152310.0
689 Jun 09, 2016 0.0 0.0 0.0 0.0 76979.6 9060250.0
690 Jun 10, 2016 0.0 0.0 0.0 0.0 59536.2 9256260.0
691 Jun 11, 2016 0.0 0.0 0.0 0.0 58194.2 9431410.0
692 Jun 12, 2016 0.0 0.0 0.0 0.0 205157.0 9306070.0
693 Jun 13, 2016 0.0 0.0 0.0 0.0 176910.0 10099400.0
694 Jun 14, 2016 0.0 0.0 0.0 0.0 455765.0 9354910.0
695 Jun 15, 2016 0.0 0.0 0.0 0.0 156999.0 10342800.0
696 Jun 16, 2016 0.0 0.0 0.0 0.0 207470.0 9934680.0
697 Jun 17, 2016 0.0 0.0 0.0 0.0 272055.0 10277800.0
698 Jun 18, 2016 0.0 0.0 0.0 0.0 228749.0 9903090.0
699 Jun 19, 2016 0.0 0.0 0.0 0.0 460992.0 10084000.0
700 Jun 20, 2016 0.0 0.0 0.0 0.0 249987.0 10693900.0
701 Jun 21, 2016 0.0 0.0 0.0 0.0 736430.0 10260900.0
702 Jun 22, 2016 0.0 0.0 0.0 0.0 322576.0 10269300.0
703 Jun 23, 2016 0.0 0.0 0.0 0.0 334048.0 9767310.0
704 Jun 24, 2016 0.0 0.0 0.0 0.0 165144.0 9870650.0
705 Jun 25, 2016 0.0 0.0 0.0 0.0 208326.0 9804430.0
706 Jun 26, 2016 0.0 0.0 0.0 0.0 345565.0 9589270.0
707 Jun 27, 2016 0.0 0.0 0.0 0.0 150889.0 9759310.0
708 Jun 28, 2016 0.0 0.01 0.0 0.0 2542750.0 10120200.0
709 Jun 29, 2016 0.0 0.01 0.0 0.01 1429400.0 12092900.0
710 Jun 30, 2016 0.01 0.01 0.0 0.0 744005.0 12911100.0
711 Jul 01, 2016 0.0 0.01 0.0 0.0 337853.0 12507900.0
712 Jul 02, 2016 0.0 0.0 0.0 0.0 264911.0 12362400.0
713 Jul 03, 2016 0.0 0.0 0.0 0.0 201563.0 12265700.0
714 Jul 04, 2016 0.0 0.0 0.0 0.0 198280.0 11638200.0
715 Jul 05, 2016 0.0 0.0 0.0 0.0 161823.0 11974500.0
716 Jul 06, 2016 0.0 0.0 0.0 0.0 95575.8 11523600.0
717 Jul 07, 2016 0.0 0.0 0.0 0.0 247241.0 11375400.0
718 Jul 08, 2016 0.0 0.0 0.0 0.0 206372.0 10427500.0
719 Jul 09, 2016 0.0 0.0 0.0 0.0 115364.0 11099500.0
720 Jul 10, 2016 0.0 0.0 0.0 0.0 759926.0 10869700.0
721 Jul 11, 2016 0.0 0.0 0.0 0.0 407446.0 12112700.0
722 Jul 12, 2016 0.0 0.01 0.0 0.0 745547.0 11981600.0
723 Jul 13, 2016 0.01 0.01 0.0 0.01 2722640.0 12904900.0
724 Jul 14, 2016 0.01 0.01 0.01 0.01 1095770.0 14863300.0
725 Jul 15, 2016 0.01 0.01 0.01 0.01 581654.0 13773800.0
726 Jul 16, 2016 0.01 0.01 0.01 0.01 340129.0 13446400.0
727 Jul 17, 2016 0.01 0.01 0.0 0.0 209480.0 13334200.0
728 Jul 18, 2016 0.0 0.01 0.0 0.01 331604.0 12688300.0
729 Jul 19, 2016 0.01 0.01 0.01 0.01 358203.0 13337400.0
730 Jul 20, 2016 0.01 0.01 0.01 0.01 576582.0 14100300.0
731 Jul 21, 2016 0.01 0.01 0.01 0.01 372620.0 14095200.0
732 Jul 22, 2016 0.01 0.01 0.01 0.01 232567.0 14090700.0
733 Jul 23, 2016 0.01 0.01 0.01 0.01 126053.0 13438700.0
734 Jul 24, 2016 0.01 0.01 0.01 0.01 138430.0 13539300.0
735 Jul 25, 2016 0.01 0.01 0.01 0.01 114897.0 13610000.0
736 Jul 26, 2016 0.0 0.01 0.0 0.0 261488.0 12812500.0
737 Jul 27, 2016 0.0 0.0 0.0 0.0 157330.0 12329000.0
738 Jul 28, 2016 0.0 0.01 0.0 0.0 95719.5 12340800.0
739 Jul 29, 2016 0.0 0.01 0.0 0.0 139267.0 12597300.0
740 Jul 30, 2016 0.0 0.0 0.0 0.0 101706.0 12715700.0
741 Jul 31, 2016 0.0 0.0 0.0 0.0 325927.0 12622500.0
742 Aug 01, 2016 0.0 0.0 0.0 0.0 263186.0 11799400.0
743 Aug 02, 2016 0.0 0.0 0.0 0.0 332061.0 11401100.0
744 Aug 03, 2016 0.0 0.0 0.0 0.0 196423.0 10354300.0
745 Aug 04, 2016 0.0 0.0 0.0 0.0 176395.0 10620500.0
746 Aug 05, 2016 0.0 0.0 0.0 0.0 124859.0 10723000.0
747 Aug 06, 2016 0.0 0.0 0.0 0.0 201109.0 10686800.0
748 Aug 07, 2016 0.0 0.0 0.0 0.0 172540.0 11655600.0
749 Aug 08, 2016 0.0 0.0 0.0 0.0 81656.9 11504700.0
750 Aug 09, 2016 0.0 0.0 0.0 0.0 139392.0 11434100.0
751 Aug 10, 2016 0.0 0.0 0.0 0.0 160149.0 11224000.0
752 Aug 11, 2016 0.0 0.0 0.0 0.0 108301.0 11665000.0
753 Aug 12, 2016 0.0 0.0 0.0 0.0 152836.0 11689100.0
754 Aug 13, 2016 0.0 0.01 0.0 0.01 1470630.0 11878900.0
755 Aug 14, 2016 0.01 0.01 0.0 0.0 250426.0 13012000.0
756 Aug 15, 2016 0.0 0.01 0.0 0.0 248746.0 12793500.0
757 Aug 16, 2016 0.0 0.01 0.0 0.01 127300.0 12303300.0
758 Aug 17, 2016 0.01 0.01 0.01 0.01 1262250.0 13023900.0
759 Aug 18, 2016 0.01 0.01 0.01 0.01 428100.0 14805700.0
760 Aug 19, 2016 0.01 0.01 0.01 0.01 240016.0 14761400.0
761 Aug 20, 2016 0.01 0.01 0.01 0.01 226026.0 14173000.0
762 Aug 21, 2016 0.01 0.01 0.01 0.01 248641.0 14853500.0
763 Aug 22, 2016 0.01 0.01 0.01 0.01 283248.0 14942500.0
764 Aug 23, 2016 0.01 0.01 0.01 0.01 321798.0 15001600.0
765 Aug 24, 2016 0.01 0.01 0.01 0.01 131549.0 13964800.0
766 Aug 25, 2016 0.01 0.01 0.01 0.01 212297.0 13743300.0
767 Aug 26, 2016 0.01 0.01 0.01 0.01 140419.0 14756400.0
768 Aug 27, 2016 0.01 0.01 0.01 0.01 113255.0 14671600.0
769 Aug 28, 2016 0.01 0.01 0.01 0.01 206225.0 13869300.0
770 Aug 29, 2016 0.01 0.01 0.01 0.01 2569250.0 13694100.0
771 Aug 30, 2016 0.01 0.01 0.01 0.01 1366360.0 18496600.0
772 Aug 31, 2016 0.01 0.01 0.01 0.01 578919.0 16632800.0
773 Sep 01, 2016 0.01 0.01 0.01 0.01 255727.0 15348700.0
774 Sep 02, 2016 0.01 0.01 0.01 0.01 295482.0 15017300.0
775 Sep 03, 2016 0.01 0.01 0.01 0.01 295928.0 14683700.0
776 Sep 04, 2016 0.01 0.01 0.0 0.01 591831.0 13718200.0
777 Sep 05, 2016 0.01 0.01 0.01 0.01 193368.0 13929300.0
778 Sep 06, 2016 0.01 0.01 0.01 0.01 119778.0 14051700.0
779 Sep 07, 2016 0.01 0.01 0.01 0.01 176908.0 13579400.0
780 Sep 08, 2016 0.01 0.01 0.01 0.01 193960.0 13135400.0
781 Sep 09, 2016 0.01 0.01 0.0 0.01 145868.0 14149700.0
782 Sep 10, 2016 0.01 0.01 0.0 0.01 162984.0 12884600.0
783 Sep 11, 2016 0.01 0.01 0.0 0.0 112304.0 13255300.0
784 Sep 12, 2016 0.0 0.01 0.0 0.01 297329.0 12695700.0
785 Sep 13, 2016 0.01 0.01 0.01 0.01 379325.0 13715800.0
786 Sep 14, 2016 0.01 0.01 0.01 0.01 233534.0 14393600.0
787 Sep 15, 2016 0.01 0.01 0.01 0.01 199068.0 14657900.0
788 Sep 16, 2016 0.01 0.01 0.01 0.01 149501.0 14012000.0
789 Sep 17, 2016 0.01 0.01 0.01 0.01 115546.0 13832400.0
790 Sep 18, 2016 0.01 0.01 0.01 0.01 51450.6 13204500.0
791 Sep 19, 2016 0.01 0.01 0.01 0.01 64376.8 13354500.0
792 Sep 20, 2016 0.01 0.01 0.0 0.0 223785.0 13346500.0
793 Sep 21, 2016 0.01 0.01 0.0 0.01 87693.6 13018600.0
794 Sep 22, 2016 0.01 0.01 0.0 0.0 80371.4 13071200.0
795 Sep 23, 2016 0.0 0.01 0.0 0.0 50281.5 12850300.0
796 Sep 24, 2016 0.0 0.01 0.0 0.0 21886.6 12819800.0
797 Sep 25, 2016 0.0 0.01 0.0 0.01 47597.5 12843000.0
798 Sep 26, 2016 0.01 0.01 0.01 0.01 91215.8 13156900.0
799 Sep 27, 2016 0.01 0.01 0.01 0.01 90709.9 13359900.0
800 Sep 28, 2016 0.01 0.01 0.0 0.0 114401.0 13140400.0
801 Sep 29, 2016 0.0 0.01 0.0 0.0 167995.0 12835600.0
802 Sep 30, 2016 0.0 0.0 0.0 0.0 148524.0 12540000.0
803 Oct 01, 2016 0.0 0.0 0.0 0.0 90805.0 12452400.0
804 Oct 02, 2016 0.0 0.0 0.0 0.0 50268.1 12544400.0
805 Oct 03, 2016 0.0 0.01 0.0 0.01 196682.0 12345400.0
806 Oct 04, 2016 0.01 0.01 0.0 0.0 70114.6 12872200.0
807 Oct 05, 2016 0.0 0.0 0.0 0.0 63198.2 12483800.0
808 Oct 06, 2016 0.0 0.01 0.0 0.01 95935.1 12627400.0
809 Oct 07, 2016 0.01 0.01 0.0 0.0 101262.0 12994800.0
810 Oct 08, 2016 0.0 0.0 0.0 0.0 61341.5 12780400.0
811 Oct 09, 2016 0.0 0.0 0.0 0.0 44253.5 12595700.0
812 Oct 10, 2016 0.0 0.0 0.0 0.0 75936.6 12478700.0
813 Oct 11, 2016 0.0 0.0 0.0 0.0 158557.0 12794200.0
814 Oct 12, 2016 0.0 0.0 0.0 0.0 107193.0 12187500.0
815 Oct 13, 2016 0.0 0.0 0.0 0.0 104586.0 12241300.0
816 Oct 14, 2016 0.0 0.0 0.0 0.0 178246.0 12147700.0
817 Oct 15, 2016 0.0 0.0 0.0 0.0 92371.8 11474100.0
818 Oct 16, 2016 0.0 0.0 0.0 0.0 34037.3 11768000.0
819 Oct 17, 2016 0.0 0.0 0.0 0.0 175996.0 11500600.0
820 Oct 18, 2016 0.0 0.0 0.0 0.0 113187.0 10888600.0
821 Oct 19, 2016 0.0 0.0 0.0 0.0 69987.7 11707200.0
822 Oct 20, 2016 0.0 0.0 0.0 0.0 51736.0 11462200.0
823 Oct 21, 2016 0.0 0.0 0.0 0.0 40979.3 11814100.0
824 Oct 22, 2016 0.0 0.0 0.0 0.0 63439.7 11461700.0
825 Oct 23, 2016 0.0 0.0 0.0 0.0 51668.8 11793500.0
826 Oct 24, 2016 0.0 0.0 0.0 0.0 45977.2 11391300.0
827 Oct 25, 2016 0.0 0.0 0.0 0.0 52584.1 11552600.0
828 Oct 26, 2016 0.0 0.0 0.0 0.0 102055.0 11530200.0
829 Oct 27, 2016 0.0 0.0 0.0 0.0 90446.2 11382200.0
830 Oct 28, 2016 0.0 0.0 0.0 0.0 61928.2 11039900.0
831 Oct 29, 2016 0.0 0.0 0.0 0.0 222857.0 10621100.0
832 Oct 30, 2016 0.0 0.0 0.0 0.0 116576.0 10464200.0
833 Oct 31, 2016 0.0 0.0 0.0 0.0 70625.0 10919300.0
834 Nov 01, 2016 0.0 0.0 0.0 0.0 84464.2 10744700.0
835 Nov 02, 2016 0.0 0.0 0.0 0.0 88541.3 10573900.0
836 Nov 03, 2016 0.0 0.0 0.0 0.0 80609.0 10990700.0
837 Nov 04, 2016 0.0 0.0 0.0 0.0 127234.0 10888300.0
838 Nov 05, 2016 0.0 0.0 0.0 0.0 124966.0 11605100.0
839 Nov 06, 2016 0.0 0.0 0.0 0.0 87539.1 11614900.0
840 Nov 07, 2016 0.0 0.0 0.0 0.0 72743.4 11090200.0
841 Nov 08, 2016 0.0 0.0 0.0 0.0 50270.8 11131300.0
842 Nov 09, 2016 0.0 0.0 0.0 0.0 75614.6 11125100.0
843 Nov 10, 2016 0.0 0.0 0.0 0.0 33970.2 11039900.0
844 Nov 11, 2016 0.0 0.0 0.0 0.0 31589.0 11086800.0
845 Nov 12, 2016 0.0 0.0 0.0 0.0 401433.0 10987900.0
846 Nov 13, 2016 0.0 0.0 0.0 0.0 391532.0 11412900.0
847 Nov 14, 2016 0.0 0.0 0.0 0.0 107632.0 11483700.0
848 Nov 15, 2016 0.0 0.0 0.0 0.0 49311.5 11022600.0
849 Nov 16, 2016 0.0 0.0 0.0 0.0 110954.0 10840800.0
850 Nov 17, 2016 0.0 0.0 0.0 0.0 50621.8 10289200.0
851 Nov 18, 2016 0.0 0.0 0.0 0.0 62620.2 10706300.0
852 Nov 19, 2016 0.0 0.0 0.0 0.0 36718.7 10521000.0
853 Nov 20, 2016 0.0 0.0 0.0 0.0 60324.5 10673800.0
854 Nov 21, 2016 0.0 0.0 0.0 0.0 36893.2 10488300.0
855 Nov 22, 2016 0.0 0.0 0.0 0.0 84803.6 10333500.0
856 Nov 23, 2016 0.0 0.0 0.0 0.0 39213.1 10349000.0
857 Nov 24, 2016 0.0 0.0 0.0 0.0 38725.2 10427000.0
858 Nov 25, 2016 0.0 0.0 0.0 0.0 50051.7 10353900.0
859 Nov 26, 2016 0.0 0.0 0.0 0.0 33334.8 10417600.0
860 Nov 27, 2016 0.0 0.0 0.0 0.0 25197.4 10367600.0
861 Nov 28, 2016 0.0 0.0 0.0 0.0 76376.4 10181900.0
862 Nov 29, 2016 0.0 0.0 0.0 0.0 104865.0 9872880.0
863 Nov 30, 2016 0.0 0.0 0.0 0.0 47827.5 9682350.0
864 Dec 01, 2016 0.0 0.0 0.0 0.0 136868.0 9728920.0
865 Dec 02, 2016 0.0 0.0 0.0 0.0 163091.0 9507780.0
866 Dec 03, 2016 0.0 0.0 0.0 0.0 83510.5 9475660.0
867 Dec 04, 2016 0.0 0.0 0.0 0.0 42273.3 9622280.0
868 Dec 05, 2016 0.0 0.0 0.0 0.0 88830.7 9253900.0
869 Dec 06, 2016 0.0 0.0 0.0 0.0 93130.8 9106530.0
870 Dec 07, 2016 0.0 0.0 0.0 0.0 230070.0 9323190.0
871 Dec 08, 2016 0.0 0.0 0.0 0.0 111463.0 10759800.0
872 Dec 09, 2016 0.0 0.0 0.0 0.0 40306.9 10157300.0
873 Dec 10, 2016 0.0 0.0 0.0 0.0 36125.9 10221300.0
874 Dec 11, 2016 0.0 0.0 0.0 0.0 28246.2 10226000.0
875 Dec 12, 2016 0.0 0.0 0.0 0.0 50644.8 10158800.0
876 Dec 13, 2016 0.0 0.0 0.0 0.0 23046.7 10082900.0
877 Dec 14, 2016 0.0 0.0 0.0 0.0 79102.7 9958400.0
878 Dec 15, 2016 0.0 0.0 0.0 0.0 40059.4 9623660.0
879 Dec 16, 2016 0.0 0.0 0.0 0.0 31894.1 9761750.0
880 Dec 17, 2016 0.0 0.0 0.0 0.0 19069.5 9853560.0
881 Dec 18, 2016 0.0 0.0 0.0 0.0 31874.8 9662720.0
882 Dec 19, 2016 0.0 0.0 0.0 0.0 83210.2 9717360.0
883 Dec 20, 2016 0.0 0.0 0.0 0.0 67054.1 10150400.0
884 Dec 21, 2016 0.0 0.0 0.0 0.0 54219.9 10313000.0
885 Dec 22, 2016 0.0 0.0 0.0 0.0 114686.0 10542400.0
886 Dec 23, 2016 0.0 0.0 0.0 0.0 143252.0 10958800.0
887 Dec 24, 2016 0.0 0.0 0.0 0.0 68577.8 11258400.0
888 Dec 25, 2016 0.0 0.0 0.0 0.0 76824.4 11072700.0
889 Dec 26, 2016 0.0 0.0 0.0 0.0 67103.7 11041000.0
890 Dec 27, 2016 0.0 0.0 0.0 0.0 100732.0 10883300.0
891 Dec 28, 2016 0.0 0.0 0.0 0.0 60719.6 10615600.0
892 Dec 29, 2016 0.0 0.0 0.0 0.0 80845.0 10416000.0
893 Dec 30, 2016 0.0 0.0 0.0 0.0 51057.4 10725100.0
894 Dec 31, 2016 0.0 0.0 0.0 0.0 28432.0 10505800.0
895 Jan 01, 2017 0.0 0.0 0.0 0.0 84775.6 10231400.0
896 Jan 02, 2017 0.0 0.0 0.0 0.0 122104.0 10443900.0
897 Jan 03, 2017 0.0 0.0 0.0 0.0 92599.5 10429700.0
898 Jan 04, 2017 0.0 0.0 0.0 0.0 675267.0 10696400.0
899 Jan 05, 2017 0.0 0.0 0.0 0.0 365829.0 11443600.0
900 Jan 06, 2017 0.0 0.0 0.0 0.0 154796.0 10555600.0
901 Jan 07, 2017 0.0 0.0 0.0 0.0 75506.9 9455510.0
902 Jan 08, 2017 0.0 0.0 0.0 0.0 35074.6 9490690.0
903 Jan 09, 2017 0.0 0.0 0.0 0.0 112612.0 9533960.0
904 Jan 10, 2017 0.0 0.0 0.0 0.0 89913.4 9662720.0
905 Jan 11, 2017 0.0 0.0 0.0 0.0 143254.0 9866790.0
906 Jan 12, 2017 0.0 0.0 0.0 0.0 127764.0 8933010.0
907 Jan 13, 2017 0.0 0.0 0.0 0.0 54270.3 9717700.0
908 >Jan 14, 201 0.0 0.0 0.0 0.0 85817.1 9606990.0
909 Jan 15, 2017 0.0 0.0 0.0 0.0 54687.9 9943670.0
910 Jan 16, 2017 0.0 0.0 0.0 0.0 52342.5 9794860.0
911 Jan 17, 2017 0.0 0.0 0.0 0.0 106850.0 10101800.0
912 Jan 18, 2017 0.0 0.0 0.0 0.0 53214.3 10092100.0
913 Jan 19, 2017 0.0 0.0 0.0 0.0 55481.6 10179800.0
914 Jan 20, 2017 0.0 0.0 0.0 0.0 39785.6 10002300.0
915 Jan 21, 2017 0.0 0.0 0.0 0.0 59382.2 10015600.0
916 Jan 22, 2017 0.0 0.0 0.0 0.0 72738.7 9787150.0
917 Jan 23, 2017 0.0 0.0 0.0 0.0 54819.8 9525310.0
918 Jan 24, 2017 0.0 0.0 0.0 0.0 17435.3 9537300.0
919 Jan 25, 2017 0.0 0.0 0.0 0.0 23913.1 9543420.0
920 Jan 26, 2017 0.0 0.0 0.0 0.0 85667.1 9464660.0
921 Jan 27, 2017 0.0 0.0 0.0 0.0 45063.3 9898050.0
922 Jan 28, 2017 0.0 0.0 0.0 0.0 39402.0 9982340.0
923 Jan 29, 2017 0.0 0.0 0.0 0.0 106277.0 9853160.0
924 Jan 30, 2017 0.0 0.0 0.0 0.0 77841.0 10729100.0
925 Jan 31, 2017 0.0 0.0 0.0 0.0 74827.5 10666700.0
926 Feb 01, 2017 0.0 0.0 0.0 0.0 76888.3 10442200.0
927 Feb 02, 2017 0.0 0.0 0.0 0.0 99888.3 10483800.0
928 Feb 03, 2017 0.0 0.0 0.0 0.0 72570.4 10566600.0
929 Feb 04, 2017 0.0 0.0 0.0 0.0 72746.4 10183500.0
930 Feb 05, 2017 0.0 0.0 0.0 0.0 59514.7 10458100.0
931 Feb 06, 2017 0.0 0.0 0.0 0.0 99859.0 10277700.0
932 Feb 07, 2017 0.0 0.0 0.0 0.0 79642.6 10215500.0
933 Feb 08, 2017 0.0 0.0 0.0 0.0 77958.9 10569500.0
934 Feb 09, 2017 0.0 0.0 0.0 0.0 144435.0 10429300.0
935 Feb 10, 2017 0.0 0.0 0.0 0.0 236288.0 9739780.0
936 Feb 11, 2017 0.0 0.0 0.0 0.0 85145.7 10164200.0
937 Feb 12, 2017 0.0 0.0 0.0 0.0 59665.1 10444900.0
938 Feb 13, 2017 0.0 0.0 0.0 0.0 56327.4 10237700.0
939 Feb 14, 2017 0.0 0.0 0.0 0.0 56479.5 9995850.0
940 Feb 15, 2017 0.0 0.0 0.0 0.0 32081.5 10316400.0
941 Feb 16, 2017 0.0 0.0 0.0 0.0 58702.3 10455800.0
942 Feb 17, 2017 0.0 0.0 0.0 0.0 105245.0 10489100.0
943 Feb 18, 2017 0.0 0.0 0.0 0.0 86237.0 10700900.0
944 Feb 19, 2017 0.0 0.0 0.0 0.0 44686.6 10339600.0
945 Feb 20, 2017 0.0 0.0 0.0 0.0 34355.1 10413300.0
946 Feb 21, 2017 0.0 0.0 0.0 0.0 56018.3 10365100.0
947 Feb 22, 2017 0.0 0.0 0.0 0.0 115368.0 9934310.0
948 Feb 23, 2017 0.0 0.0 0.0 0.0 58984.7 9891870.0
949 Feb 24, 2017 0.0 0.0 0.0 0.0 92972.5 9856800.0
950 Feb 25, 2017 0.0 0.0 0.0 0.0 41487.5 10115400.0
951 Feb 26, 2017 0.0 0.0 0.0 0.0 44366.3 10067500.0
952 Feb 27, 2017 0.0 0.0 0.0 0.0 39968.1 9823640.0
953 Feb 28, 2017 0.0 0.0 0.0 0.0 251704.0 9818090.0
954 Mar 01, 2017 0.0 0.0 0.0 0.0 243416.0 9238460.0
955 Mar 02, 2017 0.0 0.0 0.0 0.0 122407.0 9028780.0
956 Mar 03, 2017 0.0 0.0 0.0 0.0 115801.0 9524500.0
957 Mar 04, 2017 0.0 0.0 0.0 0.0 136140.0 9288460.0
958 Mar 05, 2017 0.0 0.0 0.0 0.0 47727.8 8930140.0
959 Mar 06, 2017 0.0 0.0 0.0 0.0 125354.0 9156810.0
960 Mar 07, 2017 0.0 0.0 0.0 0.0 141660.0 9472770.0
961 Mar 08, 2017 0.0 0.0 0.0 0.0 140506.0 9517250.0
962 Mar 09, 2017 0.0 0.0 0.0 0.0 131407.0 9492520.0
963 Mar 10, 2017 0.0 0.0 0.0 0.0 133175.0 9295780.0
964 Mar 11, 2017 0.0 0.0 0.0 0.0 84985.2 9043230.0
965 Mar 12, 2017 0.0 0.0 0.0 0.0 162554.0 9265560.0
966 Mar 13, 2017 0.0 0.0 0.0 0.0 377294.0 9624490.0
967 Mar 14, 2017 0.0 0.0 0.0 0.0 288304.0 10505500.0
968 Mar 15, 2017 0.0 0.01 0.0 0.01 321743.0 11091000.0
969 Mar 16, 2017 0.0 0.01 0.0 0.0 405846.0 12932500.0
970 Mar 17, 2017 0.0 0.01 0.0 0.01 1090330.0 11398400.0
971 Mar 18, 2017 0.01 0.01 0.0 0.0 633333.0 12955900.0
972 Mar 19, 2017 0.0 0.0 0.0 0.0 363132.0 11617700.0
973 Mar 20, 2017 0.0 0.01 0.0 0.01 742686.0 12423600.0
974 Mar 21, 2017 0.01 0.01 0.01 0.01 1134330.0 14454600.0
975 Mar 22, 2017 0.01 0.01 0.01 0.01 403992.0 14565900.0
976 Mar 23, 2017 0.01 0.01 0.01 0.01 223156.0 14752000.0
977 Mar 24, 2017 0.01 0.01 0.01 0.01 413267.0 14453800.0
978 Mar 25, 2017 0.01 0.01 0.0 0.01 434928.0 14065500.0
979 Mar 26, 2017 0.01 0.01 0.01 0.01 174704.0 13434000.0
980 Mar 27, 2017 0.01 0.01 0.01 0.01 223561.0 13354800.0
981 Mar 28, 2017 0.01 0.01 0.01 0.01 230442.0 14098000.0
982 Mar 29, 2017 0.01 0.01 0.01 0.01 1372580.0 14273700.0
983 Mar 30, 2017 0.01 0.01 0.01 0.01 653536.0 16074300.0
984 Mar 31, 2017 0.01 0.01 0.01 0.01 1817370.0 16165000.0
985 Apr 01, 2017 0.01 0.01 0.01 0.01 555132.0 16726700.0
986 Apr 02, 2017 0.01 0.01 0.01 0.01 5820790.0 17767800.0
987 Apr 03, 2017 0.01 0.01 0.01 0.01 4109690.0 27563700.0
988 Apr 04, 2017 0.01 0.01 0.01 0.01 1326610.0 24360700.0
989 Apr 05, 2017 0.01 0.01 0.01 0.01 1207520.0 23604200.0
990 Apr 06, 2017 0.01 0.01 0.01 0.01 771102.0 23971900.0
991 Apr 07, 2017 0.01 0.01 0.01 0.01 574502.0 22121100.0
992 Apr 08, 2017 0.01 0.01 0.01 0.01 288126.0 21619400.0
993 Apr 09, 2017 0.01 0.01 0.01 0.01 667866.0 22165700.0
994 Apr 10, 2017 0.01 0.01 0.01 0.01 331709.0 21410600.0
995 Apr 11, 2017 0.01 0.01 0.01 0.01 237886.0 21945200.0
996 Apr 12, 2017 0.01 0.01 0.01 0.01 368844.0 21533000.0
997 Apr 13, 2017 0.01 0.01 0.01 0.01 767462.0 22595700.0
998 Apr 14, 2017 0.01 0.01 0.01 0.01 703626.0 23009500.0
999 Apr 15, 2017 0.01 0.01 0.01 0.01 2035390.0 24361200.0
1000 Apr 16, 2017 0.01 0.01 0.01 0.01 1287070.0 27690500.0
1001 Apr 17, 2017 0.01 0.01 0.01 0.01 1126240.0 28933600.0
1002 Apr 18, 2017 0.01 0.01 0.01 0.01 893037.0 26756900.0
1003 Apr 19, 2017 0.01 0.01 0.01 0.01 1549520.0 29658500.0
1004 Apr 20, 2017 0.01 0.01 0.01 0.01 2329900.0 32272000.0
1005 Apr 21, 2017 0.01 0.01 0.01 0.01 1113300.0 29288700.0
1006 Apr 22, 2017 0.01 0.01 0.01 0.01 1117400.0 30727100.0
1007 Apr 23, 2017 0.01 0.01 0.01 0.01 1456000.0 31928700.0
1008 Apr 24, 2017 0.01 0.01 0.01 0.01 1422220.0 33116700.0
1009 Apr 25, 2017 0.01 0.01 0.01 0.01 1453040.0 35825000.0
1010 Apr 26, 2017 0.01 0.01 0.01 0.01 1468170.0 34401100.0
1011 Apr 27, 2017 0.01 0.01 0.01 0.01 715142.0 34120100.0
1012 Apr 28, 2017 0.01 0.01 0.01 0.01 1010360.0 34462900.0
1013 Apr 29, 2017 0.01 0.01 0.01 0.01 2456690.0 36222200.0
1014 Apr 30, 2017 0.01 0.02 0.01 0.02 3028980.0 40237700.0
1015 May 01, 2017 0.02 0.02 0.01 0.01 3364830.0 42769800.0
1016 May 02, 2017 0.01 0.01 0.01 0.01 2164250.0 39830500.0
1017 May 03, 2017 0.01 0.01 0.01 0.01 1029420.0 38697800.0
1018 May 04, 2017 0.01 0.02 0.01 0.02 3050820.0 41475700.0
1019 May 05, 2017 0.02 0.03 0.02 0.02 10907300.0 47154900.0
1020 May 06, 2017 0.02 0.03 0.02 0.03 11524000.0 62804400.0
1021 May 07, 2017 0.03 0.04 0.03 0.03 16653700.0 84294400.0
1022 May 08, 2017 0.03 0.06 0.03 0.05 26007600.0 90255700.0
1023 May 09, 2017 0.05 0.06 0.03 0.04 20727100.0 140785000.0
1024 May 10, 2017 0.04 0.04 0.04 0.04 8064410.0 99023700.0
1025 May 11, 2017 0.04 0.04 0.03 0.04 6905020.0 105975000.0
1026 May 12, 2017 0.04 0.04 0.04 0.04 6154060.0 96255500.0
1027 May 13, 2017 0.04 0.04 0.03 0.04 4382080.0 100491000.0
1028 May 14, 2017 0.04 0.04 0.04 0.04 4358400.0 97574200.0
1029 May 15, 2017 0.04 0.04 0.04 0.04 6102760.0 102836000.0
1030 May 16, 2017 0.04 0.05 0.04 0.04 14058000.0 105737000.0
1031 May 17, 2017 0.05 0.05 0.04 0.05 10693400.0 120299000.0
1032 May 18, 2017 0.05 0.06 0.05 0.06 13858300.0 126112000.0
1033 May 19, 2017 0.06 0.08 0.06 0.08 27672500.0 157104000.0
1034 May 20, 2017 0.08 0.09 0.08 0.09 37864200.0 209458000.0
1035 May 21, 2017 0.09 0.11 0.09 0.1 33733900.0 235879000.0
1036 May 22, 2017 0.1 0.1 0.07 0.09 24227200.0 261499000.0
1037 May 23, 2017 0.09 0.1 0.09 0.09 17262900.0 227352000.0
1038 May 24, 2017 0.09 0.11 0.09 0.09 19314000.0 245778000.0
1039 May 25, 2017 0.09 0.09 0.07 0.08 19546800.0 241195000.0
1040 May 26, 2017 0.08 0.09 0.05 0.06 14679300.0 200331000.0
1041 May 27, 2017 0.06 0.06 0.04 0.06 21151000.0 155200000.0
1042 May 28, 2017 0.06 0.07 0.05 0.06 15400900.0 157818000.0
1043 May 29, 2017 0.06 0.07 0.06 0.07 8702930.0 159418000.0
1044 May 30, 2017 0.07 0.07 0.06 0.06 12222200.0 171339000.0
1045 May 31, 2017 0.06 0.07 0.06 0.07 7652850.0 167711000.0
1046 Jun 01, 2017 0.07 0.08 0.07 0.08 15459200.0 169247000.0
1047 Jun 02, 2017 0.08 0.09 0.08 0.09 24481300.0 200875000.0
1048 Jun 03, 2017 0.09 0.1 0.08 0.1 22652200.0 235096000.0
1049 Jun 04, 2017 0.1 0.11 0.09 0.11 37002000.0 252651000.0
1050 Jun 05, 2017 0.11 0.12 0.11 0.11 38522500.0 285464000.0
1051 Jun 06, 2017 0.11 0.12 0.1 0.12 32658700.0 284463000.0
1052 Jun 07, 2017 0.12 0.12 0.1 0.1 20041600.0 302281000.0
1053 Jun 08, 2017 0.1 0.18 0.1 0.18 133216000.0 272781000.0
1054 Jun 09, 2017 0.18 0.28 0.17 0.27 345241000.0 459938000.0
1055 Jun 10, 2017 0.27 0.47 0.25 0.35 726073000.0 695200000.0
1056 Jun 11, 2017 0.36 0.39 0.29 0.39 352320000.0 927625000.0
1057 Jun 12, 2017 0.4 0.41 0.33 0.38 317523000.0 1033040000.0
1058 Jun 13, 2017 0.37 0.39 0.35 0.36 150849000.0 972771000.0
1059 Jun 14, 2017 0.37 0.37 0.32 0.33 125612000.0 950325000.0
1060 Jun 15, 2017 0.33 0.34 0.27 0.34 197389000.0 858221000.0
1061 Jun 16, 2017 0.34 0.34 0.31 0.32 88788800.0 878326000.0
1062 Jun 17, 2017 0.32 0.36 0.32 0.34 135751000.0 824916000.0
1063 Jun 18, 2017 0.34 0.34 0.32 0.33 57903200.0 883897000.0
1064 Jun 19, 2017 0.32 0.34 0.32 0.33 73486600.0 842207000.0
1065 Jun 20, 2017 0.33 0.35 0.32 0.33 108988000.0 846903000.0
1066 Jun 21, 2017 0.33 0.34 0.31 0.32 71884600.0 867085000.0
1067 Jun 22, 2017 0.32 0.32 0.3 0.31 44301000.0 830779000.0
1068 Jun 23, 2017 0.31 0.34 0.3 0.33 117987000.0 798964000.0
1069 Jun 24, 2017 0.33 0.34 0.31 0.31 53119800.0 861785000.0
1070 Jun 25, 2017 0.31 0.32 0.3 0.3 57168300.0 812692000.0
1071 Jun 26, 2017 0.3 0.3 0.23 0.26 108451000.0 776988000.0
1072 Jun 27, 2017 0.26 0.27 0.22 0.24 76238100.0 682511000.0
1073 Jun 28, 2017 0.25 0.28 0.24 0.28 93570900.0 648913000.0
1074 Jun 29, 2017 0.28 0.28 0.25 0.26 48186900.0 720000000.0
1075 Jun 30, 2017 0.25 0.26 0.25 0.25 32301400.0 661020000.0
1076 Jul 01, 2017 0.25 0.25 0.23 0.23 36725000.0 641710000.0
1077 Jul 02, 2017 0.23 0.23 0.2 0.21 71511700.0 586240000.0
1078 Jul 03, 2017 0.21 0.26 0.21 0.25 128439000.0 552090000.0
1079 Jul 04, 2017 0.25 0.27 0.24 0.24 74827400.0 650344000.0
1080 Jul 05, 2017 0.24 0.24 0.22 0.23 50491300.0 614358000.0
1081 Jul 06, 2017 0.23 0.23 0.21 0.22 34376700.0 596650000.0
1082 Jul 07, 2017 0.22 0.22 0.19 0.19 40615500.0 563863000.0
1083 Jul 08, 2017 0.19 0.2 0.16 0.19 70812300.0 486707000.0
1084 Jul 09, 2017 0.19 0.2 0.17 0.17 27774400.0 501526000.0
1085 Jul 10, 2017 0.17 0.17 0.14 0.14 40934400.0 440071000.0
1086 Jul 11, 2017 0.14 0.14 0.11 0.12 57816000.0 361069000.0
1087 Jul 12, 2017 0.12 0.15 0.12 0.14 60739800.0 319852000.0
1088 Jul 13, 2017 0.15 0.15 0.13 0.13 50329000.0 384357000.0
1089 Jul 14, 2017 0.13 0.13 0.12 0.12 29603900.0 340366000.0
1090 Jul 15, 2017 0.12 0.12 0.1 0.1 43382000.0 314238000.0
1091 Jul 16, 2017 0.1 0.1 0.09 0.09 39027600.0 265333000.0
1092 Jul 17, 2017 0.1 0.11 0.1 0.11 37680400.0 249206000.0
1093 Jul 18, 2017 0.11 0.13 0.1 0.13 67042900.0 278046000.0
1094 Jul 19, 2017 0.13 0.13 0.11 0.11 57232800.0 325053000.0
1095 Jul 20, 2017 0.11 0.14 0.11 0.14 70334800.0 288245000.0
1096 Jul 21, 2017 0.14 0.16 0.13 0.15 85524200.0 358317000.0
1097 Jul 22, 2017 0.15 0.18 0.14 0.18 139575000.0 379448000.0
1098 Jul 23, 2017 0.19 0.2 0.15 0.17 174032000.0 485590000.0
1099 Jul 24, 2017 0.17 0.17 0.16 0.17 56439400.0 444357000.0
1100 Jul 25, 2017 0.17 0.17 0.12 0.13 94408800.0 440178000.0
1101 Jul 26, 2017 0.14 0.14 0.12 0.14 74220000.0 351291000.0
1102 Jul 27, 2017 0.14 0.14 0.13 0.14 47770900.0 354918000.0
1103 Jul 28, 2017 0.14 0.14 0.13 0.13 56218300.0 363245000.0
1104 Jul 29, 2017 0.13 0.13 0.12 0.13 39748500.0 341372000.0
1105 Jul 30, 2017 0.13 0.13 0.13 0.13 18805500.0 346928000.0
1106 Jul 31, 2017 0.13 0.13 0.12 0.12 30474300.0 325712000.0
1107 Aug 01, 2017 0.12 0.13 0.12 0.13 41287900.0 321719000.0
1108 Aug 02, 2017 0.13 0.14 0.13 0.14 49563800.0 340206000.0
1109 Aug 03, 2017 0.14 0.14 0.13 0.14 27664900.0 353666000.0
1110 Aug 04, 2017 0.14 0.15 0.14 0.15 55315400.0 367515000.0
1111 Aug 05, 2017 0.15 0.17 0.15 0.17 68871000.0 397479000.0
1112 Aug 06, 2017 0.17 0.17 0.15 0.15 68798900.0 440907000.0
1113 Aug 07, 2017 0.15 0.16 0.15 0.15 52714900.0 396857000.0
1114 Aug 08, 2017 0.15 0.17 0.15 0.16 63444900.0 402369000.0
1115 Aug 09, 2017 0.16 0.16 0.15 0.15 35970700.0 414279000.0
1116 Aug 10, 2017 0.15 0.18 0.15 0.16 121892000.0 394538000.0
1117 Aug 11, 2017 0.16 0.2 0.16 0.19 117253000.0 416295000.0
1118 Aug 12, 2017 0.19 0.19 0.17 0.17 56186200.0 493223000.0
1119 Aug 13, 2017 0.17 0.17 0.15 0.16 47818800.0 445804000.0
1120 Aug 14, 2017 0.16 0.17 0.15 0.15 73389600.0 407942000.0
1121 Aug 15, 2017 0.15 0.15 0.14 0.15 57077200.0 380704000.0
1122 Aug 16, 2017 0.15 0.15 0.14 0.14 23043800.0 390011000.0
1123 Aug 17, 2017 0.14 0.14 0.13 0.13 38984600.0 368306000.0
1124 Aug 18, 2017 0.13 0.14 0.13 0.13 33016000.0 349112000.0
1125 Aug 19, 2017 0.13 0.13 0.12 0.13 22371900.0 332505000.0
1126 Aug 20, 2017 0.13 0.14 0.12 0.13 25872000.0 327357000.0
1127 Aug 21, 2017 0.13 0.13 0.12 0.13 19724100.0 343467000.0
1128 Aug 22, 2017 0.13 0.14 0.12 0.13 25263200.0 338940000.0
1129 Aug 23, 2017 0.13 0.15 0.13 0.14 54331200.0 342567000.0
1130 Aug 24, 2017 0.14 0.14 0.14 0.14 19199900.0 359696000.0
1131 Aug 25, 2017 0.14 0.14 0.13 0.14 16915200.0 353527000.0
1132 Aug 26, 2017 0.14 0.14 0.13 0.14 18563600.0 357512000.0
1133 Aug 27, 2017 0.14 0.14 0.13 0.14 13419600.0 358357000.0
1134 Aug 28, 2017 0.14 0.14 0.13 0.14 21938300.0 359061000.0
1135 Aug 29, 2017 0.14 0.14 0.14 0.14 21383200.0 364523000.0
1136 Aug 30, 2017 0.14 0.15 0.13 0.14 28297600.0 365237000.0
1137 Aug 31, 2017 0.14 0.15 0.14 0.15 19579900.0 376259000.0
1138 Sep 01, 2017 0.15 0.17 0.14 0.17 60662100.0 382578000.0
1139 Sep 02, 2017 0.17 0.18 0.14 0.15 70518200.0 441839000.0
1140 Sep 03, 2017 0.15 0.15 0.13 0.14 16930500.0 386596000.0
1141 Sep 04, 2017 0.14 0.14 0.1 0.11 31227600.0 367758000.0
1142 Sep 05, 2017 0.11 0.12 0.09 0.12 34836500.0 288188000.0
1143 Sep 06, 2017 0.12 0.16 0.12 0.16 64086000.0 317291000.0
1144 Sep 07, 2017 0.16 0.16 0.14 0.14 37901600.0 414112000.0
1145 Sep 08, 2017 0.14 0.14 0.1 0.11 54300000.0 371487000.0
1146 Sep 09, 2017 0.11 0.12 0.1 0.11 28831000.0 287392000.0
1147 Sep 10, 2017 0.11 0.11 0.09 0.1 28820800.0 287729000.0
1148 Sep 11, 2017 0.1 0.12 0.1 0.11 35752100.0 264408000.0
1149 Sep 12, 2017 0.11 0.13 0.11 0.12 58264100.0 294250000.0
1150 Sep 13, 2017 0.12 0.12 0.11 0.11 25851900.0 311125000.0
1151 Sep 14, 2017 0.11 0.11 0.08 0.08 35190400.0 292752000.0
1152 Sep 15, 2017 0.08 0.09 0.05 0.07 88607000.0 200090000.0
1153 Sep 16, 2017 0.07 0.08 0.07 0.07 38460900.0 195675000.0
1154 Sep 17, 2017 0.07 0.07 0.06 0.07 15922100.0 187491000.0
1155 Sep 18, 2017 0.07 0.09 0.07 0.09 26985800.0 185436000.0
1156 Sep 19, 2017 0.09 0.09 0.08 0.08 15002500.0 234954000.0
1157 Sep 20, 2017 0.08 0.09 0.07 0.08 11821500.0 205962000.0
1158 Sep 21, 2017 0.08 0.08 0.07 0.07 13709200.0 204899000.0
1159 Sep 22, 2017 0.07 0.07 0.07 0.07 13451900.0 179620000.0
1160 Sep 23, 2017 0.07 0.07 0.07 0.07 12095400.0 179794000.0
1161 Sep 24, 2017 0.07 0.07 0.07 0.07 10816700.0 183523000.0
1162 Sep 25, 2017 0.07 0.08 0.07 0.08 6815120.0 180737000.0
1163 Sep 26, 2017 0.08 0.08 0.08 0.08 4983650.0 210472000.0
1164 Sep 27, 2017 0.08 0.09 0.08 0.09 7913760.0 205584000.0
1165 Sep 28, 2017 0.09 0.09 0.08 0.09 8891850.0 231989000.0
1166 Sep 29, 2017 0.09 0.09 0.08 0.08 6429120.0 227185000.0
1167 Sep 30, 2017 0.08 0.09 0.08 0.09 6746380.0 214268000.0
1168 Oct 01, 2017 0.09 0.09 0.08 0.08 5604440.0 222142000.0
1169 Oct 02, 2017 0.08 0.09 0.08 0.08 8370540.0 212681000.0
1170 Oct 03, 2017 0.08 0.08 0.06 0.06 28772800.0 202877000.0
1171 Oct 04, 2017 0.06 0.06 0.05 0.05 13263100.0 161596000.0
1172 Oct 05, 2017 0.05 0.06 0.05 0.06 10133600.0 138784000.0
1173 Oct 06, 2017 0.06 0.06 0.06 0.06 6227090.0 152546000.0
1174 Oct 07, 2017 0.06 0.06 0.06 0.06 5734920.0 156553000.0
1175 Oct 08, 2017 0.06 0.06 0.05 0.05 4696640.0 149546000.0
1176 Oct 09, 2017 0.05 0.05 0.04 0.04 10708300.0 139642000.0
1177 Oct 10, 2017 0.04 0.05 0.04 0.05 4656710.0 113992000.0
1178 Oct 11, 2017 0.05 0.05 0.05 0.05 3530610.0 124944000.0
1179 Oct 12, 2017 0.05 0.05 0.05 0.05 5559870.0 127639000.0
1180 Oct 13, 2017 0.05 0.05 0.05 0.05 6688750.0 128776000.0
1181 Oct 14, 2017 0.05 0.05 0.05 0.05 3126770.0 140000000.0
1182 Oct 15, 2017 0.05 0.05 0.05 0.05 2590960.0 132459000.0
1183 Oct 16, 2017 0.05 0.07 0.05 0.06 14228700.0 131441000.0
1184 Oct 17, 2017 0.06 0.06 0.05 0.06 5001530.0 145480000.0
1185 Oct 18, 2017 0.06 0.06 0.05 0.06 4866460.0 143546000.0
1186 Oct 19, 2017 0.06 0.06 0.05 0.05 2530390.0 146537000.0
1187 Oct 20, 2017 0.05 0.05 0.05 0.05 3600350.0 136087000.0
1188 Oct 21, 2017 0.05 0.06 0.05 0.05 3276450.0 129802000.0
1189 Oct 22, 2017 0.05 0.05 0.05 0.05 2043700.0 141178000.0
1190 Oct 23, 2017 0.05 0.05 0.05 0.05 2640720.0 136333000.0
1191 Oct 24, 2017 0.05 0.06 0.05 0.05 3605990.0 128719000.0
1192 Oct 25, 2017 0.05 0.05 0.05 0.05 2169220.0 138510000.0
1193 Oct 26, 2017 0.05 0.05 0.05 0.05 1518030.0 136515000.0
1194 Oct 27, 2017 0.05 0.05 0.05 0.05 1925930.0 136089000.0
1195 Oct 28, 2017 0.05 0.05 0.05 0.05 1419660.0 138039000.0
1196 Oct 29, 2017 0.05 0.06 0.05 0.05 2438550.0 135309000.0
1197 Oct 30, 2017 0.05 0.06 0.05 0.06 1637550.0 142668000.0
1198 Oct 31, 2017 0.06 0.08 0.06 0.07 7501160.0 147529000.0
1199 Nov 01, 2017 0.07 0.07 0.06 0.06 7607650.0 193013000.0
1200 Nov 02, 2017 0.06 0.06 0.05 0.06 8547670.0 165401000.0
1201 Nov 03, 2017 0.06 0.06 0.05 0.06 4045720.0 149642000.0
1202 Nov 04, 2017 0.06 0.06 0.05 0.06 3531950.0 147448000.0
1203 Nov 05, 2017 0.06 0.06 0.06 0.06 2412940.0 153962000.0
1204 Nov 06, 2017 0.06 0.06 0.06 0.06 2471030.0 154063000.0
1205 Nov 07, 2017 0.06 0.07 0.06 0.07 2537470.0 155208000.0
1206 Nov 08, 2017 0.06 0.07 0.06 0.07 5731830.0 168980000.0
1207 Nov 09, 2017 0.07 0.08 0.07 0.08 6045660.0 176540000.0
1208 Nov 10, 2017 0.08 0.08 0.07 0.07 4315850.0 212973000.0
1209 Nov 11, 2017 0.07 0.09 0.07 0.08 7338960.0 193747000.0
1210 Nov 12, 2017 0.08 0.08 0.07 0.08 5209650.0 213887000.0
1211 Nov 13, 2017 0.08 0.09 0.08 0.08 4985650.0 207241000.0
1212 Nov 14, 2017 0.08 0.09 0.08 0.08 2484090.0 211829000.0
1213 Nov 15, 2017 0.08 0.09 0.08 0.09 4363190.0 219126000.0
1214 Nov 16, 2017 0.09 0.09 0.08 0.08 4489410.0 233490000.0
1215 Nov 17, 2017 0.08 0.1 0.08 0.09 6980480.0 218345000.0
1216 Nov 18, 2017 0.09 0.1 0.09 0.1 7497610.0 240080000.0
1217 Nov 19, 2017 0.1 0.1 0.1 0.1 5358270.0 262084000.0
1218 Nov 20, 2017 0.1 0.13 0.1 0.13 12133200.0 267774000.0
1219 Nov 21, 2017 0.13 0.15 0.12 0.14 27800500.0 328009000.0
1220 Nov 22, 2017 0.14 0.15 0.13 0.14 9361370.0 373886000.0
1221 Nov 23, 2017 0.14 0.15 0.14 0.14 7777270.0 355844000.0
1222 Nov 24, 2017 0.14 0.14 0.13 0.13 6764540.0 363579000.0
1223 Nov 25, 2017 0.13 0.14 0.13 0.13 10512500.0 348159000.0
1224 Nov 26, 2017 0.13 0.14 0.13 0.14 12225300.0 347473000.0
1225 Nov 27, 2017 0.14 0.15 0.14 0.15 28824000.0 355902000.0
1226 Nov 28, 2017 0.15 0.17 0.15 0.17 57955600.0 391861000.0
1227 Nov 29, 2017 0.17 0.18 0.14 0.14 43948500.0 457061000.0
1228 Nov 30, 2017 0.14 0.15 0.12 0.14 14028400.0 355006000.0
1229 Dec 01, 2017 0.14 0.15 0.13 0.15 11363100.0 353942000.0
1230 Dec 02, 2017 0.15 0.15 0.14 0.14 10550100.0 384286000.0
1231 Dec 03, 2017 0.14 0.15 0.14 0.14 10768600.0 357376000.0
1232 Dec 04, 2017 0.14 0.18 0.14 0.18 25459000.0 376985000.0
1233 Dec 05, 2017 0.18 0.18 0.16 0.17 13521200.0 461060000.0
1234 Dec 06, 2017 0.17 0.21 0.16 0.18 38583400.0 441944000.0
1235 Dec 07, 2017 0.17 0.19 0.15 0.17 33280100.0 458203000.0
1236 Dec 08, 2017 0.17 0.18 0.15 0.18 25006300.0 453444000.0
1237 Dec 09, 2017 0.18 0.2 0.17 0.18 16554900.0 480602000.0
1238 Dec 10, 2017 0.18 0.18 0.16 0.17 13895600.0 466260000.0
1239 Dec 11, 2017 0.17 0.18 0.17 0.18 12812800.0 433843000.0
1240 Dec 12, 2017 0.18 0.21 0.17 0.21 25128800.0 466690000.0
1241 Dec 13, 2017 0.21 0.25 0.2 0.23 39611500.0 559368000.0
1242 Dec 14, 2017 0.24 0.33 0.23 0.33 70388300.0 616086000.0
1243 Dec 15, 2017 0.33 0.4 0.27 0.35 97025300.0 865129000.0
1244 Dec 16, 2017 0.35 0.45 0.35 0.45 94677700.0 916615000.0
1245 Dec 17, 2017 0.45 0.45 0.38 0.38 53744300.0 1173240000.0
1246 Dec 18, 2017 0.38 0.44 0.36 0.44 58381800.0 983967000.0
1247 Dec 19, 2017 0.44 0.49 0.42 0.46 81817200.0 1158050000.0
1248 Dec 20, 2017 0.46 0.65 0.41 0.63 142878000.0 1201660000.0
1249 Dec 21, 2017 0.64 0.67 0.56 0.59 87189200.0 1655940000.0
1250 Dec 22, 2017 0.59 0.6 0.38 0.49 125559000.0 1541150000.0
1251 Dec 23, 2017 0.49 0.64 0.47 0.56 71400300.0 1275310000.0
1252 Dec 24, 2017 0.56 0.57 0.48 0.56 59690500.0 1468770000.0
1253 Dec 25, 2017 0.56 0.67 0.54 0.62 82457300.0 1465890000.0
1254 Dec 26, 2017 0.61 0.63 0.53 0.58 62916100.0 1602270000.0
1255 Dec 27, 2017 0.58 0.61 0.54 0.57 30077700.0 1519270000.0
1256 Dec 28, 2017 0.56 0.57 0.46 0.51 56336300.0 1474730000.0
1257 Dec 29, 2017 0.51 0.63 0.5 0.58 68177800.0 1335470000.0
1258 Dec 30, 2017 0.58 0.7 0.57 0.65 109874000.0 1514810000.0
1259 Dec 31, 2017 0.64 0.68 0.6 0.66 43489600.0 1669010000.0
1260 Jan 01, 2018 0.66 0.77 0.66 0.77 79584500.0 1731710000.0
1261 Jan 02, 2018 0.77 0.92 0.73 0.79 138314000.0 2001140000.0
1262 Jan 03, 2018 0.79 0.9 0.77 0.89 82722800.0 2069990000.0
1263 Jan 04, 2018 0.89 0.9 0.81 0.84 78802900.0 2323760000.0
1264 Jan 05, 2018 0.84 0.86 0.72 0.78 73192900.0 2186950000.0
1265 Jan 06, 2018 0.78 0.9 0.75 0.83 69628700.0 2032970000.0
1266 Jan 07, 2018 0.82 0.84 0.78 0.82 44895200.0 2150010000.0
1267 Jan 08, 2018 0.81 0.82 0.63 0.76 74938500.0 2126430000.0
1268 Jan 09, 2018 0.77 0.77 0.69 0.69 61025800.0 1997480000.0
1269 Jan 10, 2018 0.69 0.69 0.56 0.63 119011000.0 1799190000.0
1270 Jan 11, 2018 0.64 0.67 0.54 0.58 54928100.0 1656430000.0
1271 Jan 12, 2018 0.58 0.68 0.56 0.65 51073000.0 1513040000.0
1272 Jan 13, 2018 0.65 0.67 0.57 0.63 39117000.0 1689980000.0
1273 Jan 14, 2018 0.63 0.63 0.49 0.55 79905200.0 1637010000.0
1274 Jan 15, 2018 0.55 0.59 0.51 0.52 45773600.0 1444530000.0
1275 Jan 16, 2018 0.52 0.52 0.28 0.35 118023000.0 1350630000.0
1276 Jan 17, 2018 0.35 0.39 0.24 0.36 130678000.0 920628000.0
1277 Jan 18, 2018 0.36 0.4 0.3 0.35 63535100.0 930392000.0
1278 Jan 19, 2018 0.35 0.4 0.31 0.38 45139800.0 909843000.0
1279 Jan 20, 2018 0.38 0.46 0.38 0.44 56541600.0 993080000.0
1280 Jan 21, 2018 0.44 0.45 0.34 0.36 48624500.0 1154530000.0
1281 Jan 22, 2018 0.37 0.39 0.29 0.33 52855400.0 959296000.0
1282 Jan 23, 2018 0.33 0.34 0.3 0.32 33165400.0 859028000.0
1283 Jan 24, 2018 0.32 0.42 0.31 0.41 55699900.0 845500000.0
1284 Jan 25, 2018 0.41 0.44 0.41 0.43 69736200.0 1073990000.0
1285 Jan 26, 2018 0.43 0.48 0.39 0.46 55541300.0 1114960000.0
1286 Jan 27, 2018 0.46 0.53 0.46 0.52 69867500.0 1202310000.0
1287 Jan 28, 2018 0.52 0.55 0.48 0.51 39216700.0 1348360000.0
1288 Jan 29, 2018 0.51 0.51 0.45 0.46 23254100.0 1320180000.0
1289 Jan 30, 2018 0.46 0.47 0.35 0.39 43440200.0 1192720000.0
1290 Jan 31, 2018 0.39 0.46 0.36 0.44 40743700.0 1023860000.0
1291 Feb 01, 2018 0.44 0.46 0.37 0.39 41127300.0 1157000000.0
1292 Feb 02, 2018 0.39 0.39 0.24 0.32 63091900.0 1021050000.0
1293 Feb 03, 2018 0.32 0.35 0.28 0.33 22302200.0 830838000.0
1294 Feb 04, 2018 0.33 0.34 0.26 0.27 24899100.0 868506000.0
1295 Feb 05, 2018 0.27 0.29 0.2 0.2 77308100.0 698489000.0
1296 Feb 06, 2018 0.2 0.23 0.16 0.23 90730900.0 525232000.0
1297 Feb 07, 2018 0.23 0.26 0.2 0.21 43528600.0 590101000.0
1298 Feb 08, 2018 0.21 0.24 0.21 0.24 28156600.0 558517000.0
1299 Feb 09, 2018 0.24 0.26 0.22 0.26 22926300.0 617447000.0
1300 >Feb 10, 201 0.26 0.28 0.23 0.25 29982000.0 680391000.0
1301 Feb 11, 2018 0.25 0.25 0.22 0.24 19805800.0 644312000.0
1302 Feb 12, 2018 0.24 0.25 0.24 0.25 15172900.0 616799000.0
1303 Feb 13, 2018 0.25 0.25 0.23 0.24 14481500.0 642342000.0
1304 Feb 14, 2018 0.24 0.28 0.24 0.28 25371400.0 620967000.0
1305 Feb 15, 2018 0.28 0.28 0.26 0.27 19625000.0 717668000.0
1306 Feb 16, 2018 0.27 0.28 0.25 0.28 18504800.0 708265000.0
1307 Feb 17, 2018 0.28 0.29 0.27 0.28 20419900.0 717733000.0
1308 Feb 18, 2018 0.28 0.28 0.25 0.26 17434100.0 737242000.0
1309 Feb 19, 2018 0.26 0.28 0.26 0.27 12585100.0 669289000.0
1310 Feb 20, 2018 0.27 0.27 0.24 0.25 20455000.0 699363000.0
1311 Feb 21, 2018 0.25 0.25 0.22 0.22 19621600.0 645791000.0
1312 Feb 22, 2018 0.22 0.25 0.21 0.22 23681500.0 569052000.0
1313 Feb 23, 2018 0.22 0.23 0.22 0.23 12785300.0 585979000.0
1314 Feb 24, 2018 0.23 0.23 0.21 0.21 11762500.0 592307000.0
1315 Feb 25, 2018 0.21 0.22 0.21 0.21 6867630.0 563546000.0
1316 Feb 26, 2018 0.21 0.22 0.21 0.22 6292130.0 560647000.0
1317 Feb 27, 2018 0.22 0.23 0.22 0.22 10929600.0 575735000.0
1318 Feb 28, 2018 0.22 0.23 0.21 0.22 15923400.0 574755000.0
1319 Mar 01, 2018 0.22 0.24 0.22 0.24 20483300.0 576511000.0
1320 Mar 02, 2018 0.24 0.24 0.23 0.23 10685700.0 623214000.0
1321 Mar 03, 2018 0.23 0.23 0.21 0.22 17722500.0 599882000.0
1322 Mar 04, 2018 0.22 0.23 0.21 0.23 8802090.0 564615000.0
1323 >Mar 05, 201 0.23 0.23 0.21 0.21 9874860.0 594495000.0
1324 Mar 06, 2018 0.21 0.21 0.19 0.19 18815600.0 556840000.0
1325 Mar 07, 2018 0.19 0.2 0.17 0.18 18907400.0 496566000.0
1326 Mar 08, 2018 0.18 0.18 0.16 0.16 12021900.0 460904000.0
1327 Mar 09, 2018 0.16 0.17 0.15 0.17 11478600.0 429785000.0
1328 Mar 10, 2018 0.17 0.18 0.16 0.16 8245420.0 440230000.0
1329 Mar 11, 2018 0.16 0.18 0.15 0.17 8714740.0 420597000.0
1330 Mar 12, 2018 0.17 0.18 0.16 0.16 6631400.0 443513000.0
1331 Mar 13, 2018 0.16 0.17 0.16 0.16 5362620.0 426561000.0
1332 Mar 14, 2018 0.16 0.17 0.14 0.14 7881060.0 427157000.0
1333 Mar 15, 2018 0.14 0.15 0.13 0.15 11560000.0 378071000.0
1334 Mar 16, 2018 0.15 0.16 0.14 0.15 7742360.0 389920000.0
1335 Mar 17, 2018 0.15 0.15 0.14 0.14 4655430.0 387100000.0
1336 Mar 18, 2018 0.14 0.14 0.11 0.13 10667800.0 356474000.0
1337 Mar 19, 2018 0.13 0.15 0.13 0.15 9026640.0 346553000.0
1338 Mar 20, 2018 0.15 0.17 0.15 0.16 11605300.0 390758000.0
1339 Mar 21, 2018 0.16 0.17 0.15 0.16 9552080.0 421938000.0
1340 Mar 22, 2018 0.16 0.17 0.15 0.16 8015820.0 416671000.0
1341 Mar 23, 2018 0.16 0.17 0.15 0.17 6303730.0 422230000.0
1342 Mar 24, 2018 0.17 0.17 0.16 0.16 6356520.0 439796000.0
1343 Mar 25, 2018 0.16 0.17 0.15 0.16 5347140.0 423746000.0
1344 Mar 26, 2018 0.16 0.16 0.14 0.15 6004460.0 424681000.0
1345 Mar 27, 2018 0.15 0.15 0.14 0.14 5892840.0 396355000.0
