0 Jul 02, 2017 0.52 0.58 0.44 0.55 211542.0 0.0
1 Jul 03, 2017 0.55 0.82 0.46 0.81 377442.0 23331400.0
2 Jul 04, 2017 0.82 0.94 0.69 0.79 482686.0 35110200.0
3 Jul 05, 2017 0.8 0.8 0.64 0.66 211845.0 34480200.0
4 Jul 06, 2017 0.66 0.72 0.65 0.65 209972.0 28812300.0
5 Jul 07, 2017 0.64 0.65 0.5 0.52 367786.0 28096200.0
6 Jul 08, 2017 0.52 0.59 0.49 0.58 181409.0 23066600.0
7 Jul 09, 2017 0.58 0.62 0.5 0.5 186393.0 25668200.0
8 Jul 10, 2017 0.5 0.52 0.38 0.41 223242.0 22115700.0
9 Jul 11, 2017 0.41 0.46 0.33 0.46 177442.0 20205200.0
10 Jul 12, 2017 0.46 0.54 0.43 0.5 1922000.0 22607500.0
11 Jul 13, 2017 0.51 0.52 0.45 0.46 617797.0 25350800.0
12 Jul 14, 2017 0.46 0.47 0.39 0.4 297376.0 22898200.0
13 Jul 15, 2017 0.4 0.4 0.34 0.35 162487.0 19930800.0
14 Jul 16, 2017 0.34 0.35 0.27 0.29 197808.0 17257800.0
15 Jul 17, 2017 0.29 0.38 0.29 0.38 282816.0 14803700.0
16 Jul 18, 2017 0.38 0.41 0.36 0.39 266076.0 19310000.0
17 Jul 19, 2017 0.39 0.41 0.36 0.37 197570.0 24814400.0
18 Jul 20, 2017 0.37 0.62 0.37 0.5 1125450.0 23114800.0
19 Jul 21, 2017 0.5 0.59 0.45 0.48 649008.0 31962400.0
20 Jul 22, 2017 0.46 0.53 0.46 0.52 397344.0 31115300.0
21 Jul 23, 2017 0.52 0.53 0.46 0.49 306912.0 35342900.0
22 Jul 24, 2017 0.49 0.5 0.47 0.48 242227.0 33333300.0
23 Jul 25, 2017 0.48 0.48 0.38 0.41 261117.0 32733900.0
24 Jul 26, 2017 0.4 0.41 0.38 0.41 169283.0 27697300.0
25 Jul 27, 2017 0.41 0.43 0.38 0.39 200062.0 28373700.0
26 Jul 28, 2017 0.39 0.4 0.36 0.37 174720.0 26817800.0
27 Jul 29, 2017 0.37 0.38 0.34 0.38 161866.0 25645400.0
28 Jul 30, 2017 0.38 0.39 0.36 0.38 168218.0 25981800.0
29 Jul 31, 2017 0.38 0.39 0.35 0.37 198861.0 26902400.0
30 Aug 01, 2017 0.37 0.41 0.35 0.38 278076.0 26115000.0
31 Aug 02, 2017 0.38 0.43 0.37 0.41 227110.0 26578500.0
32 Aug 03, 2017 0.42 0.43 0.4 0.4 215971.0 29183000.0
33 Aug 04, 2017 0.4 0.42 0.4 0.42 201057.0 28402800.0
34 Aug 05, 2017 0.42 0.44 0.4 0.41 299467.0 29278100.0
35 Aug 06, 2017 0.41 0.42 0.39 0.39 290063.0 28662800.0
36 Aug 07, 2017 0.39 0.39 0.34 0.35 423747.0 27549900.0
37 Aug 08, 2017 0.36 0.41 0.35 0.4 356667.0 25175600.0
38 Aug 09, 2017 0.4 0.55 0.39 0.55 692681.0 28520000.0
39 Aug 10, 2017 0.55 0.82 0.52 0.7 3241420.0 38768200.0
40 Aug 11, 2017 0.71 0.84 0.66 0.77 2308360.0 50158300.0
41 Aug 12, 2017 0.74 2.52 0.73 1.82 57858800.0 52674900.0
42 Aug 13, 2017 1.81 1.81 1.43 1.62 31553500.0 130157000.0
43 Aug 14, 2017 1.64 1.85 1.5 1.58 17517800.0 119564000.0
44 Aug 15, 2017 1.57 1.6 1.32 1.42 11604800.0 116074000.0
45 Aug 16, 2017 1.41 1.44 1.34 1.34 5151320.0 105200000.0
46 Aug 17, 2017 1.33 1.36 1.1 1.22 9508230.0 99674000.0
47 Aug 18, 2017 1.22 1.44 1.14 1.2 10425300.0 91862800.0
48 Aug 19, 2017 1.2 1.24 1.01 1.1 5545550.0 90294100.0
49 Aug 20, 2017 1.09 1.16 1.02 1.09 3724700.0 82551000.0
50 Aug 21, 2017 1.08 1.1 0.98 0.99 3690760.0 82924900.0
51 Aug 22, 2017 0.99 0.99 0.83 0.92 3196800.0 76394200.0
52 Aug 23, 2017 0.92 1.0 0.91 0.96 2970730.0 70944100.0
53 Aug 24, 2017 0.95 0.97 0.93 0.95 1799440.0 76159100.0
54 Aug 25, 2017 0.95 0.95 0.9 0.92 1650080.0 76146900.0
55 Aug 26, 2017 0.92 0.95 0.87 0.9 2105030.0 73683300.0
56 Aug 27, 2017 0.9 0.92 0.88 0.89 1945990.0 72399000.0
57 Aug 28, 2017 0.89 0.9 0.83 0.85 2011790.0 71623300.0
58 Aug 29, 2017 0.85 1.19 0.83 1.03 11521500.0 81222600.0
59 Aug 30, 2017 1.03 1.14 0.87 0.96 5589660.0 99061000.0
60 Aug 31, 2017 0.96 1.09 0.93 1.0 4242910.0 92632900.0
61 Sep 01, 2017 0.99 1.02 0.92 0.93 2323570.0 95868900.0
62 Sep 02, 2017 0.93 0.94 0.74 0.78 2537490.0 89804800.0
63 Sep 03, 2017 0.78 0.83 0.7 0.77 1909240.0 75130100.0
64 Sep 04, 2017 0.77 0.78 0.49 0.61 2499270.0 74065900.0
65 Sep 05, 2017 0.61 0.61 0.44 0.58 2015430.0 58758500.0
66 Sep 06, 2017 0.59 0.66 0.55 0.57 1997460.0 56648000.0
67 Sep 07, 2017 0.57 0.76 0.55 0.74 2475260.0 55160400.0
68 Sep 08, 2017 0.74 0.74 0.54 0.56 2105020.0 71707000.0
69 Sep 09, 2017 0.56 0.58 0.54 0.56 825134.0 54198400.0
70 Sep 10, 2017 0.56 0.57 0.49 0.54 707114.0 54696400.0
71 Sep 11, 2017 0.54 0.59 0.52 0.57 781731.0 52074900.0
72 Sep 12, 2017 0.57 0.59 0.53 0.54 1006850.0 55429600.0
73 Sep 13, 2017 0.54 0.55 0.46 0.49 623104.0 52712300.0
74 Sep 14, 2017 0.49 0.49 0.36 0.36 996515.0 47359400.0
75 Sep 15, 2017 0.36 0.48 0.3 0.47 1439540.0 35248000.0
76 Sep 16, 2017 0.46 0.47 0.4 0.43 716162.0 44752700.0
77 Sep 17, 2017 0.43 0.51 0.39 0.48 875943.0 41350800.0
78 Sep 18, 2017 0.48 0.53 0.47 0.51 753350.0 46782000.0
79 Sep 19, 2017 0.51 0.52 0.45 0.46 497528.0 49839500.0
80 Sep 20, 2017 0.46 0.52 0.44 0.47 853056.0 44854500.0
81 Sep 21, 2017 0.47 0.47 0.4 0.44 529935.0 46536200.0
82 Sep 22, 2017 0.44 0.47 0.42 0.44 1075440.0 43110200.0
83 Sep 23, 2017 0.44 0.47 0.43 0.45 407983.0 42981800.0
84 Sep 24, 2017 0.46 0.5 0.44 0.48 923273.0 44828100.0
85 Sep 25, 2017 0.48 0.51 0.47 0.48 666430.0 47616300.0
86 Sep 26, 2017 0.48 0.51 0.47 0.49 613882.0 47374100.0
87 Sep 27, 2017 0.49 0.55 0.49 0.54 531427.0 48447100.0
88 Sep 28, 2017 0.54 0.54 0.51 0.53 485328.0 53145100.0
89 Sep 29, 2017 0.52 0.53 0.48 0.5 353266.0 51165000.0
90 Sep 30, 2017 0.49 0.52 0.49 0.52 314177.0 48608300.0
91 Oct 01, 2017 0.52 0.52 0.49 0.5 334085.0 50926600.0
92 Oct 02, 2017 0.5 0.53 0.48 0.49 387806.0 49202900.0
93 Oct 03, 2017 0.48 0.48 0.44 0.44 429545.0 47274700.0
94 Oct 04, 2017 0.44 0.46 0.43 0.45 332927.0 43775700.0
95 Oct 05, 2017 0.45 0.47 0.43 0.45 246691.0 44260700.0
96 Oct 06, 2017 0.45 0.46 0.44 0.44 309994.0 44025600.0
97 Oct 07, 2017 0.44 0.44 0.39 0.41 384801.0 43572300.0
98 Oct 08, 2017 0.41 0.42 0.34 0.34 358005.0 40899200.0
99 Oct 09, 2017 0.34 0.4 0.33 0.38 385098.0 33321700.0
100 Oct 10, 2017 0.38 0.38 0.35 0.37 206731.0 37384100.0
101 Oct 11, 2017 0.37 0.41 0.37 0.41 260399.0 36400600.0
102 Oct 12, 2017 0.41 0.55 0.39 0.47 1297600.0 41221600.0
103 Oct 13, 2017 0.46 0.47 0.41 0.42 468385.0 45817800.0
104 Oct 14, 2017 0.42 0.43 0.38 0.39 260957.0 41985300.0
105 Oct 15, 2017 0.39 0.39 0.36 0.38 156812.0 38552000.0
106 Oct 16, 2017 0.38 0.41 0.36 0.39 532592.0 37819000.0
107 Oct 17, 2017 0.39 0.41 0.37 0.39 359276.0 38651800.0
108 Oct 18, 2017 0.39 0.4 0.36 0.4 382612.0 38364000.0
109 Oct 19, 2017 0.39 0.42 0.38 0.38 413279.0 38964500.0
110 Oct 20, 2017 0.38 0.39 0.35 0.36 247610.0 37916500.0
111 Oct 21, 2017 0.35 0.36 0.32 0.32 189861.0 35407200.0
112 Oct 22, 2017 0.32 0.34 0.32 0.34 196362.0 32341000.0
113 Oct 23, 2017 0.34 0.34 0.29 0.33 242392.0 33437600.0
114 Oct 24, 2017 0.33 0.38 0.32 0.34 384914.0 32366500.0
115 Oct 25, 2017 0.35 0.37 0.33 0.37 232526.0 34725000.0
116 Oct 26, 2017 0.37 0.54 0.37 0.47 2000710.0 37305000.0
117 Oct 27, 2017 0.47 0.66 0.44 0.6 7171540.0 47190400.0
118 Oct 28, 2017 0.6 0.61 0.48 0.5 1961170.0 60729300.0
119 Oct 29, 2017 0.5 0.5 0.42 0.44 1228810.0 50538800.0
120 Oct 30, 2017 0.43 0.44 0.4 0.43 803988.0 43504600.0
121 Oct 31, 2017 0.43 0.44 0.39 0.39 727895.0 43417500.0
122 Nov 01, 2017 0.39 0.46 0.37 0.44 1183880.0 38809800.0
123 Nov 02, 2017 0.46 0.7 0.44 0.55 22173700.0 46293100.0
124 Nov 03, 2017 0.55 0.55 0.43 0.52 6272350.0 55679400.0
125 Nov 04, 2017 0.52 0.53 0.48 0.48 4184960.0 52992600.0
126 Nov 05, 2017 0.48 0.53 0.48 0.5 2846840.0 49156200.0
127 Nov 06, 2017 0.5 0.52 0.47 0.48 2716010.0 51125000.0
128 Nov 07, 2017 0.48 0.56 0.47 0.51 4683190.0 49072600.0
129 Nov 08, 2017 0.51 0.57 0.5 0.54 5258460.0 51793000.0
130 Nov 09, 2017 0.54 0.6 0.53 0.59 4745770.0 55251400.0
131 Nov 10, 2017 0.59 0.6 0.44 0.49 3084140.0 60738000.0
132 Nov 11, 2017 0.48 0.51 0.46 0.47 3258700.0 49532100.0
133 Nov 12, 2017 0.47 0.48 0.38 0.43 2888030.0 48608900.0
134 Nov 13, 2017 0.44 0.55 0.43 0.52 3681620.0 45044900.0
135 Nov 14, 2017 0.52 0.66 0.5 0.61 7108410.0 53482100.0
136 >Nov 15, 201 0.61 0.85 0.57 0.83 27394600.0 63302600.0
137 Nov 16, 2017 0.82 0.92 0.63 0.66 28318600.0 85017500.0
138 Nov 17, 2017 0.66 0.7 0.6 0.62 9846660.0 68392700.0
139 Nov 18, 2017 0.62 0.63 0.59 0.63 7298930.0 64344400.0
140 Nov 19, 2017 0.63 0.65 0.62 0.63 6102530.0 65235800.0
141 Nov 20, 2017 0.64 0.68 0.62 0.67 6962250.0 66451700.0
142 Nov 21, 2017 0.67 0.74 0.64 0.73 10087600.0 70518600.0
143 Nov 22, 2017 0.73 0.81 0.71 0.74 10699000.0 76454700.0
144 Nov 23, 2017 0.74 0.74 0.68 0.7 6182140.0 77555200.0
145 Nov 24, 2017 0.7 0.71 0.66 0.71 7352440.0 73789000.0
146 Nov 25, 2017 0.71 0.74 0.7 0.74 5968960.0 74500000.0
147 Nov 26, 2017 0.74 0.76 0.7 0.75 6382440.0 78019800.0
148 Nov 27, 2017 0.74 0.8 0.72 0.76 9632000.0 78298800.0
149 Nov 28, 2017 0.75 0.82 0.74 0.78 8415550.0 79234100.0
150 Nov 29, 2017 0.78 0.81 0.63 0.64 7220320.0 82737200.0
151 Nov 30, 2017 0.65 0.74 0.58 0.66 6629960.0 68834100.0
152 Dec 01, 2017 0.66 0.74 0.64 0.72 6937600.0 69098000.0
153 Dec 02, 2017 0.72 0.79 0.7 0.73 6143940.0 76040900.0
154 Dec 03, 2017 0.73 0.84 0.73 0.8 8851830.0 77535200.0
155 Dec 04, 2017 0.8 1.24 0.79 1.08 27739300.0 84775900.0
156 Dec 05, 2017 1.15 1.21 1.03 1.05 16089700.0 121293000.0
157 Dec 06, 2017 1.05 1.05 0.9 0.92 11783700.0 110573000.0
158 Dec 07, 2017 0.91 1.08 0.86 0.91 13495500.0 96230800.0
159 Dec 08, 2017 0.92 1.0 0.88 0.96 11246200.0 97053500.0
160 Dec 09, 2017 0.96 1.03 0.87 0.91 10080700.0 101122000.0
161 Dec 10, 2017 0.92 0.92 0.7 0.81 10349300.0 96551000.0
162 Dec 11, 2017 0.8 0.95 0.8 0.92 9498880.0 84632800.0
163 Dec 12, 2017 0.92 1.04 0.89 1.0 9833710.0 96979500.0
164 Dec 13, 2017 1.0 1.05 0.92 0.99 10678400.0 105894000.0
165 Dec 14, 2017 0.99 1.06 0.96 1.02 10807500.0 104895000.0
166 Dec 15, 2017 1.03 1.1 0.93 1.07 11128400.0 108291000.0
167 Dec 16, 2017 1.07 1.14 1.07 1.11 11528000.0 112887000.0
168 Dec 17, 2017 1.11 1.37 1.1 1.28 20861300.0 117449000.0
169 Dec 18, 2017 1.28 1.39 1.21 1.38 16126200.0 135315000.0
170 Dec 19, 2017 1.39 1.51 1.29 1.35 16245200.0 146667000.0
171 Dec 20, 2017 1.34 1.83 1.2 1.62 40260800.0 141536000.0
172 Dec 21, 2017 1.64 1.8 1.52 1.65 15307500.0 174689000.0
173 Dec 22, 2017 1.65 1.67 0.84 1.19 8645800.0 180470000.0
174 Dec 23, 2017 1.19 1.44 1.15 1.31 7274020.0 130965000.0
175 Dec 24, 2017 1.32 1.42 1.15 1.39 7403820.0 145397000.0
176 Dec 25, 2017 1.4 1.65 1.29 1.56 26824200.0 153867000.0
177 Dec 26, 2017 1.57 1.62 1.43 1.53 22234500.0 172004000.0
178 Dec 27, 2017 1.51 1.55 1.37 1.54 14311000.0 166688000.0
179 Dec 28, 2017 1.54 1.54 1.24 1.35 11774300.0 169736000.0
180 Dec 29, 2017 1.36 1.85 1.3 1.74 22552800.0 150782000.0
181 Dec 30, 2017 1.73 2.61 1.42 2.29 111314000.0 229139000.0
182 Dec 31, 2017 2.33 2.7 2.17 2.44 69409200.0 308522000.0
183 Jan 01, 2018 2.42 2.42 2.14 2.27 22519300.0 320079000.0
184 Jan 02, 2018 2.27 2.4 2.15 2.32 26786600.0 300958000.0
185 Jan 03, 2018 2.33 2.34 2.09 2.26 23245200.0 308458000.0
186 Jan 04, 2018 2.26 2.74 2.1 2.43 41469600.0 299466000.0
187 Jan 05, 2018 2.36 2.52 1.97 2.06 32523600.0 312677000.0
188 Jan 06, 2018 2.1 2.4 1.97 2.4 33340900.0 277999000.0
189 Jan 07, 2018 2.42 2.55 2.23 2.53 40976900.0 320066000.0
190 Jan 08, 2018 2.53 2.56 1.89 2.2 24573200.0 335954000.0
191 Jan 09, 2018 2.18 3.13 2.17 2.62 66029700.0 289389000.0
192 Jan 10, 2018 2.61 2.83 2.18 2.45 37214900.0 347106000.0
193 Jan 11, 2018 2.43 2.46 1.88 1.98 29853600.0 324097000.0
194 Jan 12, 2018 2.0 2.25 1.89 2.2 14204900.0 267116000.0
195 Jan 13, 2018 2.21 2.36 2.15 2.3 14612600.0 293892000.0
196 Jan 14, 2018 2.31 2.31 1.89 2.01 9691950.0 306984000.0
197 Jan 15, 2018 1.99 2.04 1.88 1.88 19338800.0 265631000.0
198 Jan 16, 2018 1.87 1.87 1.05 1.28 17241100.0 249687000.0
199 Jan 17, 2018 1.27 1.34 0.9 1.28 11788100.0 168941000.0
200 Jan 18, 2018 1.29 1.58 1.2 1.55 21774400.0 171738000.0
201 Jan 19, 2018 1.52 2.0 1.37 1.76 61167700.0 202754000.0
202 Jan 20, 2018 1.78 1.95 1.78 1.84 34128500.0 237238000.0
203 Jan 21, 2018 1.84 1.85 1.44 1.49 19048700.0 245311000.0
204 Jan 22, 2018 1.51 1.54 1.26 1.35 12100600.0 201826000.0
205 Jan 23, 2018 1.35 1.67 1.32 1.54 52147400.0 179598000.0
206 Jan 24, 2018 1.52 1.64 1.44 1.57 21391000.0 202734000.0
207 Jan 25, 2018 1.59 1.7 1.53 1.57 15189700.0 211992000.0
208 Jan 26, 2018 1.56 1.6 1.36 1.54 9542480.0 207665000.0
209 Jan 27, 2018 1.53 1.6 1.45 1.55 8355410.0 204435000.0
210 Jan 28, 2018 1.56 1.77 1.56 1.66 26073200.0 207907000.0
211 Jan 29, 2018 1.66 1.66 1.49 1.5 7986430.0 221932000.0
212 Jan 30, 2018 1.56 1.65 1.31 1.32 18219100.0 208112000.0
213 Jan 31, 2018 1.32 1.33 1.16 1.27 11680900.0 175979000.0
214 Feb 01, 2018 1.29 1.3 1.04 1.09 12197300.0 171679000.0
215 Feb 02, 2018 1.1 1.15 0.8 1.09 12510200.0 147566000.0
216 Feb 03, 2018 1.09 1.15 0.92 1.11 9231260.0 145447000.0
217 Feb 04, 2018 1.12 1.14 0.93 0.95 7139240.0 149071000.0
218 Feb 05, 2018 0.95 1.03 0.72 0.75 7772320.0 126232000.0
219 Feb 06, 2018 0.75 0.85 0.61 0.83 6687700.0 99857700.0
220 Feb 07, 2018 0.83 1.02 0.77 0.89 14515100.0 110290000.0
221 Feb 08, 2018 0.88 1.06 0.87 0.96 15252800.0 117948000.0
222 Feb 09, 2018 0.95 1.05 0.91 1.05 10024600.0 126875000.0
223 Feb 10, 2018 1.04 1.16 0.97 1.04 11396500.0 139440000.0
224 Feb 11, 2018 1.03 1.03 0.9 0.94 3591470.0 138018000.0
225 Feb 12, 2018 0.95 1.05 0.94 1.03 5997730.0 126248000.0
226 Feb 13, 2018 1.03 1.09 0.99 0.99 4663480.0 137386000.0
227 Feb 14, 2018 0.99 1.08 0.99 1.08 6148640.0 132325000.0
228 Feb 15, 2018 1.08 1.13 1.05 1.12 7715090.0 143597000.0
229 Feb 16, 2018 1.18 1.29 1.17 1.25 23529200.0 157599000.0
230 Feb 17, 2018 1.23 1.25 1.2 1.25 9205360.0 164656000.0
231 Feb 18, 2018 1.24 1.24 1.11 1.12 6425510.0 165311000.0
232 Feb 19, 2018 1.11 1.2 1.1 1.15 5987580.0 148630000.0
233 Feb 20, 2018 1.18 1.19 1.06 1.07 6878500.0 157654000.0
234 Feb 21, 2018 1.09 1.1 0.97 0.99 5071490.0 145530000.0
235 Feb 22, 2018 0.99 1.0 0.88 0.94 5069060.0 131855000.0
236 Feb 23, 2018 0.92 0.98 0.87 0.97 4695210.0 123077000.0
237 Feb 24, 2018 0.97 0.99 0.86 0.89 3433150.0 129555000.0
238 Feb 25, 2018 0.89 0.93 0.85 0.92 3225880.0 118514000.0
239 Feb 26, 2018 0.91 0.95 0.88 0.94 3256140.0 122054000.0
240 Feb 27, 2018 0.94 0.96 0.92 0.94 3356560.0 126201000.0
241 Feb 28, 2018 0.94 0.95 0.89 0.89 2834880.0 125668000.0
242 Mar 01, 2018 0.89 0.94 0.86 0.93 3687830.0 118207000.0
243 Mar 02, 2018 0.93 0.94 0.89 0.91 3539020.0 124107000.0
244 Mar 03, 2018 0.91 0.99 0.91 0.99 6145260.0 120886000.0
245 Mar 04, 2018 0.99 1.14 0.99 1.05 20328700.0 131822000.0
246 Mar 05, 2018 1.05 1.21 1.04 1.12 10976900.0 140027000.0
247 Mar 06, 2018 1.12 1.12 1.04 1.08 5960650.0 149145000.0
248 Mar 07, 2018 1.08 1.19 0.94 0.97 9642870.0 143717000.0
249 Mar 08, 2018 0.97 1.08 0.94 0.96 6007260.0 129527000.0
250 Mar 09, 2018 0.96 0.97 0.82 0.97 4158900.0 128395000.0
251 Mar 10, 2018 0.97 1.09 0.95 1.0 6854640.0 129461000.0
252 Mar 11, 2018 1.0 1.16 0.95 1.11 10203200.0 133216000.0
253 Mar 12, 2018 1.1 1.16 0.98 1.01 21213400.0 147548000.0
254 Mar 13, 2018 1.01 1.07 0.96 1.0 6622740.0 135389000.0
255 Mar 14, 2018 0.99 1.04 0.84 0.84 8368810.0 132615000.0
256 Mar 15, 2018 0.84 0.85 0.73 0.8 8810990.0 111828000.0
257 Mar 16, 2018 0.81 0.83 0.75 0.79 7376920.0 107520000.0
258 Mar 17, 2018 0.79 0.8 0.71 0.73 6832850.0 104913000.0
259 Mar 18, 2018 0.73 0.73 0.62 0.7 6091940.0 97190800.0
260 Mar 19, 2018 0.7 0.78 0.68 0.76 7289490.0 93051200.0
261 Mar 20, 2018 0.77 0.81 0.73 0.79 8595640.0 102179000.0
262 Mar 21, 2018 0.79 0.91 0.79 0.83 11076400.0 105818000.0
263 Mar 22, 2018 0.83 0.89 0.82 0.87 7093290.0 111056000.0
264 Mar 23, 2018 0.88 0.9 0.81 0.84 8124980.0 116806000.0
265 Mar 24, 2018 0.85 0.92 0.82 0.84 9551590.0 113863000.0
266 Mar 25, 2018 0.83 0.86 0.81 0.83 5895680.0 111509000.0
267 Mar 26, 2018 0.83 0.83 0.73 0.76 6135650.0 110732000.0
268 Mar 27, 2018 0.76 0.79 0.7 0.73 6376020.0 101620000.0
