0 Aug 23, 2014 0.0 0.0 0.0 0.0 23.42 49158.0
1 Aug 24, 2014 0.0 0.0 0.0 0.0 7.6 49301.8
2 Aug 25, 2014 0.0 0.0 0.0 0.0 8.02 50294.2
3 Aug 26, 2014 0.0 0.0 0.0 0.0 20.61 66324.3
4 Aug 27, 2014 0.0 0.0 0.0 0.0 1.31 67609.5
5 Aug 28, 2014 0.0 0.0 0.0 0.0 15.16 67468.2
6 Aug 29, 2014 0.0 0.0 0.0 0.0 5.79 50372.9
7 Aug 30, 2014 0.0 0.0 0.0 0.0 80.07 58809.1
8 Aug 31, 2014 0.0 0.0 0.0 0.0 1.04 66473.5
9 Sep 01, 2014 0.0 0.0 0.0 0.0 132.63 55269.6
10 Sep 02, 2014 0.0 0.0 0.0 0.0 133.52 93816.0
11 Sep 03, 2014 0.0 0.0 0.0 0.0 263.81 110411.0
12 Sep 04, 2014 0.0 0.0 0.0 0.0 0.06 114581.0
13 Sep 05, 2014 0.0 0.0 0.0 0.0 5.55 113268.0
14 Sep 06, 2014 0.0 0.0 0.0 0.0 0.2 119835.0
15 Sep 07, 2014 0.0 0.0 0.0 0.0 130.71 64198.5
16 Sep 08, 2014 0.0 0.01 0.0 0.01 46.85 111684.0
17 Sep 09, 2014 0.01 0.01 0.0 0.0 67.73 190626.0
18 Sep 10, 2014 0.0 0.0 0.0 0.0 298.96 133897.0
19 Sep 11, 2014 0.0 0.01 0.0 0.01 2125.52 158145.0
20 Sep 12, 2014 0.01 0.01 0.0 0.0 175.88 203857.0
21 Sep 13, 2014 0.0 0.0 0.0 0.0 250.41 134633.0
22 Sep 14, 2014 0.0 0.01 0.0 0.0 9.34 138757.0
23 Sep 15, 2014 0.0 0.0 0.0 0.0 511.11 134661.0
24 Sep 16, 2014 0.0 0.0 0.0 0.0 815.56 125692.0
25 Sep 17, 2014 0.0 0.0 0.0 0.0 874.68 116556.0
26 Sep 18, 2014 0.0 0.0 0.0 0.0 904.11 121574.0
27 Sep 19, 2014 0.0 0.0 0.0 0.0 0.13 139297.0
28 Sep 20, 2014 0.0 0.0 0.0 0.0 54.53 113148.0
29 Sep 21, 2014 0.0 0.0 0.0 0.0 2.18 94671.3
30 Sep 22, 2014 0.0 0.0 0.0 0.0 813.25 85595.8
31 Sep 23, 2014 0.0 0.0 0.0 0.0 680.25 133071.0
32 Sep 24, 2014 0.0 0.0 0.0 0.0 29.64 123144.0
33 Sep 25, 2014 0.0 0.0 0.0 0.0 0.71 97181.9
34 Sep 26, 2014 0.0 0.0 0.0 0.0 0.19 96895.3
35 Sep 27, 2014 0.0 0.0 0.0 0.0 0.61 100614.0
36 Sep 28, 2014 0.0 0.01 0.0 0.0 32.39 103306.0
37 Sep 29, 2014 0.0 0.01 0.0 0.01 402.74 118933.0
38 Sep 30, 2014 0.01 0.01 0.0 0.0 2.25 174666.0
39 Oct 01, 2014 0.0 0.01 0.0 0.01 255.48 155311.0
40 Oct 02, 2014 0.01 0.15 0.0 0.04 3923.47 294995.0
41 Oct 03, 2014 0.04 0.04 0.01 0.01 1064.77 1473480.0
42 Oct 04, 2014 0.01 0.02 0.01 0.01 68.13 293528.0
43 Oct 05, 2014 0.01 0.01 0.01 0.01 1297.97 241081.0
44 Oct 06, 2014 0.01 0.01 0.01 0.01 31.15 279671.0
45 Oct 07, 2014 0.01 0.01 0.01 0.01 1055.08 297343.0
46 Oct 08, 2014 0.01 0.01 0.01 0.01 22.94 293078.0
47 Oct 09, 2014 0.01 0.01 0.01 0.01 9.81 293512.0
48 Oct 10, 2014 0.01 0.01 0.01 0.01 514.51 402253.0
49 Oct 11, 2014 0.01 0.01 0.01 0.01 9.0 325520.0
50 Oct 12, 2014 0.01 0.01 0.01 0.01 0.1 205873.0
51 Oct 13, 2014 0.01 0.01 0.01 0.01 1.22 277520.0
52 Oct 14, 2014 0.01 0.01 0.01 0.01 154.29 237286.0
53 Oct 15, 2014 0.01 0.01 0.01 0.01 1000.64 242515.0
54 Oct 16, 2014 0.01 0.01 0.0 0.01 760.72 329003.0
55 Oct 17, 2014 0.01 0.01 0.01 0.01 245.47 193156.0
56 Oct 18, 2014 0.01 0.01 0.01 0.01 48.29 339236.0
57 Oct 19, 2014 0.01 0.01 0.01 0.01 2399.85 345772.0
58 Oct 20, 2014 0.01 0.01 0.01 0.01 999.72 351207.0
59 Oct 21, 2014 0.01 0.01 0.01 0.01 358.06 319555.0
60 Oct 22, 2014 0.01 0.01 0.01 0.01 19.65 309807.0
61 Oct 23, 2014 0.01 0.01 0.01 0.01 1129.57 350970.0
62 Oct 24, 2014 0.01 0.01 0.01 0.01 852.58 288091.0
63 Oct 25, 2014 0.01 0.01 0.01 0.01 507.33 291006.0
64 Oct 26, 2014 0.01 0.01 0.01 0.01 930.48 290836.0
65 Oct 27, 2014 0.01 0.01 0.01 0.01 318.91 291156.0
66 Oct 28, 2014 0.01 0.01 0.01 0.01 1270.95 286456.0
67 Oct 29, 2014 0.01 0.01 0.01 0.01 101.21 299148.0
68 Oct 30, 2014 0.01 0.01 0.01 0.01 529.9 281310.0
69 Oct 31, 2014 0.01 0.01 0.01 0.01 686.66 289345.0
70 Nov 01, 2014 0.01 0.01 0.01 0.01 269.26 227305.0
71 Nov 02, 2014 0.01 0.01 0.01 0.01 426.88 227816.0
72 Nov 03, 2014 0.01 0.01 0.01 0.01 587.57 295007.0
73 Nov 04, 2014 0.01 0.01 0.01 0.01 402.53 241704.0
74 Nov 05, 2014 0.01 0.01 0.01 0.01 395.88 269146.0
75 Nov 06, 2014 0.01 0.01 0.01 0.01 344.41 279260.0
76 Nov 07, 2014 0.01 0.01 0.01 0.01 324.6 258260.0
77 Nov 08, 2014 0.01 0.01 0.01 0.01 340.07 265029.0
78 Nov 09, 2014 0.01 0.01 0.01 0.01 514.28 278776.0
79 Nov 10, 2014 0.01 0.01 0.01 0.01 136.12 255607.0
80 Nov 11, 2014 0.01 0.01 0.01 0.01 91.48 267773.0
81 Nov 12, 2014 0.01 0.01 0.01 0.01 107.98 346109.0
82 Nov 13, 2014 0.01 0.01 0.01 0.01 0.01 387201.0
83 Nov 14, 2014 0.01 0.01 0.01 0.01 54.33 376861.0
84 Nov 15, 2014 0.01 0.01 0.01 0.01 193.4 334432.0
85 Nov 16, 2014 0.01 0.01 0.01 0.01 39.93 340176.0
86 Nov 17, 2014 0.01 0.01 0.01 0.01 217.49 351421.0
87 Nov 18, 2014 0.01 0.01 0.01 0.01 118.73 313398.0
88 Nov 19, 2014 0.01 0.01 0.01 0.01 2.3 256235.0
89 Nov 20, 2014 0.01 0.01 0.01 0.01 0.05 308962.0
90 Nov 21, 2014 0.01 0.01 0.01 0.01 5.61 370423.0
91 Nov 22, 2014 0.01 0.01 0.01 0.01 153.16 355376.0
92 Nov 23, 2014 0.01 0.01 0.01 0.01 3.52 203320.0
93 Nov 24, 2014 0.01 0.01 0.01 0.01 277.53 224057.0
94 Nov 25, 2014 0.01 0.01 0.01 0.01 957.27 292352.0
95 Nov 26, 2014 0.01 0.01 0.01 0.01 110.3 304465.0
96 Nov 27, 2014 0.01 0.01 0.01 0.01 2.44 337546.0
97 Nov 28, 2014 0.01 0.01 0.01 0.01 166.44 367813.0
98 Nov 29, 2014 0.01 0.01 0.01 0.01 1.67 279392.0
99 Dec 01, 2014 0.01 0.01 0.01 0.01 249.23 282490.0
100 Dec 02, 2014 0.01 0.01 0.01 0.01 126.74 281808.0
101 Dec 03, 2014 0.01 0.01 0.01 0.01 5.73 235476.0
102 Dec 04, 2014 0.01 0.01 0.01 0.01 84.61 279256.0
103 Dec 05, 2014 0.01 0.01 0.01 0.01 406.64 300769.0
104 Dec 06, 2014 0.01 0.01 0.01 0.01 9.7 318295.0
105 Dec 07, 2014 0.01 0.01 0.01 0.01 85.9 329395.0
106 Dec 08, 2014 0.01 0.01 0.01 0.01 362.64 342238.0
107 Dec 09, 2014 0.01 0.01 0.01 0.01 532.15 331575.0
108 Dec 10, 2014 0.01 0.01 0.01 0.01 1898.81 325373.0
109 Dec 11, 2014 0.01 0.01 0.01 0.01 605.99 297176.0
110 Dec 12, 2014 0.01 0.01 0.01 0.01 801.62 299116.0
111 Dec 13, 2014 0.01 0.01 0.01 0.01 2250.8 345886.0
112 Dec 14, 2014 0.01 0.01 0.01 0.01 57.13 363909.0
113 Dec 15, 2014 0.01 0.01 0.01 0.01 1359.11 374799.0
114 Dec 16, 2014 0.01 0.01 0.01 0.01 823.51 362797.0
115 Dec 17, 2014 0.01 0.01 0.01 0.01 243.37 343213.0
116 Dec 18, 2014 0.01 0.01 0.01 0.01 24.16 335949.0
117 Dec 19, 2014 0.01 0.01 0.01 0.01 44.57 368985.0
118 Dec 20, 2014 0.01 0.01 0.01 0.01 45.86 226069.0
119 Dec 25, 2014 0.01 0.01 0.01 0.01 2.62 229232.0
120 Dec 26, 2014 0.01 0.01 0.01 0.01 40.51 238444.0
121 Dec 27, 2014 0.01 0.01 0.01 0.01 31.25 255820.0
122 Dec 28, 2014 0.01 0.01 0.01 0.01 172.56 217651.0
123 Dec 29, 2014 0.01 0.01 0.01 0.01 86.8 231070.0
124 Dec 30, 2014 0.01 0.01 0.01 0.01 851.78 214748.0
125 Dec 31, 2014 0.01 0.01 0.01 0.01 0.0 212714.0
126 Jan 01, 2015 0.01 0.01 0.01 0.01 0.0 219253.0
127 Jan 02, 2015 0.01 0.01 0.01 0.01 18.56 214824.0
128 Jan 03, 2015 0.01 0.01 0.01 0.01 10.78 215482.0
129 Jan 04, 2015 0.01 0.01 0.01 0.01 21.82 192453.0
130 Jan 05, 2015 0.01 0.01 0.0 0.0 90.34 175829.0
131 Jan 06, 2015 0.0 0.0 0.0 0.0 9.65 98098.1
132 Jan 07, 2015 0.0 0.0 0.0 0.0 8.0 102311.0
133 Jan 08, 2015 0.0 0.01 0.0 0.01 6.11 130572.0
134 Jan 09, 2015 0.01 0.01 0.0 0.01 16.33 228990.0
135 Jan 10, 2015 0.01 0.01 0.0 0.0 0.6 235536.0
136 Jan 11, 2015 0.0 0.01 0.0 0.0 22.48 160337.0
137 Jan 12, 2015 0.0 0.0 0.0 0.0 6.82 163695.0
138 Jan 13, 2015 0.0 0.05 0.0 0.03 14186.0 164126.0
139 Jan 14, 2015 0.01 0.03 0.01 0.02 7275.62 458802.0
140 Jan 15, 2015 0.02 0.03 0.01 0.02 376.75 785222.0
141 Jan 16, 2015 0.02 0.02 0.01 0.02 170.37 666838.0
142 Jan 17, 2015 0.02 0.02 0.01 0.01 112.98 567783.0
143 Jan 18, 2015 0.01 0.01 0.01 0.01 254.08 375874.0
144 Jan 19, 2015 0.01 0.01 0.01 0.01 99.12 505650.0
145 Jan 20, 2015 0.01 0.01 0.01 0.01 125.52 378170.0
146 Jan 21, 2015 0.01 0.02 0.01 0.01 650.25 324946.0
147 Jan 22, 2015 0.01 0.02 0.01 0.01 94.77 421720.0
148 Jan 23, 2015 0.01 0.01 0.01 0.01 219.27 339581.0
149 Jan 24, 2015 0.01 0.02 0.01 0.02 259.35 397679.0
150 Jan 25, 2015 0.02 0.02 0.01 0.02 356.36 574796.0
151 Jan 26, 2015 0.02 0.02 0.01 0.01 1007.27 590132.0
152 Jan 27, 2015 0.01 0.02 0.01 0.02 128.99 401583.0
153 Jan 28, 2015 0.02 0.02 0.01 0.01 22.09 571736.0
154 Jan 29, 2015 0.01 0.01 0.01 0.01 493.44 343432.0
155 Jan 30, 2015 0.01 0.01 0.01 0.01 26.95 342503.0
156 Jan 31, 2015 0.01 0.01 0.01 0.01 776.6 360302.0
157 Feb 01, 2015 0.01 0.01 0.01 0.01 6.9 311727.0
158 Feb 02, 2015 0.01 0.01 0.01 0.01 16.24 271432.0
159 Feb 03, 2015 0.01 0.01 0.01 0.01 10.95 383330.0
160 Feb 04, 2015 0.01 0.01 0.01 0.01 262.74 326895.0
161 Feb 05, 2015 0.01 0.01 0.01 0.01 95.43 325677.0
162 Feb 06, 2015 0.01 0.01 0.01 0.01 15.76 319816.0
163 Feb 07, 2015 0.01 0.01 0.01 0.01 198.27 320406.0
164 Feb 08, 2015 0.01 0.01 0.01 0.01 82.48 328273.0
165 Feb 09, 2015 0.01 0.01 0.01 0.01 58.84 313808.0
166 Feb 10, 2015 0.01 0.01 0.01 0.01 88.53 311770.0
167 Feb 11, 2015 0.01 0.01 0.01 0.01 129.5 269293.0
168 Feb 12, 2015 0.01 0.01 0.01 0.01 330.3 268515.0
169 Feb 13, 2015 0.01 0.01 0.01 0.01 110.58 271956.0
170 Feb 14, 2015 0.01 0.01 0.01 0.01 10.78 288910.0
171 Feb 15, 2015 0.01 0.01 0.01 0.01 24.08 315950.0
172 Feb 16, 2015 0.01 0.01 0.01 0.01 28.12 288301.0
173 Feb 17, 2015 0.01 0.01 0.01 0.01 158.7 287138.0
174 Feb 18, 2015 0.01 0.01 0.01 0.01 0.3 299190.0
175 Feb 19, 2015 0.01 0.01 0.01 0.01 122.3 290282.0
176 Feb 20, 2015 0.01 0.01 0.01 0.01 0.01 294931.0
177 Feb 21, 2015 0.01 0.01 0.01 0.01 34.49 299250.0
178 Feb 22, 2015 0.01 0.01 0.01 0.01 2.17 269143.0
179 Feb 23, 2015 0.01 0.01 0.01 0.01 235.41 292149.0
180 Feb 24, 2015 0.01 0.01 0.01 0.01 46.74 263019.0
181 Feb 25, 2015 0.01 0.01 0.01 0.01 59.97 262883.0
182 Feb 26, 2015 0.01 0.01 0.01 0.01 12.6 261537.0
183 Feb 27, 2015 0.01 0.01 0.01 0.01 12.33 260421.0
184 Feb 28, 2015 0.01 0.01 0.01 0.01 32.45 262412.0
185 Mar 01, 2015 0.01 0.01 0.01 0.01 253.73 262920.0
186 Mar 02, 2015 0.01 0.01 0.01 0.01 12.09 286704.0
187 Mar 03, 2015 0.01 0.01 0.01 0.01 509.21 284896.0
188 Mar 04, 2015 0.01 0.01 0.01 0.01 27.37 252347.0
189 Mar 05, 2015 0.01 0.01 0.01 0.01 43.8 244671.0
190 Mar 06, 2015 0.01 0.01 0.01 0.01 71.71 247505.0
191 Mar 07, 2015 0.01 0.01 0.01 0.01 71.85 244465.0
192 Apr 29, 2015 0.01 0.01 0.01 0.01 0.44 393464.0
193 Apr 30, 2015 0.01 0.01 0.01 0.01 77.28 177133.0
194 May 01, 2015 0.01 0.01 0.01 0.01 357.06 221247.0
195 May 02, 2015 0.01 0.01 0.01 0.01 3623.03 190152.0
196 May 03, 2015 0.01 0.01 0.01 0.01 1561.41 414687.0
197 May 04, 2015 0.01 0.01 0.01 0.01 4247.5 411962.0
198 May 05, 2015 0.01 0.01 0.01 0.01 3430.22 380165.0
199 May 06, 2015 0.01 0.01 0.01 0.01 1472.83 379117.0
200 May 07, 2015 0.01 0.01 0.0 0.01 564.54 376926.0
201 May 08, 2015 0.01 0.02 0.01 0.02 2499.53 245248.0
202 May 09, 2015 0.02 0.02 0.01 0.01 953.71 700947.0
203 May 10, 2015 0.01 0.01 0.01 0.01 1080.45 362218.0
204 May 11, 2015 0.01 0.01 0.01 0.01 559.01 350720.0
205 May 12, 2015 0.01 0.01 0.01 0.01 665.72 349725.0
206 May 13, 2015 0.01 0.01 0.01 0.01 184.06 348361.0
207 May 14, 2015 0.01 0.01 0.01 0.01 75.13 298220.0
208 May 15, 2015 0.01 0.01 0.01 0.01 183.82 270173.0
209 May 16, 2015 0.01 0.01 0.01 0.01 133.59 303016.0
210 May 17, 2015 0.01 0.01 0.01 0.01 16.42 311192.0
211 May 18, 2015 0.01 0.01 0.01 0.01 138.84 315635.0
212 May 19, 2015 0.01 0.01 0.01 0.01 6.04 332210.0
213 May 20, 2015 0.01 0.01 0.01 0.01 802.82 298515.0
214 May 21, 2015 0.01 0.01 0.01 0.01 460.37 316103.0
215 May 22, 2015 0.01 0.01 0.01 0.01 136.45 330186.0
216 May 23, 2015 0.01 0.01 0.01 0.01 255.44 316336.0
217 May 24, 2015 0.01 0.01 0.01 0.01 699.27 314905.0
218 May 25, 2015 0.01 0.01 0.01 0.01 112.36 326949.0
219 May 26, 2015 0.01 0.01 0.01 0.01 131.12 326973.0
220 May 27, 2015 0.01 0.01 0.01 0.01 3169.41 299426.0
221 May 28, 2015 0.01 0.01 0.01 0.01 4030.46 327057.0
222 May 29, 2015 0.01 0.01 0.01 0.01 4208.19 300029.0
223 May 30, 2015 0.01 0.01 0.01 0.01 1273.96 296840.0
224 May 31, 2015 0.01 0.01 0.01 0.01 1408.26 284562.0
225 Jun 01, 2015 0.01 0.01 0.01 0.01 1518.96 332259.0
226 Jun 02, 2015 0.01 0.01 0.01 0.01 408.86 325102.0
227 Jun 03, 2015 0.01 0.01 0.01 0.01 776.81 308200.0
228 Jun 04, 2015 0.01 0.02 0.01 0.01 6520.8 326819.0
229 Jun 05, 2015 0.01 0.02 0.01 0.02 17545.1 360892.0
230 Jun 06, 2015 0.02 0.02 0.01 0.01 1543.1 592564.0
231 Jun 07, 2015 0.01 0.01 0.01 0.01 293.98 412819.0
232 Jun 08, 2015 0.01 0.01 0.01 0.01 32.62 329575.0
233 Jun 09, 2015 0.01 0.01 0.01 0.01 2098.48 335096.0
234 Jun 10, 2015 0.01 0.01 0.01 0.01 508.94 453580.0
235 Jun 11, 2015 0.01 0.01 0.01 0.01 701.32 397969.0
236 Jun 12, 2015 0.01 0.01 0.01 0.01 1353.83 432249.0
237 Jun 13, 2015 0.01 0.01 0.01 0.01 464.76 357602.0
238 Jun 14, 2015 0.01 0.01 0.01 0.01 288.4 347087.0
239 Jun 15, 2015 0.01 0.01 0.01 0.01 1011.06 434441.0
240 Jun 16, 2015 0.01 0.01 0.01 0.01 362.78 427953.0
241 Jun 17, 2015 0.01 0.01 0.01 0.01 89.86 453654.0
242 Jun 18, 2015 0.01 0.01 0.01 0.01 7054.13 429515.0
243 Jun 19, 2015 0.01 0.01 0.01 0.01 110.14 485186.0
244 Jun 20, 2015 0.01 0.01 0.01 0.01 2805.21 535009.0
245 Jun 21, 2015 0.01 0.02 0.01 0.01 1426.14 508254.0
246 Jun 22, 2015 0.01 0.02 0.01 0.01 305.74 513803.0
247 Jun 23, 2015 0.01 0.01 0.01 0.01 204.28 510974.0
248 Jun 24, 2015 0.01 0.01 0.01 0.01 131.75 507061.0
249 Jun 25, 2015 0.01 0.01 0.01 0.01 1717.68 513609.0
250 Jun 26, 2015 0.01 0.01 0.01 0.01 480.03 506306.0
251 Jun 27, 2015 0.01 0.02 0.01 0.02 2255.28 529427.0
252 Jun 28, 2015 0.02 0.02 0.01 0.02 5498.3 604955.0
253 Jun 29, 2015 0.02 0.02 0.01 0.01 3769.7 581552.0
254 Jun 30, 2015 0.01 0.02 0.01 0.01 495.47 548754.0
255 Jul 01, 2015 0.01 0.09 0.01 0.01 13555.2 530128.0
256 Jul 02, 2015 0.01 0.02 0.01 0.02 2031.39 566839.0
257 Jul 03, 2015 0.02 0.02 0.01 0.02 761.02 597154.0
258 Jul 04, 2015 0.02 0.02 0.01 0.01 825.91 585130.0
259 Jul 05, 2015 0.01 0.02 0.01 0.01 594.51 555971.0
260 Jul 06, 2015 0.01 0.02 0.01 0.02 838.34 549913.0
261 Jul 07, 2015 0.02 0.02 0.01 0.02 318.69 571682.0
262 Jul 08, 2015 0.02 0.02 0.01 0.01 454.83 594147.0
263 Jul 09, 2015 0.01 0.01 0.01 0.01 144.89 516046.0
264 Jul 10, 2015 0.01 0.02 0.01 0.01 763.22 459537.0
265 Jul 11, 2015 0.01 0.02 0.01 0.01 881.81 459257.0
266 Jul 12, 2015 0.01 0.02 0.01 0.02 152.44 558950.0
267 Jul 13, 2015 0.02 0.02 0.02 0.02 404.41 578688.0
268 Jul 14, 2015 0.02 0.02 0.01 0.01 167.64 611688.0
269 Jul 15, 2015 0.01 0.01 0.01 0.01 796.03 463538.0
270 Jul 16, 2015 0.01 0.02 0.01 0.02 632.15 526568.0
271 Jul 17, 2015 0.02 0.02 0.01 0.01 744.52 578458.0
272 Jul 18, 2015 0.01 0.01 0.01 0.01 153.6 538993.0
273 Jul 19, 2015 0.01 0.01 0.01 0.01 327.86 360951.0
274 Jul 20, 2015 0.01 0.01 0.01 0.01 1206.66 454466.0
275 Jul 21, 2015 0.01 0.01 0.01 0.01 291.13 543362.0
276 Jul 22, 2015 0.01 0.01 0.01 0.01 551.66 529939.0
277 Jul 23, 2015 0.01 0.01 0.01 0.01 66.58 534314.0
278 Jul 24, 2015 0.01 0.07 0.01 0.01 340.06 400703.0
279 Jul 25, 2015 0.01 0.01 0.01 0.01 498.09 325281.0
280 Jul 26, 2015 0.01 0.01 0.01 0.01 63.92 499895.0
281 Jul 27, 2015 0.01 0.01 0.01 0.01 446.73 398333.0
282 Jul 28, 2015 0.01 0.01 0.01 0.01 434.34 486884.0
283 Jul 29, 2015 0.01 0.01 0.01 0.01 175.79 465407.0
284 Jul 30, 2015 0.01 0.01 0.01 0.01 194.38 402018.0
285 Jul 31, 2015 0.01 0.01 0.01 0.01 248.49 462653.0
286 Aug 01, 2015 0.01 0.01 0.01 0.01 393.64 427365.0
287 Aug 02, 2015 0.01 0.01 0.01 0.01 363.66 397510.0
288 Aug 03, 2015 0.01 0.01 0.01 0.01 116.95 508452.0
289 Aug 04, 2015 0.01 0.01 0.01 0.01 261.92 348420.0
290 Aug 05, 2015 0.01 0.01 0.01 0.01 368.28 413940.0
291 Aug 06, 2015 0.01 0.01 0.01 0.01 500.75 466100.0
292 Aug 07, 2015 0.01 0.01 0.01 0.01 406.72 517266.0
293 Aug 08, 2015 0.01 0.02 0.01 0.02 447.3 555278.0
294 Aug 09, 2015 0.02 0.02 0.01 0.01 362.18 573958.0
295 Aug 10, 2015 0.01 0.02 0.01 0.02 1057.99 545998.0
296 Aug 11, 2015 0.01 0.02 0.01 0.01 327.11 502456.0
297 Aug 12, 2015 0.01 0.02 0.01 0.01 352.32 568169.0
298 Aug 13, 2015 0.01 0.02 0.01 0.02 530.81 564849.0
299 Aug 14, 2015 0.02 0.02 0.02 0.02 27.14 602479.0
300 Aug 15, 2015 0.02 0.02 0.01 0.01 15.0 593410.0
301 Aug 16, 2015 0.01 0.01 0.01 0.01 198.39 560539.0
302 Aug 17, 2015 0.01 0.01 0.01 0.01 1793.62 536433.0
303 Aug 18, 2015 0.01 0.01 0.01 0.01 191.54 373855.0
304 Aug 19, 2015 0.01 0.01 0.01 0.01 182.67 315890.0
305 Aug 20, 2015 0.01 0.02 0.01 0.02 529.58 537026.0
306 Aug 21, 2015 0.02 0.02 0.01 0.01 147.69 647407.0
307 Aug 22, 2015 0.01 0.01 0.01 0.01 257.65 349562.0
308 Aug 23, 2015 0.01 0.01 0.01 0.01 454.32 360270.0
309 Aug 24, 2015 0.01 0.01 0.01 0.01 301.56 356381.0
310 Aug 25, 2015 0.01 0.01 0.01 0.01 302.26 451455.0
311 Aug 26, 2015 0.01 0.01 0.01 0.01 279.49 455861.0
312 Aug 27, 2015 0.01 0.01 0.01 0.01 13.05 518579.0
313 Aug 28, 2015 0.01 0.01 0.01 0.01 727.84 416783.0
314 Aug 29, 2015 0.01 0.01 0.01 0.01 403.24 362371.0
315 Aug 30, 2015 0.01 0.01 0.01 0.01 314.01 466570.0
316 Aug 31, 2015 0.01 0.01 0.01 0.01 270.25 499573.0
317 Sep 01, 2015 0.01 0.01 0.01 0.01 1002.12 537757.0
318 Sep 02, 2015 0.01 0.01 0.01 0.01 228.83 541980.0
319 Sep 03, 2015 0.01 0.02 0.01 0.01 1598.01 537365.0
320 Sep 04, 2015 0.01 0.02 0.01 0.02 59.87 570440.0
321 Sep 05, 2015 0.02 0.02 0.01 0.02 634.59 685241.0
322 Sep 06, 2015 0.02 0.02 0.02 0.02 410.37 635519.0
323 Sep 07, 2015 0.02 0.02 0.01 0.02 285.98 721764.0
324 Sep 08, 2015 0.02 0.02 0.01 0.01 175.1 634026.0
325 Sep 09, 2015 0.01 0.02 0.01 0.02 590.35 575908.0
326 Sep 10, 2015 0.02 0.02 0.02 0.02 344.81 618740.0
327 Sep 11, 2015 0.02 0.02 0.02 0.02 450.71 749252.0
328 Sep 12, 2015 0.02 0.02 0.02 0.02 25.31 719545.0
329 Sep 13, 2015 0.02 0.02 0.02 0.02 1038.41 748056.0
330 Sep 14, 2015 0.02 0.02 0.02 0.02 1020.55 725463.0
331 Sep 15, 2015 0.02 0.02 0.02 0.02 1473.77 845380.0
332 Sep 16, 2015 0.02 0.02 0.02 0.02 422.04 666126.0
333 Sep 17, 2015 0.02 0.02 0.02 0.02 1047.84 736184.0
334 Sep 18, 2015 0.02 0.05 0.02 0.05 114.95 720080.0
335 Sep 19, 2015 0.05 0.05 0.03 0.03 662.73 1682460.0
336 Sep 20, 2015 0.03 0.03 0.03 0.03 641.23 1093800.0
337 Sep 21, 2015 0.03 0.03 0.02 0.02 483.91 984245.0
338 Sep 22, 2015 0.02 0.03 0.02 0.02 599.17 893399.0
339 Sep 23, 2015 0.02 0.03 0.02 0.03 4046.86 805208.0
340 Sep 24, 2015 0.03 0.03 0.02 0.03 717.84 1087260.0
341 Sep 25, 2015 0.03 0.04 0.03 0.04 941.71 1058690.0
342 Sep 26, 2015 0.04 0.04 0.02 0.03 1345.43 1377540.0
343 Sep 27, 2015 0.03 0.04 0.02 0.03 1228.07 1252460.0
344 Sep 28, 2015 0.03 0.04 0.03 0.04 597.05 999081.0
345 Sep 29, 2015 0.02 0.05 0.02 0.04 4830.14 778305.0
346 Sep 30, 2015 0.04 0.04 0.03 0.03 1364.51 1298760.0
347 Oct 01, 2015 0.03 0.04 0.03 0.03 747.17 1264080.0
348 Oct 02, 2015 0.03 0.04 0.03 0.03 457.64 1232800.0
349 Oct 03, 2015 0.03 0.04 0.03 0.03 819.08 1225220.0
350 Oct 04, 2015 0.03 0.04 0.03 0.03 429.08 1240840.0
351 Oct 05, 2015 0.03 0.04 0.03 0.04 531.71 1103220.0
352 Oct 06, 2015 0.04 0.04 0.03 0.04 1019.19 1282240.0
353 Oct 07, 2015 0.04 0.04 0.03 0.04 813.46 1321140.0
354 Oct 08, 2015 0.04 0.04 0.03 0.03 806.74 1343720.0
355 Oct 09, 2015 0.03 0.04 0.03 0.03 1105.16 1147920.0
356 Oct 10, 2015 0.03 0.03 0.03 0.03 258.61 1115230.0
357 Oct 11, 2015 0.03 0.04 0.03 0.04 2133.21 1052010.0
358 Oct 12, 2015 0.04 0.04 0.03 0.03 500.39 1278770.0
359 Oct 13, 2015 0.03 0.03 0.03 0.03 684.06 1120900.0
360 Oct 14, 2015 0.03 0.04 0.03 0.04 394.18 1146270.0
361 Oct 15, 2015 0.04 0.04 0.03 0.03 1705.61 1370650.0
362 Oct 16, 2015 0.03 0.03 0.03 0.03 1364.16 1165030.0
363 Oct 17, 2015 0.03 0.04 0.02 0.03 3735.65 1158530.0
364 Oct 18, 2015 0.03 0.03 0.02 0.02 630.34 1086040.0
365 Oct 19, 2015 0.02 0.03 0.02 0.03 1991.1 788913.0
366 Oct 20, 2015 0.03 0.04 0.02 0.03 1139.81 1084110.0
367 Oct 21, 2015 0.03 0.03 0.03 0.03 97.29 1217950.0
368 Oct 22, 2015 0.03 0.03 0.03 0.03 322.2 1084860.0
369 Oct 23, 2015 0.03 0.03 0.03 0.03 1839.55 1023190.0
370 Oct 24, 2015 0.03 0.03 0.03 0.03 889.58 1219640.0
371 Oct 25, 2015 0.03 0.03 0.03 0.03 789.87 1074760.0
372 Oct 26, 2015 0.03 0.03 0.03 0.03 1774.71 1080380.0
373 Oct 27, 2015 0.03 0.04 0.03 0.04 4524.51 1063910.0
374 Oct 28, 2015 0.04 0.04 0.04 0.04 4560.38 1298290.0
375 Oct 29, 2015 0.04 0.05 0.04 0.04 3563.1 1505560.0
376 Oct 30, 2015 0.04 0.04 0.04 0.04 1277.11 1384690.0
377 Oct 31, 2015 0.04 0.05 0.04 0.04 1457.79 1351310.0
378 Nov 01, 2015 0.04 0.04 0.04 0.04 1571.5 1569350.0
379 Nov 02, 2015 0.04 0.04 0.04 0.04 291.35 1581730.0
380 Nov 03, 2015 0.04 0.05 0.04 0.04 1260.06 1572100.0
381 Nov 04, 2015 0.04 0.05 0.04 0.04 1634.58 1486910.0
382 Nov 05, 2015 0.04 0.06 0.04 0.05 5303.51 1645120.0
383 Nov 06, 2015 0.05 0.05 0.04 0.05 59.21 1829870.0
384 Nov 07, 2015 0.05 0.06 0.05 0.05 56.12 1765470.0
385 Nov 08, 2015 0.05 0.05 0.04 0.05 16.9 1681490.0
386 Nov 09, 2015 0.05 0.05 0.04 0.04 825.21 1813880.0
387 Nov 10, 2015 0.04 0.05 0.04 0.04 485.07 1661430.0
388 Nov 11, 2015 0.04 0.06 0.04 0.04 4351.26 1620290.0
389 Nov 12, 2015 0.04 0.05 0.04 0.04 138.72 1439420.0
390 Nov 13, 2015 0.04 0.05 0.04 0.04 38.76 1602860.0
391 Nov 14, 2015 0.04 0.05 0.04 0.05 264.36 1540500.0
392 Nov 15, 2015 0.05 0.05 0.05 0.05 434.6 1777880.0
393 Nov 16, 2015 0.05 0.05 0.05 0.05 557.78 1832580.0
394 Nov 17, 2015 0.05 0.05 0.04 0.04 2083.22 1747570.0
395 Nov 18, 2015 0.04 0.05 0.04 0.05 912.89 1676700.0
396 Nov 19, 2015 0.05 0.05 0.05 0.05 886.82 1730140.0
397 Nov 20, 2015 0.05 0.05 0.04 0.04 978.75 1707650.0
398 Nov 21, 2015 0.04 0.05 0.04 0.05 1703.54 1673900.0
399 Nov 22, 2015 0.05 0.05 0.04 0.05 740.7 1722360.0
400 Nov 23, 2015 0.05 0.05 0.04 0.04 1132.89 1724170.0
401 Nov 24, 2015 0.04 0.05 0.04 0.04 921.89 1649040.0
402 Nov 25, 2015 0.04 0.05 0.04 0.04 1771.21 1578950.0
403 Nov 26, 2015 0.04 0.05 0.04 0.04 1245.53 1548610.0
404 Nov 27, 2015 0.04 0.05 0.04 0.04 1687.82 1653420.0
405 Nov 28, 2015 0.04 0.05 0.04 0.05 1202.96 1678410.0
406 Nov 29, 2015 0.05 0.05 0.04 0.05 1232.43 1715240.0
407 Nov 30, 2015 0.05 0.05 0.04 0.04 3188.15 1814510.0
408 Dec 01, 2015 0.04 0.05 0.04 0.05 2578.78 1617150.0
409 Dec 02, 2015 0.05 0.05 0.04 0.04 4730.14 1758150.0
410 Dec 03, 2015 0.05 0.05 0.04 0.05 2722.16 1698650.0
411 Dec 04, 2015 0.05 0.05 0.05 0.05 1615.96 1764100.0
412 Dec 05, 2015 0.05 0.05 0.05 0.05 1045.81 1731980.0
413 Dec 06, 2015 0.05 0.05 0.05 0.05 1492.2 1766170.0
414 Dec 07, 2015 0.05 0.06 0.05 0.05 3238.94 1824180.0
415 Dec 08, 2015 0.05 0.05 0.05 0.05 1298.33 1902670.0
416 Dec 09, 2015 0.05 0.06 0.05 0.05 3394.85 1970960.0
417 Dec 10, 2015 0.05 0.06 0.05 0.05 1880.6 1923700.0
418 Dec 11, 2015 0.05 0.06 0.05 0.06 1625.48 2002450.0
419 Dec 12, 2015 0.06 0.06 0.05 0.06 1874.6 2033580.0
420 Dec 13, 2015 0.06 0.06 0.05 0.06 795.42 2040810.0
421 Dec 14, 2015 0.06 0.06 0.06 0.06 1565.56 2047460.0
422 Dec 15, 2015 0.06 0.06 0.06 0.06 3606.36 2074790.0
423 Dec 16, 2015 0.06 0.06 0.06 0.06 1379.1 2223980.0
424 Dec 17, 2015 0.06 0.06 0.06 0.06 2097.8 2290520.0
425 Dec 18, 2015 0.06 0.06 0.06 0.06 1908.35 2192300.0
426 Dec 19, 2015 0.06 0.07 0.06 0.06 5431.21 2145210.0
427 Dec 20, 2015 0.06 0.07 0.06 0.07 6159.19 2364500.0
428 Dec 21, 2015 0.07 0.07 0.06 0.07 2224.74 2429640.0
429 Dec 22, 2015 0.07 0.07 0.06 0.07 2487.56 2520410.0
430 Dec 23, 2015 0.07 0.09 0.06 0.07 8629.49 2435290.0
431 Dec 24, 2015 0.07 0.09 0.07 0.07 2769.73 2788550.0
432 Dec 25, 2015 0.07 0.07 0.07 0.07 3861.46 2570270.0
433 Dec 26, 2015 0.07 0.07 0.06 0.07 1949.29 2566160.0
434 Dec 27, 2015 0.07 0.07 0.06 0.07 5541.74 2401540.0
435 Dec 28, 2015 0.07 0.07 0.07 0.07 3546.52 2500340.0
436 Dec 29, 2015 0.07 0.07 0.07 0.07 3093.5 2617560.0
437 Dec 30, 2015 0.07 0.08 0.07 0.08 1441.27 2753440.0
438 Dec 31, 2015 0.08 0.08 0.07 0.08 2698.69 2822360.0
439 Jan 01, 2016 0.08 0.08 0.08 0.08 1244.22 2812830.0
440 Jan 02, 2016 0.08 0.08 0.07 0.08 3708.5 2862200.0
441 Jan 03, 2016 0.08 0.08 0.07 0.07 5281.56 2930560.0
442 Jan 04, 2016 0.07 0.08 0.07 0.08 10041.1 2695410.0
443 Jan 05, 2016 0.08 0.13 0.08 0.13 31783.5 3072780.0
444 Jan 06, 2016 0.13 0.31 0.1 0.17 51440.6 4649880.0
445 Jan 07, 2016 0.16 0.18 0.1 0.14 12985.2 6068490.0
446 Jan 08, 2016 0.14 0.14 0.1 0.12 12127.4 5008410.0
447 Jan 09, 2016 0.12 0.18 0.1 0.15 10034.6 4377470.0
448 Jan 10, 2016 0.15 0.17 0.12 0.16 15718.2 5557390.0
449 Jan 11, 2016 0.16 0.17 0.14 0.15 9711.94 6010120.0
450 Jan 12, 2016 0.15 0.18 0.15 0.16 24717.3 5671050.0
451 Jan 13, 2016 0.16 0.19 0.16 0.19 13650.3 6032410.0
452 Jan 14, 2016 0.19 0.32 0.16 0.29 62783.5 6868570.0
453 Jan 15, 2016 0.29 0.33 0.23 0.25 47870.9 10856200.0
454 Jan 16, 2016 0.24 0.27 0.21 0.25 20244.1 9079210.0
455 Jan 17, 2016 0.24 0.25 0.21 0.21 18179.0 9072100.0
456 Jan 18, 2016 0.21 0.22 0.18 0.19 22349.4 7846030.0
457 Jan 19, 2016 0.19 0.21 0.17 0.18 6901.95 7034670.0
458 Jan 20, 2016 0.18 0.18 0.14 0.15 20455.3 6595300.0
459 Jan 21, 2016 0.15 0.17 0.14 0.16 11737.5 5483430.0
460 Jan 22, 2016 0.15 0.15 0.12 0.13 12057.4 5739320.0
461 Jan 23, 2016 0.13 0.14 0.1 0.13 12602.9 4703650.0
462 Jan 24, 2016 0.13 0.15 0.12 0.13 7901.22 4842470.0
463 Jan 25, 2016 0.13 0.16 0.12 0.16 12336.0 4843390.0
464 Jan 26, 2016 0.16 0.26 0.16 0.23 31539.6 5883130.0
465 Jan 27, 2016 0.23 0.25 0.21 0.23 27300.3 8479570.0
466 Jan 28, 2016 0.23 0.25 0.2 0.24 25297.3 8393830.0
467 Jan 29, 2016 0.24 0.25 0.21 0.24 23651.2 8871100.0
468 Jan 30, 2016 0.25 0.25 0.23 0.25 29779.9 9136890.0
469 Jan 31, 2016 0.25 0.26 0.24 0.24 19273.8 9254550.0
470 Feb 01, 2016 0.24 0.25 0.14 0.19 28689.2 8859100.0
471 Feb 02, 2016 0.19 0.19 0.14 0.18 9601.78 6926250.0
472 Feb 03, 2016 0.18 0.22 0.17 0.2 9677.1 6548170.0
473 Feb 04, 2016 0.2 0.21 0.19 0.2 12675.8 7204230.0
474 Feb 05, 2016 0.2 0.2 0.19 0.2 9332.57 7439730.0
475 Feb 06, 2016 0.2 0.2 0.19 0.2 5561.67 7301610.0
476 Feb 07, 2016 0.2 0.2 0.18 0.19 8919.96 7339580.0
477 Feb 08, 2016 0.2 0.2 0.18 0.19 7730.24 7291380.0
478 Feb 09, 2016 0.19 0.21 0.18 0.19 21266.2 7098950.0
479 Feb 10, 2016 0.19 0.2 0.18 0.2 9002.39 7107230.0
480 Feb 11, 2016 0.2 0.21 0.19 0.2 21052.9 7376670.0
481 Feb 12, 2016 0.2 0.25 0.2 0.23 23502.0 7492590.0
482 Feb 13, 2016 0.23 0.25 0.21 0.22 3996.72 8541670.0
483 Feb 14, 2016 0.22 0.24 0.22 0.22 5717.18 8162510.0
484 Feb 15, 2016 0.22 0.24 0.19 0.24 16500.4 8231370.0
485 Feb 16, 2016 0.24 0.25 0.23 0.25 13687.4 8858470.0
486 Feb 17, 2016 0.25 0.27 0.24 0.26 12165.9 9105340.0
487 Feb 18, 2016 0.26 0.27 0.23 0.25 9193.74 9786940.0
488 Feb 19, 2016 0.25 0.25 0.22 0.24 10222.3 9119530.0
489 Feb 20, 2016 0.24 0.25 0.23 0.24 14154.1 8952300.0
490 Feb 21, 2016 0.24 0.25 0.23 0.24 9545.17 9051040.0
491 Feb 22, 2016 0.24 0.24 0.23 0.23 7157.38 8951930.0
492 Feb 23, 2016 0.24 0.24 0.22 0.23 8760.39 8749790.0
493 Feb 24, 2016 0.23 0.24 0.22 0.23 6273.99 8533540.0
494 Feb 25, 2016 0.23 0.23 0.23 0.23 6946.3 8582450.0
495 Feb 26, 2016 0.23 0.23 0.21 0.21 7974.96 8391280.0
496 Feb 27, 2016 0.21 0.23 0.2 0.22 10135.0 7862550.0
497 Feb 28, 2016 0.21 0.22 0.2 0.22 7467.17 8028510.0
498 Feb 29, 2016 0.22 0.23 0.2 0.21 10567.0 8043880.0
499 Mar 01, 2016 0.21 0.22 0.2 0.21 10685.8 7722570.0
500 Mar 02, 2016 0.21 0.22 0.18 0.2 12864.0 7819430.0
501 Mar 03, 2016 0.2 0.21 0.18 0.19 8365.25 7295820.0
502 Mar 04, 2016 0.19 0.21 0.18 0.19 9400.58 7180290.0
503 Mar 05, 2016 0.19 0.2 0.17 0.18 10628.5 7228740.0
504 Mar 06, 2016 0.18 0.2 0.17 0.2 14909.4 6832000.0
505 Mar 07, 2016 0.2 0.2 0.19 0.2 10277.3 7382850.0
506 Mar 08, 2016 0.2 0.23 0.19 0.21 17285.3 7491390.0
507 Mar 09, 2016 0.21 0.23 0.2 0.22 17282.5 7966310.0
508 Mar 10, 2016 0.22 0.22 0.21 0.21 16062.5 8052280.0
509 Mar 11, 2016 0.21 0.27 0.21 0.24 23291.4 7912310.0
510 Mar 12, 2016 0.24 0.26 0.22 0.23 15159.0 8825650.0
511 Mar 13, 2016 0.23 0.24 0.21 0.22 17067.9 8725720.0
512 Mar 14, 2016 0.22 0.23 0.2 0.22 12193.3 8054160.0
513 Mar 15, 2016 0.22 0.24 0.22 0.22 11748.0 8283580.0
514 Mar 16, 2016 0.23 0.23 0.22 0.22 16860.2 8520060.0
515 Mar 17, 2016 0.22 0.24 0.21 0.22 11510.5 8235110.0
516 Mar 18, 2016 0.22 0.23 0.2 0.22 11362.5 8386370.0
517 Mar 19, 2016 0.22 0.25 0.21 0.22 12411.6 8276300.0
518 Mar 20, 2016 0.22 0.24 0.19 0.22 25940.1 8183960.0
519 Mar 21, 2016 0.21 0.22 0.18 0.2 14442.2 8045990.0
520 Mar 22, 2016 0.2 0.2 0.19 0.19 10947.1 7473140.0
521 >Mar 23, 201 0.19 0.21 0.18 0.2 13286.8 7224280.0
522 Mar 24, 2016 0.19 0.25 0.19 0.25 17834.1 7215160.0
523 Mar 25, 2016 0.25 0.25 0.21 0.23 15138.6 9284610.0
524 Mar 26, 2016 0.23 0.42 0.22 0.37 108521.0 8762190.0
525 Mar 27, 2016 0.37 0.42 0.31 0.33 32764.3 13823300.0
526 Mar 28, 2016 0.33 0.34 0.31 0.32 52430.5 12278000.0
527 Mar 29, 2016 0.32 0.34 0.32 0.33 20229.7 12059600.0
528 Mar 30, 2016 0.33 0.34 0.32 0.33 23858.1 12336900.0
529 Mar 31, 2016 0.33 0.34 0.32 0.32 23064.4 12438400.0
530 Apr 01, 2016 0.32 0.33 0.31 0.32 21772.2 12058300.0
531 Apr 02, 2016 0.32 0.34 0.32 0.33 14252.1 11958800.0
532 Apr 03, 2016 0.33 0.34 0.32 0.32 12630.5 12368800.0
533 Apr 04, 2016 0.32 0.33 0.31 0.32 17970.6 12046600.0
534 Apr 05, 2016 0.31 0.32 0.3 0.3 14781.7 11748900.0
535 Apr 06, 2016 0.3 0.3 0.27 0.28 21657.6 11155600.0
536 Apr 07, 2016 0.28 0.28 0.26 0.26 18995.5 10655100.0
537 Apr 08, 2016 0.26 0.28 0.26 0.26 14581.4 9843800.0
538 Apr 09, 2016 0.26 0.27 0.25 0.27 17208.9 9871870.0
539 Apr 10, 2016 0.27 0.28 0.26 0.28 9691.31 9954380.0
540 Apr 11, 2016 0.28 0.28 0.26 0.27 10178.4 10613600.0
541 Apr 12, 2016 0.27 0.29 0.26 0.26 11703.4 10133800.0
542 Apr 13, 2016 0.26 0.26 0.25 0.25 12452.7 9820550.0
543 Apr 14, 2016 0.25 0.25 0.25 0.25 7991.93 9514820.0
544 Apr 15, 2016 0.25 0.26 0.25 0.25 9554.58 9498470.0
545 Apr 16, 2016 0.25 0.26 0.24 0.25 7630.8 9393660.0
546 Apr 17, 2016 0.25 0.26 0.24 0.24 8001.81 9254170.0
547 Apr 18, 2016 0.24 0.25 0.22 0.23 16362.2 9148770.0
548 Apr 19, 2016 0.23 0.24 0.22 0.24 8700.92 8472960.0
549 Apr 20, 2016 0.24 0.24 0.23 0.24 9084.25 9022260.0
550 Apr 21, 2016 0.24 0.24 0.23 0.24 6220.44 8987190.0
551 Apr 22, 2016 0.24 0.24 0.23 0.23 5341.41 8971440.0
552 Apr 23, 2016 0.23 0.23 0.21 0.22 13044.4 8714530.0
553 Apr 24, 2016 0.22 0.22 0.21 0.22 7947.98 8180750.0
554 Apr 25, 2016 0.22 0.23 0.21 0.22 11731.9 8193240.0
555 Apr 26, 2016 0.22 0.22 0.19 0.2 9884.59 8244380.0
556 Apr 27, 2016 0.2 0.2 0.19 0.2 5023.8 7512330.0
557 Apr 28, 2016 0.2 0.21 0.18 0.2 11050.0 7573810.0
558 Apr 29, 2016 0.2 0.22 0.2 0.2 9091.95 7668870.0
559 Apr 30, 2016 0.2 0.21 0.19 0.19 7557.82 7730330.0
560 May 01, 2016 0.19 0.2 0.19 0.19 4829.91 7213270.0
561 May 02, 2016 0.19 0.19 0.18 0.18 4996.02 7282740.0
562 May 03, 2016 0.18 0.2 0.17 0.19 7417.59 6830440.0
563 May 04, 2016 0.19 0.19 0.18 0.18 7998.92 7120370.0
564 May 05, 2016 0.18 0.21 0.18 0.2 10416.1 6925880.0
565 May 06, 2016 0.2 0.21 0.18 0.2 10444.6 7589300.0
566 May 07, 2016 0.2 0.2 0.19 0.2 9786.85 7420740.0
567 May 08, 2016 0.2 0.22 0.2 0.2 8497.24 7532860.0
568 May 09, 2016 0.2 0.21 0.19 0.19 8947.6 7661660.0
569 May 10, 2016 0.19 0.2 0.18 0.19 8664.63 7190830.0
570 May 11, 2016 0.19 0.19 0.18 0.18 5888.82 7272700.0
571 May 12, 2016 0.18 0.19 0.17 0.18 9720.85 6919630.0
572 May 13, 2016 0.18 0.2 0.17 0.19 3786.28 6739590.0
573 May 14, 2016 0.19 0.19 0.16 0.17 8548.02 7032620.0
574 May 15, 2016 0.17 0.18 0.16 0.17 3510.52 6592440.0
575 May 16, 2016 0.17 0.18 0.16 0.18 6466.44 6231920.0
576 May 17, 2016 0.18 0.19 0.16 0.17 7623.76 6785760.0
577 May 18, 2016 0.17 0.18 0.17 0.17 4328.15 6407920.0
578 May 19, 2016 0.17 0.17 0.16 0.17 8702.51 6398330.0
579 May 20, 2016 0.17 0.19 0.16 0.17 10206.9 6330290.0
580 May 21, 2016 0.17 0.18 0.17 0.17 7791.21 6351700.0
581 May 22, 2016 0.17 0.18 0.17 0.18 5268.16 6364250.0
582 May 23, 2016 0.18 0.19 0.17 0.17 4189.04 6694650.0
583 May 24, 2016 0.17 0.17 0.16 0.17 4017.76 6560380.0
584 May 25, 2016 0.17 0.17 0.15 0.16 5681.97 6374320.0
585 May 26, 2016 0.16 0.17 0.15 0.15 6881.15 6098070.0
586 May 27, 2016 0.15 0.17 0.15 0.15 5377.59 5699110.0
587 May 28, 2016 0.15 0.18 0.15 0.17 4484.7 5880670.0
588 May 29, 2016 0.17 0.18 0.16 0.17 5435.83 6282460.0
589 May 30, 2016 0.17 0.18 0.15 0.17 3952.44 6344310.0
590 May 31, 2016 0.16 0.17 0.15 0.15 4210.59 6216110.0
591 Jun 01, 2016 0.15 0.17 0.15 0.15 6105.37 5825080.0
592 Jun 02, 2016 0.15 0.15 0.15 0.15 4465.76 5823290.0
593 Jun 03, 2016 0.15 0.16 0.15 0.16 2409.74 5678110.0
594 Jun 04, 2016 0.16 0.17 0.14 0.15 5765.26 6172280.0
595 Jun 05, 2016 0.15 0.15 0.14 0.15 3985.88 5596640.0
596 Jun 06, 2016 0.15 0.16 0.13 0.14 3497.69 5561050.0
597 Jun 07, 2016 0.14 0.14 0.13 0.14 4637.96 5167150.0
598 Jun 08, 2016 0.14 0.15 0.13 0.15 2619.44 5232880.0
599 Jun 09, 2016 0.14 0.15 0.14 0.14 2295.16 5464530.0
600 Jun 10, 2016 0.14 0.14 0.14 0.14 3475.06 5235320.0
601 Jun 11, 2016 0.14 0.14 0.13 0.14 4104.32 5231170.0
602 Jun 12, 2016 0.14 0.14 0.13 0.14 11272.5 5445920.0
603 Jun 13, 2016 0.14 0.14 0.1 0.12 11369.4 5216170.0
604 Jun 14, 2016 0.11 0.16 0.11 0.15 14181.9 4278220.0
605 Jun 15, 2016 0.15 0.16 0.14 0.15 4096.86 5731950.0
606 Jun 16, 2016 0.15 0.9 0.15 0.16 25348.8 5770970.0
607 Jun 17, 2016 0.16 0.18 0.15 0.16 5889.0 6063250.0
608 Jun 18, 2016 0.16 0.16 0.14 0.16 4497.38 6205720.0
609 Jun 19, 2016 0.16 0.17 0.15 0.16 13241.4 6019730.0
610 Jun 20, 2016 0.16 0.18 0.15 0.16 39188.8 6067180.0
611 Jun 21, 2016 0.16 0.16 0.15 0.16 20794.8 6255270.0
612 Jun 22, 2016 0.16 0.17 0.15 0.15 6472.09 5979390.0
613 Jun 23, 2016 0.15 0.18 0.14 0.18 19014.1 5668790.0
614 Jun 24, 2016 0.18 0.18 0.12 0.14 7966.85 6783830.0
615 Jun 25, 2016 0.13 0.17 0.12 0.16 3691.01 4961750.0
616 Jun 26, 2016 0.16 0.17 0.16 0.16 4535.21 6154590.0
617 Jun 27, 2016 0.16 0.17 0.13 0.15 7710.53 6166450.0
618 Jun 28, 2016 0.15 0.17 0.14 0.16 26523.5 5653180.0
619 Jun 29, 2016 0.16 0.17 0.15 0.16 12812.2 6084170.0
620 Jun 30, 2016 0.16 0.23 0.16 0.23 66235.4 5992980.0
621 Jul 01, 2016 0.23 0.47 0.23 0.34 371928.0 8794080.0
622 Jul 02, 2016 0.34 0.37 0.31 0.33 60766.6 12971400.0
623 Jul 03, 2016 0.33 0.44 0.31 0.4 270957.0 12438200.0
624 Jul 04, 2016 0.4 0.45 0.39 0.41 193744.0 15234200.0
625 Jul 05, 2016 0.41 0.42 0.38 0.4 88860.1 15588000.0
626 Jul 06, 2016 0.4 0.44 0.4 0.41 122539.0 15387900.0
627 Jul 07, 2016 0.42 0.54 0.41 0.54 512267.0 15894400.0
628 Jul 08, 2016 0.54 0.55 0.47 0.48 201380.0 20498900.0
629 Jul 09, 2016 0.48 0.5 0.41 0.43 220206.0 18186900.0
630 Jul 10, 2016 0.43 0.47 0.42 0.47 58860.8 16605100.0
631 Jul 11, 2016 0.47 0.5 0.43 0.43 98076.0 17906400.0
632 Jul 12, 2016 0.43 0.43 0.37 0.41 117094.0 16250000.0
633 Jul 13, 2016 0.41 0.41 0.38 0.39 71731.1 15788800.0
634 Jul 14, 2016 0.39 0.41 0.38 0.4 43956.4 14820400.0
635 Jul 15, 2016 0.4 0.41 0.39 0.4 32356.2 15234700.0
636 Jul 16, 2016 0.4 0.51 0.4 0.46 146224.0 15248700.0
637 Jul 17, 2016 0.46 0.48 0.43 0.44 44382.0 17536000.0
638 Jul 18, 2016 0.44 0.46 0.4 0.41 41376.0 16780700.0
639 Jul 19, 2016 0.41 0.44 0.41 0.42 68014.9 15577500.0
640 Jul 20, 2016 0.42 0.47 0.42 0.45 52239.8 16053700.0
641 Jul 21, 2016 0.45 0.83 0.44 0.79 1823660.0 16982500.0
642 Jul 22, 2016 0.8 0.96 0.76 0.78 1928660.0 27686900.0
643 Jul 23, 2016 0.78 0.79 0.71 0.74 558798.0 29791800.0
644 Jul 24, 2016 0.74 0.78 0.71 0.72 237423.0 28144400.0
645 Jul 25, 2016 0.72 0.72 0.58 0.59 484294.0 27526500.0
646 Jul 26, 2016 0.58 0.63 0.51 0.53 431929.0 22069900.0
647 Jul 27, 2016 0.53 0.6 0.47 0.57 641897.0 20223800.0
648 Jul 28, 2016 0.57 0.6 0.51 0.55 386562.0 21797800.0
649 Jul 29, 2016 0.54 0.56 0.52 0.53 162250.0 20698000.0
650 Jul 30, 2016 0.53 0.54 0.51 0.52 85753.1 20296300.0
651 Jul 31, 2016 0.51 0.52 0.48 0.48 95990.1 19660900.0
652 Aug 01, 2016 0.48 0.52 0.46 0.48 164910.0 18380700.0
653 Aug 02, 2016 0.48 0.49 0.43 0.44 135790.0 18489300.0
654 Aug 03, 2016 0.44 0.48 0.43 0.47 100817.0 16700300.0
655 Aug 04, 2016 0.47 0.5 0.47 0.48 121437.0 18000400.0
656 Aug 05, 2016 0.48 0.49 0.47 0.47 82643.2 18426900.0
657 Aug 06, 2016 0.47 0.49 0.47 0.49 67316.3 18164000.0
658 Aug 07, 2016 0.49 0.51 0.47 0.47 137005.0 18610300.0
659 Aug 08, 2016 0.47 0.64 0.46 0.47 201144.0 18190300.0
660 Aug 09, 2016 0.47 0.49 0.46 0.47 158906.0 17862000.0
661 Aug 10, 2016 0.47 0.49 0.47 0.48 56677.1 18185600.0
662 Aug 11, 2016 0.48 0.49 0.46 0.47 99147.3 18378700.0
663 Aug 12, 2016 0.47 0.47 0.46 0.47 72708.8 18017400.0
664 Aug 13, 2016 0.47 0.48 0.47 0.47 110753.0 17973000.0
665 Aug 14, 2016 0.47 0.49 0.46 0.47 60010.0 18066700.0
666 Aug 15, 2016 0.47 0.47 0.46 0.46 75595.5 18022000.0
667 Aug 16, 2016 0.46 0.47 0.45 0.46 121561.0 17684700.0
668 Aug 17, 2016 0.46 0.46 0.45 0.45 75008.5 17674800.0
669 Aug 18, 2016 0.45 0.46 0.44 0.45 58571.5 17300500.0
670 Aug 19, 2016 0.45 0.45 0.43 0.43 105024.0 17147300.0
671 Aug 20, 2016 0.43 0.44 0.43 0.44 55629.9 16532800.0
672 Aug 21, 2016 0.44 0.45 0.42 0.43 62968.6 16764500.0
673 Aug 22, 2016 0.43 0.45 0.41 0.41 85849.5 16539800.0
674 Aug 23, 2016 0.41 0.41 0.38 0.39 53054.9 15758500.0
675 Aug 24, 2016 0.39 0.39 0.36 0.38 55664.6 15026000.0
676 Aug 25, 2016 0.38 0.38 0.36 0.37 42516.9 14441700.0
677 Aug 26, 2016 0.36 0.4 0.36 0.38 54790.5 13971600.0
678 Aug 27, 2016 0.39 0.39 0.38 0.38 27602.8 14811900.0
679 Aug 28, 2016 0.37 0.38 0.36 0.37 35159.2 14378500.0
680 Aug 29, 2016 0.37 0.4 0.37 0.39 53435.8 14379700.0
681 Aug 30, 2016 0.39 0.42 0.38 0.41 49044.1 15092200.0
682 Aug 31, 2016 0.41 0.45 0.41 0.43 150693.0 15942900.0
683 Sep 01, 2016 0.43 0.44 0.42 0.42 28369.6 16580000.0
684 Sep 02, 2016 0.42 0.45 0.42 0.43 44743.5 16287300.0
685 Sep 03, 2016 0.43 0.44 0.42 0.44 33497.3 16668600.0
686 Sep 04, 2016 0.44 0.45 0.43 0.43 57427.4 16922800.0
687 Sep 05, 2016 0.43 0.44 0.41 0.42 41157.2 16667200.0
688 Sep 06, 2016 0.42 0.42 0.41 0.42 55563.2 16120100.0
689 Sep 07, 2016 0.42 0.42 0.41 0.42 66625.2 16012800.0
690 Sep 08, 2016 0.42 0.44 0.41 0.42 59532.1 16132300.0
691 Sep 09, 2016 0.42 0.43 0.41 0.42 55604.6 16085100.0
692 Sep 10, 2016 0.42 0.43 0.42 0.42 34817.5 16216200.0
693 Sep 11, 2016 0.42 0.42 0.4 0.41 24981.7 16356400.0
694 Sep 12, 2016 0.4 0.41 0.39 0.4 53594.8 15566100.0
695 Sep 13, 2016 0.41 0.41 0.39 0.4 56098.4 15800700.0
696 Sep 14, 2016 0.4 0.42 0.39 0.4 53334.5 15314500.0
697 Sep 15, 2016 0.4 0.42 0.38 0.39 77789.3 15274600.0
698 Sep 16, 2016 0.39 0.41 0.39 0.4 33157.4 15163700.0
699 Sep 17, 2016 0.4 0.41 0.39 0.4 32965.3 15440600.0
700 Sep 18, 2016 0.4 0.41 0.4 0.4 38712.2 15533100.0
701 Sep 19, 2016 0.4 0.4 0.39 0.39 68004.5 15328800.0
702 Sep 20, 2016 0.39 0.39 0.38 0.38 37235.0 14975300.0
703 Sep 21, 2016 0.38 0.39 0.38 0.39 74553.6 14832400.0
704 Sep 22, 2016 0.39 0.39 0.38 0.39 36621.4 15061100.0
705 Sep 23, 2016 0.39 0.39 0.39 0.39 31752.6 14929800.0
706 Sep 24, 2016 0.39 0.39 0.38 0.38 38632.6 14970100.0
707 Sep 25, 2016 0.38 0.39 0.38 0.39 22457.7 14823000.0
708 Sep 26, 2016 0.39 0.39 0.38 0.38 24950.9 14878600.0
709 Sep 27, 2016 0.39 0.39 0.38 0.39 31277.3 14873000.0
710 Sep 28, 2016 0.39 0.39 0.37 0.38 52997.7 15057300.0
711 Sep 29, 2016 0.38 0.4 0.38 0.4 41607.6 14723400.0
712 Sep 30, 2016 0.4 0.42 0.39 0.4 41170.9 15272600.0
713 Oct 01, 2016 0.4 0.41 0.39 0.4 34304.7 15645400.0
714 Oct 02, 2016 0.39 0.39 0.38 0.39 50134.1 15110500.0
715 Oct 03, 2016 0.39 0.4 0.37 0.38 19134.8 15008100.0
716 Oct 04, 2016 0.38 0.39 0.37 0.37 32399.6 14720700.0
717 Oct 05, 2016 0.38 0.39 0.37 0.39 32063.7 14638600.0
718 Oct 06, 2016 0.39 0.39 0.38 0.39 27699.2 15088600.0
719 Oct 07, 2016 0.39 0.4 0.39 0.4 29477.7 15206900.0
720 Oct 08, 2016 0.4 0.4 0.39 0.39 28818.9 15319600.0
721 Oct 09, 2016 0.39 0.4 0.38 0.39 28968.2 15144200.0
722 Oct 10, 2016 0.39 0.39 0.37 0.38 59072.7 15048800.0
723 Oct 11, 2016 0.38 0.39 0.37 0.38 27261.6 14528300.0
724 Oct 12, 2016 0.39 0.41 0.38 0.41 26987.6 14965700.0
725 Oct 13, 2016 0.41 0.41 0.36 0.37 24813.3 15796900.0
726 Oct 14, 2016 0.37 0.37 0.35 0.35 38235.1 14237000.0
727 Oct 15, 2016 0.35 0.36 0.34 0.34 17626.4 13571100.0
728 Oct 16, 2016 0.34 0.35 0.33 0.33 23967.3 13251500.0
729 >Oct 17, 201 0.33 0.35 0.3 0.31 77368.2 12912900.0
730 Oct 18, 2016 0.31 0.34 0.29 0.3 31229.7 11958700.0
731 Oct 19, 2016 0.3 0.3 0.28 0.29 30182.7 11643500.0
732 Oct 20, 2016 0.29 0.32 0.28 0.29 22289.6 11193100.0
733 Oct 21, 2016 0.28 0.35 0.28 0.34 37907.4 11070300.0
734 Oct 22, 2016 0.34 0.34 0.27 0.28 33661.2 13260400.0
735 Oct 23, 2016 0.28 0.33 0.28 0.3 35388.5 10741800.0
736 Oct 24, 2016 0.3 0.34 0.29 0.29 23713.1 11855400.0
737 Oct 25, 2016 0.29 0.35 0.29 0.34 27476.6 11229000.0
738 Oct 26, 2016 0.34 0.35 0.28 0.28 19450.8 13402700.0
739 Oct 27, 2016 0.28 0.34 0.28 0.28 21204.4 10899300.0
740 Oct 28, 2016 0.28 0.31 0.27 0.27 13844.4 10782900.0
741 Oct 29, 2016 0.27 0.28 0.26 0.27 28404.7 10596900.0
742 Oct 30, 2016 0.27 0.27 0.25 0.26 30684.1 10309900.0
743 Oct 31, 2016 0.26 0.27 0.25 0.25 17880.5 10027400.0
744 Nov 01, 2016 0.25 0.26 0.25 0.26 26517.7 9797040.0
745 Nov 02, 2016 0.26 0.26 0.24 0.25 27561.4 10137500.0
746 Nov 03, 2016 0.25 0.25 0.23 0.24 29681.1 9720560.0
747 Nov 04, 2016 0.24 0.24 0.23 0.23 36522.3 9254100.0
748 Nov 05, 2016 0.23 0.24 0.22 0.23 15392.6 8873530.0
749 Nov 06, 2016 0.23 0.23 0.22 0.23 20492.8 9035610.0
750 Nov 07, 2016 0.23 0.23 0.21 0.21 55839.4 8960370.0
751 Nov 08, 2016 0.21 0.22 0.19 0.19 70671.6 8234140.0
752 Nov 09, 2016 0.19 0.2 0.17 0.18 62735.8 7496090.0
753 Nov 10, 2016 0.18 0.2 0.18 0.19 84626.3 7153220.0
754 Nov 11, 2016 0.19 0.2 0.19 0.2 25707.8 7534440.0
755 Nov 12, 2016 0.2 0.21 0.19 0.19 34943.4 7689510.0
756 Nov 13, 2016 0.19 0.2 0.19 0.2 55551.0 7519540.0
757 Nov 14, 2016 0.2 0.2 0.19 0.19 20143.5 7699590.0
758 Nov 15, 2016 0.19 0.2 0.18 0.19 11629.8 7573560.0
759 Nov 16, 2016 0.2 0.2 0.19 0.19 16724.3 7718410.0
760 Nov 17, 2016 0.19 0.2 0.19 0.2 6701.68 7536740.0
761 Nov 18, 2016 0.2 0.2 0.18 0.19 21586.0 7659200.0
762 Nov 19, 2016 0.19 0.2 0.18 0.18 23364.4 7314020.0
763 Nov 20, 2016 0.18 0.2 0.18 0.18 9103.3 7096640.0
764 >Nov 21, 201 0.19 0.19 0.18 0.18 15953.0 7353900.0
765 Nov 22, 2016 0.18 0.18 0.17 0.17 8830.29 6912500.0
766 Nov 23, 2016 0.17 0.18 0.17 0.17 19361.9 6801500.0
767 Nov 24, 2016 0.17 0.18 0.17 0.17 8471.91 6617070.0
768 Nov 25, 2016 0.17 0.26 0.17 0.18 17215.5 6773380.0
769 Nov 26, 2016 0.18 0.18 0.17 0.17 7700.68 7176610.0
770 Nov 27, 2016 0.17 0.18 0.17 0.18 7954.08 6669880.0
771 Nov 28, 2016 0.18 0.19 0.17 0.18 7554.78 6890600.0
772 Nov 29, 2016 0.18 0.19 0.17 0.18 13643.3 7035770.0
773 Nov 30, 2016 0.18 0.2 0.18 0.2 27281.9 6963330.0
774 Dec 01, 2016 0.2 0.22 0.19 0.21 23996.2 7751750.0
775 Dec 02, 2016 0.21 0.21 0.19 0.2 11325.2 8273110.0
776 Dec 03, 2016 0.2 0.2 0.19 0.2 12079.6 7841380.0
777 Dec 04, 2016 0.2 0.21 0.2 0.2 6673.56 7646470.0
778 Dec 05, 2016 0.2 0.2 0.18 0.19 17714.0 7792640.0
779 Dec 06, 2016 0.19 0.19 0.18 0.19 20696.0 7438470.0
780 Dec 07, 2016 0.19 0.2 0.19 0.2 21744.7 7337950.0
781 Dec 08, 2016 0.2 0.2 0.19 0.19 20648.8 7869660.0
782 Dec 09, 2016 0.19 0.19 0.19 0.19 19236.5 7611510.0
783 Dec 10, 2016 0.19 0.19 0.18 0.18 12950.5 7489670.0
784 Dec 11, 2016 0.18 0.2 0.18 0.2 22997.2 7222300.0
785 Dec 12, 2016 0.2 0.2 0.19 0.2 8059.17 7689570.0
786 Dec 13, 2016 0.2 0.2 0.18 0.19 6047.27 7645480.0
787 Dec 14, 2016 0.19 0.21 0.18 0.21 151500.0 7298060.0
788 Dec 15, 2016 0.21 0.21 0.18 0.21 176235.0 8175910.0
789 Dec 16, 2016 0.21 0.23 0.18 0.22 77752.4 8173720.0
790 Dec 17, 2016 0.22 0.22 0.2 0.21 46062.7 8476530.0
791 Dec 18, 2016 0.21 0.22 0.2 0.21 33214.5 8446380.0
792 Dec 19, 2016 0.22 0.23 0.2 0.22 36730.8 8655180.0
793 Dec 20, 2016 0.22 0.23 0.2 0.22 33978.0 8689140.0
794 Dec 21, 2016 0.22 0.22 0.2 0.21 31692.5 8712220.0
795 Dec 22, 2016 0.21 0.22 0.19 0.2 71032.9 8359840.0
796 Dec 23, 2016 0.21 0.22 0.19 0.21 51306.6 8128250.0
797 Dec 24, 2016 0.2 0.21 0.19 0.2 37791.1 8068120.0
798 Dec 25, 2016 0.2 0.2 0.17 0.2 30031.8 7920720.0
799 Dec 26, 2016 0.2 0.2 0.18 0.19 35853.6 7662590.0
800 Dec 27, 2016 0.19 0.2 0.18 0.18 33491.7 7607950.0
801 Dec 28, 2016 0.18 0.2 0.16 0.18 31080.7 7203610.0
802 Dec 29, 2016 0.18 0.2 0.17 0.2 16848.8 7004290.0
803 Dec 30, 2016 0.2 0.21 0.19 0.2 23358.8 7741000.0
804 Dec 31, 2016 0.2 0.21 0.15 0.15 21830.8 7797590.0
805 Jan 01, 2017 0.15 0.19 0.15 0.16 36744.0 5835900.0
806 Jan 02, 2017 0.16 0.21 0.15 0.19 56780.7 6420920.0
807 Jan 03, 2017 0.19 0.23 0.15 0.23 184853.0 7536820.0
808 Jan 04, 2017 0.23 0.25 0.2 0.24 120998.0 8852350.0
809 Jan 05, 2017 0.25 0.25 0.19 0.22 251483.0 9796780.0
810 Jan 06, 2017 0.22 0.23 0.19 0.22 245992.0 8601880.0
811 Jan 07, 2017 0.22 0.22 0.19 0.2 28124.2 8748730.0
812 Jan 08, 2017 0.2 0.21 0.19 0.2 28099.4 7797720.0
813 Jan 09, 2017 0.2 0.2 0.19 0.2 15765.5 7937700.0
814 Jan 10, 2017 0.2 0.21 0.2 0.2 19094.7 7804120.0
815 Jan 11, 2017 0.2 0.2 0.18 0.18 31232.5 7890700.0
816 Jan 12, 2017 0.18 0.19 0.18 0.19 20526.9 7142040.0
817 Jan 13, 2017 0.19 0.19 0.18 0.19 15958.3 7383310.0
818 Jan 14, 2017 0.19 0.2 0.19 0.19 7064.36 7508360.0
819 Jan 15, 2017 0.19 0.2 0.19 0.19 10451.7 7393900.0
820 Jan 16, 2017 0.19 0.19 0.18 0.19 9825.45 7414170.0
821 Jan 17, 2017 0.19 0.2 0.18 0.19 20575.5 7463600.0
822 Jan 18, 2017 0.19 0.19 0.18 0.18 13620.9 7550270.0
823 Jan 19, 2017 0.18 0.19 0.18 0.18 18571.3 7127640.0
824 Jan 20, 2017 0.18 0.19 0.18 0.18 13461.5 7254910.0
825 Jan 21, 2017 0.18 0.19 0.17 0.19 23783.4 7140620.0
826 Jan 22, 2017 0.19 0.19 0.18 0.18 15218.2 7326280.0
827 Jan 23, 2017 0.18 0.19 0.17 0.18 11013.7 7165670.0
828 Jan 24, 2017 0.18 0.18 0.17 0.18 6417.59 7206290.0
829 Jan 25, 2017 0.18 0.18 0.17 0.18 11256.7 7042980.0
830 Jan 26, 2017 0.18 0.24 0.17 0.18 13737.2 7208940.0
831 Jan 27, 2017 0.18 0.2 0.17 0.19 25592.6 6939730.0
832 Jan 28, 2017 0.19 0.2 0.17 0.18 18122.0 7343590.0
833 Jan 29, 2017 0.18 0.2 0.18 0.2 16812.1 7183620.0
834 Jan 30, 2017 0.2 0.2 0.18 0.19 11636.9 7726510.0
835 Jan 31, 2017 0.19 0.2 0.19 0.19 16331.1 7371460.0
836 Feb 01, 2017 0.19 0.2 0.19 0.19 25584.6 7596960.0
837 Feb 02, 2017 0.19 0.2 0.18 0.19 27803.8 7462000.0
838 Feb 03, 2017 0.19 0.19 0.18 0.19 31920.1 7363770.0
839 Feb 04, 2017 0.19 0.59 0.19 0.19 17610.6 7566240.0
840 Feb 05, 2017 0.19 0.2 0.19 0.19 32056.5 7642760.0
841 Feb 06, 2017 0.19 0.22 0.19 0.21 84409.4 7575120.0
842 Feb 07, 2017 0.21 0.22 0.2 0.21 58717.2 8507350.0
843 Feb 08, 2017 0.21 0.21 0.2 0.2 24230.7 8173770.0
844 Feb 09, 2017 0.2 0.21 0.18 0.19 39196.9 7967810.0
845 Feb 10, 2017 0.19 0.19 0.18 0.19 23704.5 7581340.0
846 Feb 11, 2017 0.19 0.2 0.19 0.19 22000.1 7496810.0
847 Feb 12, 2017 0.19 0.2 0.18 0.19 13623.3 7568590.0
848 Feb 13, 2017 0.19 0.19 0.17 0.18 21855.4 7465050.0
849 Feb 14, 2017 0.18 0.19 0.17 0.19 21948.8 7035930.0
850 Feb 15, 2017 0.19 0.2 0.18 0.2 27414.7 7359840.0
851 Feb 16, 2017 0.2 0.2 0.19 0.19 15585.1 7755900.0
852 Feb 17, 2017 0.19 0.2 0.19 0.19 15869.7 7687140.0
853 Feb 18, 2017 0.19 0.2 0.19 0.19 16311.4 7605880.0
854 Feb 19, 2017 0.19 0.2 0.19 0.2 15214.6 7610660.0
855 Feb 20, 2017 0.2 0.2 0.19 0.2 9399.81 7837150.0
856 Feb 21, 2017 0.2 0.2 0.19 0.2 23295.4 7743050.0
857 Feb 22, 2017 0.2 0.2 0.18 0.19 14191.8 7831860.0
858 Feb 23, 2017 0.19 0.19 0.18 0.19 19479.5 7602120.0
859 Feb 24, 2017 0.19 0.2 0.19 0.19 19692.8 7406770.0
860 Feb 25, 2017 0.19 0.19 0.19 0.19 8896.64 7591750.0
861 Feb 26, 2017 0.19 0.19 0.19 0.19 9954.52 7459650.0
862 Feb 27, 2017 0.19 0.19 0.18 0.18 13652.5 7505900.0
863 Feb 28, 2017 0.18 0.19 0.18 0.18 15746.9 7306510.0
864 Mar 01, 2017 0.18 0.2 0.18 0.19 41605.8 7340190.0
865 Mar 02, 2017 0.19 0.2 0.18 0.19 57381.9 7650230.0
866 Mar 03, 2017 0.19 0.2 0.19 0.19 32264.8 7544790.0
867 Mar 04, 2017 0.2 0.2 0.18 0.19 24909.2 7734170.0
868 Mar 05, 2017 0.19 0.19 0.18 0.19 26903.6 7564650.0
869 Mar 06, 2017 0.19 0.21 0.18 0.2 69640.3 7517400.0
870 Mar 07, 2017 0.2 0.22 0.2 0.21 121882.0 8024930.0
871 Mar 08, 2017 0.21 0.21 0.19 0.19 108933.0 8335310.0
872 Mar 09, 2017 0.19 0.2 0.19 0.2 55364.3 7701660.0
873 Mar 10, 2017 0.2 0.2 0.18 0.19 58078.6 7910300.0
874 Mar 11, 2017 0.19 0.2 0.19 0.2 31618.3 7411980.0
875 Mar 12, 2017 0.2 0.24 0.2 0.23 121630.0 7775320.0
876 Mar 13, 2017 0.23 0.35 0.23 0.29 778324.0 9089670.0
877 Mar 14, 2017 0.29 0.33 0.27 0.29 280512.0 11669200.0
878 Mar 15, 2017 0.29 0.37 0.28 0.34 450537.0 11516100.0
879 Mar 16, 2017 0.36 0.4 0.29 0.32 462034.0 14483700.0
880 Mar 17, 2017 0.32 0.32 0.27 0.29 235011.0 12711900.0
881 Mar 18, 2017 0.3 0.31 0.26 0.26 128581.0 11946100.0
882 Mar 19, 2017 0.27 0.32 0.26 0.31 139865.0 10539000.0
883 Mar 20, 2017 0.31 0.4 0.29 0.35 419958.0 12236700.0
884 Mar 21, 2017 0.35 0.38 0.33 0.34 253232.0 14075000.0
885 Mar 22, 2017 0.34 0.35 0.29 0.32 236992.0 13523300.0
886 Mar 23, 2017 0.32 0.34 0.31 0.33 178706.0 12908400.0
887 Mar 24, 2017 0.33 0.33 0.31 0.32 173399.0 12999300.0
888 Mar 25, 2017 0.32 0.32 0.3 0.32 91902.5 12575200.0
889 Mar 26, 2017 0.32 0.33 0.31 0.31 76281.4 12559500.0
890 Mar 27, 2017 0.32 0.35 0.31 0.35 151564.0 12531500.0
891 Mar 28, 2017 0.35 0.35 0.33 0.34 94478.0 13883500.0
892 Mar 29, 2017 0.34 0.35 0.33 0.34 61163.5 13487900.0
893 Mar 30, 2017 0.34 0.35 0.31 0.32 216676.0 13662600.0
894 Mar 31, 2017 0.32 0.35 0.32 0.34 240264.0 12754700.0
895 Apr 01, 2017 0.34 0.41 0.34 0.37 391277.0 13519700.0
896 Apr 02, 2017 0.37 0.42 0.37 0.41 284458.0 14912500.0
897 Apr 03, 2017 0.41 0.47 0.35 0.38 382964.0 16381500.0
898 Apr 04, 2017 0.38 0.38 0.34 0.37 180404.0 15104400.0
899 Apr 05, 2017 0.37 0.39 0.34 0.39 141081.0 14679500.0
900 >Apr 06, 201 0.39 0.41 0.36 0.37 212489.0 15393800.0
901 Apr 07, 2017 0.37 0.38 0.35 0.36 186339.0 14790400.0
902 Apr 08, 2017 0.35 0.37 0.35 0.35 81133.3 14160700.0
903 Apr 09, 2017 0.36 0.38 0.35 0.37 141029.0 14286400.0
904 Apr 10, 2017 0.37 0.44 0.37 0.41 386998.0 14735600.0
905 Apr 11, 2017 0.41 0.42 0.39 0.4 217386.0 16190600.0
906 Apr 12, 2017 0.4 0.41 0.38 0.39 157637.0 15964200.0
907 Apr 13, 2017 0.39 0.4 0.39 0.39 91539.7 15696300.0
908 Apr 14, 2017 0.39 0.42 0.39 0.42 171141.0 15710300.0
909 Apr 15, 2017 0.42 0.46 0.42 0.44 229132.0 16620100.0
910 Apr 16, 2017 0.44 0.45 0.42 0.44 208742.0 17554600.0
911 Apr 17, 2017 0.44 0.48 0.44 0.45 195882.0 17518300.0
912 Apr 18, 2017 0.46 0.51 0.45 0.48 343437.0 18218200.0
913 Apr 19, 2017 0.48 0.5 0.47 0.49 206689.0 19158700.0
914 Apr 20, 2017 0.49 0.49 0.42 0.43 190690.0 19433900.0
915 Apr 21, 2017 0.43 0.45 0.42 0.44 204287.0 17133400.0
916 Apr 22, 2017 0.44 0.45 0.43 0.44 127194.0 17589600.0
917 Apr 23, 2017 0.44 0.53 0.44 0.49 341938.0 17591900.0
918 Apr 24, 2017 0.49 0.52 0.47 0.51 186483.0 19661500.0
919 Apr 25, 2017 0.51 0.53 0.49 0.51 172157.0 20412100.0
920 Apr 26, 2017 0.51 0.54 0.5 0.54 227533.0 20568700.0
921 Apr 27, 2017 0.53 0.55 0.51 0.52 238528.0 21330200.0
922 Apr 28, 2017 0.52 0.63 0.51 0.61 660792.0 20776500.0
923 Apr 29, 2017 0.6 0.63 0.59 0.63 378595.0 24045600.0
924 Apr 30, 2017 0.63 0.69 0.62 0.68 638843.0 25209000.0
925 May 01, 2017 0.68 0.7 0.47 0.6 537586.0 27321500.0
926 May 02, 2017 0.6 0.62 0.49 0.55 435696.0 24097300.0
927 May 03, 2017 0.54 0.61 0.53 0.61 457639.0 21725800.0
928 May 04, 2017 0.61 0.65 0.58 0.64 453808.0 24327800.0
929 May 05, 2017 0.63 0.71 0.55 0.63 772325.0 25265700.0
930 May 06, 2017 0.63 0.73 0.58 0.73 868967.0 25278200.0
931 May 07, 2017 0.73 0.83 0.67 0.72 1145480.0 29367200.0
932 May 08, 2017 0.73 0.83 0.73 0.8 737626.0 29167000.0
933 May 09, 2017 0.8 0.82 0.67 0.77 508393.0 31812800.0
934 May 10, 2017 0.76 0.79 0.7 0.71 315672.0 30601200.0
935 May 11, 2017 0.71 0.71 0.58 0.61 386110.0 28627600.0
936 May 12, 2017 0.62 0.67 0.61 0.61 304419.0 24753900.0
937 May 13, 2017 0.61 1.25 0.56 1.16 5001380.0 24426600.0
938 May 14, 2017 1.18 1.2 0.96 0.98 1360970.0 47134600.0
939 May 15, 2017 0.98 1.0 0.88 0.9 872620.0 39305100.0
940 May 16, 2017 0.9 0.98 0.8 0.96 929795.0 35900000.0
941 May 17, 2017 0.93 0.96 0.85 0.9 565110.0 37384500.0
942 May 18, 2017 0.9 0.97 0.89 0.94 653473.0 35865900.0
943 May 19, 2017 0.95 1.09 0.94 1.04 893526.0 38021700.0
944 May 20, 2017 1.03 1.05 0.96 1.02 554759.0 41182800.0
945 May 21, 2017 1.01 1.07 1.01 1.03 945341.0 40705800.0
946 May 22, 2017 1.03 1.24 0.99 1.17 1433730.0 41415000.0
947 May 23, 2017 1.15 1.35 1.09 1.34 1404900.0 45918900.0
948 May 24, 2017 1.33 1.35 1.13 1.16 1238470.0 53228600.0
949 May 25, 2017 1.17 1.18 0.94 0.94 1357130.0 46899300.0
950 May 26, 2017 0.95 1.09 0.79 0.81 991188.0 37994500.0
951 May 27, 2017 0.82 0.84 0.52 0.79 1477370.0 33031400.0
952 May 28, 2017 0.79 0.84 0.72 0.8 1036590.0 31800400.0
953 May 29, 2017 0.8 0.88 0.73 0.86 980824.0 32155300.0
954 May 30, 2017 0.86 0.92 0.76 0.76 822787.0 34663700.0
955 May 31, 2017 0.77 0.88 0.7 0.83 824452.0 30785500.0
956 Jun 01, 2017 0.83 0.92 0.81 0.9 826118.0 33168100.0
957 Jun 02, 2017 0.9 0.93 0.83 0.89 952578.0 36069600.0
958 Jun 03, 2017 0.89 0.96 0.83 0.96 858587.0 35940300.0
959 Jun 04, 2017 0.95 0.99 0.84 0.99 708251.0 38337000.0
960 Jun 05, 2017 0.99 1.12 0.99 1.1 985586.0 39860100.0
961 Jun 06, 2017 1.11 1.13 0.97 1.06 1040620.0 44466100.0
962 Jun 07, 2017 1.06 1.08 1.02 1.03 880911.0 42808400.0
963 Jun 08, 2017 1.03 1.04 0.94 1.04 1139370.0 41501300.0
964 Jun 09, 2017 1.03 1.19 1.02 1.1 1263840.0 41531400.0
965 Jun 10, 2017 1.11 1.16 1.07 1.13 1521010.0 44621700.0
966 Jun 11, 2017 1.13 1.45 1.05 1.31 2356730.0 45335600.0
967 Jun 12, 2017 1.3 1.36 1.11 1.17 1903130.0 52460900.0
968 Jun 13, 2017 1.16 1.3 1.15 1.22 1213530.0 46653200.0
969 Jun 14, 2017 1.22 1.34 1.13 1.16 1072960.0 49187000.0
970 Jun 15, 2017 1.16 1.22 1.09 1.22 1153240.0 46533000.0
971 Jun 16, 2017 1.22 1.6 1.12 1.59 2776590.0 48909200.0
972 Jun 17, 2017 1.63 1.88 1.54 1.83 3556080.0 65575900.0
973 Jun 18, 2017 1.77 1.79 1.57 1.63 1908150.0 71399800.0
974 Jun 19, 2017 1.64 1.74 1.61 1.63 2066560.0 66106200.0
975 Jun 20, 2017 1.64 1.73 1.61 1.7 1889230.0 65904300.0
976 Jun 21, 2017 1.71 2.04 1.61 1.88 3161210.0 68691900.0
977 Jun 22, 2017 1.89 2.01 1.76 1.92 1760550.0 76069500.0
978 Jun 23, 2017 1.92 2.07 1.74 2.03 2193780.0 77372000.0
979 Jun 24, 2017 2.03 2.24 1.8 1.88 3193880.0 81628200.0
980 Jun 25, 2017 1.88 1.95 1.8 1.8 1262330.0 75801400.0
981 Jun 26, 2017 1.83 1.83 1.44 1.57 2431780.0 73977700.0
982 Jun 27, 2017 1.57 1.62 1.35 1.59 1864200.0 63217700.0
983 Jun 28, 2017 1.59 1.68 1.53 1.64 1029990.0 64133000.0
984 Jun 29, 2017 1.68 1.68 1.53 1.63 1381580.0 67597300.0
985 Jun 30, 2017 1.62 1.66 1.44 1.45 1040120.0 65229900.0
986 Jul 01, 2017 1.45 1.49 1.25 1.39 788954.0 58572700.0
987 Jul 02, 2017 1.36 1.37 1.23 1.37 1208680.0 54930900.0
988 Jul 03, 2017 1.34 1.5 1.22 1.47 1190870.0 54039400.0
989 Jul 04, 2017 1.47 1.54 1.45 1.46 1086650.0 59163500.0
990 Jul 05, 2017 1.46 1.47 1.36 1.39 958337.0 58948300.0
991 Jul 06, 2017 1.39 1.48 1.38 1.41 1113610.0 56160100.0
992 Jul 07, 2017 1.41 1.41 1.26 1.27 929710.0 56947500.0
993 Jul 08, 2017 1.26 1.31 1.03 1.21 935045.0 50939700.0
994 Jul 09, 2017 1.21 1.36 1.06 1.27 898864.0 48794000.0
995 Jul 10, 2017 1.27 1.27 0.94 1.13 881776.0 51214100.0
996 Jul 11, 2017 1.13 1.15 0.85 0.9 567328.0 45554700.0
997 Jul 12, 2017 0.91 0.98 0.82 0.92 541012.0 36540800.0
998 Jul 13, 2017 0.92 1.04 0.87 1.04 355047.0 37307800.0
999 Jul 14, 2017 1.06 1.09 0.82 0.97 589508.0 42795500.0
1000 Jul 15, 2017 0.95 0.97 0.78 0.93 662408.0 38460900.0
1001 Jul 16, 2017 0.87 0.99 0.69 0.81 587336.0 35343400.0
1002 Jul 17, 2017 0.88 1.02 0.72 0.92 639959.0 35597000.0
1003 Jul 18, 2017 0.87 1.01 0.81 0.93 550735.0 35311600.0
1004 Jul 19, 2017 0.93 1.07 0.86 1.02 764344.0 37669800.0
1005 Jul 20, 2017 0.98 1.16 0.89 1.05 743364.0 39569600.0
1006 Jul 21, 2017 1.06 1.09 1.01 1.09 283230.0 43043800.0
1007 Jul 22, 2017 1.09 1.22 1.08 1.18 261849.0 43932600.0
1008 Jul 23, 2017 1.19 1.2 0.97 0.97 726275.0 47901600.0
1009 Jul 24, 2017 1.03 1.14 0.93 0.99 562608.0 41524000.0
1010 Jul 25, 2017 1.08 1.15 0.91 0.98 410614.0 43552300.0
1011 Jul 26, 2017 0.98 1.0 0.8 0.88 176980.0 39469100.0
1012 Jul 27, 2017 0.86 1.01 0.86 0.98 169498.0 34933200.0
1013 Jul 28, 2017 0.98 1.0 0.9 0.94 148932.0 39867500.0
1014 Jul 29, 2017 0.93 0.95 0.81 0.87 140330.0 37507600.0
1015 Jul 30, 2017 0.88 0.88 0.82 0.86 141424.0 35580500.0
1016 Jul 31, 2017 0.86 0.89 0.83 0.85 165432.0 34917900.0
1017 Aug 01, 2017 0.83 0.89 0.8 0.88 168497.0 33474800.0
1018 Aug 02, 2017 0.88 1.01 0.86 0.94 228080.0 35708600.0
1019 Aug 03, 2017 0.95 0.98 0.92 0.95 156467.0 38376500.0
1020 Aug 04, 2017 0.95 1.05 0.92 1.02 251039.0 38296700.0
1021 Aug 05, 2017 1.03 1.13 0.97 1.08 462926.0 41904700.0
1022 Aug 06, 2017 1.1 1.11 0.97 0.98 366158.0 44572800.0
1023 Aug 07, 2017 1.05 1.09 0.96 1.02 422931.0 42583900.0
1024 Aug 08, 2017 1.04 1.12 1.01 1.04 652832.0 41960900.0
1025 Aug 09, 2017 1.04 1.1 1.0 1.01 383865.0 42124500.0
1026 Aug 10, 2017 1.01 1.22 1.01 1.15 409286.0 41135900.0
1027 Aug 11, 2017 1.11 1.17 1.03 1.07 305150.0 45091400.0
1028 Aug 12, 2017 1.06 1.16 1.0 1.13 214748.0 43180800.0
1029 Aug 13, 2017 1.03 1.15 0.95 1.04 209149.0 41961500.0
1030 Aug 14, 2017 1.01 1.06 0.91 0.94 267072.0 40912100.0
1031 Aug 15, 2017 0.93 1.06 0.81 0.96 323424.0 37807500.0
1032 Aug 16, 2017 0.97 1.02 0.92 0.95 286526.0 39346500.0
1033 Aug 17, 2017 0.95 0.98 0.9 0.94 158523.0 38557100.0
1034 Aug 18, 2017 0.92 0.98 0.83 0.86 221554.0 37463500.0
1035 Aug 19, 2017 0.85 0.89 0.82 0.85 215694.0 34600900.0
1036 Aug 20, 2017 0.87 1.66 0.82 1.65 2052930.0 35226800.0
1037 Aug 21, 2017 1.68 1.68 1.16 1.16 1416880.0 68270200.0
1038 Aug 22, 2017 1.17 1.19 0.99 1.13 964351.0 47339000.0
1039 Aug 23, 2017 1.12 1.17 1.09 1.09 455546.0 45625500.0
1040 Aug 24, 2017 1.1 1.18 1.07 1.16 245582.0 44595800.0
1041 Aug 25, 2017 1.16 1.87 1.13 1.34 2685200.0 47274300.0
1042 Aug 26, 2017 1.32 1.44 1.29 1.31 564841.0 53474400.0
1043 Aug 27, 2017 1.31 1.33 1.19 1.21 279597.0 53216600.0
1044 Aug 28, 2017 1.21 1.35 1.14 1.22 687161.0 49068600.0
1045 Aug 29, 2017 1.21 1.28 1.2 1.26 394387.0 49256400.0
1046 Aug 30, 2017 1.26 1.27 1.19 1.21 392562.0 51382500.0
1047 Aug 31, 2017 1.21 1.26 1.2 1.23 192166.0 49307700.0
1048 Sep 01, 2017 1.25 1.29 1.12 1.27 261574.0 50809800.0
1049 Sep 02, 2017 1.22 1.29 1.1 1.18 369948.0 49707300.0
1050 Sep 03, 2017 1.15 1.21 1.08 1.15 242568.0 46645800.0
1051 Sep 04, 2017 1.15 1.19 0.98 1.01 803737.0 46651100.0
1052 Sep 05, 2017 1.01 1.07 0.86 1.02 555011.0 41201700.0
1053 Sep 06, 2017 1.02 1.15 1.0 1.12 556284.0 41560100.0
1054 Sep 07, 2017 1.12 1.12 0.94 1.05 436240.0 45556800.0
1055 Sep 08, 2017 1.07 1.07 0.76 0.8 560709.0 43607900.0
1056 Sep 09, 2017 0.82 0.83 0.73 0.81 587810.0 33206800.0
1057 Sep 10, 2017 0.81 0.81 0.7 0.73 263444.0 32854600.0
1058 Sep 11, 2017 0.73 0.79 0.71 0.76 295854.0 29737100.0
1059 Sep 12, 2017 0.75 0.84 0.74 0.78 595823.0 30663100.0
1060 Sep 13, 2017 0.78 0.89 0.72 0.78 719922.0 31708900.0
1061 Sep 14, 2017 0.77 0.78 0.46 0.46 618250.0 31544800.0
1062 Sep 15, 2017 0.46 0.58 0.34 0.56 695952.0 18540100.0
1063 Sep 16, 2017 0.55 0.82 0.46 0.79 1698880.0 22589200.0
1064 Sep 17, 2017 0.79 0.79 0.67 0.67 1007790.0 31992000.0
1065 Sep 18, 2017 0.68 0.75 0.65 0.66 475418.0 27772900.0
1066 Sep 19, 2017 0.67 0.68 0.63 0.65 260436.0 27105400.0
1067 Sep 20, 2017 0.64 0.68 0.61 0.64 287567.0 26140900.0
1068 Sep 21, 2017 0.64 0.64 0.56 0.57 334093.0 25989100.0
1069 Sep 22, 2017 0.56 0.6 0.55 0.56 125118.0 23070800.0
1070 Sep 23, 2017 0.56 0.6 0.55 0.6 155477.0 22771400.0
1071 Sep 24, 2017 0.61 0.61 0.57 0.59 79366.1 24798100.0
1072 Sep 25, 2017 0.59 0.62 0.58 0.62 129433.0 24138900.0
1073 Sep 26, 2017 0.62 0.68 0.6 0.65 239843.0 25351000.0
1074 Sep 27, 2017 0.65 0.71 0.64 0.7 201339.0 26480000.0
1075 Sep 28, 2017 0.71 0.72 0.67 0.68 168825.0 28802600.0
1076 Sep 29, 2017 0.67 0.68 0.61 0.65 218358.0 27467800.0
1077 Sep 30, 2017 0.64 0.69 0.64 0.68 186656.0 26222100.0
1078 Oct 01, 2017 0.69 0.7 0.68 0.69 185092.0 28061100.0
1079 Oct 02, 2017 0.69 0.7 0.65 0.66 135513.0 28036900.0
1080 Oct 03, 2017 0.66 0.68 0.6 0.61 134476.0 26800700.0
1081 Oct 04, 2017 0.61 0.62 0.58 0.59 80259.5 25021500.0
1082 Oct 05, 2017 0.6 0.61 0.57 0.59 80627.1 24563600.0
1083 Oct 06, 2017 0.59 0.61 0.58 0.59 87380.4 24215200.0
1084 Oct 07, 2017 0.59 0.6 0.56 0.58 87947.6 24288300.0
1085 Oct 08, 2017 0.58 0.59 0.56 0.57 108504.0 23826900.0
1086 Oct 09, 2017 0.56 0.56 0.47 0.48 165634.0 22848500.0
1087 Oct 10, 2017 0.48 0.52 0.47 0.49 109447.0 19500800.0
1088 Oct 11, 2017 0.5 0.55 0.49 0.51 97801.4 20274900.0
1089 Oct 12, 2017 0.51 0.74 0.51 0.63 473333.0 20806600.0
1090 Oct 13, 2017 0.64 0.64 0.51 0.53 161519.0 25971100.0
1091 Oct 14, 2017 0.53 0.53 0.48 0.51 76721.2 21830700.0
1092 Oct 15, 2017 0.51 0.6 0.46 0.48 195062.0 20729000.0
1093 Oct 16, 2017 0.48 0.7 0.47 0.52 300843.0 19782900.0
1094 Oct 17, 2017 0.52 0.59 0.51 0.54 101064.0 21070800.0
1095 Oct 18, 2017 0.54 0.59 0.53 0.59 84470.1 22238600.0
1096 Oct 19, 2017 0.59 0.61 0.53 0.54 74059.4 24160600.0
1097 Oct 20, 2017 0.54 0.56 0.51 0.52 65598.9 22051100.0
1098 Oct 21, 2017 0.52 0.54 0.48 0.48 74092.4 21274400.0
1099 Oct 22, 2017 0.49 0.51 0.46 0.49 65851.4 19925500.0
1100 Oct 23, 2017 0.49 0.5 0.46 0.47 71275.4 20090300.0
1101 Oct 24, 2017 0.47 0.63 0.44 0.61 417099.0 19300400.0
1102 Oct 25, 2017 0.61 0.63 0.51 0.59 212622.0 25094400.0
1103 Oct 26, 2017 0.59 0.59 0.49 0.52 102054.0 24361700.0
1104 Oct 27, 2017 0.52 0.63 0.51 0.54 225800.0 21195700.0
1105 Oct 28, 2017 0.55 0.55 0.52 0.52 71357.4 22314900.0
1106 Oct 29, 2017 0.52 0.53 0.48 0.49 89756.8 21274200.0
1107 Oct 30, 2017 0.48 0.57 0.4 0.5 536591.0 19863400.0
1108 Oct 31, 2017 0.51 0.54 0.48 0.52 204878.0 20670300.0
1109 Nov 01, 2017 0.52 0.52 0.43 0.49 135329.0 21117000.0
1110 Nov 02, 2017 0.5 0.5 0.43 0.45 86275.4 20359200.0
1111 Nov 03, 2017 0.45 0.49 0.45 0.48 46709.9 18454700.0
1112 Nov 04, 2017 0.48 0.53 0.47 0.53 97783.3 19820300.0
1113 Nov 05, 2017 0.53 0.61 0.51 0.52 209757.0 21601800.0
1114 Nov 06, 2017 0.52 0.84 0.51 0.66 1175480.0 21297400.0
1115 Nov 07, 2017 0.69 0.69 0.6 0.61 282507.0 28124600.0
1116 Nov 08, 2017 0.61 0.73 0.6 0.69 381338.0 24987500.0
1117 >Nov 09, 201 0.69 0.82 0.67 0.72 483079.0 28440200.0
1118 Nov 10, 2017 0.72 0.78 0.65 0.69 198205.0 29330200.0
1119 Nov 11, 2017 0.68 0.7 0.62 0.63 91747.6 27984700.0
1120 Nov 12, 2017 0.63 0.65 0.53 0.58 147909.0 25661100.0
1121 Nov 13, 2017 0.57 0.64 0.57 0.62 140358.0 23431900.0
1122 Nov 14, 2017 0.63 0.73 0.62 0.7 275013.0 25725200.0
1123 Nov 15, 2017 0.72 0.73 0.68 0.7 161088.0 29356000.0
1124 Nov 16, 2017 0.7 0.75 0.68 0.74 136102.0 28655500.0
1125 Nov 17, 2017 0.73 0.75 0.71 0.73 451556.0 30016700.0
1126 Nov 18, 2017 0.72 0.73 0.69 0.72 144480.0 29637100.0
1127 Nov 19, 2017 0.72 0.75 0.71 0.75 97990.3 29655600.0
1128 Nov 20, 2017 0.75 0.78 0.73 0.77 476163.0 30556000.0
1129 Nov 21, 2017 0.77 0.79 0.73 0.76 184756.0 31437100.0
1130 Nov 22, 2017 0.76 0.83 0.76 0.81 136232.0 31288100.0
1131 Nov 23, 2017 0.81 0.82 0.77 0.77 122340.0 33321300.0
1132 Nov 24, 2017 0.77 0.79 0.75 0.79 158463.0 31463600.0
1133 Nov 25, 2017 0.78 0.85 0.77 0.84 140728.0 31912800.0
1134 Nov 26, 2017 0.84 0.92 0.83 0.88 189835.0 34348700.0
1135 Nov 27, 2017 0.89 1.02 0.88 1.02 346034.0 36439700.0
1136 Nov 28, 2017 1.04 1.05 0.93 0.98 246578.0 42581900.0
1137 Nov 29, 2017 0.98 1.07 0.86 0.9 254093.0 40248600.0
1138 Nov 30, 2017 0.92 1.01 0.84 0.94 200950.0 37621900.0
1139 Dec 01, 2017 0.93 1.04 0.89 1.03 166048.0 38238600.0
1140 Dec 02, 2017 1.03 1.05 0.99 1.02 182503.0 42235400.0
1141 Dec 03, 2017 1.01 1.1 1.01 1.05 168950.0 41592100.0
1142 Dec 04, 2017 1.06 1.1 1.03 1.1 166180.0 43340200.0
1143 Dec 05, 2017 1.11 1.15 1.09 1.13 224765.0 45382900.0
1144 Dec 06, 2017 1.11 1.22 1.04 1.1 483754.0 45547000.0
1145 Dec 07, 2017 1.1 1.21 1.02 1.14 297771.0 45037300.0
1146 Dec 08, 2017 1.13 1.21 0.89 1.13 349585.0 46391500.0
1147 Dec 09, 2017 1.13 1.23 1.01 1.09 158578.0 46253400.0
1148 Dec 10, 2017 1.09 1.09 0.94 1.0 178915.0 44708000.0
1149 Dec 11, 2017 0.97 1.09 0.97 1.06 184365.0 39875100.0
1150 Dec 12, 2017 1.06 1.26 1.03 1.22 353685.0 43728100.0
1151 Dec 13, 2017 1.22 1.26 1.13 1.15 244815.0 50004300.0
1152 Dec 14, 2017 1.14 1.43 1.14 1.33 461232.0 46973300.0
1153 Dec 15, 2017 1.34 1.41 1.2 1.39 251378.0 54976400.0
1154 Dec 16, 2017 1.4 1.57 1.3 1.43 378242.0 57331100.0
1155 Dec 17, 2017 1.42 1.43 1.32 1.37 257677.0 58289000.0
1156 Dec 18, 2017 1.38 1.53 1.3 1.51 342212.0 56800500.0
1157 Dec 19, 2017 1.51 1.68 1.4 1.63 728486.0 62014700.0
1158 Dec 20, 2017 1.63 1.67 1.43 1.59 383527.0 66798500.0
1159 Dec 21, 2017 1.59 2.45 1.51 2.31 1800670.0 65336000.0
1160 Dec 22, 2017 2.35 2.89 1.38 1.69 2634950.0 96673600.0
1161 Dec 23, 2017 1.72 3.12 1.72 2.81 2347940.0 70586400.0
1162 Dec 24, 2017 2.82 3.14 2.41 2.8 2610020.0 115905000.0
1163 Dec 25, 2017 2.84 2.89 2.37 2.65 2994650.0 116658000.0
1164 Dec 26, 2017 2.65 4.09 2.64 3.0 6067900.0 108769000.0
1165 Dec 27, 2017 2.94 3.34 2.69 2.81 2660190.0 121037000.0
1166 Dec 28, 2017 2.8 2.9 2.46 2.63 1905480.0 115237000.0
1167 Dec 29, 2017 2.64 3.08 2.6 2.85 2467670.0 108622000.0
1168 Dec 30, 2017 2.85 3.68 2.55 2.96 2864940.0 116973000.0
1169 Dec 31, 2017 2.94 3.27 2.87 2.87 2284670.0 120947000.0
1170 Jan 01, 2018 2.86 3.35 2.75 3.18 2711850.0 117462000.0
1171 Jan 02, 2018 3.19 3.52 3.07 3.44 2028680.0 131076000.0
1172 Jan 03, 2018 3.43 3.5 2.87 3.18 2409520.0 141055000.0
1173 Jan 04, 2018 3.19 3.49 3.12 3.48 3150840.0 131345000.0
1174 Jan 05, 2018 3.48 3.55 3.08 3.38 3702900.0 143177000.0
1175 Jan 06, 2018 3.41 5.08 3.37 4.53 3299830.0 140282000.0
1176 >Jan 07, 201 4.63 4.8 4.01 4.11 3083770.0 190695000.0
1177 Jan 08, 2018 4.09 5.17 3.65 5.17 4266410.0 168510000.0
1178 Jan 09, 2018 5.13 5.59 4.68 5.34 3665320.0 211187000.0
1179 Jan 10, 2018 5.34 5.94 4.79 5.94 3664750.0 220031000.0
1180 Jan 11, 2018 5.99 8.04 5.07 6.94 6406370.0 246669000.0
1181 Jan 12, 2018 6.95 7.36 6.33 7.29 4983060.0 286368000.0
1182 Jan 13, 2018 7.27 10.5 7.23 9.45 7262580.0 299658000.0
1183 Jan 14, 2018 9.42 10.53 8.66 8.83 5115330.0 387926000.0
1184 Jan 15, 2018 8.67 8.74 7.05 7.5 4503370.0 357103000.0
1185 Jan 16, 2018 7.37 7.39 5.29 5.97 2853170.0 303624000.0
1186 Jan 17, 2018 5.98 6.43 4.75 5.86 2511510.0 246393000.0
1187 Jan 18, 2018 5.78 7.19 5.66 7.04 4226270.0 238266000.0
1188 Jan 19, 2018 7.0 8.24 6.94 8.24 3617700.0 288502000.0
1189 Jan 20, 2018 8.35 9.26 8.22 8.56 3270370.0 343945000.0
1190 Jan 21, 2018 8.59 8.62 7.2 7.63 3016270.0 353855000.0
1191 Jan 22, 2018 7.68 7.92 6.38 6.91 2079870.0 316463000.0
1192 Jan 23, 2018 6.89 7.03 5.58 6.08 3051320.0 284241000.0
1193 Jan 24, 2018 6.12 6.32 5.78 5.97 2607290.0 252274000.0
1194 Jan 25, 2018 5.99 6.11 5.17 5.31 2415770.0 246762000.0
1195 Jan 26, 2018 5.28 5.91 4.94 5.42 1957820.0 217759000.0
1196 Jan 27, 2018 5.29 5.96 5.21 5.8 1858440.0 217973000.0
1197 Jan 28, 2018 5.79 6.06 5.61 5.8 1607410.0 238710000.0
1198 Jan 29, 2018 5.8 5.88 5.37 5.47 1694100.0 239412000.0
1199 Jan 30, 2018 5.47 5.5 4.94 5.26 1960320.0 225750000.0
1200 Jan 31, 2018 5.28 5.48 4.73 5.43 1898300.0 217597000.0
1201 Feb 01, 2018 5.43 5.52 4.16 4.41 1653610.0 224057000.0
1202 Feb 02, 2018 4.4 4.43 3.15 4.19 1609920.0 181693000.0
1203 Feb 03, 2018 4.13 4.57 3.85 4.21 1265710.0 170246000.0
1204 Feb 04, 2018 4.19 4.19 3.43 3.46 885495.0 172772000.0
1205 Feb 05, 2018 3.42 3.5 2.4 2.58 1104250.0 141284000.0
1206 Feb 06, 2018 2.55 3.17 2.07 3.11 974245.0 105162000.0
1207 Feb 07, 2018 3.08 3.75 2.86 3.44 962499.0 127068000.0
1208 Feb 08, 2018 3.46 4.42 3.46 3.85 1220010.0 142757000.0
1209 Feb 09, 2018 3.84 3.97 3.65 3.93 914505.0 158415000.0
1210 Feb 10, 2018 3.93 4.28 3.68 3.83 1065960.0 162281000.0
1211 Feb 11, 2018 3.83 3.95 3.39 3.81 877228.0 157934000.0
1212 Feb 12, 2018 3.81 4.52 3.79 4.3 1319100.0 157305000.0
1213 Feb 13, 2018 4.32 4.48 4.13 4.2 1342290.0 178510000.0
1214 Feb 14, 2018 4.18 4.46 4.15 4.41 1209840.0 172647000.0
1215 Feb 15, 2018 4.42 4.64 4.04 4.15 1264450.0 182937000.0
1216 Feb 16, 2018 4.13 4.31 4.0 4.21 1254030.0 170661000.0
1217 Feb 17, 2018 4.19 4.6 4.08 4.45 1215450.0 173399000.0
1218 Feb 18, 2018 4.49 4.74 4.05 4.37 1026980.0 185457000.0
1219 Feb 19, 2018 4.31 5.31 4.31 5.28 1205990.0 178066000.0
1220 Feb 20, 2018 5.29 5.56 4.65 4.73 1129310.0 218613000.0
1221 Feb 21, 2018 4.72 4.81 4.2 4.55 1092390.0 195155000.0
1222 Feb 22, 2018 4.54 4.64 3.97 3.97 903900.0 187762000.0
1223 Feb 23, 2018 3.96 4.2 3.86 4.03 921499.0 163869000.0
1224 Feb 24, 2018 3.97 4.19 3.5 3.65 892795.0 164383000.0
1225 Feb 25, 2018 3.56 3.74 3.37 3.52 917579.0 147338000.0
1226 Feb 26, 2018 3.56 3.78 3.37 3.77 1004940.0 147086000.0
1227 Feb 27, 2018 3.83 4.02 3.64 3.83 967689.0 158583000.0
1228 Feb 28, 2018 3.81 3.97 3.43 3.5 987356.0 157499000.0
1229 Mar 01, 2018 3.48 3.81 3.42 3.56 671292.0 143996000.0
1230 Mar 02, 2018 3.56 3.75 3.4 3.44 766072.0 147500000.0
1231 Mar 03, 2018 3.5 3.79 3.42 3.76 759386.0 145042000.0
1232 Mar 04, 2018 3.73 4.11 3.59 4.09 965459.0 154570000.0
1233 Mar 05, 2018 4.08 4.61 4.01 4.45 1096290.0 169196000.0
1234 Mar 06, 2018 4.48 4.5 3.88 3.89 776514.0 185681000.0
1235 Mar 07, 2018 3.86 4.03 3.61 3.69 763436.0 160162000.0
1236 Mar 08, 2018 3.69 3.78 3.37 3.45 653730.0 152783000.0
1237 Mar 09, 2018 3.4 3.5 3.16 3.41 646285.0 140831000.0
1238 Mar 10, 2018 3.48 4.03 3.29 3.87 944892.0 144197000.0
1239 Mar 11, 2018 3.87 4.15 3.64 3.97 922764.0 160688000.0
1240 Mar 12, 2018 3.99 4.09 3.58 3.7 776288.0 165430000.0
1241 Mar 13, 2018 3.73 3.83 3.56 3.58 584217.0 154606000.0
1242 Mar 14, 2018 3.64 3.74 3.07 3.15 716509.0 151013000.0
1243 Mar 15, 2018 3.1 3.46 2.94 3.35 982496.0 128757000.0
1244 Mar 16, 2018 3.38 3.69 3.27 3.53 899148.0 140167000.0
1245 Mar 17, 2018 3.59 3.81 3.43 3.59 818272.0 148869000.0
1246 Mar 18, 2018 3.56 3.6 3.04 3.45 879264.0 147847000.0
1247 Mar 19, 2018 3.44 3.63 3.36 3.51 890162.0 142779000.0
1248 Mar 20, 2018 3.6 3.82 3.48 3.57 868242.0 149475000.0
1249 Mar 21, 2018 3.6 3.73 3.47 3.47 626321.0 149608000.0
1250 Mar 22, 2018 3.55 3.67 3.32 3.45 829325.0 147402000.0
1251 Mar 23, 2018 3.38 3.47 3.2 3.35 816871.0 140378000.0
1252 Mar 24, 2018 3.47 3.48 3.28 3.28 809252.0 144055000.0
1253 Mar 25, 2018 3.27 3.4 3.19 3.2 786609.0 135761000.0
1254 Mar 26, 2018 3.17 3.22 2.98 3.13 836382.0 131790000.0
1255 Mar 27, 2018 3.12 3.16 2.87 2.9 766967.0 129529000.0
