0 Nov 18, 2016 0.01 0.02 0.01 0.01 7130.11 0.0
1 Nov 19, 2016 0.01 0.02 0.01 0.01 6057.75 0.0
2 Nov 20, 2016 0.01 0.01 0.01 0.01 5519.69 0.0
3 Nov 21, 2016 0.01 0.01 0.01 0.01 3501.59 0.0
4 Nov 22, 2016 0.01 0.01 0.01 0.01 5432.26 0.0
5 Nov 23, 2016 0.01 0.01 0.01 0.01 3194.82 0.0
6 Nov 24, 2016 0.01 0.01 0.01 0.01 2005.13 0.0
7 Nov 25, 2016 0.01 0.01 0.01 0.01 2646.91 0.0
8 Nov 26, 2016 0.01 0.01 0.01 0.01 4502.7 0.0
9 Nov 27, 2016 0.01 0.01 0.01 0.01 4343.93 0.0
10 Nov 28, 2016 0.01 0.01 0.01 0.01 5409.06 0.0
11 Nov 29, 2016 0.01 0.01 0.01 0.01 8551.02 0.0
12 Nov 30, 2016 0.01 0.01 0.01 0.01 17847.1 9032630.0
13 Dec 01, 2016 0.01 0.01 0.01 0.01 8438.4 9083710.0
14 Dec 02, 2016 0.01 0.01 0.01 0.01 11623.2 8779020.0
15 Dec 03, 2016 0.01 0.01 0.01 0.01 8153.48 8641320.0
16 Dec 04, 2016 0.01 0.01 0.01 0.01 6975.94 8609520.0
17 Dec 05, 2016 0.01 0.01 0.01 0.01 10142.5 8669380.0
18 Dec 06, 2016 0.01 0.01 0.01 0.01 9545.9 7768070.0
19 Dec 07, 2016 0.01 0.01 0.01 0.01 11337.0 8129270.0
20 Dec 08, 2016 0.01 0.01 0.01 0.01 18659.0 6919460.0
21 Dec 09, 2016 0.01 0.01 0.01 0.01 16687.0 7071190.0
22 Dec 10, 2016 0.01 0.01 0.01 0.01 7326.83 6825960.0
23 Dec 11, 2016 0.01 0.01 0.01 0.01 10554.3 7504450.0
24 Dec 12, 2016 0.01 0.01 0.01 0.01 12717.0 7207320.0
25 Dec 13, 2016 0.01 0.01 0.01 0.01 27719.3 7880910.0
26 Dec 14, 2016 0.01 0.01 0.01 0.01 16962.5 7746950.0
27 Dec 15, 2016 0.01 0.01 0.01 0.01 9186.51 8820900.0
28 Dec 16, 2016 0.01 0.01 0.01 0.01 10131.4 7960250.0
29 Dec 17, 2016 0.01 0.01 0.01 0.01 4715.25 7886020.0
30 Dec 18, 2016 0.01 0.01 0.01 0.01 8249.33 7963450.0
31 Dec 19, 2016 0.01 0.01 0.01 0.01 5512.65 8256620.0
32 Dec 20, 2016 0.01 0.01 0.01 0.01 15230.5 7290810.0
33 Dec 21, 2016 0.01 0.01 0.01 0.01 11775.5 8065190.0
34 Dec 22, 2016 0.01 0.02 0.01 0.01 10742.0 8203160.0
35 Dec 23, 2016 0.01 0.01 0.01 0.01 7827.36 8186950.0
36 Dec 24, 2016 0.01 0.01 0.01 0.01 4192.16 8152630.0
37 Dec 25, 2016 0.01 0.01 0.01 0.01 9294.52 7173540.0
38 Dec 26, 2016 0.01 0.01 0.01 0.01 7225.78 7805250.0
39 Dec 27, 2016 0.01 0.01 0.01 0.01 9281.06 7656310.0
40 Dec 28, 2016 0.01 0.01 0.01 0.01 9807.94 7897730.0
41 Dec 29, 2016 0.01 0.01 0.01 0.01 7877.12 7258130.0
42 Dec 30, 2016 0.01 0.01 0.01 0.01 16832.8 7281140.0
43 Dec 31, 2016 0.01 0.01 0.01 0.01 11473.1 6997030.0
44 Jan 01, 2017 0.01 0.01 0.01 0.01 22571.1 6628520.0
45 Jan 02, 2017 0.01 0.01 0.01 0.01 5704.66 6721990.0
46 Jan 03, 2017 0.01 0.01 0.01 0.01 19083.5 6716870.0
47 Jan 04, 2017 0.01 0.01 0.01 0.01 13232.7 7339230.0
48 Jan 05, 2017 0.01 0.01 0.01 0.01 10132.5 8580440.0
49 Jan 06, 2017 0.01 0.01 0.01 0.01 16557.5 7373960.0
50 Jan 07, 2017 0.01 0.01 0.01 0.01 26105.9 7754380.0
51 Jan 08, 2017 0.01 0.01 0.01 0.01 22878.1 8112520.0
52 Jan 09, 2017 0.01 0.01 0.01 0.01 17309.2 8034140.0
53 Jan 10, 2017 0.01 0.02 0.01 0.01 27855.3 8511120.0
54 Jan 11, 2017 0.01 0.01 0.01 0.01 26417.2 9867820.0
55 Jan 12, 2017 0.01 0.02 0.01 0.02 36115.6 9397310.0
56 Jan 13, 2017 0.02 0.02 0.01 0.02 62032.4 11130500.0
57 Jan 14, 2017 0.02 0.02 0.01 0.02 20679.3 11995600.0
58 Jan 15, 2017 0.02 0.02 0.01 0.02 16802.4 11229600.0
59 Jan 16, 2017 0.02 0.02 0.01 0.01 9630.41 11101600.0
60 Jan 17, 2017 0.01 0.02 0.01 0.02 28309.9 10102200.0
61 Jan 18, 2017 0.02 0.02 0.02 0.02 14268.6 11898500.0
62 Jan 19, 2017 0.02 0.02 0.02 0.02 27937.3 12164400.0
63 Jan 20, 2017 0.02 0.02 0.02 0.02 31083.5 14581600.0
64 Jan 21, 2017 0.02 0.03 0.02 0.02 117673.0 16005400.0
65 Jan 22, 2017 0.02 0.03 0.02 0.02 31493.0 19286600.0
66 Jan 23, 2017 0.02 0.03 0.02 0.03 104101.0 18942200.0
67 Jan 24, 2017 0.03 0.03 0.03 0.03 74390.0 21951400.0
68 Jan 25, 2017 0.03 0.03 0.03 0.03 170178.0 22691400.0
69 Jan 26, 2017 0.03 0.03 0.03 0.03 69198.6 23844000.0
70 Jan 27, 2017 0.03 0.03 0.03 0.03 68686.2 24014000.0
71 Jan 28, 2017 0.03 0.03 0.03 0.03 72624.6 23474500.0
72 Jan 29, 2017 0.03 0.03 0.03 0.03 64260.7 24021900.0
73 Jan 30, 2017 0.03 0.03 0.03 0.03 72558.2 24226200.0
74 Jan 31, 2017 0.03 0.03 0.02 0.03 67937.3 23993300.0
75 Feb 01, 2017 0.03 0.03 0.02 0.03 32047.8 23296200.0
76 Feb 02, 2017 0.03 0.03 0.02 0.02 22393.6 21897200.0
77 Feb 03, 2017 0.02 0.03 0.02 0.02 31612.4 18686700.0
78 Feb 04, 2017 0.02 0.03 0.02 0.03 22343.9 19815700.0
79 Feb 05, 2017 0.03 0.03 0.03 0.03 52924.1 22495400.0
80 Feb 06, 2017 0.03 0.03 0.03 0.03 46414.3 24431200.0
81 Feb 07, 2017 0.03 0.03 0.03 0.03 57227.7 24887200.0
82 Feb 08, 2017 0.03 0.03 0.03 0.03 43743.2 25245800.0
83 Feb 09, 2017 0.03 0.03 0.03 0.03 30704.6 24718100.0
84 Feb 10, 2017 0.03 0.03 0.02 0.03 25083.9 23002600.0
85 Feb 11, 2017 0.03 0.03 0.03 0.03 23038.0 21074200.0
86 Feb 12, 2017 0.03 0.03 0.02 0.03 41317.4 20783200.0
87 Feb 13, 2017 0.03 0.03 0.02 0.02 28904.5 20946400.0
88 Feb 14, 2017 0.02 0.03 0.02 0.02 65474.4 20250000.0
89 Feb 15, 2017 0.02 0.02 0.02 0.02 31418.0 19135600.0
90 Feb 16, 2017 0.02 0.02 0.02 0.02 67948.4 19159300.0
91 Feb 17, 2017 0.02 0.02 0.02 0.02 37658.3 17677900.0
92 Feb 18, 2017 0.02 0.05 0.02 0.04 563831.0 18790900.0
93 Feb 19, 2017 0.04 0.04 0.03 0.03 2588350.0 31140600.0
94 Feb 20, 2017 0.03 0.03 0.02 0.02 975103.0 23666800.0
95 >Feb 21, 201 0.02 0.02 0.02 0.02 861842.0 19744300.0
96 Feb 22, 2017 0.02 0.03 0.02 0.03 948778.0 17834300.0
97 Feb 23, 2017 0.03 0.03 0.02 0.02 731426.0 22558800.0
98 Feb 24, 2017 0.02 0.03 0.02 0.02 347215.0 19613700.0
99 Feb 25, 2017 0.02 0.02 0.02 0.02 271536.0 19558500.0
100 Feb 26, 2017 0.02 0.02 0.02 0.02 230182.0 19868800.0
101 Feb 27, 2017 0.02 0.02 0.02 0.02 288352.0 19521600.0
102 Feb 28, 2017 0.02 0.02 0.02 0.02 209906.0 17678300.0
103 Mar 01, 2017 0.02 0.02 0.02 0.02 222810.0 18707200.0
104 Mar 02, 2017 0.02 0.03 0.02 0.02 311264.0 18977800.0
105 Mar 03, 2017 0.02 0.03 0.02 0.02 168591.0 19267900.0
106 Mar 04, 2017 0.02 0.03 0.02 0.02 160264.0 19944900.0
107 Mar 05, 2017 0.02 0.02 0.02 0.02 233299.0 19536900.0
108 Mar 06, 2017 0.02 0.02 0.02 0.02 171715.0 19167700.0
109 Mar 07, 2017 0.02 0.02 0.02 0.02 251024.0 18805100.0
110 Mar 08, 2017 0.02 0.02 0.02 0.02 210365.0 17772800.0
111 Mar 09, 2017 0.02 0.02 0.02 0.02 283485.0 16188800.0
112 Mar 10, 2017 0.02 0.02 0.02 0.02 427266.0 16171900.0
113 Mar 11, 2017 0.02 0.03 0.02 0.02 526868.0 16317700.0
114 Mar 12, 2017 0.02 0.03 0.02 0.02 685119.0 19117600.0
115 Mar 13, 2017 0.02 0.03 0.02 0.03 1051100.0 19172100.0
116 Mar 14, 2017 0.03 0.03 0.02 0.02 776718.0 20944000.0
117 Mar 15, 2017 0.02 0.03 0.02 0.03 782701.0 19941500.0
118 Mar 16, 2017 0.03 0.04 0.02 0.03 1592410.0 21338700.0
119 Mar 17, 2017 0.03 0.05 0.03 0.04 3416420.0 25941100.0
120 Mar 18, 2017 0.04 0.04 0.03 0.03 1011570.0 32713300.0
121 Mar 19, 2017 0.03 0.04 0.03 0.04 473315.0 24219600.0
122 Mar 20, 2017 0.04 0.06 0.04 0.06 4039540.0 30050000.0
123 Mar 21, 2017 0.05 0.06 0.04 0.05 3203300.0 44977500.0
124 Mar 22, 2017 0.05 0.05 0.04 0.05 1275600.0 42364600.0
125 Mar 23, 2017 0.05 0.05 0.05 0.05 966538.0 39574800.0
126 Mar 24, 2017 0.05 0.05 0.04 0.04 1695980.0 39824500.0
127 Mar 25, 2017 0.04 0.04 0.04 0.04 855677.0 36103500.0
128 Mar 26, 2017 0.04 0.06 0.04 0.05 2355110.0 34472000.0
129 Mar 27, 2017 0.05 0.06 0.05 0.05 1732460.0 41261300.0
130 Mar 28, 2017 0.05 0.06 0.05 0.06 1304860.0 41142500.0
131 Mar 29, 2017 0.06 0.07 0.05 0.06 2723590.0 46680100.0
132 Mar 30, 2017 0.06 0.09 0.06 0.08 9559280.0 52591800.0
133 Mar 31, 2017 0.08 0.1 0.08 0.09 6553310.0 69334900.0
134 Apr 01, 2017 0.09 0.09 0.08 0.09 1636680.0 69957700.0
135 Apr 02, 2017 0.09 0.09 0.07 0.08 2668190.0 74291700.0
136 Apr 03, 2017 0.08 0.08 0.07 0.08 1708640.0 64839700.0
137 Apr 04, 2017 0.08 0.08 0.07 0.08 1286810.0 64447100.0
138 Apr 05, 2017 0.08 0.08 0.07 0.08 1035050.0 63212600.0
139 Apr 06, 2017 0.08 0.09 0.07 0.08 2497940.0 63741600.0
140 Apr 07, 2017 0.08 0.08 0.07 0.07 836773.0 65889100.0
141 Apr 08, 2017 0.07 0.08 0.07 0.08 709893.0 61110000.0
142 Apr 09, 2017 0.08 0.08 0.07 0.07 900412.0 62747100.0
143 Apr 10, 2017 0.07 0.07 0.07 0.07 982616.0 59242000.0
144 Apr 11, 2017 0.07 0.07 0.07 0.07 662268.0 59169600.0
145 Apr 12, 2017 0.07 0.07 0.07 0.07 850012.0 57402000.0
146 Apr 13, 2017 0.07 0.08 0.07 0.08 1041600.0 61169800.0
147 Apr 14, 2017 0.08 0.08 0.07 0.07 651507.0 63352100.0
148 Apr 15, 2017 0.07 0.08 0.07 0.08 592929.0 60976200.0
149 Apr 16, 2017 0.08 0.08 0.08 0.08 1110740.0 63485900.0
150 Apr 17, 2017 0.08 0.09 0.08 0.09 2070030.0 66461000.0
151 Apr 18, 2017 0.09 0.11 0.09 0.11 5094500.0 74349200.0
152 Apr 19, 2017 0.11 0.11 0.1 0.1 4313360.0 88227900.0
153 Apr 20, 2017 0.1 0.1 0.09 0.1 3051520.0 84332900.0
154 Apr 21, 2017 0.1 0.1 0.1 0.1 1244990.0 82132800.0
155 Apr 22, 2017 0.1 0.1 0.1 0.1 1151730.0 81134800.0
156 Apr 23, 2017 0.1 0.1 0.1 0.1 826309.0 80533200.0
157 Apr 24, 2017 0.1 0.1 0.09 0.1 1379610.0 79494300.0
158 Apr 25, 2017 0.1 0.1 0.1 0.1 1272550.0 83285800.0
159 Apr 26, 2017 0.1 0.1 0.1 0.1 1146160.0 82970100.0
160 Apr 27, 2017 0.1 0.13 0.1 0.13 5861470.0 85732600.0
161 Apr 28, 2017 0.13 0.15 0.13 0.14 7029460.0 107701000.0
162 Apr 29, 2017 0.15 0.18 0.15 0.17 9009180.0 120077000.0
163 Apr 30, 2017 0.17 0.25 0.17 0.22 19947000.0 139876000.0
164 May 01, 2017 0.22 0.24 0.17 0.22 13878900.0 182306000.0
165 May 02, 2017 0.22 0.23 0.19 0.23 11068300.0 179295000.0
166 May 03, 2017 0.22 0.23 0.21 0.22 7354080.0 183256000.0
167 May 04, 2017 0.22 0.26 0.22 0.25 9869600.0 183211000.0
168 May 05, 2017 0.25 0.28 0.24 0.24 9641450.0 208082000.0
169 May 06, 2017 0.24 0.26 0.24 0.25 4702160.0 201075000.0
170 May 07, 2017 0.25 0.26 0.23 0.24 7621820.0 208376000.0
171 May 08, 2017 0.24 0.28 0.22 0.25 11913400.0 197346000.0
172 May 09, 2017 0.25 0.25 0.19 0.21 6256640.0 201932000.0
173 May 10, 2017 0.21 0.24 0.21 0.22 4935150.0 175038000.0
174 May 11, 2017 0.22 0.25 0.21 0.23 4765290.0 178602000.0
175 May 12, 2017 0.23 0.24 0.22 0.23 3189370.0 192438000.0
176 May 13, 2017 0.23 0.23 0.21 0.22 3398790.0 184675000.0
177 May 14, 2017 0.22 0.22 0.2 0.21 2818500.0 178431000.0
178 May 15, 2017 0.21 0.23 0.2 0.21 3779580.0 172246000.0
179 May 16, 2017 0.21 0.21 0.2 0.2 4145170.0 171903000.0
180 May 17, 2017 0.2 0.2 0.18 0.2 5500230.0 161943000.0
181 May 18, 2017 0.2 0.26 0.2 0.24 11085500.0 162128000.0
182 May 19, 2017 0.24 0.27 0.24 0.26 7694140.0 200772000.0
183 May 20, 2017 0.26 0.27 0.24 0.26 5443250.0 214034000.0
184 May 21, 2017 0.25 0.38 0.25 0.32 23350600.0 209534000.0
185 May 22, 2017 0.32 0.35 0.29 0.32 10772400.0 261581000.0
186 May 23, 2017 0.32 0.42 0.32 0.42 20576100.0 261947000.0
187 May 24, 2017 0.41 0.53 0.41 0.47 28967200.0 335568000.0
188 May 25, 2017 0.46 0.5 0.39 0.4 12001100.0 378926000.0
189 May 26, 2017 0.39 0.46 0.34 0.36 8600610.0 324566000.0
190 May 27, 2017 0.37 0.39 0.24 0.34 9270360.0 302360000.0
191 May 28, 2017 0.34 0.55 0.34 0.48 47587900.0 283508000.0
192 May 29, 2017 0.48 0.5 0.45 0.47 19426400.0 397598000.0
193 May 30, 2017 0.47 0.49 0.42 0.42 17838100.0 384463000.0
194 May 31, 2017 0.42 0.45 0.39 0.44 11263500.0 345603000.0
195 Jun 01, 2017 0.44 0.51 0.43 0.46 12048300.0 364499000.0
196 Jun 02, 2017 0.46 0.48 0.45 0.48 9466900.0 382262000.0
197 Jun 03, 2017 0.48 0.52 0.45 0.46 15913900.0 398408000.0
198 Jun 04, 2017 0.46 0.49 0.46 0.48 8017040.0 378617000.0
199 Jun 05, 2017 0.48 0.54 0.47 0.52 12889500.0 395871000.0
200 Jun 06, 2017 0.52 0.53 0.48 0.53 9191710.0 431214000.0
201 Jun 07, 2017 0.53 0.57 0.51 0.52 12558300.0 436566000.0
202 Jun 08, 2017 0.53 0.55 0.51 0.53 8760040.0 436609000.0
203 Jun 09, 2017 0.54 0.55 0.53 0.53 8258340.0 444840000.0
204 Jun 10, 2017 0.54 0.61 0.54 0.58 22298400.0 445308000.0
205 Jun 11, 2017 0.59 0.59 0.56 0.57 11202500.0 490217000.0
206 Jun 12, 2017 0.57 0.58 0.46 0.51 10409600.0 476079000.0
207 Jun 13, 2017 0.5 0.63 0.5 0.58 20196600.0 416468000.0
208 Jun 14, 2017 0.58 0.6 0.48 0.51 10921000.0 478919000.0
209 Jun 15, 2017 0.51 0.51 0.43 0.51 8001350.0 421913000.0
210 Jun 16, 2017 0.51 0.57 0.48 0.54 8574290.0 424844000.0
211 Jun 17, 2017 0.55 0.62 0.54 0.62 10760500.0 452121000.0
212 Jun 18, 2017 0.62 0.64 0.56 0.58 11788800.0 515504000.0
213 Jun 19, 2017 0.58 0.74 0.58 0.72 38089200.0 482781000.0
214 Jun 20, 2017 0.72 0.72 0.63 0.65 16152900.0 599892000.0
215 Jun 21, 2017 0.65 0.66 0.58 0.6 9992720.0 537866000.0
216 Jun 22, 2017 0.6 0.62 0.57 0.59 7841440.0 502133000.0
217 Jun 23, 2017 0.59 0.66 0.58 0.66 9106430.0 491129000.0
218 Jun 24, 2017 0.66 0.68 0.62 0.63 8565970.0 544164000.0
219 Jun 25, 2017 0.63 0.63 0.52 0.56 7739500.0 520927000.0
220 Jun 26, 2017 0.56 0.57 0.41 0.47 8133930.0 466941000.0
221 Jun 27, 2017 0.51 0.55 0.41 0.55 8712950.0 421082000.0
222 Jun 28, 2017 0.55 0.57 0.5 0.57 9232740.0 458064000.0
223 Jun 29, 2017 0.57 0.6 0.5 0.51 9629050.0 476589000.0
224 Jun 30, 2017 0.51 0.53 0.47 0.48 5585550.0 427462000.0
225 Jul 01, 2017 0.48 0.49 0.43 0.44 3266130.0 399266000.0
226 Jul 02, 2017 0.45 0.48 0.41 0.47 4632250.0 374299000.0
227 Jul 03, 2017 0.47 0.48 0.44 0.47 5233610.0 392450000.0
228 Jul 04, 2017 0.46 0.49 0.46 0.48 5001860.0 386641000.0
229 Jul 05, 2017 0.48 0.48 0.45 0.46 3708790.0 402329000.0
230 Jul 06, 2017 0.46 0.46 0.42 0.43 5288530.0 383899000.0
231 Jul 07, 2017 0.43 0.45 0.33 0.34 7703820.0 360737000.0
232 Jul 08, 2017 0.34 0.4 0.32 0.38 7810050.0 285019000.0
233 Jul 09, 2017 0.38 0.39 0.34 0.34 3328300.0 320187000.0
234 Jul 10, 2017 0.34 0.34 0.23 0.25 6984180.0 284555000.0
235 Jul 11, 2017 0.25 0.3 0.21 0.28 8542360.0 209052000.0
236 Jul 12, 2017 0.28 0.32 0.24 0.32 5306350.0 231649000.0
237 Jul 13, 2017 0.32 0.33 0.27 0.29 3991680.0 266583000.0
238 Jul 14, 2017 0.29 0.29 0.25 0.26 1978680.0 239990000.0
239 Jul 15, 2017 0.26 0.26 0.21 0.21 3342610.0 215571000.0
240 Jul 16, 2017 0.21 0.22 0.17 0.2 6952840.0 177167000.0
241 Jul 17, 2017 0.19 0.25 0.19 0.25 3500400.0 162432000.0
242 Jul 18, 2017 0.25 0.29 0.23 0.27 4690820.0 210202000.0
243 Jul 19, 2017 0.27 0.3 0.23 0.24 4770840.0 222982000.0
244 Jul 20, 2017 0.24 0.29 0.24 0.28 4104580.0 199743000.0
245 Jul 21, 2017 0.28 0.3 0.27 0.28 3511610.0 233258000.0
246 Jul 22, 2017 0.28 0.33 0.28 0.33 6527350.0 231078000.0
247 Jul 23, 2017 0.33 0.33 0.28 0.3 5080280.0 272386000.0
248 Jul 24, 2017 0.3 0.3 0.29 0.29 2908100.0 251822000.0
249 Jul 25, 2017 0.3 0.3 0.24 0.25 4068640.0 246836000.0
250 Jul 26, 2017 0.25 0.26 0.23 0.25 1983950.0 209147000.0
251 Jul 27, 2017 0.25 0.25 0.24 0.25 1470560.0 206307000.0
252 Jul 28, 2017 0.25 0.25 0.22 0.23 2822200.0 206959000.0
253 Jul 29, 2017 0.23 0.24 0.21 0.24 1847390.0 187743000.0
254 Jul 30, 2017 0.24 0.25 0.23 0.23 1609880.0 203673000.0
255 Jul 31, 2017 0.23 0.24 0.22 0.23 1911730.0 192187000.0
256 Aug 01, 2017 0.23 0.27 0.23 0.26 3152050.0 193552000.0
257 Aug 02, 2017 0.26 0.27 0.24 0.25 2005300.0 214912000.0
258 Aug 03, 2017 0.25 0.3 0.25 0.29 5385420.0 208386000.0
259 Aug 04, 2017 0.29 0.3 0.28 0.29 4205620.0 239914000.0
260 Aug 05, 2017 0.29 0.32 0.29 0.31 4084260.0 242023000.0
261 Aug 06, 2017 0.31 0.35 0.31 0.32 4776850.0 255924000.0
262 Aug 07, 2017 0.32 0.32 0.3 0.3 5214620.0 266233000.0
263 Aug 08, 2017 0.31 0.32 0.3 0.3 6031560.0 256369000.0
264 Aug 09, 2017 0.3 0.33 0.29 0.3 4926720.0 252751000.0
265 Aug 10, 2017 0.3 0.31 0.27 0.28 5612110.0 252627000.0
266 Aug 11, 2017 0.28 0.32 0.27 0.32 7350960.0 233909000.0
267 Aug 12, 2017 0.33 0.34 0.3 0.31 9258390.0 271797000.0
268 Aug 13, 2017 0.31 0.32 0.28 0.28 5980610.0 257840000.0
269 Aug 14, 2017 0.28 0.29 0.24 0.26 5244320.0 232306000.0
270 Aug 15, 2017 0.27 0.28 0.24 0.27 5158990.0 221663000.0
271 Aug 16, 2017 0.27 0.28 0.26 0.27 3880890.0 221511000.0
272 Aug 17, 2017 0.27 0.27 0.24 0.25 3703780.0 223340000.0
273 Aug 18, 2017 0.25 0.25 0.22 0.23 3424360.0 208235000.0
274 Aug 19, 2017 0.23 0.27 0.22 0.25 3974390.0 195243000.0
275 Aug 20, 2017 0.25 0.28 0.25 0.27 3467560.0 208447000.0
276 Aug 21, 2017 0.27 0.29 0.26 0.28 5357880.0 226005000.0
277 Aug 22, 2017 0.28 0.29 0.26 0.28 4048150.0 233080000.0
278 Aug 23, 2017 0.28 0.28 0.27 0.28 3208530.0 236696000.0
279 Aug 24, 2017 0.28 0.35 0.28 0.32 15293900.0 231828000.0
280 Aug 25, 2017 0.32 0.32 0.29 0.29 6307250.0 263634000.0
281 Aug 26, 2017 0.29 0.31 0.29 0.3 3359100.0 243632000.0
282 Aug 27, 2017 0.3 0.31 0.29 0.31 3181170.0 248186000.0
283 Aug 28, 2017 0.31 0.32 0.3 0.31 3313440.0 260567000.0
284 Aug 29, 2017 0.31 0.32 0.31 0.32 4813630.0 256338000.0
285 Aug 30, 2017 0.32 0.33 0.3 0.33 3936710.0 266485000.0
286 Aug 31, 2017 0.33 0.34 0.32 0.33 2858630.0 273034000.0
287 Sep 01, 2017 0.33 0.38 0.33 0.38 4308970.0 278025000.0
288 Sep 02, 2017 0.38 0.41 0.32 0.33 7419630.0 315158000.0
289 Sep 03, 2017 0.33 0.36 0.31 0.36 4172790.0 276637000.0
290 Sep 04, 2017 0.36 0.38 0.25 0.3 10355600.0 296828000.0
291 Sep 05, 2017 0.3 0.36 0.27 0.34 7272050.0 252154000.0
292 Sep 06, 2017 0.34 0.45 0.34 0.45 13168500.0 288131000.0
293 Sep 07, 2017 0.46 0.52 0.4 0.4 53776200.0 385351000.0
294 Sep 08, 2017 0.4 0.43 0.34 0.36 14053000.0 336214000.0
295 Sep 09, 2017 0.36 0.36 0.34 0.34 2715080.0 300511000.0
296 Sep 10, 2017 0.34 0.34 0.29 0.32 3574020.0 285966000.0
297 Sep 11, 2017 0.32 0.33 0.29 0.3 3074660.0 268618000.0
298 Sep 12, 2017 0.3 0.31 0.28 0.29 3122520.0 249073000.0
299 Sep 13, 2017 0.29 0.29 0.25 0.27 2446150.0 240950000.0
300 Sep 14, 2017 0.27 0.27 0.21 0.21 2234580.0 226330000.0
301 Sep 15, 2017 0.21 0.25 0.18 0.25 2689500.0 173245000.0
302 Sep 16, 2017 0.25 0.26 0.23 0.24 1632560.0 205746000.0
303 Sep 17, 2017 0.24 0.25 0.23 0.25 1393620.0 202996000.0
304 Sep 18, 2017 0.25 0.28 0.25 0.28 1908060.0 205335000.0
305 Sep 19, 2017 0.28 0.29 0.26 0.26 1993450.0 236022000.0
306 Sep 20, 2017 0.26 0.29 0.26 0.27 2378310.0 217183000.0
307 Sep 21, 2017 0.27 0.27 0.24 0.24 1658440.0 225566000.0
308 Sep 22, 2017 0.24 0.26 0.23 0.24 2884610.0 202566000.0
309 Sep 23, 2017 0.24 0.26 0.24 0.26 1062250.0 200602000.0
310 Sep 24, 2017 0.26 0.26 0.24 0.25 1551470.0 214665000.0
311 Sep 25, 2017 0.25 0.26 0.25 0.26 1421770.0 206122000.0
312 Sep 26, 2017 0.26 0.26 0.25 0.26 1418040.0 215339000.0
313 Sep 27, 2017 0.26 0.28 0.26 0.28 1806550.0 215461000.0
314 Sep 28, 2017 0.28 0.28 0.27 0.27 1582750.0 230290000.0
315 Sep 29, 2017 0.27 0.28 0.25 0.26 1354900.0 227167000.0
316 Sep 30, 2017 0.26 0.27 0.26 0.26 1514820.0 219184000.0
317 Oct 01, 2017 0.26 0.27 0.26 0.26 1468440.0 220581000.0
318 Oct 02, 2017 0.26 0.26 0.25 0.26 1763110.0 215327000.0
319 Oct 03, 2017 0.26 0.26 0.24 0.24 1599950.0 212625000.0
320 Oct 04, 2017 0.25 0.25 0.24 0.24 1330850.0 205107000.0
321 Oct 05, 2017 0.25 0.25 0.23 0.23 1681850.0 205190000.0
322 Oct 06, 2017 0.23 0.24 0.23 0.23 1250060.0 192013000.0
323 Oct 07, 2017 0.23 0.23 0.22 0.22 1759000.0 193051000.0
324 Oct 08, 2017 0.22 0.23 0.2 0.2 2302740.0 183838000.0
325 Oct 09, 2017 0.2 0.2 0.18 0.19 2515750.0 163971000.0
326 Oct 10, 2017 0.19 0.23 0.18 0.22 1978800.0 161072000.0
327 Oct 11, 2017 0.22 0.24 0.21 0.23 1981720.0 184738000.0
328 Oct 12, 2017 0.23 0.23 0.2 0.21 2642060.0 193814000.0
329 Oct 13, 2017 0.21 0.22 0.2 0.21 2589360.0 177425000.0
330 Oct 14, 2017 0.21 0.22 0.21 0.21 1353740.0 175487000.0
331 Oct 15, 2017 0.21 0.21 0.19 0.2 1243480.0 174640000.0
332 Oct 16, 2017 0.2 0.22 0.2 0.21 2276960.0 170318000.0
333 Oct 17, 2017 0.21 0.22 0.2 0.22 1992510.0 176389000.0
334 Oct 18, 2017 0.22 0.22 0.2 0.22 1540610.0 183258000.0
335 Oct 19, 2017 0.22 0.25 0.21 0.25 2604210.0 181158000.0
336 Oct 20, 2017 0.25 0.3 0.21 0.22 15559900.0 209606000.0
337 >Oct 21, 201 0.22 0.22 0.2 0.2 3380160.0 184399000.0
338 Oct 22, 2017 0.2 0.21 0.2 0.2 1792630.0 169527000.0
339 Oct 23, 2017 0.2 0.2 0.19 0.19 1812790.0 166726000.0
340 Oct 24, 2017 0.19 0.22 0.19 0.2 2579510.0 160647000.0
341 Oct 25, 2017 0.2 0.2 0.19 0.2 1442030.0 166005000.0
342 Oct 26, 2017 0.2 0.2 0.19 0.19 1590770.0 168258000.0
343 Oct 27, 2017 0.19 0.21 0.19 0.2 2219360.0 161839000.0
344 Oct 28, 2017 0.2 0.21 0.19 0.2 1280440.0 171274000.0
345 Oct 29, 2017 0.2 0.2 0.19 0.19 2119590.0 164473000.0
346 Oct 30, 2017 0.19 0.19 0.19 0.19 1389530.0 157490000.0
347 Oct 31, 2017 0.19 0.2 0.18 0.2 1690360.0 159325000.0
348 Nov 01, 2017 0.2 0.28 0.2 0.23 20629400.0 168563000.0
349 Nov 02, 2017 0.22 0.23 0.18 0.22 8172370.0 185699000.0
350 Nov 03, 2017 0.22 0.22 0.18 0.2 4770450.0 181620000.0
351 Nov 04, 2017 0.2 0.2 0.19 0.2 2035120.0 168809000.0
352 Nov 05, 2017 0.2 0.2 0.19 0.19 2193260.0 163735000.0
353 Nov 06, 2017 0.19 0.19 0.18 0.19 2552870.0 157945000.0
354 Nov 07, 2017 0.19 0.2 0.19 0.19 1500160.0 156131000.0
355 Nov 08, 2017 0.19 0.21 0.19 0.21 3068510.0 161650000.0
356 Nov 09, 2017 0.21 0.22 0.2 0.21 3035950.0 172975000.0
357 Nov 10, 2017 0.22 0.24 0.19 0.2 3912040.0 180553000.0
358 Nov 11, 2017 0.2 0.21 0.19 0.2 2264700.0 163916000.0
359 Nov 12, 2017 0.2 0.2 0.17 0.19 3992570.0 165078000.0
360 Nov 13, 2017 0.19 0.21 0.19 0.2 2011560.0 159392000.0
361 Nov 14, 2017 0.2 0.21 0.2 0.21 2014890.0 170723000.0
362 Nov 15, 2017 0.21 0.22 0.21 0.21 2139390.0 176304000.0
363 Nov 16, 2017 0.21 0.21 0.2 0.21 2468530.0 178765000.0
364 Nov 17, 2017 0.21 0.22 0.2 0.21 2337360.0 174082000.0
365 Nov 18, 2017 0.21 0.21 0.2 0.21 2156250.0 172696000.0
366 Nov 19, 2017 0.21 0.22 0.21 0.22 2398070.0 175000000.0
367 Nov 20, 2017 0.22 0.22 0.21 0.22 2334300.0 182722000.0
368 Nov 21, 2017 0.22 0.23 0.2 0.22 2559920.0 182003000.0
369 Nov 22, 2017 0.22 0.23 0.22 0.23 2386500.0 181986000.0
370 Nov 23, 2017 0.23 0.24 0.23 0.23 3279900.0 192898000.0
371 Nov 24, 2017 0.23 0.25 0.22 0.25 2998280.0 192422000.0
372 Nov 25, 2017 0.25 0.26 0.24 0.25 2814740.0 205596000.0
373 Nov 26, 2017 0.25 0.28 0.25 0.27 3967800.0 211760000.0
374 Nov 27, 2017 0.28 0.34 0.28 0.33 11517100.0 230052000.0
375 Nov 28, 2017 0.33 0.39 0.32 0.34 17878200.0 274541000.0
376 Nov 29, 2017 0.35 0.35 0.26 0.26 8529380.0 290902000.0
377 Nov 30, 2017 0.27 0.34 0.25 0.29 7661240.0 222036000.0
378 Dec 01, 2017 0.29 0.33 0.28 0.32 14058000.0 240618000.0
379 Dec 02, 2017 0.32 0.33 0.3 0.31 5901710.0 264378000.0
380 Dec 03, 2017 0.31 0.34 0.31 0.32 4919450.0 260838000.0
381 Dec 04, 2017 0.32 0.36 0.32 0.36 10713600.0 263689000.0
382 Dec 05, 2017 0.36 0.37 0.35 0.36 5777420.0 302281000.0
383 Dec 06, 2017 0.36 0.36 0.33 0.34 8680870.0 297866000.0
384 Dec 07, 2017 0.34 0.35 0.27 0.29 10959400.0 283348000.0
385 Dec 08, 2017 0.29 0.32 0.27 0.32 5497280.0 244705000.0
386 Dec 09, 2017 0.33 0.38 0.29 0.31 7057900.0 270925000.0
387 Dec 10, 2017 0.31 0.31 0.27 0.29 3101990.0 260901000.0
388 Dec 11, 2017 0.29 0.33 0.29 0.33 3776910.0 241401000.0
389 Dec 12, 2017 0.33 0.37 0.32 0.35 6843980.0 273577000.0
390 Dec 13, 2017 0.35 0.38 0.34 0.36 6007000.0 294763000.0
391 Dec 14, 2017 0.36 0.44 0.36 0.43 12389500.0 301267000.0
392 Dec 15, 2017 0.43 0.44 0.36 0.39 8895120.0 358113000.0
393 Dec 16, 2017 0.39 0.43 0.39 0.41 7680930.0 327576000.0
394 Dec 17, 2017 0.41 0.5 0.41 0.48 11436900.0 344552000.0
395 Dec 18, 2017 0.48 0.58 0.46 0.55 21801200.0 401168000.0
396 Dec 19, 2017 0.55 0.61 0.5 0.58 21294200.0 459085000.0
397 Dec 20, 2017 0.58 0.64 0.49 0.59 22672400.0 480373000.0
398 Dec 21, 2017 0.58 0.76 0.58 0.65 33238000.0 487644000.0
399 Dec 22, 2017 0.66 0.66 0.36 0.52 16912000.0 547948000.0
400 Dec 23, 2017 0.53 0.72 0.51 0.61 17295700.0 440173000.0
401 Dec 24, 2017 0.62 0.64 0.52 0.64 15684700.0 513915000.0
402 Dec 25, 2017 0.65 0.72 0.62 0.71 17250500.0 539641000.0
403 Dec 26, 2017 0.71 0.78 0.63 0.78 21816600.0 596121000.0
404 Dec 27, 2017 0.78 0.94 0.72 0.88 70891800.0 650401000.0
405 Dec 28, 2017 0.88 0.88 0.68 0.81 35330700.0 737945000.0
406 Dec 29, 2017 0.81 0.9 0.8 0.83 27620900.0 677934000.0
407 Dec 30, 2017 0.83 0.83 0.66 0.71 21764500.0 691742000.0
408 Dec 31, 2017 0.71 0.88 0.69 0.84 34322100.0 591955000.0
409 Jan 01, 2018 0.85 0.96 0.79 0.93 36414200.0 709079000.0
410 Jan 02, 2018 0.93 1.19 0.91 1.09 80527100.0 779073000.0
411 Jan 03, 2018 1.08 1.17 1.04 1.08 47553900.0 905330000.0
412 Jan 04, 2018 1.08 1.2 1.02 1.09 45151000.0 901506000.0
413 Jan 05, 2018 1.09 1.12 0.9 0.95 49195300.0 909014000.0
414 Jan 06, 2018 0.96 1.06 0.89 1.03 33246800.0 805047000.0
415 Jan 07, 2018 1.03 1.11 1.02 1.08 42570100.0 857554000.0
416 Jan 08, 2018 1.07 1.25 0.96 1.09 61890600.0 897606000.0
417 Jan 09, 2018 1.09 1.2 1.02 1.07 34547000.0 908822000.0
418 Jan 10, 2018 1.07 1.07 0.89 0.94 31434900.0 895989000.0
419 Jan 11, 2018 0.94 0.96 0.76 0.81 21668800.0 784796000.0
420 Jan 12, 2018 0.82 0.92 0.8 0.92 17562500.0 684316000.0
421 Jan 13, 2018 0.91 0.99 0.91 0.97 19215700.0 761351000.0
422 Jan 14, 2018 0.97 0.99 0.85 0.91 15993300.0 808035000.0
423 Jan 15, 2018 0.91 1.02 0.9 0.97 30196300.0 758990000.0
424 Jan 16, 2018 0.97 0.97 0.53 0.68 23461000.0 813718000.0
425 Jan 17, 2018 0.68 0.7 0.48 0.65 15931800.0 564426000.0
426 Jan 18, 2018 0.65 0.75 0.62 0.65 17859000.0 538876000.0
427 Jan 19, 2018 0.65 0.71 0.62 0.7 20327600.0 541588000.0
428 Jan 20, 2018 0.71 0.76 0.7 0.75 12730100.0 590065000.0
429 Jan 21, 2018 0.75 0.75 0.61 0.62 9510080.0 627271000.0
430 Jan 22, 2018 0.63 0.67 0.54 0.57 11181700.0 524138000.0
431 Jan 23, 2018 0.57 0.62 0.54 0.58 8265020.0 476594000.0
432 Jan 24, 2018 0.59 0.64 0.56 0.62 15167700.0 490943000.0
433 Jan 25, 2018 0.63 0.64 0.55 0.57 18984700.0 521650000.0
434 Jan 26, 2018 0.57 0.6 0.51 0.55 12483400.0 476842000.0
435 Jan 27, 2018 0.55 0.58 0.54 0.57 8286070.0 459592000.0
436 Jan 28, 2018 0.58 0.61 0.57 0.59 9126210.0 481424000.0
437 Jan 29, 2018 0.59 0.6 0.53 0.55 10889700.0 492219000.0
438 Jan 30, 2018 0.55 0.55 0.45 0.46 8953960.0 460507000.0
439 Jan 31, 2018 0.46 0.47 0.42 0.47 12899300.0 381397000.0
440 Feb 01, 2018 0.47 0.47 0.38 0.43 13428500.0 390320000.0
441 Feb 02, 2018 0.43 0.43 0.29 0.37 6521330.0 358742000.0
442 Feb 03, 2018 0.37 0.43 0.34 0.43 4524440.0 308779000.0
443 Feb 04, 2018 0.42 0.43 0.33 0.34 3866430.0 354935000.0
444 Feb 05, 2018 0.34 0.35 0.26 0.27 4058970.0 284450000.0
445 Feb 06, 2018 0.27 0.31 0.22 0.31 4084880.0 227321000.0
446 Feb 07, 2018 0.31 0.38 0.29 0.33 4264010.0 255760000.0
447 Feb 08, 2018 0.33 0.37 0.32 0.32 5649050.0 274066000.0
448 Feb 09, 2018 0.33 0.36 0.31 0.36 6012610.0 271926000.0
449 Feb 10, 2018 0.35 0.37 0.32 0.34 5532660.0 296915000.0
450 Feb 11, 2018 0.34 0.35 0.31 0.33 3995460.0 281661000.0
451 Feb 12, 2018 0.33 0.38 0.33 0.37 5061580.0 274244000.0
452 Feb 13, 2018 0.38 0.38 0.35 0.35 4213550.0 313142000.0
453 Feb 14, 2018 0.35 0.42 0.35 0.42 9353390.0 294904000.0
454 Feb 15, 2018 0.42 0.47 0.42 0.43 13711800.0 351661000.0
455 Feb 16, 2018 0.43 0.46 0.43 0.46 8172480.0 361401000.0
456 Feb 17, 2018 0.46 0.5 0.45 0.47 14806400.0 387422000.0
457 Feb 18, 2018 0.47 0.47 0.42 0.45 8624300.0 395632000.0
458 Feb 19, 2018 0.44 0.45 0.43 0.43 7363840.0 371185000.0
459 Feb 20, 2018 0.43 0.44 0.37 0.37 7493480.0 362207000.0
460 Feb 21, 2018 0.37 0.38 0.33 0.34 7932610.0 307732000.0
461 Feb 22, 2018 0.34 0.36 0.33 0.33 7608570.0 279668000.0
462 Feb 23, 2018 0.33 0.35 0.31 0.33 6876640.0 273220000.0
463 Feb 24, 2018 0.33 0.34 0.3 0.31 4274930.0 277833000.0
464 Feb 25, 2018 0.31 0.33 0.31 0.32 3952320.0 261662000.0
465 Feb 26, 2018 0.32 0.4 0.32 0.37 12723600.0 268064000.0
466 Feb 27, 2018 0.37 0.39 0.35 0.37 5709530.0 307410000.0
467 Feb 28, 2018 0.37 0.37 0.35 0.36 4728520.0 306156000.0
468 Mar 01, 2018 0.36 0.46 0.36 0.45 15133400.0 304098000.0
469 Mar 02, 2018 0.45 0.46 0.41 0.43 11687900.0 376772000.0
470 Mar 03, 2018 0.43 0.45 0.42 0.43 7339290.0 361085000.0
471 Mar 04, 2018 0.43 0.44 0.41 0.44 6927090.0 358450000.0
472 Mar 05, 2018 0.44 0.49 0.44 0.49 9446610.0 366250000.0
473 Mar 06, 2018 0.49 0.49 0.42 0.42 8785450.0 413589000.0
474 Mar 07, 2018 0.42 0.42 0.35 0.37 6024950.0 351551000.0
475 Mar 08, 2018 0.37 0.37 0.31 0.31 8414930.0 306597000.0
476 Mar 09, 2018 0.31 0.32 0.27 0.31 7019260.0 259952000.0
477 Mar 10, 2018 0.31 0.33 0.3 0.3 4176840.0 256494000.0
478 Mar 11, 2018 0.3 0.32 0.29 0.31 3783820.0 247665000.0
479 Mar 12, 2018 0.31 0.33 0.29 0.3 23063500.0 260123000.0
480 Mar 13, 2018 0.3 0.32 0.29 0.3 5847570.0 252213000.0
481 Mar 14, 2018 0.3 0.31 0.24 0.25 9182600.0 254787000.0
482 Mar 15, 2018 0.25 0.25 0.22 0.25 7036230.0 208376000.0
483 Mar 16, 2018 0.25 0.26 0.24 0.25 6416220.0 207500000.0
484 Mar 17, 2018 0.25 0.25 0.22 0.22 5922940.0 207413000.0
485 Mar 18, 2018 0.22 0.22 0.18 0.22 7126100.0 180622000.0
486 Mar 19, 2018 0.22 0.25 0.2 0.25 6481620.0 181699000.0
487 Mar 20, 2018 0.25 0.25 0.22 0.25 7422830.0 208785000.0
488 Mar 21, 2018 0.25 0.27 0.25 0.25 6593470.0 210904000.0
489 Mar 22, 2018 0.25 0.26 0.24 0.25 6172200.0 209189000.0
490 Mar 23, 2018 0.25 0.25 0.23 0.25 5938710.0 205257000.0
491 Mar 24, 2018 0.25 0.26 0.24 0.24 6753610.0 209766000.0
492 Mar 25, 2018 0.24 0.26 0.24 0.25 6928530.0 200299000.0
493 Mar 26, 2018 0.25 0.25 0.22 0.25 6841170.0 211018000.0
494 Mar 27, 2018 0.25 0.25 0.23 0.23 5495980.0 209423000.0
