0 Mar 20, 2014 0.08 0.15 0.08 0.12 556.58 319365.0
1 Mar 21, 2014 0.12 0.12 0.09 0.1 1258.51 488620.0
2 Mar 22, 2014 0.1 0.1 0.08 0.09 939.94 400728.0
3 Mar 23, 2014 0.09 0.1 0.07 0.07 1054.47 363670.0
4 Mar 24, 2014 0.07 0.08 0.07 0.07 509.61 301640.0
5 Mar 25, 2014 0.07 0.09 0.07 0.08 969.1 315112.0
6 Mar 26, 2014 0.08 0.09 0.08 0.09 394.71 362547.0
7 Mar 27, 2014 0.09 0.09 0.07 0.07 733.91 377455.0
8 Mar 28, 2014 0.07 0.09 0.06 0.08 1435.06 309032.0
9 Mar 29, 2014 0.08 0.08 0.07 0.07 225.61 344886.0
10 Mar 30, 2014 0.07 0.08 0.07 0.07 504.62 337539.0
11 Mar 31, 2014 0.07 0.07 0.07 0.07 950.96 331028.0
12 Apr 01, 2014 0.07 0.07 0.07 0.07 1028.64 320591.0
13 Apr 02, 2014 0.07 0.07 0.06 0.06 879.83 339940.0
14 Apr 03, 2014 0.06 0.07 0.06 0.07 1208.12 301085.0
15 Apr 04, 2014 0.07 0.07 0.06 0.07 1620.28 314092.0
16 Apr 05, 2014 0.07 0.07 0.05 0.05 1710.85 318120.0
17 Apr 06, 2014 0.05 0.06 0.05 0.06 1286.05 249748.0
18 Apr 07, 2014 0.06 0.06 0.03 0.06 1462.89 290863.0
19 Apr 08, 2014 0.06 0.06 0.04 0.06 1657.34 281837.0
20 Apr 09, 2014 0.06 0.06 0.04 0.05 1466.05 285356.0
21 Apr 10, 2014 0.05 0.05 0.04 0.04 1376.18 256812.0
22 Apr 11, 2014 0.04 0.06 0.04 0.06 1834.41 227065.0
23 Apr 12, 2014 0.06 0.06 0.05 0.05 1838.65 299113.0
24 Apr 13, 2014 0.05 0.05 0.04 0.04 1701.24 275528.0
25 Apr 14, 2014 0.04 0.06 0.04 0.06 1992.39 237225.0
26 Apr 15, 2014 0.06 0.06 0.06 0.06 2143.56 300663.0
27 Apr 16, 2014 0.06 0.07 0.03 0.06 1656.05 345583.0
28 Apr 17, 2014 0.06 0.07 0.06 0.06 1436.86 337687.0
29 Apr 18, 2014 0.06 0.06 0.06 0.06 1393.4 321611.0
30 Apr 19, 2014 0.06 0.06 0.06 0.06 1482.49 325555.0
31 Apr 20, 2014 0.06 0.07 0.06 0.06 1280.37 335160.0
32 Apr 21, 2014 0.06 0.07 0.06 0.06 2277.94 354886.0
33 Apr 22, 2014 0.06 0.06 0.06 0.06 1961.57 323683.0
34 Apr 23, 2014 0.06 0.06 0.05 0.06 459.34 330049.0
35 Apr 24, 2014 0.06 0.06 0.05 0.05 458.44 311286.0
36 Apr 25, 2014 0.05 0.05 0.05 0.05 248.46 290371.0
37 Apr 26, 2014 0.05 0.05 0.04 0.05 311.92 271580.0
38 Apr 27, 2014 0.05 0.05 0.04 0.04 528.7 281527.0
39 Apr 28, 2014 0.04 0.04 0.04 0.04 430.58 235941.0
40 Apr 29, 2014 0.04 0.05 0.04 0.04 721.16 252229.0
41 Apr 30, 2014 0.04 0.05 0.04 0.04 787.53 253487.0
42 May 01, 2014 0.04 0.05 0.04 0.04 532.26 263237.0
43 May 02, 2014 0.04 0.04 0.04 0.04 811.79 269886.0
44 May 03, 2014 0.04 0.04 0.04 0.04 824.47 267631.0
45 May 04, 2014 0.04 0.04 0.03 0.03 692.9 251258.0
46 May 05, 2014 0.03 0.04 0.03 0.04 558.72 215465.0
47 May 06, 2014 0.04 0.04 0.03 0.04 402.49 226837.0
48 May 07, 2014 0.04 0.04 0.03 0.04 759.12 225028.0
49 May 08, 2014 0.04 0.04 0.04 0.04 746.18 220720.0
50 May 09, 2014 0.04 0.04 0.03 0.04 589.03 223029.0
51 May 10, 2014 0.04 0.04 0.04 0.04 848.59 216363.0
52 May 11, 2014 0.04 0.04 0.03 0.03 726.06 221562.0
53 May 12, 2014 0.03 0.03 0.03 0.03 842.37 165226.0
54 May 13, 2014 0.03 0.03 0.03 0.03 918.11 179819.0
55 May 14, 2014 0.03 0.03 0.03 0.03 728.44 190375.0
56 May 15, 2014 0.03 0.03 0.03 0.03 931.9 188513.0
57 May 16, 2014 0.03 0.03 0.03 0.03 1330.03 189077.0
58 May 17, 2014 0.03 0.04 0.03 0.03 1660.95 196608.0
59 May 18, 2014 0.03 0.04 0.03 0.04 1196.84 207811.0
60 May 19, 2014 0.04 0.04 0.04 0.04 772.92 248479.0
61 May 20, 2014 0.04 0.04 0.03 0.04 929.79 251648.0
62 May 21, 2014 0.04 0.04 0.03 0.03 726.45 256896.0
63 May 22, 2014 0.03 0.04 0.03 0.04 659.79 233835.0
64 May 23, 2014 0.04 0.04 0.03 0.04 651.97 252915.0
65 May 24, 2014 0.04 0.04 0.03 0.03 581.62 256160.0
66 May 25, 2014 0.03 0.04 0.03 0.03 603.02 227937.0
67 May 26, 2014 0.03 0.04 0.03 0.03 748.86 249666.0
68 May 27, 2014 0.03 0.03 0.03 0.03 637.04 213774.0
69 May 28, 2014 0.03 0.04 0.03 0.04 576.83 231863.0
70 May 29, 2014 0.04 0.04 0.03 0.03 644.68 265350.0
71 May 30, 2014 0.03 0.04 0.03 0.03 760.07 245908.0
72 May 31, 2014 0.03 0.03 0.03 0.03 858.98 231006.0
73 Jun 01, 2014 0.03 0.03 0.03 0.03 847.41 240291.0
74 Jun 02, 2014 0.03 0.03 0.03 0.03 719.16 229918.0
75 Jun 03, 2014 0.03 0.03 0.03 0.03 633.09 247510.0
76 Jun 04, 2014 0.03 0.03 0.03 0.03 653.37 210523.0
77 Jun 05, 2014 0.03 0.03 0.03 0.03 528.36 220948.0
78 Jun 06, 2014 0.03 0.03 0.03 0.03 632.28 220639.0
79 Jun 07, 2014 0.03 0.03 0.03 0.03 807.69 212420.0
80 Jun 08, 2014 0.03 0.03 0.03 0.03 942.96 234667.0
81 Jun 26, 2014 0.03 0.03 0.03 0.03 1342.44 288078.0
82 Jun 27, 2014 0.03 0.03 0.03 0.03 419.27 288004.0
83 Jul 05, 2014 0.04 0.04 0.04 0.04 1048.43 332558.0
84 Jul 08, 2014 0.04 0.05 0.04 0.05 1640.66 378370.0
85 Jul 09, 2014 0.05 0.06 0.04 0.05 1919.5 503929.0
86 Jul 10, 2014 0.05 0.06 0.05 0.05 1736.86 478040.0
87 Jul 11, 2014 0.05 0.07 0.05 0.06 2373.27 485753.0
88 Jul 12, 2014 0.06 0.07 0.05 0.05 2272.31 595521.0
89 Jul 13, 2014 0.05 0.06 0.05 0.06 2285.88 492381.0
90 Jul 14, 2014 0.06 0.07 0.05 0.07 2772.61 613936.0
91 Jul 15, 2014 0.07 0.09 0.06 0.07 3838.98 666646.0
92 Jul 16, 2014 0.08 0.13 0.07 0.12 6519.47 788477.0
93 Jul 17, 2014 0.12 0.28 0.1 0.1 9052.68 1189910.0
94 Jul 18, 2014 0.1 0.17 0.1 0.12 7106.97 1025820.0
95 Jul 19, 2014 0.12 0.14 0.11 0.12 4115.93 1164580.0
96 Jul 20, 2014 0.12 0.13 0.1 0.1 3759.35 1138190.0
97 Jul 21, 2014 0.1 0.12 0.07 0.11 4693.67 1012390.0
98 Jul 22, 2014 0.11 0.14 0.11 0.12 6070.51 1106360.0
99 Jul 23, 2014 0.12 0.14 0.12 0.13 7377.34 1167990.0
100 Jul 24, 2014 0.13 0.15 0.13 0.15 8157.99 1324000.0
101 >Jul 25, 201 0.15 0.15 0.13 0.15 7672.74 1458100.0
102 Jul 29, 2014 0.28 0.29 0.22 0.26 10690.3 2869410.0
103 Jul 30, 2014 0.26 0.41 0.25 0.32 12396.5 2622640.0
104 Jul 31, 2014 0.32 0.53 0.32 0.5 18702.8 3297120.0
105 Aug 01, 2014 0.5 0.9 0.5 0.72 83734.0 5208130.0
106 Aug 02, 2014 0.73 0.76 0.27 0.36 78423.5 7562890.0
107 Aug 03, 2014 0.36 0.47 0.34 0.47 44173.8 3791360.0
108 Aug 04, 2014 0.48 0.6 0.39 0.44 37825.1 5003480.0
109 Aug 05, 2014 0.44 0.48 0.38 0.38 30665.5 4661060.0
110 Aug 06, 2014 0.38 0.42 0.32 0.33 32155.5 4014830.0
111 Aug 07, 2014 0.32 0.39 0.3 0.34 36023.1 3397840.0
112 Aug 08, 2014 0.34 0.35 0.25 0.25 40115.6 3645810.0
113 Aug 09, 2014 0.25 0.3 0.24 0.27 33486.0 2700390.0
114 Aug 10, 2014 0.27 0.28 0.25 0.27 25308.6 2863700.0
115 Aug 11, 2014 0.27 0.28 0.25 0.25 22286.9 2882650.0
116 Aug 12, 2014 0.25 0.26 0.18 0.21 26516.3 2675240.0
117 Aug 13, 2014 0.22 0.22 0.12 0.12 25097.7 2345190.0
118 Aug 14, 2014 0.12 0.19 0.12 0.13 15767.9 1331770.0
119 Aug 15, 2014 0.13 0.19 0.13 0.17 12406.1 1467390.0
120 Aug 16, 2014 0.17 0.24 0.16 0.23 14090.8 1822430.0
121 Aug 17, 2014 0.23 0.3 0.19 0.24 16853.6 2532900.0
122 Aug 18, 2014 0.25 0.29 0.17 0.2 14176.1 2715310.0
123 Aug 19, 2014 0.2 0.21 0.16 0.18 13404.7 2173060.0
124 Aug 20, 2014 0.18 0.21 0.16 0.18 12600.5 1997510.0
125 Aug 21, 2014 0.18 0.2 0.18 0.19 10749.5 2005440.0
126 Aug 22, 2014 0.19 0.2 0.17 0.18 11822.4 2090280.0
127 Aug 23, 2014 0.18 0.2 0.17 0.18 10017.8 2014780.0
128 Aug 24, 2014 0.18 0.19 0.18 0.18 8302.76 2040460.0
129 Aug 25, 2014 0.18 0.2 0.18 0.19 11466.0 2055470.0
130 Aug 26, 2014 0.19 0.23 0.19 0.23 14904.8 2107390.0
131 Aug 27, 2014 0.22 0.23 0.2 0.2 13014.2 2546810.0
132 Aug 28, 2014 0.2 0.21 0.2 0.2 13491.7 2345020.0
133 Aug 29, 2014 0.2 0.22 0.2 0.21 12727.7 2327430.0
134 Aug 30, 2014 0.21 0.22 0.21 0.22 14354.3 2442700.0
135 Aug 31, 2014 0.22 0.24 0.21 0.22 15831.8 2516660.0
136 Sep 01, 2014 0.22 0.23 0.18 0.19 14722.9 2568430.0
137 Sep 02, 2014 0.19 0.23 0.18 0.19 18803.5 2161280.0
138 Sep 03, 2014 0.19 0.21 0.19 0.19 18334.1 2219490.0
139 Sep 04, 2014 0.19 0.22 0.19 0.21 12016.0 2265380.0
140 Sep 05, 2014 0.21 0.21 0.2 0.2 13578.6 2452320.0
141 Sep 06, 2014 0.2 0.21 0.19 0.19 11455.2 2367230.0
142 Sep 07, 2014 0.19 0.21 0.15 0.17 13430.7 2288070.0
143 Sep 08, 2014 0.17 0.18 0.17 0.17 10524.9 2037350.0
144 Sep 09, 2014 0.17 0.18 0.13 0.16 11919.1 1994540.0
145 Sep 10, 2014 0.16 0.16 0.13 0.13 11399.2 1853280.0
146 Sep 11, 2014 0.13 0.15 0.13 0.14 8447.32 1549310.0
147 Sep 12, 2014 0.14 0.14 0.14 0.14 8067.12 1686720.0
148 Sep 13, 2014 0.14 0.14 0.12 0.13 7680.5 1632280.0
149 Sep 14, 2014 0.13 0.13 0.12 0.12 9064.67 1503880.0
150 Sep 15, 2014 0.12 0.13 0.1 0.1 6428.92 1412600.0
151 Sep 16, 2014 0.1 0.11 0.1 0.11 4844.19 1249810.0
152 Sep 17, 2014 0.11 0.12 0.11 0.11 5155.85 1290300.0
153 Sep 18, 2014 0.11 0.13 0.11 0.12 4956.76 1335070.0
154 Sep 19, 2014 0.12 0.14 0.11 0.12 6530.96 1489680.0
155 Sep 20, 2014 0.12 0.12 0.09 0.1 5885.88 1480570.0
156 Sep 21, 2014 0.1 0.1 0.1 0.1 4648.56 1276550.0
157 Sep 22, 2014 0.1 0.11 0.1 0.1 4733.06 1251100.0
158 Sep 23, 2014 0.1 0.11 0.09 0.1 9414.2 1248550.0
159 Sep 24, 2014 0.1 0.1 0.09 0.09 7678.71 1184040.0
160 Sep 25, 2014 0.09 0.1 0.09 0.09 5454.11 1129000.0
161 Sep 26, 2014 0.09 0.09 0.09 0.09 4214.39 1131250.0
162 Sep 27, 2014 0.09 0.1 0.09 0.09 2588.49 1123750.0
163 Sep 28, 2014 0.09 0.1 0.09 0.09 1847.85 1166010.0
164 Sep 29, 2014 0.09 0.1 0.06 0.09 8471.3 1141260.0
165 Sep 30, 2014 0.09 0.09 0.04 0.04 9411.5 1066080.0
166 Oct 01, 2014 0.04 0.08 0.04 0.06 5380.04 457973.0
167 Oct 02, 2014 0.06 0.06 0.05 0.06 4839.83 725689.0
168 Oct 03, 2014 0.06 0.06 0.05 0.05 4475.12 717716.0
169 Oct 04, 2014 0.05 0.05 0.05 0.05 4262.44 646738.0
170 Oct 05, 2014 0.05 0.08 0.05 0.07 4682.94 601735.0
171 Oct 06, 2014 0.07 0.08 0.06 0.06 6098.25 855590.0
172 Oct 07, 2014 0.06 0.06 0.05 0.06 5508.84 768428.0
173 Oct 08, 2014 0.06 0.06 0.05 0.06 5281.15 771317.0
174 Oct 09, 2014 0.06 0.07 0.06 0.06 4713.35 791278.0
175 Oct 10, 2014 0.06 0.07 0.06 0.07 4706.67 832394.0
176 Oct 11, 2014 0.07 0.07 0.06 0.06 4215.1 848773.0
177 Oct 12, 2014 0.06 0.07 0.06 0.07 4013.49 822562.0
178 Oct 13, 2014 0.07 0.07 0.04 0.06 5276.6 868737.0
179 Oct 14, 2014 0.06 0.07 0.06 0.06 5814.88 841613.0
180 Oct 15, 2014 0.06 0.06 0.06 0.06 3774.91 833884.0
181 Oct 16, 2014 0.06 0.06 0.05 0.05 4000.08 791158.0
182 Oct 17, 2014 0.05 0.05 0.05 0.05 4515.89 678591.0
183 Oct 18, 2014 0.05 0.06 0.05 0.05 2795.65 669948.0
184 Oct 19, 2014 0.05 0.05 0.04 0.04 2721.65 650888.0
185 Oct 20, 2014 0.04 0.05 0.04 0.05 2891.17 602370.0
186 Oct 21, 2014 0.04 0.05 0.04 0.05 2894.47 600659.0
187 Oct 22, 2014 0.05 0.05 0.05 0.05 2833.15 628188.0
188 Oct 23, 2014 0.05 0.05 0.04 0.05 2876.73 626587.0
189 Oct 24, 2014 0.05 0.05 0.04 0.05 2583.72 617570.0
190 Oct 25, 2014 0.05 0.05 0.04 0.04 2422.77 627311.0
191 Oct 26, 2014 0.04 0.05 0.04 0.05 2223.21 605691.0
192 Oct 27, 2014 0.05 0.05 0.04 0.04 3203.7 633571.0
193 Oct 28, 2014 0.04 0.04 0.04 0.04 2454.22 567754.0
194 Oct 29, 2014 0.04 0.04 0.04 0.04 1738.92 497333.0
195 Oct 30, 2014 0.04 0.04 0.04 0.04 2218.18 478549.0
196 Oct 31, 2014 0.04 0.05 0.04 0.04 1967.95 526547.0
197 Nov 01, 2014 0.04 0.04 0.04 0.04 1867.15 525296.0
198 Nov 02, 2014 0.04 0.05 0.04 0.05 2494.57 555377.0
199 Nov 03, 2014 0.05 0.05 0.04 0.04 2592.0 629784.0
200 Nov 04, 2014 0.04 0.04 0.04 0.04 2701.1 563858.0
201 Nov 05, 2014 0.04 0.05 0.04 0.05 2661.12 616145.0
202 Nov 06, 2014 0.05 0.05 0.05 0.05 3020.27 653108.0
203 Nov 07, 2014 0.05 0.05 0.05 0.05 2594.23 694670.0
204 Nov 08, 2014 0.05 0.05 0.05 0.05 2837.52 677235.0
205 Nov 09, 2014 0.05 0.05 0.05 0.05 2556.39 720420.0
206 Nov 10, 2014 0.05 0.05 0.05 0.05 3241.01 737440.0
207 Nov 11, 2014 0.05 0.05 0.05 0.05 3076.47 714384.0
208 Nov 12, 2014 0.05 0.05 0.04 0.05 3158.52 703450.0
209 Nov 13, 2014 0.05 0.05 0.04 0.05 2826.21 669051.0
210 Nov 14, 2014 0.05 0.05 0.05 0.05 2527.0 702616.0
211 Nov 15, 2014 0.05 0.05 0.04 0.04 2229.5 689975.0
212 Nov 16, 2014 0.04 0.05 0.04 0.04 2565.5 632914.0
213 Nov 17, 2014 0.04 0.05 0.04 0.04 2421.37 648950.0
214 Nov 18, 2014 0.04 0.04 0.04 0.04 1975.94 624094.0
215 Nov 19, 2014 0.04 0.05 0.04 0.05 2197.6 624024.0
216 Nov 20, 2014 0.05 0.05 0.05 0.05 2198.24 687479.0
217 Nov 21, 2014 0.05 0.05 0.04 0.04 2089.15 673115.0
218 Nov 22, 2014 0.04 0.05 0.04 0.04 2022.97 634149.0
219 Nov 23, 2014 0.04 0.05 0.04 0.04 2252.94 655644.0
220 Nov 24, 2014 0.04 0.05 0.04 0.05 2239.53 658355.0
221 Nov 25, 2014 0.05 0.05 0.04 0.04 3222.8 667113.0
222 Nov 26, 2014 0.04 0.05 0.04 0.05 3327.01 653089.0
223 Nov 27, 2014 0.05 0.05 0.04 0.05 2565.38 671142.0
224 Nov 28, 2014 0.04 0.05 0.04 0.05 2773.91 662672.0
225 Nov 29, 2014 0.05 0.05 0.05 0.05 2967.98 679091.0
226 Nov 30, 2014 0.05 0.05 0.04 0.04 2183.7 677677.0
227 Dec 01, 2014 0.04 0.05 0.04 0.04 2079.81 662194.0
228 Dec 02, 2014 0.04 0.05 0.04 0.04 2161.69 659217.0
229 Dec 03, 2014 0.04 0.04 0.04 0.04 4810.75 661709.0
230 Dec 04, 2014 0.04 0.04 0.04 0.04 3477.35 573085.0
231 Dec 05, 2014 0.04 0.04 0.04 0.04 2801.15 592269.0
232 Dec 06, 2014 0.04 0.04 0.03 0.03 3375.68 535216.0
233 Dec 07, 2014 0.03 0.03 0.03 0.03 2640.78 477778.0
234 Dec 08, 2014 0.03 0.04 0.03 0.04 2319.53 502995.0
235 Dec 09, 2014 0.04 0.04 0.02 0.04 2195.0 520098.0
236 Dec 10, 2014 0.04 0.04 0.04 0.04 1911.5 582761.0
237 Dec 11, 2014 0.04 0.04 0.03 0.04 2121.73 552533.0
238 Dec 12, 2014 0.04 0.04 0.04 0.04 2083.31 551445.0
239 Dec 13, 2014 0.04 0.04 0.03 0.03 2243.14 540532.0
240 Dec 14, 2014 0.03 0.03 0.03 0.03 1743.16 500073.0
241 Dec 15, 2014 0.03 0.03 0.03 0.03 1934.36 495878.0
242 Dec 16, 2014 0.03 0.03 0.03 0.03 2329.31 503475.0
243 Dec 17, 2014 0.03 0.03 0.03 0.03 3846.82 485029.0
244 Dec 18, 2014 0.03 0.03 0.02 0.03 1799.27 449301.0
245 Dec 19, 2014 0.03 0.03 0.03 0.03 3101.25 395008.0
246 Dec 20, 2014 0.03 0.03 0.03 0.03 2289.77 499722.0
247 Dec 21, 2014 0.03 0.03 0.03 0.03 1894.28 445804.0
248 Dec 22, 2014 0.03 0.03 0.03 0.03 2266.12 438482.0
249 Dec 23, 2014 0.03 0.03 0.03 0.03 2065.91 436083.0
250 Dec 24, 2014 0.03 0.03 0.03 0.03 2006.01 456396.0
251 Dec 25, 2014 0.03 0.03 0.03 0.03 1943.66 436314.0
252 Dec 26, 2014 0.03 0.03 0.03 0.03 1574.54 436898.0
253 Dec 27, 2014 0.03 0.03 0.03 0.03 1249.33 443227.0
254 Dec 28, 2014 0.03 0.03 0.03 0.03 1363.26 431498.0
255 Dec 29, 2014 0.03 0.03 0.03 0.03 2000.16 433033.0
256 Dec 30, 2014 0.03 0.03 0.03 0.03 1671.32 415883.0
257 Dec 31, 2014 0.03 0.03 0.03 0.03 2003.1 429511.0
258 Jan 01, 2015 0.03 0.03 0.03 0.03 1542.49 414318.0
259 Jan 02, 2015 0.03 0.03 0.03 0.03 1590.5 428673.0
260 Jan 03, 2015 0.03 0.03 0.03 0.03 1413.57 408283.0
261 Jan 04, 2015 0.02 0.03 0.02 0.02 3968.89 388659.0
262 Jan 05, 2015 0.02 0.02 0.02 0.02 1145.87 376624.0
263 Jan 06, 2015 0.02 0.02 0.02 0.02 648.6 364552.0
264 Jan 07, 2015 0.02 0.03 0.02 0.03 618.55 386755.0
265 Jan 08, 2015 0.03 0.03 0.02 0.02 1664.94 399284.0
266 Jan 09, 2015 0.02 0.02 0.02 0.02 1906.97 352462.0
267 Jan 10, 2015 0.02 0.02 0.02 0.02 1183.38 367153.0
268 Jan 11, 2015 0.02 0.02 0.02 0.02 1599.44 376255.0
269 Jan 12, 2015 0.02 0.03 0.02 0.02 1409.35 372605.0
270 Jan 13, 2015 0.02 0.02 0.02 0.02 2245.52 363819.0
271 Jan 14, 2015 0.02 0.03 0.02 0.02 1565.9 373116.0
272 Jan 15, 2015 0.02 0.03 0.02 0.03 3624.04 348695.0
273 Jan 16, 2015 0.03 0.04 0.03 0.03 2217.3 449549.0
274 Jan 17, 2015 0.03 0.04 0.03 0.03 2673.36 533950.0
275 Jan 18, 2015 0.03 0.03 0.03 0.03 2161.84 474002.0
276 Jan 19, 2015 0.03 0.03 0.03 0.03 2110.65 411338.0
277 Jan 20, 2015 0.03 0.03 0.03 0.03 1425.43 471616.0
278 Jan 21, 2015 0.03 0.03 0.03 0.03 1353.77 492272.0
279 Jan 22, 2015 0.03 0.04 0.03 0.03 1508.52 519588.0
280 Jan 23, 2015 0.03 0.03 0.03 0.03 1300.13 540098.0
281 Jan 24, 2015 0.03 0.04 0.03 0.04 1437.57 503479.0
282 >Jan 25, 201 0.04 0.04 0.04 0.04 1922.95 591528.0
283 Jan 26, 2015 0.04 0.07 0.04 0.06 5641.67 590337.0
284 Jan 27, 2015 0.06 0.09 0.06 0.07 8731.45 966271.0
285 Jan 28, 2015 0.07 0.1 0.07 0.08 8071.92 1182250.0
286 Jan 29, 2015 0.08 0.08 0.06 0.06 6942.18 1304540.0
287 Jan 30, 2015 0.06 0.06 0.05 0.05 4176.63 1005610.0
288 Jan 31, 2015 0.05 0.05 0.04 0.05 2639.31 796843.0
289 Feb 01, 2015 0.04 0.05 0.04 0.04 2799.06 730924.0
290 Feb 02, 2015 0.04 0.06 0.04 0.04 3013.51 682310.0
291 Feb 03, 2015 0.04 0.05 0.04 0.05 2654.77 708462.0
292 Feb 04, 2015 0.05 0.05 0.04 0.05 2358.24 753943.0
293 Feb 05, 2015 0.05 0.05 0.05 0.05 2096.71 828155.0
294 Feb 06, 2015 0.05 0.06 0.05 0.05 3035.01 798202.0
295 Feb 07, 2015 0.05 0.07 0.05 0.06 4178.63 888167.0
296 Feb 08, 2015 0.06 0.07 0.06 0.07 3934.27 1032530.0
297 Feb 09, 2015 0.07 0.08 0.06 0.07 4921.55 1074600.0
298 Feb 10, 2015 0.07 0.08 0.07 0.07 5430.01 1169990.0
299 Feb 11, 2015 0.07 0.08 0.05 0.08 5264.13 1192700.0
300 Feb 12, 2015 0.08 0.08 0.06 0.07 7691.42 1286970.0
301 Feb 13, 2015 0.07 0.08 0.07 0.07 4898.88 1243440.0
302 Feb 14, 2015 0.07 0.07 0.06 0.07 3860.62 1122670.0
303 Feb 15, 2015 0.07 0.07 0.06 0.07 3355.39 1092300.0
304 Feb 16, 2015 0.06 0.07 0.06 0.07 3542.77 1045600.0
305 Feb 17, 2015 0.07 0.07 0.06 0.06 3712.1 1085610.0
306 Feb 18, 2015 0.06 0.07 0.06 0.06 3093.92 1053410.0
307 Feb 19, 2015 0.06 0.07 0.06 0.07 3786.19 1072670.0
308 Feb 20, 2015 0.07 0.08 0.07 0.07 4614.44 1115260.0
309 Feb 21, 2015 0.07 0.07 0.06 0.07 3369.0 1157260.0
310 Feb 22, 2015 0.07 0.07 0.06 0.06 3009.51 1107460.0
311 Feb 23, 2015 0.06 0.07 0.06 0.07 2339.09 981429.0
312 Feb 24, 2015 0.07 0.07 0.06 0.07 4376.35 1121910.0
313 Feb 25, 2015 0.07 0.09 0.07 0.08 8919.31 1195150.0
314 Feb 26, 2015 0.08 0.1 0.08 0.09 10283.8 1327440.0
315 Feb 27, 2015 0.09 0.11 0.09 0.1 10073.4 1453750.0
316 Feb 28, 2015 0.1 0.1 0.09 0.09 8590.78 1696470.0
317 Mar 01, 2015 0.09 0.1 0.09 0.1 7502.6 1570280.0
318 Mar 02, 2015 0.1 0.16 0.1 0.13 12523.4 1740590.0
319 Mar 03, 2015 0.13 0.19 0.13 0.17 24063.1 2184440.0
320 Mar 04, 2015 0.17 0.23 0.14 0.22 36131.9 2905840.0
321 Mar 05, 2015 0.22 0.29 0.2 0.2 48575.2 3725700.0
322 Mar 06, 2015 0.2 0.23 0.14 0.14 25579.2 3517880.0
323 Mar 07, 2015 0.15 0.16 0.11 0.13 11974.8 2609980.0
324 Mar 08, 2015 0.13 0.17 0.13 0.16 9777.12 2293430.0
325 Mar 09, 2015 0.17 0.17 0.14 0.15 11125.9 2898580.0
326 Mar 10, 2015 0.15 0.16 0.12 0.13 11120.7 2523920.0
327 Mar 11, 2015 0.13 0.14 0.11 0.11 11139.6 2297610.0
328 Mar 12, 2015 0.12 0.14 0.11 0.13 13166.7 2001270.0
329 Mar 13, 2015 0.13 0.14 0.12 0.13 8515.8 2279580.0
330 Mar 14, 2015 0.13 0.13 0.12 0.13 7672.07 2324900.0
331 Mar 15, 2015 0.13 0.14 0.12 0.14 10840.6 2306120.0
332 Mar 16, 2015 0.14 0.16 0.14 0.14 12454.1 2440230.0
333 Mar 17, 2015 0.14 0.15 0.14 0.14 11413.7 2452870.0
334 Mar 18, 2015 0.14 0.15 0.14 0.14 8755.66 2518210.0
335 Mar 19, 2015 0.14 0.15 0.14 0.14 12619.5 2487870.0
336 Mar 20, 2015 0.14 0.16 0.14 0.15 14833.5 2561150.0
337 Mar 21, 2015 0.15 0.15 0.15 0.15 7944.47 2645170.0
338 Mar 22, 2015 0.15 0.16 0.15 0.16 10607.3 2712770.0
339 Mar 23, 2015 0.16 0.17 0.15 0.16 18208.4 2768230.0
340 Mar 24, 2015 0.16 0.18 0.16 0.17 17815.9 2859650.0
341 Mar 25, 2015 0.17 0.2 0.15 0.15 22318.4 3017500.0
342 Mar 26, 2015 0.15 0.17 0.15 0.16 15399.7 2774080.0
343 Mar 27, 2015 0.16 0.17 0.16 0.16 11436.4 2832920.0
344 Mar 28, 2015 0.16 0.16 0.15 0.15 11669.2 2832100.0
345 Mar 29, 2015 0.15 0.15 0.13 0.14 9685.31 2728540.0
346 Mar 30, 2015 0.15 0.15 0.12 0.12 7242.99 2768710.0
347 Mar 31, 2015 0.12 0.14 0.12 0.13 13202.6 2250500.0
348 Apr 01, 2015 0.13 0.15 0.13 0.14 21591.0 2346860.0
349 Apr 02, 2015 0.14 0.15 0.14 0.14 12607.9 2614480.0
350 Apr 03, 2015 0.14 0.15 0.14 0.14 12453.5 2634200.0
351 Apr 04, 2015 0.14 0.14 0.14 0.14 8812.04 2532840.0
352 >Apr 05, 201 0.14 0.15 0.14 0.15 7686.2 2518940.0
353 Apr 06, 2015 0.15 0.15 0.14 0.14 9185.88 2715300.0
354 Apr 07, 2015 0.14 0.15 0.09 0.14 10253.3 2667160.0
355 Apr 08, 2015 0.14 0.14 0.14 0.14 9644.35 2586540.0
356 Apr 09, 2015 0.14 0.14 0.1 0.1 12206.2 2499870.0
357 Apr 10, 2015 0.11 0.11 0.1 0.11 8273.51 1971290.0
358 Apr 11, 2015 0.11 0.11 0.09 0.09 9449.85 1980260.0
359 Apr 12, 2015 0.09 0.1 0.08 0.1 8519.07 1571870.0
360 Apr 13, 2015 0.09 0.12 0.09 0.11 7990.39 1630930.0
361 Apr 14, 2015 0.11 0.11 0.1 0.1 8128.1 2008530.0
362 Apr 15, 2015 0.1 0.1 0.1 0.1 5597.08 1952950.0
363 Apr 16, 2015 0.1 0.11 0.1 0.1 8284.67 1921280.0
364 Apr 17, 2015 0.1 0.1 0.09 0.1 9437.81 1855100.0
365 Apr 18, 2015 0.1 0.1 0.05 0.09 7162.78 1822080.0
366 Apr 19, 2015 0.09 0.1 0.09 0.09 5080.17 1698620.0
367 Apr 20, 2015 0.09 0.1 0.09 0.1 7768.98 1720500.0
368 Apr 21, 2015 0.1 0.1 0.1 0.1 7631.5 1813570.0
369 Apr 22, 2015 0.1 0.1 0.09 0.09 7579.68 1957790.0
370 Apr 23, 2015 0.09 0.1 0.09 0.09 8678.94 1776520.0
371 Apr 24, 2015 0.09 0.1 0.09 0.09 6670.88 1793480.0
372 Apr 25, 2015 0.09 0.09 0.09 0.09 6740.23 1760800.0
373 Apr 26, 2015 0.09 0.1 0.09 0.09 6426.19 1757190.0
374 Apr 27, 2015 0.09 0.1 0.09 0.09 6929.66 1726480.0
375 Apr 28, 2015 0.09 0.1 0.09 0.09 5536.65 1757700.0
376 Apr 29, 2015 0.09 0.09 0.06 0.09 4435.94 1801390.0
377 Apr 30, 2015 0.09 0.1 0.09 0.09 3527.45 1777920.0
378 May 01, 2015 0.09 0.1 0.07 0.07 13253.5 1789530.0
379 May 02, 2015 0.07 0.08 0.07 0.07 10558.0 1434350.0
380 May 03, 2015 0.07 0.08 0.07 0.07 5010.1 1360830.0
381 May 04, 2015 0.07 0.07 0.07 0.07 5142.67 1364850.0
382 May 05, 2015 0.07 0.08 0.07 0.08 6225.0 1354810.0
383 May 06, 2015 0.08 0.08 0.07 0.08 5973.62 1531520.0
384 May 07, 2015 0.08 0.08 0.07 0.08 6835.88 1532470.0
385 May 08, 2015 0.08 0.08 0.07 0.08 5779.95 1490540.0
386 May 09, 2015 0.08 0.08 0.07 0.07 4808.12 1484690.0
387 May 10, 2015 0.07 0.07 0.07 0.07 4451.76 1432790.0
388 May 11, 2015 0.07 0.08 0.07 0.07 5612.81 1390740.0
389 May 12, 2015 0.07 0.08 0.07 0.08 5171.14 1462170.0
390 May 13, 2015 0.08 0.09 0.08 0.09 6748.16 1497240.0
391 May 14, 2015 0.09 0.1 0.07 0.1 8338.12 1729320.0
392 May 15, 2015 0.1 0.12 0.08 0.12 12341.1 2021620.0
393 May 16, 2015 0.12 0.13 0.11 0.12 9338.05 2380330.0
394 May 17, 2015 0.12 0.13 0.1 0.13 9533.03 2274690.0
395 May 18, 2015 0.13 0.13 0.11 0.12 7257.77 2617280.0
396 May 19, 2015 0.12 0.12 0.07 0.07 6286.99 2298440.0
397 May 20, 2015 0.07 0.11 0.07 0.11 5097.73 1346410.0
398 May 21, 2015 0.11 0.12 0.11 0.12 4030.22 2200400.0
399 May 22, 2015 0.11 0.13 0.11 0.12 5371.32 2278310.0
400 May 23, 2015 0.12 0.12 0.12 0.12 3923.77 2473920.0
401 May 24, 2015 0.12 0.13 0.12 0.12 3211.56 2391250.0
402 May 25, 2015 0.12 0.13 0.12 0.13 4915.31 2443650.0
403 May 26, 2015 0.13 0.14 0.13 0.14 6316.99 2605990.0
404 May 27, 2015 0.14 0.15 0.13 0.14 6554.23 2768730.0
405 May 28, 2015 0.14 0.14 0.12 0.13 3754.98 2707020.0
406 May 29, 2015 0.13 0.13 0.12 0.13 3586.33 2527930.0
407 May 30, 2015 0.13 0.13 0.12 0.12 3604.55 2526400.0
408 May 31, 2015 0.12 0.12 0.12 0.12 4940.72 2454550.0
409 Jun 01, 2015 0.12 0.12 0.11 0.11 3678.0 2373170.0
410 Jun 02, 2015 0.11 0.12 0.11 0.11 4098.04 2306770.0
411 Jun 03, 2015 0.11 0.13 0.11 0.12 4803.11 2236300.0
412 Jun 04, 2015 0.12 0.13 0.12 0.13 5901.69 2499500.0
413 Jun 05, 2015 0.13 0.13 0.12 0.12 3044.99 2540550.0
414 Jun 06, 2015 0.12 0.12 0.11 0.12 3392.02 2394710.0
415 Jun 07, 2015 0.12 0.13 0.12 0.12 3665.73 2500690.0
416 Jun 08, 2015 0.12 0.13 0.12 0.13 5498.06 2481870.0
417 Jun 09, 2015 0.13 0.13 0.12 0.13 5615.68 2549930.0
418 Jun 10, 2015 0.13 0.14 0.12 0.13 5399.91 2640820.0
419 Jun 11, 2015 0.13 0.15 0.13 0.13 5992.34 2701620.0
420 Jun 12, 2015 0.13 0.15 0.13 0.14 6684.8 2707410.0
421 Jun 13, 2015 0.14 0.16 0.14 0.15 7349.11 2916150.0
422 Jun 14, 2015 0.15 0.17 0.14 0.16 8084.8 3062650.0
423 Jun 15, 2015 0.16 0.18 0.16 0.18 9022.03 3232380.0
424 Jun 16, 2015 0.18 0.2 0.15 0.15 11900.5 3594670.0
425 Jun 17, 2015 0.15 0.17 0.14 0.15 8557.83 3126800.0
426 Jun 18, 2015 0.15 0.15 0.14 0.15 6820.43 3021320.0
427 Jun 19, 2015 0.15 0.16 0.13 0.16 9142.93 3042810.0
428 Jun 20, 2015 0.16 0.16 0.14 0.14 7615.51 3237810.0
429 Jun 21, 2015 0.14 0.15 0.14 0.14 8199.22 2877250.0
430 Jun 22, 2015 0.14 0.15 0.14 0.15 6731.7 2997110.0
431 Jun 23, 2015 0.14 0.15 0.14 0.15 6255.98 3006610.0
432 Jun 24, 2015 0.15 0.17 0.14 0.16 5828.39 3070700.0
433 Jun 25, 2015 0.16 0.17 0.16 0.17 7574.78 3321560.0
434 Jun 26, 2015 0.17 0.17 0.15 0.16 5419.81 3466550.0
435 Jun 27, 2015 0.16 0.17 0.15 0.15 5245.02 3274090.0
436 Jun 28, 2015 0.15 0.16 0.15 0.16 4491.21 3231910.0
437 Jun 29, 2015 0.15 0.16 0.15 0.15 6011.78 3252070.0
438 Jun 30, 2015 0.15 0.16 0.15 0.16 6571.17 3255760.0
439 Jul 01, 2015 0.16 0.17 0.16 0.17 4740.63 3391360.0
440 Jul 02, 2015 0.17 0.17 0.16 0.17 4534.83 3477330.0
441 Jul 03, 2015 0.17 0.17 0.16 0.16 4173.22 3485880.0
442 Jul 04, 2015 0.16 0.17 0.16 0.17 4090.51 3443020.0
443 Jul 05, 2015 0.17 0.19 0.17 0.19 5780.86 3553090.0
444 Jul 06, 2015 0.19 0.19 0.17 0.17 6100.22 3960800.0
445 Jul 07, 2015 0.17 0.17 0.16 0.17 3461.99 3642370.0
446 Jul 08, 2015 0.17 0.17 0.16 0.16 4147.58 3553910.0
447 Jul 09, 2015 0.16 0.16 0.15 0.15 4171.23 3448110.0
448 Jul 10, 2015 0.15 0.17 0.15 0.16 4579.55 3208770.0
449 Jul 11, 2015 0.16 0.17 0.15 0.16 6111.57 3333520.0
450 Jul 12, 2015 0.16 0.16 0.15 0.16 2873.87 3316380.0
451 Jul 13, 2015 0.16 0.16 0.15 0.16 3354.34 3330520.0
452 Jul 14, 2015 0.16 0.17 0.16 0.16 4203.84 3388680.0
453 Jul 15, 2015 0.16 0.16 0.16 0.16 2111.67 3385720.0
454 Jul 16, 2015 0.16 0.16 0.15 0.15 4348.61 3391510.0
455 Jul 17, 2015 0.15 0.15 0.14 0.15 2390.56 3228040.0
456 Jul 18, 2015 0.15 0.15 0.14 0.14 3840.62 3127430.0
457 Jul 19, 2015 0.14 0.15 0.14 0.15 3167.55 3086940.0
458 Jul 20, 2015 0.15 0.16 0.15 0.16 3922.35 3272290.0
459 Jul 21, 2015 0.16 0.16 0.14 0.14 3640.1 3342830.0
460 Jul 22, 2015 0.14 0.15 0.14 0.15 3205.44 3100950.0
461 Jul 23, 2015 0.15 0.15 0.14 0.14 3207.57 3181200.0
462 Jul 24, 2015 0.14 0.15 0.14 0.15 3345.18 3125970.0
463 Jul 25, 2015 0.15 0.15 0.14 0.14 3378.92 3198400.0
464 Jul 26, 2015 0.14 0.15 0.14 0.14 3003.06 3131010.0
465 Jul 27, 2015 0.14 0.14 0.13 0.14 4187.26 3108340.0
466 Jul 28, 2015 0.14 0.14 0.14 0.14 3236.1 2993270.0
467 Jul 29, 2015 0.14 0.14 0.14 0.14 4650.98 3052630.0
468 Jul 30, 2015 0.14 0.14 0.13 0.13 3249.31 3050360.0
469 Jul 31, 2015 0.13 0.14 0.12 0.12 3967.55 2871980.0
470 Aug 01, 2015 0.12 0.13 0.11 0.11 2637.52 2682700.0
471 Aug 02, 2015 0.11 0.13 0.1 0.13 6131.94 2399800.0
472 Aug 03, 2015 0.13 0.14 0.13 0.13 3565.04 2832940.0
473 Aug 04, 2015 0.13 0.14 0.12 0.13 2367.39 2790660.0
474 Aug 05, 2015 0.13 0.14 0.12 0.13 2802.11 2867820.0
475 Aug 06, 2015 0.13 0.13 0.12 0.13 2547.17 2764210.0
476 Aug 07, 2015 0.13 0.13 0.12 0.12 2117.44 2811060.0
477 Aug 08, 2015 0.12 0.13 0.11 0.11 4518.76 2710670.0
478 Aug 09, 2015 0.11 0.13 0.11 0.12 3040.18 2407930.0
479 Aug 10, 2015 0.12 0.12 0.12 0.12 1890.1 2621590.0
480 Aug 11, 2015 0.12 0.12 0.11 0.12 4397.31 2580760.0
481 Aug 12, 2015 0.12 0.12 0.11 0.11 2174.68 2559530.0
482 Aug 13, 2015 0.11 0.11 0.1 0.1 2255.07 2490750.0
483 Aug 14, 2015 0.1 0.11 0.1 0.11 5835.08 2308940.0
484 Aug 15, 2015 0.11 0.12 0.11 0.11 2683.26 2344660.0
485 Aug 16, 2015 0.11 0.13 0.11 0.12 3654.18 2477440.0
486 Aug 17, 2015 0.12 0.12 0.11 0.11 2850.6 2610970.0
487 Aug 18, 2015 0.11 0.12 0.1 0.1 3773.49 2501440.0
488 Aug 19, 2015 0.1 0.12 0.1 0.11 3439.48 2276860.0
489 Aug 20, 2015 0.11 0.12 0.11 0.11 4598.18 2508630.0
490 Aug 21, 2015 0.11 0.12 0.11 0.12 3104.57 2505610.0
491 Aug 22, 2015 0.12 0.12 0.11 0.11 1653.43 2596600.0
492 Aug 23, 2015 0.12 0.12 0.12 0.12 2610.76 2543040.0
493 Aug 24, 2015 0.12 0.12 0.1 0.11 1871.22 2585160.0
494 Aug 25, 2015 0.11 0.12 0.11 0.11 2792.94 2419500.0
495 Aug 26, 2015 0.11 0.12 0.11 0.11 2199.88 2465310.0
496 Aug 27, 2015 0.11 0.11 0.11 0.11 2127.35 2480850.0
497 Aug 28, 2015 0.11 0.12 0.11 0.11 2094.73 2469370.0
498 >Aug 29, 201 0.11 0.11 0.11 0.11 1916.19 2470140.0
499 Aug 30, 2015 0.11 0.11 0.11 0.11 1692.94 2490690.0
500 Aug 31, 2015 0.11 0.11 0.11 0.11 4010.47 2458740.0
501 Sep 01, 2015 0.11 0.11 0.11 0.11 1150.42 2400860.0
502 Sep 02, 2015 0.11 0.11 0.11 0.11 1228.96 2384900.0
503 Sep 03, 2015 0.11 0.11 0.11 0.11 1926.63 2402880.0
504 Sep 04, 2015 0.11 0.11 0.1 0.11 1247.04 2385980.0
505 Sep 05, 2015 0.11 0.11 0.1 0.1 2020.38 2391550.0
506 Sep 06, 2015 0.1 0.11 0.09 0.09 2650.79 2249420.0
507 Sep 07, 2015 0.09 0.1 0.09 0.09 2049.45 2071700.0
508 Sep 08, 2015 0.09 0.1 0.09 0.1 1595.91 2049680.0
509 Sep 09, 2015 0.09 0.1 0.09 0.1 1469.51 2114510.0
510 Sep 10, 2015 0.1 0.1 0.09 0.1 1473.57 2139430.0
511 Sep 11, 2015 0.1 0.11 0.1 0.1 1590.81 2254350.0
512 Sep 12, 2015 0.1 0.11 0.1 0.1 1017.27 2306890.0
513 Sep 13, 2015 0.1 0.1 0.1 0.1 2173.09 2263240.0
514 Sep 14, 2015 0.1 0.1 0.1 0.1 972.94 2244890.0
515 Sep 15, 2015 0.1 0.11 0.09 0.09 2043.67 2125170.0
516 Sep 16, 2015 0.09 0.1 0.09 0.09 1417.07 2109370.0
517 Sep 17, 2015 0.09 0.1 0.09 0.09 1379.87 2110000.0
518 Sep 18, 2015 0.09 0.1 0.09 0.1 2312.77 2062540.0
519 Sep 19, 2015 0.1 0.1 0.1 0.1 900.6 2192000.0
520 Sep 20, 2015 0.1 0.1 0.09 0.09 1404.84 2200070.0
521 Sep 21, 2015 0.09 0.09 0.09 0.09 1376.45 2097460.0
522 Sep 22, 2015 0.09 0.09 0.09 0.09 1072.96 2023530.0
523 Sep 23, 2015 0.09 0.1 0.09 0.1 1723.41 2027480.0
524 Sep 24, 2015 0.1 0.11 0.09 0.1 1376.81 2136010.0
525 Sep 25, 2015 0.1 0.1 0.09 0.09 1580.47 2306960.0
526 Sep 26, 2015 0.09 0.1 0.09 0.1 1889.58 2123310.0
527 Sep 27, 2015 0.1 0.1 0.09 0.09 1776.13 2223590.0
528 Sep 28, 2015 0.09 0.1 0.09 0.09 1702.88 2016040.0
529 Sep 29, 2015 0.09 0.1 0.09 0.09 2061.09 2101220.0
530 Sep 30, 2015 0.09 0.09 0.08 0.09 4815.17 2067050.0
531 Oct 01, 2015 0.09 0.09 0.07 0.09 4341.98 2047490.0
532 Oct 02, 2015 0.09 0.09 0.09 0.09 2320.09 2050440.0
533 Oct 03, 2015 0.09 0.09 0.08 0.08 3149.65 1940830.0
534 Oct 04, 2015 0.08 0.08 0.08 0.08 2462.32 1846920.0
535 Oct 05, 2015 0.08 0.09 0.08 0.08 2214.66 1913700.0
536 Oct 06, 2015 0.08 0.08 0.08 0.08 2795.18 1852990.0
537 Oct 07, 2015 0.08 0.09 0.08 0.08 5390.49 1893490.0
538 Oct 08, 2015 0.08 0.08 0.08 0.08 2697.91 1885190.0
539 Oct 09, 2015 0.08 0.08 0.08 0.08 3382.89 1820160.0
540 Oct 10, 2015 0.08 0.08 0.07 0.07 2785.27 1795540.0
541 Oct 11, 2015 0.07 0.07 0.06 0.06 2764.22 1567480.0
542 Oct 12, 2015 0.06 0.07 0.06 0.07 3622.08 1440540.0
543 Oct 13, 2015 0.07 0.07 0.06 0.06 1834.22 1525730.0
544 Oct 14, 2015 0.06 0.07 0.06 0.07 3230.32 1501440.0
545 Oct 15, 2015 0.07 0.07 0.07 0.07 1885.66 1628900.0
546 Oct 16, 2015 0.07 0.07 0.07 0.07 1351.4 1615070.0
547 Oct 17, 2015 0.07 0.07 0.06 0.07 2465.64 1590440.0
548 Oct 18, 2015 0.07 0.07 0.07 0.07 2221.42 1565170.0
549 >Oct 19, 201 0.07 0.07 0.07 0.07 3562.96 1633900.0
550 Oct 20, 2015 0.07 0.07 0.07 0.07 2644.14 1732350.0
551 Oct 21, 2015 0.07 0.07 0.07 0.07 1860.05 1619480.0
552 Oct 22, 2015 0.07 0.08 0.07 0.08 3059.03 1743490.0
553 Oct 23, 2015 0.07 0.08 0.07 0.07 2267.05 1775460.0
554 Oct 24, 2015 0.07 0.07 0.07 0.07 2942.07 1692690.0
555 Oct 25, 2015 0.07 0.07 0.07 0.07 2515.94 1655650.0
556 Oct 26, 2015 0.07 0.08 0.07 0.07 2662.83 1719250.0
557 Oct 27, 2015 0.07 0.07 0.07 0.07 2283.07 1677590.0
558 Oct 28, 2015 0.07 0.07 0.07 0.07 2428.09 1658640.0
559 Oct 29, 2015 0.07 0.07 0.07 0.07 3785.7 1672820.0
560 Oct 30, 2015 0.07 0.07 0.06 0.07 2706.2 1589720.0
561 Oct 31, 2015 0.07 0.07 0.06 0.07 2647.68 1607470.0
562 Nov 01, 2015 0.07 0.07 0.06 0.07 2593.33 1574760.0
563 Nov 02, 2015 0.07 0.07 0.07 0.07 2905.87 1657120.0
564 Nov 03, 2015 0.07 0.07 0.07 0.07 2606.85 1671630.0
565 Nov 04, 2015 0.07 0.08 0.07 0.07 3431.24 1630600.0
566 Nov 05, 2015 0.07 0.07 0.07 0.07 2591.02 1799140.0
567 Nov 06, 2015 0.07 0.07 0.06 0.07 3477.23 1693270.0
568 Nov 07, 2015 0.07 0.07 0.06 0.07 2936.08 1590260.0
569 Nov 08, 2015 0.07 0.08 0.07 0.07 3098.44 1658170.0
570 Nov 09, 2015 0.07 0.08 0.07 0.08 4496.77 1797590.0
571 Nov 10, 2015 0.08 0.08 0.06 0.07 2469.2 1862980.0
572 Nov 11, 2015 0.07 0.07 0.06 0.07 3418.82 1673400.0
573 Nov 12, 2015 0.07 0.07 0.07 0.07 2691.6 1739880.0
574 Nov 13, 2015 0.07 0.07 0.07 0.07 2796.56 1766770.0
575 Nov 14, 2015 0.07 0.07 0.07 0.07 3057.95 1787120.0
576 Nov 15, 2015 0.07 0.07 0.07 0.07 2491.67 1745030.0
577 Nov 16, 2015 0.07 0.07 0.07 0.07 3409.94 1734520.0
578 Nov 17, 2015 0.07 0.07 0.07 0.07 2517.26 1767340.0
579 Nov 18, 2015 0.07 0.07 0.07 0.07 3214.67 1792130.0
580 Nov 19, 2015 0.07 0.07 0.07 0.07 2677.37 1781740.0
581 Nov 20, 2015 0.07 0.07 0.07 0.07 3267.22 1865600.0
582 Nov 21, 2015 0.07 0.07 0.07 0.07 2050.43 1755960.0
583 Nov 22, 2015 0.07 0.07 0.07 0.07 2302.54 1768370.0
584 Nov 23, 2015 0.07 0.07 0.07 0.07 2993.9 1770270.0
585 Nov 24, 2015 0.07 0.07 0.07 0.07 3540.5 1738900.0
586 Nov 25, 2015 0.07 0.07 0.07 0.07 2264.99 1828210.0
587 Nov 26, 2015 0.07 0.07 0.07 0.07 3821.27 1790400.0
588 Nov 27, 2015 0.07 0.07 0.07 0.07 2677.6 1810340.0
589 Nov 28, 2015 0.07 0.07 0.07 0.07 2990.32 1818860.0
590 Nov 29, 2015 0.07 0.07 0.07 0.07 3055.47 1770100.0
591 Nov 30, 2015 0.07 0.07 0.06 0.07 2396.63 1722300.0
592 Dec 01, 2015 0.07 0.07 0.06 0.06 3595.02 1717210.0
593 Dec 02, 2015 0.06 0.06 0.06 0.06 3467.52 1645620.0
594 Dec 03, 2015 0.06 0.07 0.06 0.06 4341.54 1613180.0
595 Dec 04, 2015 0.06 0.06 0.06 0.06 3580.92 1585360.0
596 Dec 05, 2015 0.06 0.07 0.06 0.06 3377.49 1642790.0
597 Dec 06, 2015 0.06 0.07 0.06 0.06 3379.39 1646890.0
598 Dec 07, 2015 0.06 0.06 0.06 0.06 3092.2 1585510.0
599 Dec 08, 2015 0.06 0.06 0.05 0.06 3529.49 1595890.0
600 Dec 09, 2015 0.06 0.06 0.04 0.06 3678.58 1589820.0
601 Dec 10, 2015 0.06 0.06 0.06 0.06 3279.39 1621900.0
602 Dec 11, 2015 0.06 0.06 0.06 0.06 4197.08 1499620.0
603 Dec 12, 2015 0.06 0.06 0.06 0.06 3376.36 1570350.0
604 Dec 13, 2015 0.06 0.06 0.06 0.06 3467.35 1524050.0
605 Dec 14, 2015 0.06 0.06 0.06 0.06 2890.79 1527940.0
606 Dec 15, 2015 0.06 0.06 0.06 0.06 3489.31 1493820.0
607 Dec 16, 2015 0.06 0.06 0.06 0.06 2790.02 1561350.0
608 Dec 17, 2015 0.06 0.06 0.06 0.06 3034.15 1586570.0
609 Dec 18, 2015 0.06 0.07 0.06 0.06 3475.75 1617500.0
610 Dec 19, 2015 0.06 0.06 0.06 0.06 3406.27 1641650.0
611 Dec 20, 2015 0.06 0.06 0.06 0.06 3507.29 1648890.0
612 Dec 21, 2015 0.06 0.06 0.06 0.06 3236.72 1543030.0
613 Dec 22, 2015 0.06 0.07 0.06 0.06 2729.99 1581060.0
614 Dec 23, 2015 0.06 0.06 0.06 0.06 2768.0 1588810.0
615 Dec 24, 2015 0.06 0.07 0.06 0.06 2991.04 1617350.0
616 Dec 25, 2015 0.06 0.07 0.06 0.06 2573.47 1634150.0
617 Dec 26, 2015 0.06 0.06 0.06 0.06 2436.46 1683210.0
618 Dec 27, 2015 0.06 0.06 0.06 0.06 2174.51 1622670.0
619 Dec 28, 2015 0.06 0.06 0.06 0.06 2861.41 1593950.0
620 Dec 29, 2015 0.06 0.06 0.06 0.06 5326.2 1635570.0
621 Dec 30, 2015 0.06 0.06 0.06 0.06 4783.24 1656560.0
622 Dec 31, 2015 0.06 0.07 0.06 0.06 6139.03 1661520.0
623 Jan 01, 2016 0.06 0.06 0.06 0.06 3832.82 1624950.0
624 Jan 02, 2016 0.06 0.06 0.06 0.06 6518.42 1591080.0
625 Jan 03, 2016 0.06 0.06 0.06 0.06 7035.09 1648310.0
626 Jan 04, 2016 0.06 0.07 0.06 0.07 5680.73 1628240.0
627 Jan 05, 2016 0.07 0.07 0.07 0.07 4732.37 1823810.0
628 Jan 06, 2016 0.07 0.08 0.07 0.08 6187.91 1891380.0
629 Jan 07, 2016 0.08 0.08 0.07 0.08 4641.63 2074390.0
630 Jan 08, 2016 0.08 0.08 0.07 0.07 5906.93 2185860.0
631 Jan 09, 2016 0.07 0.08 0.07 0.07 5158.73 2019400.0
632 Jan 10, 2016 0.07 0.07 0.07 0.07 5916.95 1866630.0
633 Jan 11, 2016 0.07 0.07 0.07 0.07 4458.78 1917740.0
634 Jan 12, 2016 0.07 0.07 0.07 0.07 3773.83 1933820.0
635 Jan 13, 2016 0.07 0.07 0.07 0.07 3986.95 1941190.0
636 Jan 14, 2016 0.07 0.07 0.07 0.07 5817.1 1927990.0
637 Jan 15, 2016 0.07 0.07 0.06 0.07 3504.33 1874970.0
638 Jan 16, 2016 0.07 0.07 0.06 0.07 3889.9 1885540.0
639 Jan 17, 2016 0.07 0.07 0.06 0.06 4265.09 1802240.0
640 Jan 18, 2016 0.06 0.07 0.06 0.06 4865.91 1742430.0
641 Jan 19, 2016 0.07 0.07 0.06 0.06 4350.22 1801420.0
642 >Jan 20, 201 0.06 0.07 0.06 0.06 3641.51 1754000.0
643 Jan 21, 2016 0.06 0.06 0.06 0.06 4801.66 1700660.0
644 Jan 22, 2016 0.06 0.06 0.06 0.06 3179.01 1687380.0
645 Jan 23, 2016 0.06 0.06 0.06 0.06 3275.33 1649220.0
646 Jan 24, 2016 0.06 0.06 0.06 0.06 1836.55 1633850.0
647 Jan 25, 2016 0.06 0.06 0.06 0.06 5717.29 1679710.0
648 Jan 26, 2016 0.06 0.06 0.06 0.06 4400.75 1681580.0
649 Jan 27, 2016 0.06 0.06 0.06 0.06 4005.15 1691030.0
650 Jan 28, 2016 0.06 0.06 0.06 0.06 3298.32 1607670.0
651 Jan 29, 2016 0.06 0.07 0.06 0.06 3556.14 1682240.0
652 Jan 30, 2016 0.06 0.06 0.06 0.06 3149.74 1703250.0
653 Jan 31, 2016 0.06 0.06 0.06 0.06 3541.88 1682930.0
654 Feb 01, 2016 0.06 0.06 0.06 0.06 3421.61 1681270.0
655 Feb 02, 2016 0.06 0.06 0.06 0.06 3774.43 1644430.0
656 Feb 03, 2016 0.06 0.06 0.06 0.06 4422.42 1704360.0
657 Feb 04, 2016 0.06 0.06 0.06 0.06 4386.51 1662550.0
658 Feb 05, 2016 0.06 0.06 0.06 0.06 3761.1 1726740.0
659 Feb 06, 2016 0.06 0.06 0.06 0.06 3129.56 1703100.0
660 Feb 07, 2016 0.06 0.06 0.06 0.06 3618.97 1696790.0
661 Feb 08, 2016 0.06 0.06 0.06 0.06 3663.21 1709320.0
662 Feb 09, 2016 0.06 0.06 0.06 0.06 5022.54 1742340.0
663 Feb 10, 2016 0.06 0.06 0.06 0.06 3102.42 1736650.0
664 Feb 11, 2016 0.06 0.06 0.06 0.06 2565.69 1765350.0
665 Feb 12, 2016 0.06 0.06 0.06 0.06 3453.28 1737760.0
666 Feb 13, 2016 0.06 0.06 0.06 0.06 2483.46 1768860.0
667 Feb 14, 2016 0.06 0.06 0.06 0.06 2804.52 1657930.0
668 Feb 15, 2016 0.06 0.06 0.06 0.06 2698.01 1689330.0
669 Feb 16, 2016 0.06 0.07 0.06 0.06 5218.19 1609580.0
670 Feb 17, 2016 0.06 0.06 0.06 0.06 2832.1 1660070.0
671 Feb 18, 2016 0.06 0.06 0.06 0.06 2665.17 1717000.0
672 Feb 19, 2016 0.06 0.06 0.06 0.06 2726.28 1699960.0
673 Feb 20, 2016 0.06 0.06 0.06 0.06 3487.23 1693950.0
674 Feb 21, 2016 0.06 0.06 0.06 0.06 2662.4 1683990.0
675 Feb 22, 2016 0.06 0.06 0.05 0.06 2477.49 1659070.0
676 Feb 23, 2016 0.06 0.06 0.06 0.06 3775.94 1677630.0
677 Feb 24, 2016 0.06 0.06 0.06 0.06 2582.5 1681340.0
678 Feb 25, 2016 0.06 0.07 0.06 0.06 4201.52 1731540.0
679 Feb 26, 2016 0.06 0.07 0.06 0.06 4015.76 1860190.0
680 Feb 27, 2016 0.06 0.06 0.06 0.06 2830.09 1884590.0
681 Feb 28, 2016 0.06 0.06 0.06 0.06 2540.85 1824030.0
682 Feb 29, 2016 0.06 0.06 0.06 0.06 4703.68 1807210.0
683 Mar 01, 2016 0.06 0.07 0.06 0.06 3295.4 1855440.0
684 Mar 02, 2016 0.06 0.07 0.06 0.07 4228.14 1890590.0
685 Mar 03, 2016 0.07 0.07 0.07 0.07 3937.12 2007080.0
686 Mar 04, 2016 0.07 0.07 0.06 0.07 3091.2 2032670.0
687 Mar 05, 2016 0.07 0.07 0.06 0.06 3466.59 1952910.0
688 Mar 06, 2016 0.06 0.06 0.06 0.06 3167.54 1906510.0
689 Mar 07, 2016 0.06 0.07 0.06 0.06 5173.97 1905540.0
690 Mar 08, 2016 0.06 0.07 0.06 0.07 3126.77 1925360.0
691 Mar 09, 2016 0.07 0.07 0.07 0.07 3722.02 2014710.0
692 Mar 10, 2016 0.07 0.07 0.06 0.06 4011.7 2051600.0
693 Mar 11, 2016 0.06 0.07 0.06 0.07 3500.89 1945390.0
694 Mar 12, 2016 0.07 0.07 0.06 0.06 2642.93 1975860.0
695 Mar 13, 2016 0.06 0.07 0.06 0.06 2458.95 1959330.0
696 Mar 14, 2016 0.06 0.07 0.06 0.06 3909.1 1951550.0
697 Mar 15, 2016 0.06 0.07 0.06 0.06 2824.81 1956610.0
698 Mar 16, 2016 0.06 0.06 0.06 0.06 3841.55 1928700.0
699 Mar 17, 2016 0.06 0.07 0.06 0.06 3186.9 1916620.0
700 Mar 18, 2016 0.06 0.07 0.06 0.06 3192.56 1968510.0
701 Mar 19, 2016 0.06 0.06 0.06 0.06 3354.4 1933280.0
702 Mar 20, 2016 0.06 0.06 0.06 0.06 1959.43 1935500.0
703 Mar 21, 2016 0.06 0.06 0.06 0.06 5191.11 1938170.0
704 Mar 22, 2016 0.06 0.06 0.06 0.06 3879.61 1888230.0
705 Mar 23, 2016 0.06 0.06 0.06 0.06 2765.66 1933530.0
706 >Mar 24, 201 0.06 0.06 0.06 0.06 3903.16 1932720.0
707 Mar 25, 2016 0.06 0.06 0.06 0.06 3377.68 1914590.0
708 Mar 26, 2016 0.06 0.07 0.06 0.06 3022.04 1973430.0
709 Mar 27, 2016 0.06 0.07 0.06 0.06 4154.03 2001240.0
710 Mar 28, 2016 0.06 0.06 0.06 0.06 2637.98 1938820.0
711 Mar 29, 2016 0.06 0.06 0.06 0.06 3823.84 1955970.0
712 Mar 30, 2016 0.06 0.07 0.06 0.07 5328.75 1962080.0
713 Mar 31, 2016 0.07 0.07 0.07 0.07 4389.86 2181020.0
714 Apr 01, 2016 0.07 0.07 0.07 0.07 3938.28 2133730.0
715 Apr 02, 2016 0.07 0.07 0.07 0.07 2436.43 2097610.0
716 Apr 03, 2016 0.07 0.07 0.07 0.07 3490.6 2082050.0
717 Apr 04, 2016 0.07 0.07 0.07 0.07 3194.93 2071080.0
718 Apr 05, 2016 0.07 0.07 0.07 0.07 4778.97 2108440.0
719 Apr 06, 2016 0.07 0.07 0.07 0.07 4376.19 2098700.0
720 Apr 07, 2016 0.07 0.07 0.07 0.07 3527.82 2098850.0
721 Apr 08, 2016 0.07 0.07 0.07 0.07 3295.13 2079620.0
722 Apr 09, 2016 0.07 0.07 0.07 0.07 3392.9 2124840.0
723 Apr 10, 2016 0.07 0.07 0.07 0.07 3445.28 2132870.0
724 Apr 11, 2016 0.07 0.07 0.07 0.07 3731.85 2119010.0
725 Apr 12, 2016 0.07 0.07 0.07 0.07 4054.14 2121870.0
726 Apr 13, 2016 0.07 0.07 0.06 0.07 3737.15 2097470.0
727 Apr 14, 2016 0.07 0.07 0.06 0.06 3724.98 2062660.0
728 Apr 15, 2016 0.06 0.07 0.06 0.06 2842.19 2023040.0
729 Apr 16, 2016 0.06 0.07 0.06 0.06 3303.85 2038210.0
730 Apr 17, 2016 0.06 0.07 0.06 0.06 4429.09 2016960.0
731 Apr 18, 2016 0.06 0.07 0.06 0.07 4339.81 2026020.0
732 Apr 19, 2016 0.07 0.07 0.06 0.06 2939.63 2090170.0
733 Apr 20, 2016 0.06 0.07 0.06 0.06 2468.62 2065150.0
734 Apr 21, 2016 0.06 0.06 0.06 0.06 2847.69 2059540.0
735 Apr 22, 2016 0.06 0.06 0.06 0.06 1589.15 2005700.0
736 Apr 23, 2016 0.06 0.06 0.06 0.06 2111.21 1971530.0
737 Apr 24, 2016 0.06 0.06 0.06 0.06 2160.1 2015200.0
738 Apr 25, 2016 0.06 0.06 0.06 0.06 2304.05 1956760.0
739 Apr 26, 2016 0.06 0.06 0.06 0.06 2283.4 1976250.0
740 Apr 27, 2016 0.06 0.06 0.06 0.06 3990.73 1961110.0
741 Apr 28, 2016 0.06 0.06 0.06 0.06 3009.51 1935020.0
742 Apr 29, 2016 0.06 0.06 0.06 0.06 3170.32 2007770.0
743 Apr 30, 2016 0.06 0.06 0.06 0.06 3297.52 2015800.0
744 May 01, 2016 0.06 0.06 0.06 0.06 3226.91 2024900.0
745 May 02, 2016 0.06 0.06 0.06 0.06 2819.42 2016250.0
746 May 03, 2016 0.06 0.06 0.06 0.06 2623.44 1986520.0
747 May 04, 2016 0.06 0.06 0.06 0.06 2567.87 1985550.0
748 May 05, 2016 0.06 0.06 0.06 0.06 3280.88 1914100.0
749 May 06, 2016 0.06 0.06 0.06 0.06 2435.45 2010780.0
750 May 07, 2016 0.06 0.06 0.05 0.05 2588.22 1922340.0
751 May 08, 2016 0.05 0.05 0.04 0.04 3106.35 1751530.0
752 May 09, 2016 0.04 0.06 0.04 0.05 2932.93 1500800.0
753 May 10, 2016 0.05 0.05 0.05 0.05 2910.94 1667100.0
754 May 11, 2016 0.05 0.05 0.04 0.04 4745.45 1558140.0
755 May 12, 2016 0.04 0.04 0.04 0.04 1595.17 1482260.0
756 May 13, 2016 0.04 0.05 0.04 0.05 1923.71 1365360.0
757 May 14, 2016 0.05 0.05 0.04 0.04 2066.17 1520280.0
758 May 15, 2016 0.04 0.05 0.04 0.04 2453.39 1425200.0
759 May 16, 2016 0.04 0.06 0.04 0.05 3823.04 1456140.0
760 May 17, 2016 0.05 0.05 0.05 0.05 1943.01 1733340.0
761 May 18, 2016 0.05 0.05 0.05 0.05 2760.31 1612890.0
762 May 19, 2016 0.05 0.06 0.05 0.05 2267.37 1672200.0
763 May 20, 2016 0.05 0.05 0.04 0.04 2554.89 1608530.0
764 May 21, 2016 0.04 0.05 0.04 0.04 2410.29 1494030.0
765 May 22, 2016 0.04 0.05 0.04 0.04 1192.32 1525300.0
766 May 23, 2016 0.04 0.04 0.04 0.04 1790.0 1496750.0
767 May 24, 2016 0.04 0.04 0.04 0.04 1583.28 1487870.0
768 May 25, 2016 0.04 0.04 0.04 0.04 2051.18 1409330.0
769 May 26, 2016 0.04 0.04 0.04 0.04 1273.44 1478310.0
770 May 27, 2016 0.04 0.04 0.04 0.04 1673.61 1422760.0
771 May 28, 2016 0.04 0.04 0.03 0.04 1958.09 1251110.0
772 May 29, 2016 0.04 0.04 0.03 0.03 1445.06 1244970.0
773 May 30, 2016 0.04 0.04 0.03 0.04 1394.45 1217650.0
774 May 31, 2016 0.04 0.05 0.04 0.04 3588.19 1346900.0
775 Jun 01, 2016 0.04 0.05 0.04 0.05 3706.94 1427770.0
776 Jun 02, 2016 0.05 0.06 0.04 0.05 1696.9 1757010.0
777 Jun 03, 2016 0.05 0.05 0.04 0.05 1759.79 1581670.0
778 Jun 04, 2016 0.05 0.05 0.04 0.05 1812.17 1656100.0
779 Jun 05, 2016 0.05 0.05 0.05 0.05 1666.36 1703040.0
780 Jun 06, 2016 0.05 0.06 0.05 0.06 1768.74 1754880.0
781 Jun 07, 2016 0.06 0.06 0.05 0.05 1963.94 1914350.0
782 Jun 08, 2016 0.05 0.06 0.05 0.06 1533.71 1825120.0
783 Jun 09, 2016 0.06 0.06 0.05 0.06 2384.29 1937490.0
784 Jun 10, 2016 0.06 0.06 0.06 0.06 3040.25 1985720.0
785 Jun 11, 2016 0.06 0.07 0.06 0.06 1934.27 2203310.0
786 Jun 12, 2016 0.06 0.06 0.06 0.06 2643.2 2201710.0
787 Jun 13, 2016 0.06 0.06 0.06 0.06 2573.21 1997160.0
788 Jun 14, 2016 0.06 0.06 0.06 0.06 2530.73 2141470.0
789 Jun 15, 2016 0.06 0.06 0.06 0.06 2332.53 2069090.0
790 Jun 16, 2016 0.06 0.07 0.06 0.06 2097.11 2062880.0
791 Jun 17, 2016 0.06 0.06 0.06 0.06 2196.92 2085320.0
792 Jun 18, 2016 0.06 0.06 0.06 0.06 1179.22 1976520.0
793 Jun 19, 2016 0.06 0.06 0.06 0.06 1812.02 2028710.0
794 Jun 20, 2016 0.06 0.06 0.05 0.05 1468.25 2009590.0
795 Jun 21, 2016 0.05 0.06 0.05 0.05 2485.03 1905920.0
796 Jun 22, 2016 0.05 0.06 0.05 0.05 1507.77 1842720.0
797 Jun 23, 2016 0.05 0.05 0.05 0.05 1685.19 1709370.0
798 Jun 24, 2016 0.05 0.06 0.05 0.05 1822.73 1723610.0
799 Jun 25, 2016 0.05 0.05 0.05 0.05 1579.52 1801120.0
800 Jun 26, 2016 0.05 0.06 0.05 0.05 1995.2 1803810.0
801 Jun 27, 2016 0.05 0.05 0.05 0.05 1960.13 1808610.0
802 Jun 28, 2016 0.05 0.05 0.05 0.05 1925.06 1832010.0
803 Jun 29, 2016 0.05 0.06 0.05 0.05 2917.13 1777990.0
804 Jun 30, 2016 0.05 0.06 0.05 0.05 4197.58 1870780.0
805 Jul 01, 2016 0.05 0.05 0.05 0.05 1665.81 1862680.0
806 Jul 02, 2016 0.05 0.05 0.05 0.05 1811.25 1822280.0
807 Jul 03, 2016 0.05 0.05 0.05 0.05 3145.75 1791870.0
808 Jul 04, 2016 0.05 0.05 0.05 0.05 1567.44 1832110.0
809 Jul 05, 2016 0.05 0.05 0.05 0.05 1335.72 1840390.0
810 Jul 06, 2016 0.05 0.05 0.05 0.05 1573.48 1836430.0
811 Jul 07, 2016 0.05 0.06 0.05 0.05 2459.2 1863670.0
812 Jul 08, 2016 0.05 0.05 0.05 0.05 1584.4 1899960.0
813 Jul 09, 2016 0.05 0.05 0.05 0.05 1599.79 1907170.0
814 Jul 10, 2016 0.05 0.05 0.05 0.05 1564.72 1876700.0
815 Jul 11, 2016 0.05 0.05 0.05 0.05 1639.53 1856180.0
816 Jul 12, 2016 0.05 0.06 0.05 0.05 1724.33 1850600.0
817 Jul 13, 2016 0.05 0.05 0.05 0.05 1331.07 1854790.0
818 Jul 14, 2016 0.05 0.05 0.05 0.05 1600.61 1791480.0
819 Jul 15, 2016 0.05 0.05 0.05 0.05 1529.55 1818170.0
820 Jul 16, 2016 0.05 0.05 0.05 0.05 1511.67 1855710.0
821 Jul 17, 2016 0.05 0.05 0.05 0.05 1536.38 1821140.0
822 Jul 18, 2016 0.05 0.05 0.05 0.05 1276.69 1814170.0
823 Jul 19, 2016 0.05 0.05 0.05 0.05 2852.68 1766710.0
824 Jul 20, 2016 0.05 0.05 0.05 0.05 1312.83 1803110.0
825 >Jul 21, 201 0.05 0.05 0.05 0.05 1449.01 1766990.0
826 Jul 22, 2016 0.05 0.05 0.05 0.05 1695.46 1810130.0
827 Jul 23, 2016 0.05 0.05 0.05 0.05 1294.46 1770590.0
828 Jul 24, 2016 0.05 0.05 0.05 0.05 2163.75 1760110.0
829 Jul 25, 2016 0.05 0.05 0.04 0.04 1345.44 1762990.0
830 Jul 26, 2016 0.04 0.05 0.04 0.04 1292.92 1606180.0
831 Jul 27, 2016 0.04 0.04 0.04 0.04 2827.85 1596500.0
832 Jul 28, 2016 0.04 0.04 0.04 0.04 1343.82 1508740.0
833 Jul 29, 2016 0.04 0.05 0.04 0.04 1436.52 1616380.0
834 Jul 30, 2016 0.04 0.05 0.04 0.05 1663.68 1656340.0
835 Jul 31, 2016 0.05 0.05 0.04 0.05 1937.38 1708360.0
836 Aug 01, 2016 0.05 0.05 0.04 0.04 928.35 1743180.0
837 Aug 02, 2016 0.04 0.05 0.04 0.05 2086.01 1657770.0
838 Aug 03, 2016 0.05 0.05 0.04 0.05 1698.87 1842200.0
839 Aug 04, 2016 0.05 0.05 0.04 0.05 1267.65 1738440.0
840 Aug 05, 2016 0.05 0.05 0.04 0.05 1370.13 1716150.0
841 Aug 06, 2016 0.05 0.05 0.04 0.04 1148.66 1760760.0
842 Aug 07, 2016 0.04 0.05 0.04 0.05 1017.11 1694440.0
843 Aug 08, 2016 0.05 0.05 0.04 0.04 1416.81 1733460.0
844 Aug 09, 2016 0.04 0.05 0.04 0.05 1549.39 1667200.0
845 Aug 10, 2016 0.05 0.05 0.04 0.05 1296.2 1738570.0
846 Aug 11, 2016 0.05 0.05 0.04 0.04 1423.96 1723660.0
847 Aug 12, 2016 0.04 0.05 0.04 0.05 1526.67 1700000.0
848 Aug 13, 2016 0.05 0.05 0.04 0.04 1251.85 1742910.0
849 Aug 14, 2016 0.04 0.05 0.04 0.04 1104.32 1673200.0
850 Aug 15, 2016 0.04 0.04 0.04 0.04 1125.39 1628360.0
851 Aug 16, 2016 0.04 0.04 0.04 0.04 1079.97 1599920.0
852 Aug 17, 2016 0.04 0.04 0.04 0.04 1000.71 1604410.0
853 Aug 18, 2016 0.04 0.04 0.04 0.04 823.04 1548490.0
854 Aug 19, 2016 0.04 0.04 0.04 0.04 848.55 1446170.0
855 Aug 20, 2016 0.04 0.04 0.04 0.04 808.0 1486830.0
856 Aug 21, 2016 0.04 0.04 0.04 0.04 707.51 1493360.0
857 Aug 22, 2016 0.04 0.04 0.04 0.04 844.34 1476500.0
858 Aug 23, 2016 0.04 0.04 0.04 0.04 1197.34 1532960.0
859 Aug 24, 2016 0.04 0.04 0.04 0.04 966.09 1548220.0
860 Aug 25, 2016 0.04 0.04 0.04 0.04 1319.37 1522800.0
861 Aug 26, 2016 0.04 0.05 0.04 0.04 1470.85 1574490.0
862 Aug 27, 2016 0.04 0.04 0.04 0.04 1016.21 1569370.0
863 Aug 28, 2016 0.04 0.04 0.04 0.04 1107.14 1616170.0
864 Aug 29, 2016 0.04 0.04 0.04 0.04 1249.05 1597650.0
865 Aug 30, 2016 0.04 0.04 0.04 0.04 1298.34 1643340.0
866 Aug 31, 2016 0.04 0.04 0.04 0.04 919.44 1621590.0
867 Sep 01, 2016 0.04 0.04 0.04 0.04 730.46 1609540.0
868 Sep 02, 2016 0.04 0.04 0.04 0.04 1031.54 1554930.0
869 Sep 03, 2016 0.04 0.04 0.04 0.04 1283.5 1521120.0
870 Sep 04, 2016 0.04 0.04 0.04 0.04 2705.42 1539750.0
871 Sep 05, 2016 0.04 0.04 0.04 0.04 1657.19 1572160.0
872 Sep 06, 2016 0.04 0.04 0.04 0.04 985.2 1538140.0
873 Sep 07, 2016 0.04 0.04 0.04 0.04 1452.44 1505710.0
874 Sep 08, 2016 0.04 0.04 0.04 0.04 874.32 1562460.0
875 Sep 09, 2016 0.04 0.04 0.04 0.04 1050.14 1599530.0
876 Sep 10, 2016 0.04 0.04 0.04 0.04 1784.17 1548070.0
877 Sep 11, 2016 0.04 0.04 0.04 0.04 893.95 1580700.0
878 Sep 12, 2016 0.04 0.04 0.04 0.04 847.83 1564370.0
879 Sep 13, 2016 0.04 0.04 0.04 0.04 796.67 1580080.0
880 Sep 14, 2016 0.04 0.04 0.04 0.04 878.52 1605480.0
881 Sep 15, 2016 0.04 0.04 0.04 0.04 1143.61 1569570.0
882 Sep 16, 2016 0.04 0.04 0.04 0.04 940.9 1569870.0
883 Sep 17, 2016 0.04 0.04 0.04 0.04 946.98 1565330.0
884 Sep 18, 2016 0.04 0.04 0.04 0.04 1040.72 1533710.0
885 Sep 19, 2016 0.04 0.04 0.04 0.04 1056.29 1532530.0
886 Sep 20, 2016 0.04 0.04 0.04 0.04 996.18 1507110.0
887 Sep 21, 2016 0.04 0.04 0.04 0.04 909.29 1545420.0
888 Sep 22, 2016 0.04 0.04 0.04 0.04 882.19 1525210.0
889 >Sep 23, 201 0.04 0.04 0.04 0.04 1317.42 1511260.0
890 Sep 24, 2016 0.04 0.04 0.04 0.04 1013.1 1484970.0
891 Sep 25, 2016 0.04 0.04 0.04 0.04 1092.72 1500980.0
892 Sep 26, 2016 0.04 0.04 0.04 0.04 1772.12 1426360.0
893 Sep 27, 2016 0.04 0.04 0.04 0.04 886.7 1470900.0
894 Sep 28, 2016 0.04 0.04 0.04 0.04 1378.91 1471170.0
895 Sep 29, 2016 0.04 0.04 0.04 0.04 1046.42 1499350.0
896 Sep 30, 2016 0.04 0.04 0.04 0.04 1150.85 1497680.0
897 Oct 01, 2016 0.04 0.04 0.04 0.04 810.2 1458270.0
898 Oct 02, 2016 0.04 0.04 0.04 0.04 1006.53 1470810.0
899 Oct 03, 2016 0.04 0.04 0.03 0.03 941.1 1401960.0
900 Oct 04, 2016 0.03 0.03 0.03 0.03 1139.14 1363060.0
901 Oct 05, 2016 0.03 0.03 0.03 0.03 1053.79 1284150.0
902 Oct 06, 2016 0.03 0.03 0.03 0.03 703.79 1294510.0
903 Oct 07, 2016 0.03 0.03 0.03 0.03 1394.38 1280370.0
904 Oct 08, 2016 0.03 0.03 0.03 0.03 1062.6 1183460.0
905 Oct 09, 2016 0.03 0.03 0.03 0.03 1092.48 1139490.0
906 Oct 10, 2016 0.03 0.03 0.03 0.03 738.85 1150010.0
907 Oct 11, 2016 0.03 0.03 0.03 0.03 864.71 1169250.0
908 Oct 12, 2016 0.03 0.03 0.03 0.03 1131.79 1160020.0
909 Oct 13, 2016 0.03 0.03 0.03 0.03 951.76 1239200.0
910 Oct 14, 2016 0.03 0.03 0.03 0.03 1034.17 1267730.0
911 Oct 15, 2016 0.03 0.03 0.03 0.03 3048.0 1257430.0
912 Oct 16, 2016 0.03 0.03 0.03 0.03 3713.24 1280560.0
913 Oct 17, 2016 0.03 0.03 0.03 0.03 1457.55 1276120.0
914 Oct 18, 2016 0.03 0.03 0.03 0.03 1560.1 1259810.0
915 Oct 19, 2016 0.03 0.03 0.03 0.03 795.12 1234660.0
916 Oct 20, 2016 0.03 0.03 0.03 0.03 1550.56 1230590.0
917 Oct 21, 2016 0.03 0.03 0.03 0.03 3582.89 1229920.0
918 Oct 22, 2016 0.03 0.03 0.03 0.03 776.12 1201860.0
919 Oct 23, 2016 0.03 0.03 0.03 0.03 553.42 1202400.0
920 Oct 24, 2016 0.03 0.03 0.03 0.03 766.23 1242260.0
921 Oct 25, 2016 0.03 0.03 0.03 0.03 2257.62 1229440.0
922 Oct 26, 2016 0.03 0.03 0.03 0.03 971.79 1266020.0
923 Oct 27, 2016 0.03 0.03 0.03 0.03 1152.46 1258230.0
924 Oct 28, 2016 0.03 0.03 0.03 0.03 1639.53 1223100.0
925 Oct 29, 2016 0.03 0.03 0.03 0.03 1514.37 1212660.0
926 Oct 30, 2016 0.03 0.03 0.03 0.03 824.45 1173350.0
927 Oct 31, 2016 0.03 0.03 0.03 0.03 861.17 1175300.0
928 Nov 01, 2016 0.03 0.03 0.03 0.03 1412.71 1203370.0
929 Nov 02, 2016 0.03 0.03 0.03 0.03 662.41 1209330.0
930 Nov 03, 2016 0.03 0.03 0.03 0.03 2250.2 1228710.0
931 Nov 04, 2016 0.03 0.03 0.03 0.03 946.55 1215370.0
932 Nov 05, 2016 0.03 0.03 0.03 0.03 749.6 1185660.0
933 Nov 06, 2016 0.03 0.03 0.03 0.03 1052.16 1199350.0
934 Nov 07, 2016 0.03 0.03 0.03 0.03 932.32 1238650.0
935 Nov 08, 2016 0.03 0.03 0.03 0.03 1224.08 1211220.0
936 Nov 09, 2016 0.03 0.03 0.03 0.03 695.37 1202770.0
937 Nov 10, 2016 0.03 0.03 0.03 0.03 494.46 1192250.0
938 Nov 11, 2016 0.03 0.03 0.03 0.03 610.09 1162850.0
939 Nov 12, 2016 0.03 0.03 0.03 0.03 1424.44 1105770.0
940 Nov 13, 2016 0.03 0.03 0.02 0.03 460.63 1091020.0
941 Nov 14, 2016 0.03 0.03 0.03 0.03 1418.93 1097570.0
942 Nov 15, 2016 0.03 0.03 0.03 0.03 1312.37 1081040.0
943 Nov 16, 2016 0.03 0.03 0.02 0.02 1132.76 1068990.0
944 Nov 17, 2016 0.02 0.02 0.02 0.02 1014.23 1004610.0
945 Nov 18, 2016 0.02 0.02 0.02 0.02 927.38 983415.0
946 Nov 19, 2016 0.02 0.02 0.02 0.02 691.48 980247.0
947 Nov 20, 2016 0.02 0.03 0.02 0.02 1158.6 1025380.0
948 Nov 21, 2016 0.02 0.02 0.02 0.02 1696.24 1024890.0
949 Nov 22, 2016 0.02 0.02 0.02 0.02 851.59 1015360.0
950 Nov 23, 2016 0.03 0.03 0.02 0.02 865.05 1049340.0
951 Nov 24, 2016 0.02 0.02 0.02 0.02 788.63 1008570.0
952 Nov 25, 2016 0.02 0.02 0.02 0.02 714.01 996447.0
953 Nov 26, 2016 0.02 0.03 0.02 0.02 955.66 1008530.0
954 Nov 27, 2016 0.02 0.03 0.02 0.02 991.86 1036240.0
955 Nov 28, 2016 0.02 0.03 0.02 0.03 1109.28 1042480.0
956 Nov 29, 2016 0.03 0.03 0.03 0.03 1100.42 1119570.0
957 Nov 30, 2016 0.03 0.03 0.03 0.03 1141.38 1160520.0
958 Dec 01, 2016 0.03 0.03 0.03 0.03 733.36 1151470.0
959 Dec 02, 2016 0.03 0.03 0.03 0.03 691.27 1173440.0
960 Dec 03, 2016 0.03 0.03 0.03 0.03 555.05 1134560.0
961 Dec 04, 2016 0.03 0.03 0.03 0.03 844.55 1153230.0
962 Dec 05, 2016 0.03 0.03 0.03 0.03 1219.6 1091650.0
963 Dec 06, 2016 0.03 0.03 0.02 0.03 567.58 1094900.0
964 Dec 07, 2016 0.03 0.03 0.03 0.03 1019.43 1154470.0
965 Dec 08, 2016 0.03 0.03 0.03 0.03 780.32 1199700.0
966 Dec 09, 2016 0.03 0.03 0.03 0.03 594.61 1129650.0
967 Dec 10, 2016 0.03 0.03 0.03 0.03 193.99 1161620.0
968 Dec 11, 2016 0.03 0.03 0.03 0.03 331.48 1105440.0
969 Dec 12, 2016 0.03 0.03 0.03 0.03 1338.06 1125510.0
970 Dec 13, 2016 0.03 0.03 0.02 0.03 848.97 1104390.0
971 Dec 14, 2016 0.03 0.03 0.03 0.03 385.05 1110690.0
972 Dec 15, 2016 0.03 0.03 0.03 0.03 963.35 1157010.0
973 Dec 16, 2016 0.03 0.03 0.02 0.03 582.09 1094320.0
974 Dec 17, 2016 0.03 0.03 0.03 0.03 827.54 1102460.0
975 Dec 18, 2016 0.03 0.03 0.03 0.03 346.44 1103180.0
976 Dec 19, 2016 0.03 0.03 0.03 0.03 1053.58 1113140.0
977 Dec 20, 2016 0.03 0.03 0.03 0.03 315.99 1094630.0
978 Dec 21, 2016 0.03 0.03 0.02 0.03 655.14 1118210.0
979 Dec 22, 2016 0.03 0.03 0.02 0.02 888.84 1095470.0
980 Dec 23, 2016 0.02 0.03 0.02 0.02 278.07 1058410.0
981 Dec 24, 2016 0.02 0.02 0.02 0.02 1813.05 999977.0
982 Dec 25, 2016 0.02 0.03 0.02 0.03 899.88 1029240.0
983 Dec 26, 2016 0.03 0.03 0.02 0.02 810.96 1128910.0
984 Dec 27, 2016 0.02 0.03 0.02 0.02 626.34 1021710.0
985 Dec 28, 2016 0.02 0.02 0.02 0.02 251.88 1038820.0
986 Dec 29, 2016 0.02 0.02 0.02 0.02 388.91 1057910.0
987 Dec 30, 2016 0.02 0.02 0.02 0.02 872.29 1055860.0
988 Dec 31, 2016 0.02 0.02 0.02 0.02 1209.57 1008660.0
989 Jan 01, 2017 0.02 0.02 0.02 0.02 665.67 1043000.0
990 Jan 02, 2017 0.02 0.02 0.02 0.02 744.93 1027600.0
991 Jan 03, 2017 0.02 0.03 0.02 0.02 768.95 1018290.0
992 Jan 04, 2017 0.02 0.03 0.02 0.03 613.88 1056490.0
993 Jan 05, 2017 0.03 0.03 0.02 0.02 1674.7 1132360.0
994 Jan 06, 2017 0.02 0.03 0.02 0.02 918.86 1081250.0
995 Jan 07, 2017 0.02 0.02 0.02 0.02 360.84 1030950.0
996 Jan 08, 2017 0.02 0.02 0.02 0.02 924.94 1037830.0
997 Jan 09, 2017 0.02 0.03 0.02 0.02 655.26 1027350.0
998 Jan 10, 2017 0.02 0.02 0.02 0.02 1063.19 1049230.0
999 Jan 11, 2017 0.02 0.02 0.02 0.02 1078.31 1036950.0
1000 Jan 12, 2017 0.02 0.03 0.02 0.02 794.75 1075180.0
1001 Jan 13, 2017 0.02 0.03 0.02 0.02 842.46 1077020.0
1002 Jan 14, 2017 0.02 0.03 0.02 0.02 743.67 1090330.0
1003 Jan 15, 2017 0.02 0.03 0.02 0.03 869.71 1102790.0
1004 Jan 16, 2017 0.03 0.03 0.02 0.02 682.51 1129630.0
1005 Jan 17, 2017 0.02 0.03 0.02 0.03 962.4 1103470.0
1006 Jan 18, 2017 0.03 0.03 0.02 0.02 590.64 1143530.0
1007 Jan 19, 2017 0.03 0.03 0.02 0.03 673.15 1112440.0
1008 Jan 20, 2017 0.03 0.03 0.03 0.03 699.86 1134330.0
1009 Jan 21, 2017 0.03 0.03 0.02 0.03 773.83 1120470.0
1010 Jan 22, 2017 0.03 0.03 0.02 0.03 648.39 1120960.0
1011 Jan 23, 2017 0.03 0.03 0.02 0.02 567.93 1166330.0
1012 Jan 24, 2017 0.02 0.03 0.02 0.03 836.1 1105810.0
1013 Jan 25, 2017 0.03 0.03 0.02 0.03 870.35 1128720.0
1014 Jan 26, 2017 0.03 0.03 0.02 0.03 627.18 1172770.0
1015 Jan 27, 2017 0.03 0.03 0.02 0.03 402.32 1172880.0
1016 Jan 28, 2017 0.03 0.03 0.02 0.03 448.32 1171280.0
1017 Jan 29, 2017 0.03 0.03 0.02 0.03 589.27 1165250.0
1018 Jan 30, 2017 0.03 0.03 0.03 0.03 745.68 1148420.0
1019 >Jan 31, 201 0.03 0.03 0.03 0.03 435.73 1169280.0
1020 Feb 01, 2017 0.03 0.03 0.03 0.03 507.89 1200820.0
1021 Feb 02, 2017 0.03 0.03 0.03 0.03 515.11 1149650.0
1022 Feb 03, 2017 0.03 0.03 0.02 0.03 894.64 1164250.0
1023 Feb 04, 2017 0.03 0.03 0.02 0.03 711.66 1137780.0
1024 Feb 05, 2017 0.03 0.03 0.02 0.03 349.99 1158420.0
1025 Feb 06, 2017 0.03 0.03 0.03 0.03 508.32 1151310.0
1026 Feb 07, 2017 0.03 0.03 0.03 0.03 646.09 1206050.0
1027 Feb 08, 2017 0.03 0.03 0.02 0.03 947.07 1189640.0
1028 Feb 09, 2017 0.03 0.03 0.03 0.03 2881.48 1248390.0
1029 Feb 10, 2017 0.03 0.03 0.03 0.03 682.25 1372070.0
1030 Feb 11, 2017 0.03 0.03 0.03 0.03 675.77 1343800.0
1031 Feb 12, 2017 0.03 0.03 0.03 0.03 823.04 1339810.0
1032 Feb 13, 2017 0.03 0.03 0.03 0.03 387.59 1318720.0
1033 Feb 14, 2017 0.03 0.03 0.03 0.03 646.69 1274930.0
1034 Feb 15, 2017 0.03 0.03 0.03 0.03 558.0 1246910.0
1035 Feb 16, 2017 0.03 0.03 0.03 0.03 628.51 1247080.0
1036 Feb 17, 2017 0.03 0.03 0.03 0.03 664.67 1249500.0
1037 Feb 18, 2017 0.03 0.03 0.03 0.03 783.02 1285210.0
1038 Feb 19, 2017 0.03 0.03 0.03 0.03 598.0 1301880.0
1039 Feb 20, 2017 0.03 0.03 0.03 0.03 858.91 1266900.0
1040 Feb 21, 2017 0.03 0.03 0.03 0.03 714.19 1293950.0
1041 Feb 22, 2017 0.03 0.03 0.03 0.03 631.98 1321610.0
1042 Feb 23, 2017 0.03 0.03 0.03 0.03 1498.93 1306690.0
1043 Feb 24, 2017 0.03 0.03 0.03 0.03 948.86 1335020.0
1044 Feb 25, 2017 0.03 0.03 0.03 0.03 900.72 1394210.0
1045 Feb 26, 2017 0.03 0.03 0.03 0.03 1048.36 1393750.0
1046 Feb 27, 2017 0.03 0.03 0.03 0.03 1472.26 1360040.0
1047 Feb 28, 2017 0.03 0.03 0.03 0.03 1203.47 1360660.0
1048 Mar 01, 2017 0.03 0.03 0.03 0.03 1276.35 1375840.0
1049 Mar 02, 2017 0.03 0.05 0.03 0.04 3055.25 1550220.0
1050 Mar 03, 2017 0.04 0.05 0.04 0.05 2175.76 2001950.0
1051 Mar 04, 2017 0.05 0.05 0.05 0.05 1661.34 2255340.0
1052 Mar 05, 2017 0.05 0.05 0.04 0.04 3577.25 2409040.0
1053 Mar 06, 2017 0.04 0.05 0.04 0.04 1358.17 2089460.0
1054 Mar 07, 2017 0.04 0.05 0.04 0.04 1651.3 1975500.0
1055 Mar 08, 2017 0.04 0.05 0.04 0.04 1888.49 2140840.0
1056 Mar 09, 2017 0.04 0.04 0.04 0.04 936.63 2003020.0
1057 Mar 10, 2017 0.04 0.04 0.04 0.04 998.03 1889140.0
1058 Mar 11, 2017 0.04 0.04 0.04 0.04 942.5 1789240.0
1059 Mar 12, 2017 0.04 0.04 0.04 0.04 999.94 2013530.0
1060 Mar 13, 2017 0.04 0.05 0.04 0.04 1413.73 1889540.0
1061 Mar 14, 2017 0.04 0.04 0.04 0.04 1222.16 1974400.0
1062 Mar 15, 2017 0.04 0.04 0.04 0.04 1561.04 1956550.0
1063 Mar 16, 2017 0.04 0.04 0.04 0.04 3293.25 1964300.0
1064 Mar 17, 2017 0.04 0.04 0.04 0.04 1129.73 1966460.0
1065 Mar 18, 2017 0.04 0.04 0.04 0.04 1640.13 2001100.0
1066 Mar 19, 2017 0.04 0.04 0.04 0.04 1658.72 1880110.0
1067 Mar 20, 2017 0.04 0.04 0.04 0.04 1911.93 1882170.0
1068 Mar 21, 2017 0.04 0.04 0.04 0.04 2094.86 1877940.0
1069 Mar 22, 2017 0.04 0.04 0.04 0.04 2392.72 1815080.0
1070 Mar 23, 2017 0.04 0.04 0.04 0.04 1766.75 1906970.0
1071 Mar 24, 2017 0.04 0.04 0.04 0.04 1706.57 1867650.0
1072 Mar 25, 2017 0.04 0.04 0.04 0.04 2004.46 1936330.0
1073 Mar 26, 2017 0.04 0.04 0.04 0.04 1801.64 1967890.0
1074 Mar 27, 2017 0.04 0.05 0.04 0.04 1970.14 1907720.0
1075 Mar 28, 2017 0.04 0.05 0.04 0.04 5289.67 2083960.0
1076 Mar 29, 2017 0.04 0.06 0.04 0.05 5521.85 2099900.0
1077 Mar 30, 2017 0.05 0.08 0.05 0.06 4742.11 2334020.0
1078 Mar 31, 2017 0.06 0.07 0.05 0.05 12977.1 2754630.0
1079 Apr 01, 2017 0.05 0.06 0.05 0.06 2976.39 2552620.0
1080 Apr 02, 2017 0.06 0.06 0.05 0.05 4833.21 2644680.0
1081 Apr 03, 2017 0.05 0.06 0.05 0.05 7254.53 2586390.0
1082 Apr 04, 2017 0.05 0.06 0.05 0.05 3891.18 2558690.0
1083 Apr 05, 2017 0.05 0.06 0.05 0.05 2810.97 2594450.0
1084 Apr 06, 2017 0.05 0.06 0.05 0.06 4120.79 2539510.0
1085 Apr 07, 2017 0.06 0.07 0.06 0.07 6666.0 2885930.0
1086 Apr 08, 2017 0.07 0.07 0.06 0.06 14512.9 3342760.0
1087 Apr 09, 2017 0.06 0.06 0.06 0.06 3919.65 2911490.0
1088 Apr 10, 2017 0.06 0.07 0.06 0.07 23238.9 2995620.0
1089 Apr 11, 2017 0.07 0.09 0.07 0.07 25234.1 3245420.0
1090 Apr 12, 2017 0.07 0.12 0.07 0.1 70707.0 3648920.0
1091 Apr 13, 2017 0.1 0.17 0.1 0.14 257677.0 4726440.0
1092 Apr 14, 2017 0.14 0.14 0.11 0.12 96857.1 6565090.0
1093 Apr 15, 2017 0.12 0.15 0.11 0.14 66312.8 5924250.0
1094 Apr 16, 2017 0.14 0.14 0.13 0.14 49394.9 6627740.0
1095 Apr 17, 2017 0.14 0.14 0.12 0.14 34818.6 6547780.0
1096 Apr 18, 2017 0.14 0.2 0.13 0.18 87560.6 6709470.0
1097 Apr 19, 2017 0.18 0.18 0.13 0.15 42997.4 8844230.0
1098 Apr 20, 2017 0.15 0.16 0.14 0.14 73188.8 7130100.0
1099 Apr 21, 2017 0.14 0.14 0.12 0.13 30609.1 6869470.0
1100 Apr 22, 2017 0.13 0.15 0.13 0.13 22084.3 6168320.0
1101 Apr 23, 2017 0.13 0.13 0.12 0.12 19229.6 6542890.0
1102 Apr 24, 2017 0.12 0.13 0.11 0.12 25479.2 5951030.0
1103 Apr 25, 2017 0.12 0.13 0.11 0.11 11551.4 5979060.0
1104 Apr 26, 2017 0.11 0.14 0.11 0.14 27999.6 5586610.0
1105 Apr 27, 2017 0.14 0.16 0.12 0.13 29995.4 7006620.0
1106 Apr 28, 2017 0.13 0.13 0.12 0.12 14352.9 6160820.0
1107 Apr 29, 2017 0.12 0.13 0.1 0.12 31743.2 5849440.0
1108 Apr 30, 2017 0.12 0.13 0.11 0.12 24539.1 5977960.0
1109 May 01, 2017 0.12 0.14 0.12 0.13 14049.4 6130730.0
1110 May 02, 2017 0.13 0.14 0.13 0.14 20634.0 6469300.0
1111 May 03, 2017 0.14 0.14 0.13 0.13 8630.17 6713860.0
1112 May 04, 2017 0.13 0.14 0.12 0.13 20375.0 6497530.0
1113 May 05, 2017 0.13 0.14 0.12 0.12 24679.2 6239470.0
1114 May 06, 2017 0.12 0.13 0.12 0.13 21292.1 5795340.0
1115 May 07, 2017 0.13 0.13 0.12 0.12 11724.4 6192920.0
1116 May 08, 2017 0.12 0.22 0.12 0.14 182822.0 6147220.0
1117 May 09, 2017 0.14 0.21 0.13 0.14 99229.9 7182130.0
1118 May 10, 2017 0.15 0.2 0.14 0.16 47635.9 7337630.0
1119 May 11, 2017 0.16 0.17 0.15 0.16 20091.5 8126190.0
1120 May 12, 2017 0.16 0.17 0.15 0.15 29991.1 7845740.0
1121 May 13, 2017 0.16 0.18 0.15 0.17 27117.4 8146410.0
1122 May 14, 2017 0.17 0.17 0.15 0.16 19836.8 8313970.0
1123 May 15, 2017 0.16 0.22 0.16 0.19 67527.2 8018380.0
1124 May 16, 2017 0.19 0.21 0.18 0.2 34779.4 9648880.0
1125 May 17, 2017 0.2 0.24 0.2 0.24 51696.9 9782180.0
1126 May 18, 2017 0.24 0.35 0.23 0.35 139059.0 11778100.0
1127 May 19, 2017 0.35 0.38 0.29 0.3 146007.0 17505700.0
1128 May 20, 2017 0.3 0.33 0.27 0.31 97452.4 15199900.0
1129 May 21, 2017 0.29 0.32 0.28 0.29 63622.3 14717700.0
1130 May 22, 2017 0.29 0.31 0.23 0.25 99737.6 14453200.0
1131 May 23, 2017 0.25 0.32 0.25 0.31 71705.8 12642800.0
1132 May 24, 2017 0.31 0.35 0.29 0.33 99614.7 15716400.0
1133 May 25, 2017 0.33 0.34 0.26 0.28 69792.1 16396400.0
1134 May 26, 2017 0.27 0.33 0.23 0.24 69042.0 13570400.0
1135 May 27, 2017 0.24 0.26 0.16 0.24 84286.5 12061000.0
1136 May 28, 2017 0.25 0.27 0.21 0.24 55078.9 12814200.0
1137 May 29, 2017 0.24 0.28 0.22 0.26 24192.0 12354200.0
1138 May 30, 2017 0.26 0.29 0.25 0.26 34519.0 12926500.0
1139 May 31, 2017 0.26 0.27 0.24 0.25 38665.3 13346700.0
1140 Jun 01, 2017 0.26 0.29 0.26 0.28 27363.9 12923900.0
1141 Jun 02, 2017 0.28 0.28 0.25 0.27 31934.4 14162300.0
1142 Jun 03, 2017 0.27 0.27 0.25 0.26 57458.2 13621300.0
1143 Jun 04, 2017 0.26 0.27 0.25 0.26 43671.5 13065300.0
1144 Jun 05, 2017 0.27 0.3 0.26 0.28 87017.3 13442500.0
1145 Jun 06, 2017 0.28 0.32 0.27 0.3 67798.1 14494800.0
1146 Jun 07, 2017 0.3 0.4 0.3 0.36 293493.0 15357200.0
1147 Jun 08, 2017 0.36 0.38 0.33 0.34 153706.0 18437700.0
1148 Jun 09, 2017 0.35 0.37 0.34 0.35 124212.0 17685500.0
1149 Jun 10, 2017 0.35 0.41 0.35 0.4 217672.0 18001900.0
1150 Jun 11, 2017 0.39 0.65 0.36 0.38 177541.0 20110500.0
1151 Jun 12, 2017 0.38 0.38 0.32 0.33 116763.0 19157700.0
1152 Jun 13, 2017 0.33 0.38 0.33 0.37 111733.0 16645800.0
1153 Jun 14, 2017 0.37 0.38 0.33 0.34 129662.0 18870800.0
1154 Jun 15, 2017 0.34 0.35 0.29 0.34 67928.3 17584800.0
1155 Jun 16, 2017 0.34 0.37 0.32 0.36 135841.0 17556000.0
1156 Jun 17, 2017 0.36 0.37 0.35 0.35 54162.6 18588900.0
1157 Jun 18, 2017 0.36 0.38 0.35 0.36 96125.1 18367500.0
1158 Jun 19, 2017 0.36 0.44 0.36 0.42 250172.0 18752500.0
1159 Jun 20, 2017 0.43 0.72 0.43 0.65 1151240.0 21872500.0
1160 Jun 21, 2017 0.66 0.75 0.61 0.68 1265010.0 33684300.0
1161 Jun 22, 2017 0.68 0.71 0.58 0.61 440902.0 35099400.0
1162 Jun 23, 2017 0.61 0.66 0.54 0.65 291495.0 31323600.0
1163 Jun 24, 2017 0.64 0.77 0.59 0.67 591511.0 32762000.0
1164 Jun 25, 2017 0.66 0.72 0.62 0.63 410288.0 34086000.0
1165 Jun 26, 2017 0.64 0.68 0.55 0.61 259592.0 32803500.0
1166 Jun 27, 2017 0.61 0.69 0.59 0.68 306581.0 31693900.0
1167 Jun 28, 2017 0.69 0.71 0.66 0.69 162026.0 35590800.0
1168 Jun 29, 2017 0.69 0.77 0.69 0.73 258009.0 35735400.0
1169 Jun 30, 2017 0.74 0.83 0.72 0.8 283520.0 38134100.0
1170 Jul 01, 2017 0.81 0.89 0.73 0.77 853507.0 41989900.0
1171 Jul 02, 2017 0.75 0.78 0.67 0.76 783973.0 39099800.0
1172 Jul 03, 2017 0.76 0.77 0.69 0.7 179359.0 39260800.0
1173 Jul 04, 2017 0.69 0.75 0.68 0.73 205961.0 35973500.0
1174 Jul 05, 2017 0.74 0.79 0.7 0.79 172496.0 38807200.0
1175 Jul 06, 2017 0.8 0.84 0.75 0.77 247722.0 41678500.0
1176 Jul 07, 2017 0.77 0.78 0.69 0.71 243176.0 40255400.0
1177 Jul 08, 2017 0.7 0.74 0.7 0.72 122300.0 36751000.0
1178 Jul 09, 2017 0.72 0.73 0.7 0.7 108200.0 37769600.0
1179 Jul 10, 2017 0.7 0.73 0.54 0.57 301151.0 36775000.0
1180 Jul 11, 2017 0.56 0.59 0.47 0.5 254951.0 29382900.0
1181 Jul 12, 2017 0.5 0.55 0.49 0.55 152251.0 26088400.0
1182 >Jul 13, 201 0.55 0.61 0.55 0.55 133700.0 28983000.0
1183 Jul 14, 2017 0.55 0.57 0.45 0.47 115836.0 29097400.0
1184 Jul 15, 2017 0.46 0.47 0.37 0.41 130991.0 24220900.0
1185 Jul 16, 2017 0.41 0.51 0.37 0.4 182306.0 21357700.0
1186 Jul 17, 2017 0.4 0.47 0.39 0.47 98760.5 20961200.0
1187 Jul 18, 2017 0.47 0.48 0.44 0.46 80225.4 24580700.0
1188 Jul 19, 2017 0.45 0.47 0.42 0.43 59350.7 23764600.0
1189 Jul 20, 2017 0.42 0.49 0.41 0.46 92436.8 22206800.0
1190 Jul 21, 2017 0.47 0.57 0.46 0.55 153044.0 24648000.0
1191 Jul 22, 2017 0.55 0.61 0.53 0.59 78598.0 28910300.0
1192 Jul 23, 2017 0.59 0.62 0.54 0.56 81630.9 31068100.0
1193 Jul 24, 2017 0.57 0.63 0.56 0.57 72934.8 30025400.0
1194 Jul 25, 2017 0.58 0.58 0.49 0.51 85318.8 30420600.0
1195 Jul 26, 2017 0.51 0.53 0.46 0.48 41061.3 26730100.0
1196 Jul 27, 2017 0.49 0.5 0.47 0.49 71298.1 25788400.0
1197 Jul 28, 2017 0.49 0.52 0.48 0.48 108675.0 25928700.0
1198 Jul 29, 2017 0.48 0.49 0.46 0.49 43338.5 25380600.0
1199 Jul 30, 2017 0.5 0.5 0.46 0.47 36681.7 26248100.0
1200 Jul 31, 2017 0.47 0.48 0.45 0.45 50824.6 25037000.0
1201 Aug 01, 2017 0.45 0.49 0.45 0.48 46698.6 24031600.0
1202 Aug 02, 2017 0.47 0.51 0.47 0.47 93275.6 25032000.0
1203 Aug 03, 2017 0.47 0.5 0.47 0.48 70255.1 24933700.0
1204 Aug 04, 2017 0.48 0.5 0.47 0.48 56874.9 25444300.0
1205 Aug 05, 2017 0.48 0.51 0.47 0.47 97794.5 25280200.0
1206 Aug 06, 2017 0.47 0.49 0.47 0.47 57136.4 25114000.0
1207 Aug 07, 2017 0.48 0.48 0.42 0.44 146651.0 25521400.0
1208 Aug 08, 2017 0.43 0.43 0.4 0.41 95149.1 22710400.0
1209 Aug 09, 2017 0.41 0.47 0.41 0.43 76326.8 21873200.0
1210 Aug 10, 2017 0.44 0.44 0.41 0.41 154167.0 23410300.0
1211 Aug 11, 2017 0.42 0.43 0.4 0.4 73327.2 22335600.0
1212 Aug 12, 2017 0.41 0.41 0.36 0.37 88368.0 21533100.0
1213 Aug 13, 2017 0.37 0.42 0.36 0.4 84495.7 19570900.0
1214 Aug 14, 2017 0.4 0.4 0.36 0.36 52980.6 21144100.0
1215 Aug 15, 2017 0.37 0.39 0.35 0.38 82796.6 19629600.0
1216 Aug 16, 2017 0.38 0.42 0.38 0.41 99037.1 20421300.0
1217 Aug 17, 2017 0.41 0.42 0.36 0.38 101160.0 21843800.0
1218 Aug 18, 2017 0.38 0.42 0.37 0.38 122594.0 20194500.0
1219 Aug 19, 2017 0.38 0.51 0.37 0.38 359205.0 20236200.0
1220 Aug 20, 2017 0.38 0.4 0.37 0.39 73197.2 20199500.0
1221 Aug 21, 2017 0.39 0.5 0.39 0.44 194146.0 20849300.0
1222 Aug 22, 2017 0.44 0.46 0.39 0.4 143968.0 23573800.0
1223 Aug 23, 2017 0.39 0.43 0.39 0.41 81885.5 21003900.0
1224 Aug 24, 2017 0.41 0.43 0.41 0.42 109636.0 21729100.0
1225 Aug 25, 2017 0.41 0.47 0.41 0.43 146796.0 22238300.0
1226 Aug 26, 2017 0.43 0.53 0.42 0.5 299798.0 23134900.0
1227 Aug 27, 2017 0.5 0.67 0.48 0.49 545338.0 26858200.0
1228 Aug 28, 2017 0.49 0.53 0.43 0.48 298087.0 26393500.0
1229 Aug 29, 2017 0.49 0.5 0.45 0.49 143241.0 26339900.0
1230 Aug 30, 2017 0.49 0.5 0.47 0.47 189210.0 26194200.0
1231 Aug 31, 2017 0.47 0.49 0.47 0.48 175800.0 25294600.0
1232 Sep 01, 2017 0.48 0.51 0.48 0.5 177649.0 25982300.0
1233 Sep 02, 2017 0.5 0.52 0.48 0.5 221424.0 26902100.0
1234 Sep 03, 2017 0.5 0.53 0.49 0.51 165159.0 26644900.0
1235 Sep 04, 2017 0.51 0.63 0.5 0.54 787502.0 27594600.0
1236 Sep 05, 2017 0.54 0.54 0.47 0.51 315414.0 28838000.0
1237 Sep 06, 2017 0.51 0.61 0.51 0.58 609231.0 27346100.0
1238 Sep 07, 2017 0.58 0.62 0.54 0.56 427223.0 31311900.0
1239 Sep 08, 2017 0.56 0.56 0.51 0.52 165139.0 30234600.0
1240 Sep 09, 2017 0.52 0.53 0.5 0.51 80158.5 28163300.0
1241 Sep 10, 2017 0.51 0.51 0.48 0.51 79256.4 27513200.0
1242 Sep 11, 2017 0.51 0.52 0.49 0.51 158193.0 27288500.0
1243 Sep 12, 2017 0.51 0.53 0.5 0.51 97553.4 27697400.0
1244 Sep 13, 2017 0.51 0.51 0.47 0.48 131829.0 27417000.0
1245 Sep 14, 2017 0.48 0.48 0.39 0.39 150380.0 25826000.0
1246 Sep 15, 2017 0.39 0.45 0.35 0.43 142411.0 20930000.0
1247 Sep 16, 2017 0.43 0.47 0.41 0.43 132884.0 23051700.0
1248 Sep 17, 2017 0.43 0.44 0.4 0.42 27481.0 23127600.0
1249 Sep 18, 2017 0.42 0.48 0.42 0.47 90432.1 22839600.0
1250 Sep 19, 2017 0.46 0.47 0.44 0.45 64114.7 25046500.0
1251 Sep 20, 2017 0.45 0.5 0.44 0.48 110481.0 24593800.0
1252 Sep 21, 2017 0.47 0.49 0.45 0.45 82792.9 25709000.0
1253 Sep 22, 2017 0.46 0.47 0.44 0.45 51276.5 24748200.0
1254 Sep 23, 2017 0.45 0.48 0.44 0.47 69795.6 24171500.0
1255 Sep 24, 2017 0.47 0.47 0.45 0.45 52794.6 25234200.0
1256 Sep 25, 2017 0.45 0.47 0.45 0.46 65855.4 24416000.0
1257 Sep 26, 2017 0.46 0.47 0.45 0.45 45288.6 25011900.0
1258 Sep 27, 2017 0.45 0.47 0.44 0.47 60459.9 24385900.0
1259 Sep 28, 2017 0.47 0.47 0.44 0.44 69310.8 25531700.0
1260 Sep 29, 2017 0.44 0.5 0.43 0.48 110430.0 24032800.0
1261 Sep 30, 2017 0.48 0.51 0.46 0.47 90811.0 26050400.0
1262 Oct 01, 2017 0.47 0.47 0.44 0.45 94585.4 25472800.0
1263 Oct 02, 2017 0.45 0.69 0.44 0.48 1380910.0 24401300.0
1264 Oct 03, 2017 0.48 0.51 0.43 0.46 174019.0 26128600.0
1265 Oct 04, 2017 0.45 0.47 0.43 0.45 107480.0 24435300.0
1266 Oct 05, 2017 0.45 0.47 0.44 0.47 70711.6 24476100.0
1267 Oct 06, 2017 0.47 0.56 0.46 0.53 321507.0 25316500.0
1268 Oct 07, 2017 0.53 0.92 0.52 0.81 4835920.0 28724300.0
1269 Oct 08, 2017 0.8 0.84 0.64 0.66 1929520.0 43800000.0
1270 Oct 09, 2017 0.65 0.79 0.65 0.69 651041.0 35366800.0
1271 Oct 10, 2017 0.69 0.79 0.67 0.76 279882.0 37651800.0
1272 Oct 11, 2017 0.76 1.52 0.74 1.45 2901910.0 41529900.0
1273 Oct 12, 2017 1.45 3.43 1.37 3.4 40889700.0 79330900.0
1274 Oct 13, 2017 3.5 6.3 3.18 4.67 89781400.0 191171000.0
1275 Oct 14, 2017 4.76 5.79 3.4 4.15 40505000.0 259814000.0
1276 Oct 15, 2017 4.0 4.24 2.54 4.18 16434800.0 218695000.0
1277 Oct 16, 2017 4.1 4.21 3.08 3.54 11446700.0 224092000.0
1278 Oct 17, 2017 3.58 3.58 2.91 2.95 3440610.0 196014000.0
1279 Oct 18, 2017 2.93 3.06 2.33 2.82 3262070.0 160396000.0
1280 Oct 19, 2017 2.8 3.53 2.65 3.26 6876370.0 153000000.0
1281 Oct 20, 2017 3.24 3.24 2.78 2.91 2621270.0 177358000.0
1282 Oct 21, 2017 2.91 2.93 2.51 2.79 1994190.0 159315000.0
1283 Oct 22, 2017 2.79 3.16 2.7 3.02 2968300.0 152801000.0
1284 Oct 23, 2017 2.99 3.09 2.63 2.72 1642920.0 164017000.0
1285 >Oct 24, 201 2.69 4.21 2.51 3.92 11567400.0 147394000.0
1286 Oct 25, 2017 3.89 4.05 3.56 3.84 6531660.0 213318000.0
1287 Oct 26, 2017 3.86 3.86 3.35 3.45 3142650.0 211869000.0
1288 Oct 27, 2017 3.45 3.58 3.3 3.35 1664830.0 189604000.0
1289 Oct 28, 2017 3.36 3.44 3.01 3.17 1359820.0 184532000.0
1290 Oct 29, 2017 3.14 3.14 2.84 2.86 1836960.0 172724000.0
1291 Oct 30, 2017 2.91 3.37 2.78 3.14 2080380.0 159998000.0
1292 Oct 31, 2017 3.09 3.2 2.98 2.98 1178160.0 169908000.0
1293 Nov 01, 2017 3.0 3.02 2.65 2.65 1105480.0 164986000.0
1294 Nov 02, 2017 2.63 3.14 2.35 2.69 5257020.0 144670000.0
1295 Nov 03, 2017 2.69 2.7 2.46 2.61 2694730.0 147958000.0
1296 Nov 04, 2017 2.6 2.7 2.55 2.58 2167010.0 143371000.0
1297 Nov 05, 2017 2.58 2.61 2.5 2.54 2172030.0 142084000.0
1298 Nov 06, 2017 2.54 2.77 2.51 2.63 2683310.0 140136000.0
1299 Nov 07, 2017 2.63 2.7 2.62 2.64 1091000.0 144961000.0
1300 Nov 08, 2017 2.64 2.92 2.59 2.84 3533310.0 145619000.0
1301 Nov 09, 2017 2.85 3.04 2.84 2.97 4630550.0 157591000.0
1302 Nov 10, 2017 2.96 2.99 2.61 2.62 3069090.0 163429000.0
1303 Nov 11, 2017 2.63 2.71 2.52 2.6 3258960.0 145138000.0
1304 Nov 12, 2017 2.6 3.11 2.17 2.82 9822060.0 143573000.0
1305 Nov 13, 2017 2.79 3.25 2.67 2.9 9818930.0 154526000.0
1306 Nov 14, 2017 2.88 2.91 2.77 2.9 2134370.0 159437000.0
1307 Nov 15, 2017 2.9 3.21 2.9 3.04 5438440.0 160504000.0
1308 Nov 16, 2017 3.05 3.12 2.9 2.94 3615170.0 169079000.0
1309 Nov 17, 2017 2.94 3.01 2.88 2.95 1761820.0 162705000.0
1310 Nov 18, 2017 2.94 3.06 2.87 3.06 1740550.0 162730000.0
1311 Nov 19, 2017 3.05 3.1 2.98 3.04 1830310.0 169236000.0
1312 Nov 20, 2017 3.05 3.08 2.93 2.94 2049500.0 169310000.0
1313 Nov 21, 2017 2.94 3.03 2.85 2.92 1828570.0 162935000.0
1314 Nov 22, 2017 2.92 3.9 2.92 3.6 21155000.0 162229000.0
1315 Nov 23, 2017 3.59 3.64 3.41 3.49 4335900.0 199309000.0
1316 Nov 24, 2017 3.48 4.5 3.45 4.5 12858700.0 193421000.0
1317 Nov 25, 2017 4.35 4.78 4.16 4.54 23122100.0 241678000.0
1318 Nov 26, 2017 4.52 4.64 4.25 4.49 8991700.0 251105000.0
1319 Nov 27, 2017 4.49 7.72 4.47 7.43 55447100.0 249778000.0
1320 Nov 28, 2017 7.33 8.17 5.26 5.7 65542900.0 408070000.0
1321 Nov 29, 2017 5.71 6.39 5.04 5.3 25143200.0 317796000.0
1322 Nov 30, 2017 5.33 6.63 5.32 6.23 19345100.0 296761000.0
1323 Dec 01, 2017 6.25 6.44 5.96 6.41 8770500.0 348225000.0
1324 Dec 02, 2017 6.4 7.02 6.36 6.99 12342100.0 356458000.0
1325 Dec 03, 2017 6.98 7.45 6.91 7.32 17881100.0 389120000.0
1326 Dec 04, 2017 7.31 8.74 7.3 8.74 20511800.0 407571000.0
1327 Dec 05, 2017 8.79 15.8 8.73 14.58 86429200.0 490557000.0
1328 Dec 06, 2017 14.32 20.23 13.05 16.61 109973000.0 799207000.0
1329 Dec 07, 2017 16.7 19.85 13.97 15.24 49041000.0 932671000.0
1330 Dec 08, 2017 15.38 17.92 14.17 14.77 32057700.0 859513000.0
1331 Dec 09, 2017 14.72 15.78 10.8 13.69 45140600.0 822551000.0
1332 Dec 10, 2017 13.76 16.21 11.16 14.74 38329700.0 769737000.0
1333 Dec 11, 2017 14.7 15.61 14.22 14.8 19954600.0 822177000.0
1334 Dec 12, 2017 14.78 15.47 13.6 14.08 20089900.0 827187000.0
1335 Dec 13, 2017 13.83 16.0 13.56 14.39 25620400.0 774438000.0
1336 Dec 14, 2017 14.33 15.04 14.05 14.39 15053300.0 802613000.0
1337 Dec 15, 2017 14.36 14.76 14.07 14.39 9745340.0 804724000.0
1338 Dec 16, 2017 14.42 14.68 13.88 13.98 15025400.0 808597000.0
1339 Dec 17, 2017 13.92 14.44 13.13 13.67 15468800.0 780427000.0
1340 Dec 18, 2017 13.62 15.77 13.46 14.87 22417200.0 764310000.0
1341 Dec 19, 2017 15.01 15.56 13.72 14.5 20516000.0 842187000.0
1342 Dec 20, 2017 14.53 16.96 13.54 14.89 30853800.0 815769000.0
1343 Dec 21, 2017 14.91 15.34 13.92 14.41 14525600.0 837752000.0
1344 Dec 22, 2017 14.41 14.45 8.42 11.31 24530500.0 809741000.0
1345 Dec 23, 2017 11.51 12.58 10.95 11.39 10818200.0 647018000.0
1346 Dec 24, 2017 11.52 11.52 9.53 10.56 9894040.0 648013000.0
1347 Dec 25, 2017 10.61 11.94 10.25 11.37 11829200.0 597226000.0
1348 Dec 26, 2017 11.34 12.12 11.26 11.76 9184130.0 638067000.0
1349 Dec 27, 2017 11.67 12.04 11.19 11.4 8565300.0 656917000.0
1350 Dec 28, 2017 11.37 11.54 10.23 10.83 6701510.0 640445000.0
1351 Dec 29, 2017 10.93 11.35 10.47 10.72 11333600.0 616017000.0
1352 Dec 30, 2017 10.77 10.77 9.06 9.25 10023800.0 607401000.0
1353 Dec 31, 2017 9.16 10.44 8.94 10.11 13331300.0 516294000.0
1354 Jan 01, 2018 10.17 10.2 9.52 9.99 7236100.0 574099000.0
1355 Jan 02, 2018 10.01 11.13 9.69 10.27 15042600.0 565132000.0
1356 Jan 03, 2018 10.39 10.63 9.53 9.69 12189700.0 586843000.0
1357 Jan 04, 2018 9.77 10.03 9.19 9.27 15133300.0 551974000.0
1358 Jan 05, 2018 9.3 9.36 7.9 8.01 11755200.0 525341000.0
1359 Jan 06, 2018 8.03 9.26 7.67 8.72 11957600.0 454093000.0
1360 Jan 07, 2018 8.71 8.9 8.39 8.53 7324520.0 492425000.0
1361 Jan 08, 2018 8.48 8.82 7.58 8.82 9901160.0 479700000.0
1362 Jan 09, 2018 8.78 10.1 8.63 9.12 18561700.0 496692000.0
1363 Jan 10, 2018 9.08 9.28 7.66 8.38 10729100.0 514255000.0
1364 Jan 11, 2018 8.32 8.53 7.51 7.65 7040070.0 471158000.0
1365 Jan 12, 2018 7.76 8.21 7.53 7.99 5000360.0 439656000.0
1366 Jan 13, 2018 8.0 8.14 7.88 8.06 4139850.0 453318000.0
1367 Jan 14, 2018 8.07 8.11 7.53 7.85 4741520.0 457528000.0
1368 Jan 15, 2018 7.78 8.86 7.76 8.48 11691400.0 441317000.0
1369 Jan 16, 2018 8.59 8.62 5.51 6.42 11174400.0 487446000.0
1370 Jan 17, 2018 6.4 6.57 4.67 6.06 9088970.0 363224000.0
1371 Jan 18, 2018 6.13 7.08 6.05 6.37 5768810.0 347997000.0
1372 Jan 19, 2018 6.33 6.47 6.01 6.15 3545310.0 359693000.0
1373 Jan 20, 2018 6.17 8.75 6.14 8.27 39689600.0 350603000.0
1374 Jan 21, 2018 8.25 8.25 6.58 6.97 9819350.0 469023000.0
1375 Jan 22, 2018 7.04 7.11 6.02 6.4 5195030.0 400666000.0
1376 Jan 23, 2018 6.4 7.12 5.8 6.19 7666520.0 364168000.0
1377 Jan 24, 2018 6.18 6.38 6.05 6.27 3295100.0 351649000.0
1378 Jan 25, 2018 6.31 6.46 6.14 6.23 2806190.0 359521000.0
1379 Jan 26, 2018 6.16 6.38 5.18 5.56 7234980.0 351186000.0
1380 Jan 27, 2018 5.54 6.32 5.52 6.27 4945860.0 315937000.0
1381 Jan 28, 2018 6.28 6.4 5.99 6.23 3952030.0 358213000.0
1382 Jan 29, 2018 6.22 6.31 5.71 5.74 3370490.0 354817000.0
1383 Jan 30, 2018 5.72 5.76 4.99 4.99 4243880.0 326272000.0
1384 Jan 31, 2018 5.0 5.09 4.71 4.87 5521520.0 285752000.0
1385 Feb 01, 2018 4.87 5.0 3.35 3.47 6550980.0 278089000.0
1386 Feb 02, 2018 3.45 4.66 2.89 4.16 10927700.0 197360000.0
1387 Feb 03, 2018 4.1 4.7 3.81 4.42 5703900.0 234477000.0
1388 Feb 04, 2018 4.45 4.5 3.71 3.86 2921390.0 254466000.0
1389 Feb 05, 2018 3.84 4.02 3.24 3.24 2941890.0 219761000.0
1390 Feb 06, 2018 3.25 3.89 3.01 3.77 5133640.0 186298000.0
1391 Feb 07, 2018 3.75 3.92 3.42 3.42 3322310.0 214448000.0
1392 Feb 08, 2018 3.42 3.91 3.42 3.71 3983660.0 195689000.0
1393 Feb 09, 2018 3.71 4.12 3.6 4.11 3439810.0 212890000.0
1394 Feb 10, 2018 4.05 4.52 4.0 4.26 7025320.0 232315000.0
1395 Feb 11, 2018 4.28 4.28 3.8 3.86 3160760.0 245128000.0
1396 Feb 12, 2018 3.85 4.45 3.85 4.41 6344300.0 221101000.0
1397 Feb 13, 2018 4.45 4.48 4.06 4.18 3618910.0 255530000.0
1398 Feb 14, 2018 4.17 4.75 4.17 4.75 4570670.0 239380000.0
1399 Feb 15, 2018 4.76 5.2 4.74 5.16 8431380.0 273347000.0
1400 Feb 16, 2018 5.17 6.91 5.15 6.91 21608600.0 296765000.0
1401 Feb 17, 2018 6.83 6.85 6.31 6.59 15797200.0 392404000.0
1402 Feb 18, 2018 6.59 6.59 5.49 5.67 9631400.0 379215000.0
1403 Feb 19, 2018 5.66 6.42 5.54 6.32 7643860.0 325800000.0
1404 Feb 20, 2018 6.35 6.42 5.86 5.94 4904920.0 365270000.0
1405 Feb 21, 2018 5.9 5.99 5.21 5.57 5133290.0 339676000.0
1406 Feb 22, 2018 5.55 5.84 5.07 5.41 5090220.0 319576000.0
1407 Feb 23, 2018 5.41 5.79 5.16 5.7 4631070.0 311623000.0
1408 Feb 24, 2018 5.68 5.79 5.43 5.6 3767830.0 327666000.0
1409 Feb 25, 2018 5.59 5.61 5.18 5.47 3344390.0 322434000.0
1410 Feb 26, 2018 5.5 5.7 5.33 5.63 3601500.0 317213000.0
1411 Feb 27, 2018 5.63 5.73 5.48 5.53 3106680.0 324992000.0
1412 Feb 28, 2018 5.52 5.76 5.43 5.43 2835490.0 318543000.0
1413 Mar 01, 2018 5.42 5.53 5.4 5.49 2018660.0 312839000.0
1414 Mar 02, 2018 5.54 5.56 5.41 5.45 2481930.0 320091000.0
1415 Mar 03, 2018 5.44 5.71 5.31 5.38 3240200.0 314506000.0
1416 Mar 04, 2018 5.35 5.67 5.22 5.67 5345600.0 309431000.0
1417 Mar 05, 2018 5.66 5.66 5.33 5.36 3655770.0 327461000.0
1418 Mar 06, 2018 5.32 5.33 4.99 5.01 2901410.0 307734000.0
1419 Mar 07, 2018 5.02 5.11 4.24 4.27 4746550.0 290795000.0
1420 Mar 08, 2018 4.29 4.73 4.22 4.36 4268330.0 248628000.0
1421 Mar 09, 2018 4.32 4.45 3.84 4.28 4573260.0 250471000.0
1422 Mar 10, 2018 4.26 4.4 4.08 4.09 2032740.0 246771000.0
1423 Mar 11, 2018 4.08 4.21 3.98 4.17 1917730.0 236420000.0
1424 Mar 12, 2018 4.16 4.38 4.11 4.18 2463950.0 241285000.0
1425 Mar 13, 2018 4.19 4.35 4.15 4.23 1930300.0 243197000.0
1426 Mar 14, 2018 4.24 4.34 3.83 3.96 2239280.0 245955000.0
1427 Mar 15, 2018 3.95 4.0 3.68 3.87 2065580.0 229319000.0
1428 Mar 16, 2018 3.88 3.97 3.75 3.81 1668030.0 225696000.0
1429 Mar 17, 2018 3.81 3.83 3.48 3.49 1571140.0 221737000.0
1430 Mar 18, 2018 3.49 3.63 2.92 3.63 3424420.0 203149000.0
1431 Mar 19, 2018 3.71 4.17 3.71 4.16 3525460.0 215728000.0
1432 Mar 20, 2018 4.18 4.19 3.81 4.09 2198740.0 243068000.0
1433 >Mar 21, 201 4.08 4.12 3.91 3.94 1325400.0 237791000.0
1434 Mar 22, 2018 3.96 4.03 3.67 3.8 1340550.0 230803000.0
1435 Mar 23, 2018 3.82 3.83 3.62 3.82 1522060.0 222781000.0
1436 Mar 24, 2018 3.83 3.88 3.67 3.67 1075860.0 223402000.0
1437 Mar 25, 2018 3.65 3.73 3.62 3.64 944566.0 213040000.0
1438 Mar 26, 2018 3.65 3.68 3.4 3.55 1774890.0 212836000.0
1439 Mar 27, 2018 3.54 3.57 3.39 3.41 1002960.0 206688000.0
