0 Aug 12, 2016 0.01 0.01 0.01 0.01 48503.9 0.0
1 Aug 13, 2016 0.01 0.02 0.01 0.01 156217.0 1095050.0
2 Aug 14, 2016 0.01 0.03 0.01 0.02 603562.0 1412140.0
3 >Aug 15, 201 0.02 0.03 0.02 0.02 221564.0 2355090.0
4 Aug 16, 2016 0.02 0.03 0.02 0.03 218752.0 2342370.0
5 Aug 17, 2016 0.03 0.03 0.02 0.03 153193.0 2775420.0
6 Aug 18, 2016 0.03 0.03 0.02 0.02 121468.0 2682320.0
7 Aug 19, 2016 0.02 0.02 0.02 0.02 68361.6 2419540.0
8 Aug 20, 2016 0.02 0.02 0.02 0.02 36073.5 2032670.0
9 Aug 21, 2016 0.02 0.02 0.02 0.02 17146.1 2013740.0
10 Aug 22, 2016 0.02 0.02 0.02 0.02 40105.3 2024960.0
11 Aug 23, 2016 0.02 0.02 0.02 0.02 117115.0 2155460.0
12 Aug 24, 2016 0.02 0.02 0.02 0.02 26100.3 2179290.0
13 Aug 25, 2016 0.02 0.02 0.02 0.02 35593.1 2054090.0
14 Aug 26, 2016 0.02 0.02 0.02 0.02 50463.3 1812710.0
15 Aug 27, 2016 0.02 0.03 0.02 0.02 78506.6 2230530.0
16 Aug 28, 2016 0.02 0.03 0.02 0.02 52311.4 2292440.0
17 Aug 29, 2016 0.02 0.02 0.02 0.02 37867.3 2069720.0
18 Aug 30, 2016 0.02 0.02 0.02 0.02 13574.9 2076630.0
19 Aug 31, 2016 0.02 0.02 0.02 0.02 24222.1 1985060.0
20 Sep 01, 2016 0.02 0.02 0.02 0.02 16398.4 2087530.0
21 Sep 02, 2016 0.02 0.02 0.02 0.02 21842.1 2166520.0
22 Sep 03, 2016 0.02 0.02 0.02 0.02 32278.5 2277710.0
23 Sep 04, 2016 0.02 0.02 0.02 0.02 26275.1 2307380.0
24 Sep 05, 2016 0.02 0.02 0.02 0.02 11452.5 2170140.0
25 Sep 06, 2016 0.02 0.03 0.02 0.02 33508.2 2194620.0
26 Sep 07, 2016 0.02 0.03 0.02 0.03 45574.5 2410550.0
27 Sep 08, 2016 0.03 0.03 0.03 0.03 24367.9 2711680.0
28 Sep 09, 2016 0.03 0.03 0.03 0.03 41129.6 2555210.0
29 Sep 10, 2016 0.03 0.05 0.03 0.05 210228.0 2994550.0
30 Sep 11, 2016 0.05 0.05 0.04 0.04 278851.0 4819890.0
31 Sep 12, 2016 0.04 0.04 0.03 0.03 138431.0 3698340.0
32 Sep 13, 2016 0.03 0.04 0.03 0.04 78786.8 3412010.0
33 Sep 14, 2016 0.04 0.04 0.03 0.04 73879.1 3621680.0
34 Sep 15, 2016 0.04 0.04 0.04 0.04 96253.8 3610900.0
35 Sep 16, 2016 0.04 0.04 0.03 0.03 57652.2 3810940.0
36 Sep 17, 2016 0.03 0.03 0.03 0.03 59863.0 3387440.0
37 Sep 18, 2016 0.03 0.04 0.03 0.04 39581.3 3291830.0
38 Sep 19, 2016 0.04 0.04 0.03 0.03 29679.4 3634360.0
39 Sep 20, 2016 0.03 0.04 0.03 0.04 48812.1 3339720.0
40 Sep 21, 2016 0.04 0.04 0.03 0.03 26078.8 3544910.0
41 Sep 22, 2016 0.03 0.04 0.03 0.03 7080.85 3429410.0
42 Sep 23, 2016 0.03 0.04 0.03 0.04 23416.3 3379980.0
43 Sep 24, 2016 0.04 0.04 0.03 0.04 44924.9 3485190.0
44 Sep 25, 2016 0.04 0.04 0.04 0.04 41029.0 3810160.0
45 Sep 26, 2016 0.04 0.04 0.03 0.04 32992.5 3541780.0
46 Sep 27, 2016 0.04 0.04 0.03 0.03 31589.5 3459240.0
47 Sep 28, 2016 0.03 0.03 0.03 0.03 25847.5 3415140.0
48 Sep 29, 2016 0.03 0.03 0.03 0.03 46506.9 3183370.0
49 Sep 30, 2016 0.03 0.03 0.03 0.03 42890.3 2852400.0
50 Oct 01, 2016 0.03 0.03 0.03 0.03 27619.7 2922700.0
51 Oct 02, 2016 0.03 0.03 0.03 0.03 16958.6 3030530.0
52 Oct 03, 2016 0.03 0.03 0.03 0.03 40970.3 3119550.0
53 Oct 04, 2016 0.03 0.03 0.03 0.03 36755.8 3124520.0
54 Oct 05, 2016 0.03 0.03 0.03 0.03 21162.9 2736280.0
55 Oct 06, 2016 0.03 0.03 0.03 0.03 14752.2 2757410.0
56 Oct 07, 2016 0.03 0.03 0.03 0.03 18575.9 2836010.0
57 Oct 08, 2016 0.03 0.03 0.03 0.03 10688.1 3006940.0
58 Oct 09, 2016 0.03 0.03 0.03 0.03 29881.8 2973380.0
59 Oct 10, 2016 0.03 0.03 0.03 0.03 18675.2 2960590.0
60 Oct 11, 2016 0.03 0.04 0.03 0.04 38473.7 3158460.0
61 >Oct 12, 201 0.04 0.04 0.03 0.04 49766.4 3708240.0
62 Oct 13, 2016 0.04 0.04 0.03 0.03 9544.8 3436390.0
63 Oct 14, 2016 0.03 0.04 0.03 0.04 22777.0 3279330.0
64 Oct 15, 2016 0.04 0.04 0.04 0.04 47180.1 3766580.0
65 Oct 16, 2016 0.04 0.04 0.04 0.04 15717.1 3690020.0
66 Oct 17, 2016 0.04 0.04 0.03 0.04 22526.5 3771520.0
67 Oct 18, 2016 0.04 0.04 0.03 0.04 19354.0 3461150.0
68 Oct 19, 2016 0.04 0.04 0.04 0.04 28046.6 3491850.0
69 Oct 20, 2016 0.04 0.04 0.04 0.04 9320.48 3619950.0
70 Oct 21, 2016 0.04 0.04 0.04 0.04 10909.0 3515880.0
71 Oct 22, 2016 0.04 0.04 0.04 0.04 50888.8 3677800.0
72 Oct 23, 2016 0.04 0.04 0.04 0.04 16980.0 3746440.0
73 Oct 24, 2016 0.04 0.04 0.04 0.04 9211.53 3852850.0
74 Oct 25, 2016 0.04 0.04 0.04 0.04 23321.5 3850410.0
75 Oct 26, 2016 0.04 0.05 0.04 0.04 73019.4 3873400.0
76 Oct 27, 2016 0.04 0.05 0.04 0.05 84386.3 4424980.0
77 Oct 28, 2016 0.05 0.06 0.05 0.05 104674.0 5011690.0
78 Oct 29, 2016 0.05 0.06 0.05 0.06 128646.0 5356890.0
79 Oct 30, 2016 0.06 0.06 0.05 0.05 53043.2 5475790.0
80 Oct 31, 2016 0.05 0.05 0.05 0.05 16826.9 5118840.0
81 Nov 01, 2016 0.05 0.06 0.05 0.06 69859.4 5055980.0
82 Nov 02, 2016 0.06 0.06 0.05 0.05 23890.8 5400730.0
83 Nov 03, 2016 0.05 0.06 0.05 0.05 27732.2 5315250.0
84 Nov 04, 2016 0.05 0.06 0.05 0.05 16437.4 4783150.0
85 Nov 05, 2016 0.05 0.05 0.05 0.05 11691.8 5060840.0
86 Nov 06, 2016 0.05 0.05 0.05 0.05 9367.91 5153470.0
87 Nov 07, 2016 0.05 0.07 0.05 0.06 60853.3 5099670.0
88 Nov 08, 2016 0.06 0.08 0.06 0.07 141259.0 5865600.0
89 Nov 09, 2016 0.07 0.07 0.06 0.06 77509.9 6826360.0
90 Nov 10, 2016 0.06 0.07 0.06 0.07 24676.1 6355850.0
91 Nov 11, 2016 0.07 0.09 0.07 0.09 129763.0 6504630.0
92 Nov 12, 2016 0.09 0.09 0.09 0.09 127701.0 8581480.0
93 Nov 13, 2016 0.09 0.09 0.08 0.09 127159.0 8445840.0
94 Nov 14, 2016 0.09 0.11 0.09 0.11 135816.0 8409800.0
95 Nov 15, 2016 0.1 0.12 0.09 0.11 212095.0 10378900.0
96 Nov 16, 2016 0.11 0.11 0.07 0.1 222205.0 10471900.0
97 Nov 17, 2016 0.1 0.1 0.08 0.08 79322.4 9437560.0
98 Nov 18, 2016 0.08 0.11 0.08 0.09 93817.5 8332770.0
99 Nov 19, 2016 0.09 0.09 0.06 0.08 226155.0 8484640.0
100 Nov 20, 2016 0.08 0.09 0.07 0.07 52089.0 7817400.0
101 Nov 21, 2016 0.07 0.08 0.07 0.07 64281.0 7451950.0
102 Nov 22, 2016 0.07 0.07 0.06 0.07 59686.1 6806590.0
103 Nov 23, 2016 0.07 0.07 0.06 0.07 19202.2 6671740.0
104 Nov 24, 2016 0.07 0.07 0.06 0.07 19374.4 6422560.0
105 Nov 25, 2016 0.07 0.07 0.06 0.07 12792.0 6685630.0
106 Nov 26, 2016 0.07 0.07 0.06 0.06 22037.3 6606270.0
107 Nov 27, 2016 0.06 0.07 0.05 0.06 37613.4 6159260.0
108 Nov 28, 2016 0.06 0.06 0.05 0.05 18262.8 5706500.0
109 Nov 29, 2016 0.05 0.06 0.05 0.06 23552.3 5321500.0
110 Nov 30, 2016 0.06 0.06 0.05 0.05 40141.6 5841450.0
111 Dec 01, 2016 0.05 0.06 0.05 0.06 22492.8 5384310.0
112 Dec 02, 2016 0.06 0.06 0.05 0.05 55364.5 5580780.0
113 Dec 03, 2016 0.05 0.07 0.05 0.06 22705.7 5052160.0
114 Dec 04, 2016 0.06 0.07 0.06 0.06 27734.4 6056710.0
115 Dec 05, 2016 0.06 0.07 0.06 0.07 26501.4 5850190.0
116 Dec 06, 2016 0.07 0.07 0.06 0.06 42082.0 6513230.0
117 Dec 07, 2016 0.06 0.07 0.06 0.06 59403.7 5739800.0
118 Dec 08, 2016 0.06 0.07 0.06 0.06 11228.2 6184110.0
119 Dec 09, 2016 0.06 0.07 0.06 0.07 27050.1 6178510.0
120 Dec 10, 2016 0.07 0.07 0.06 0.07 6461.17 6754940.0
121 Dec 11, 2016 0.07 0.07 0.06 0.06 14963.7 6509250.0
122 Dec 12, 2016 0.06 0.07 0.06 0.07 14732.1 6175200.0
123 Dec 13, 2016 0.07 0.07 0.07 0.07 12530.0 6542820.0
124 Dec 14, 2016 0.07 0.07 0.07 0.07 13611.2 6515120.0
125 Dec 15, 2016 0.07 0.07 0.06 0.06 15330.7 6483990.0
126 Dec 16, 2016 0.06 0.06 0.06 0.06 18295.3 5744550.0
127 Dec 17, 2016 0.06 0.06 0.05 0.06 32640.1 5783930.0
128 Dec 18, 2016 0.06 0.06 0.05 0.06 23138.6 5667650.0
129 Dec 19, 2016 0.05 0.11 0.05 0.07 341170.0 5400570.0
130 Dec 20, 2016 0.07 0.07 0.07 0.07 63414.8 7234790.0
131 Dec 21, 2016 0.07 0.07 0.06 0.06 116647.0 6640440.0
132 Dec 22, 2016 0.06 0.06 0.06 0.06 69202.8 6034500.0
133 Dec 23, 2016 0.06 0.07 0.06 0.07 48216.8 5757140.0
134 Dec 24, 2016 0.07 0.07 0.06 0.06 20374.8 6438510.0
135 Dec 25, 2016 0.06 0.07 0.06 0.07 13888.4 6141590.0
136 Dec 26, 2016 0.07 0.07 0.06 0.07 25070.5 6436290.0
137 Dec 27, 2016 0.07 0.07 0.06 0.07 64182.5 6669910.0
138 Dec 28, 2016 0.07 0.07 0.07 0.07 53525.6 6664860.0
139 Dec 29, 2016 0.07 0.07 0.06 0.07 34638.1 6495200.0
140 Dec 30, 2016 0.07 0.07 0.07 0.07 30431.9 6836780.0
141 Dec 31, 2016 0.07 0.07 0.07 0.07 28696.5 6969420.0
142 Jan 01, 2017 0.07 0.07 0.07 0.07 24800.4 7106110.0
143 Jan 02, 2017 0.07 0.07 0.07 0.07 64074.0 7283960.0
144 Jan 03, 2017 0.07 0.08 0.07 0.07 38563.5 7296950.0
145 Jan 04, 2017 0.07 0.08 0.07 0.08 64675.1 7405970.0
146 Jan 05, 2017 0.08 0.09 0.07 0.07 78966.5 8108280.0
147 Jan 06, 2017 0.07 0.08 0.06 0.06 67421.4 7164490.0
148 Jan 07, 2017 0.06 0.06 0.06 0.06 50383.2 6279410.0
149 Jan 08, 2017 0.06 0.07 0.05 0.06 86560.2 6231240.0
150 Jan 09, 2017 0.06 0.06 0.05 0.05 106851.0 5849220.0
151 Jan 10, 2017 0.05 0.06 0.05 0.06 41410.7 5367670.0
152 Jan 11, 2017 0.06 0.06 0.05 0.05 40830.3 5542380.0
153 Jan 12, 2017 0.05 0.05 0.05 0.05 30535.2 4757810.0
154 Jan 13, 2017 0.05 0.05 0.05 0.05 49029.2 4893950.0
155 Jan 14, 2017 0.05 0.05 0.05 0.05 32395.8 4937040.0
156 Jan 15, 2017 0.05 0.05 0.05 0.05 34667.1 4855600.0
157 Jan 16, 2017 0.05 0.06 0.05 0.06 73449.6 5014180.0
158 Jan 17, 2017 0.06 0.06 0.06 0.06 78961.9 5937980.0
159 Jan 18, 2017 0.06 0.06 0.06 0.06 48399.3 5792340.0
160 Jan 19, 2017 0.06 0.08 0.06 0.07 307059.0 5875980.0
161 Jan 20, 2017 0.07 0.07 0.07 0.07 68863.8 7123570.0
162 Jan 21, 2017 0.07 0.08 0.07 0.07 56137.4 6652520.0
163 Jan 22, 2017 0.07 0.08 0.07 0.08 84028.6 7205440.0
164 Jan 23, 2017 0.08 0.09 0.08 0.09 457257.0 7532420.0
165 Jan 24, 2017 0.09 0.09 0.07 0.07 189394.0 8459760.0
166 Jan 25, 2017 0.07 0.08 0.07 0.08 85150.1 7454070.0
167 Jan 26, 2017 0.08 0.09 0.08 0.09 246990.0 7974480.0
168 Jan 27, 2017 0.09 0.11 0.08 0.1 700301.0 8430090.0
169 Jan 28, 2017 0.1 0.13 0.1 0.1 723195.0 10345100.0
170 Jan 29, 2017 0.1 0.11 0.1 0.1 206905.0 9781460.0
171 Jan 30, 2017 0.1 0.11 0.09 0.1 177443.0 10376300.0
172 Jan 31, 2017 0.1 0.1 0.09 0.09 317006.0 9366320.0
173 Feb 01, 2017 0.09 0.1 0.09 0.09 236785.0 8897770.0
174 Feb 02, 2017 0.09 0.1 0.09 0.1 123522.0 9015170.0
175 Feb 03, 2017 0.1 0.1 0.09 0.1 160805.0 9381150.0
176 Feb 04, 2017 0.1 0.1 0.09 0.09 110928.0 9433640.0
177 Feb 05, 2017 0.09 0.09 0.08 0.09 84385.8 8779260.0
178 Feb 06, 2017 0.09 0.1 0.09 0.1 112679.0 8579590.0
179 Feb 07, 2017 0.1 0.1 0.09 0.1 89575.1 9428940.0
180 Feb 08, 2017 0.1 0.1 0.09 0.1 79781.3 9418180.0
181 Feb 09, 2017 0.1 0.1 0.09 0.09 69366.5 9359060.0
182 Feb 10, 2017 0.09 0.09 0.08 0.09 52630.1 8717130.0
183 Feb 11, 2017 0.09 0.09 0.08 0.08 231455.0 8441350.0
184 Feb 12, 2017 0.08 0.08 0.08 0.08 71478.9 8124220.0
185 Feb 13, 2017 0.08 0.08 0.08 0.08 77825.5 8020140.0
186 Feb 14, 2017 0.08 0.08 0.07 0.08 142798.0 7567750.0
187 Feb 15, 2017 0.08 0.09 0.08 0.09 131445.0 7601910.0
188 Feb 16, 2017 0.09 0.09 0.08 0.08 93627.2 8454090.0
189 Feb 17, 2017 0.08 0.09 0.08 0.08 63600.9 8086080.0
190 Feb 18, 2017 0.08 0.08 0.07 0.07 122520.0 8049640.0
191 Feb 19, 2017 0.07 0.08 0.07 0.08 40602.0 7423040.0
192 Feb 20, 2017 0.08 0.08 0.08 0.08 69816.2 7686470.0
193 Feb 21, 2017 0.08 0.08 0.07 0.08 59798.2 7639330.0
194 Feb 22, 2017 0.08 0.08 0.08 0.08 68715.4 7775160.0
195 Feb 23, 2017 0.08 0.08 0.08 0.08 55835.1 7580700.0
196 Feb 24, 2017 0.08 0.08 0.07 0.07 68828.1 7713450.0
197 Feb 25, 2017 0.07 0.08 0.07 0.08 75347.3 7404260.0
198 Feb 26, 2017 0.08 0.09 0.08 0.08 89013.4 8020400.0
199 Feb 27, 2017 0.08 0.08 0.08 0.08 29629.3 8004480.0
200 Feb 28, 2017 0.08 0.08 0.07 0.08 33821.7 7697870.0
201 Mar 01, 2017 0.08 0.09 0.08 0.09 132673.0 7649170.0
202 Mar 02, 2017 0.09 0.1 0.08 0.1 271066.0 8403250.0
203 Mar 03, 2017 0.1 0.11 0.09 0.1 345930.0 9744840.0
204 Mar 04, 2017 0.1 0.1 0.09 0.1 65177.2 9808840.0
205 Mar 05, 2017 0.1 0.1 0.1 0.1 35311.9 9369480.0
206 Mar 06, 2017 0.1 0.1 0.09 0.09 47574.9 9552870.0
207 Mar 07, 2017 0.09 0.09 0.08 0.09 103288.0 9185420.0
208 Mar 08, 2017 0.09 0.09 0.08 0.08 62746.0 8486820.0
209 Mar 09, 2017 0.08 0.08 0.07 0.08 46050.7 7711140.0
210 Mar 10, 2017 0.08 0.08 0.07 0.08 136005.0 7955930.0
211 Mar 11, 2017 0.08 0.09 0.08 0.08 145609.0 7752020.0
212 Mar 12, 2017 0.08 0.1 0.08 0.09 200131.0 8068250.0
213 >Mar 13, 201 0.1 0.11 0.09 0.1 289622.0 9358400.0
214 Mar 14, 2017 0.1 0.1 0.09 0.1 167912.0 10121600.0
215 Mar 15, 2017 0.1 0.1 0.09 0.1 102472.0 9811920.0
216 Mar 16, 2017 0.1 0.1 0.09 0.09 154328.0 9440240.0
217 Mar 17, 2017 0.09 0.11 0.09 0.1 344795.0 8935720.0
218 Mar 18, 2017 0.1 0.12 0.09 0.09 537637.0 9966270.0
219 Mar 19, 2017 0.09 0.11 0.09 0.11 312382.0 9263000.0
220 Mar 20, 2017 0.11 0.13 0.11 0.13 463863.0 10979500.0
221 Mar 21, 2017 0.13 0.15 0.12 0.14 776284.0 12437300.0
222 Mar 22, 2017 0.14 0.14 0.12 0.14 366482.0 13503800.0
223 Mar 23, 2017 0.14 0.14 0.12 0.13 188451.0 13443600.0
224 Mar 24, 2017 0.13 0.13 0.11 0.11 217068.0 12922000.0
225 Mar 25, 2017 0.11 0.14 0.11 0.13 345479.0 11276200.0
226 Mar 26, 2017 0.13 0.2 0.13 0.19 1729470.0 13011500.0
227 Mar 27, 2017 0.19 0.22 0.17 0.17 1681390.0 18499800.0
228 Mar 28, 2017 0.17 0.19 0.16 0.18 453196.0 17057300.0
229 Mar 29, 2017 0.18 0.21 0.18 0.2 546849.0 17657100.0
230 Mar 30, 2017 0.2 0.21 0.19 0.2 474000.0 19806700.0
231 Mar 31, 2017 0.2 0.21 0.18 0.2 550593.0 19494900.0
232 Apr 01, 2017 0.2 0.26 0.2 0.25 889150.0 19578400.0
233 Apr 02, 2017 0.25 0.31 0.25 0.28 1886380.0 24835000.0
234 Apr 03, 2017 0.28 0.35 0.26 0.34 1166730.0 27052500.0
235 Apr 04, 2017 0.36 0.4 0.32 0.39 3027180.0 35124600.0
236 Apr 05, 2017 0.39 0.55 0.38 0.42 7752760.0 38194700.0
237 Apr 06, 2017 0.42 0.51 0.39 0.45 3144410.0 41285000.0
238 Apr 07, 2017 0.45 0.47 0.38 0.43 1889010.0 44359400.0
239 Apr 08, 2017 0.45 0.49 0.41 0.45 1693160.0 44420500.0
240 Apr 09, 2017 0.45 0.46 0.42 0.42 719470.0 44171300.0
241 Apr 10, 2017 0.42 0.43 0.37 0.42 1056040.0 41538600.0
242 Apr 11, 2017 0.42 0.43 0.4 0.41 472155.0 41613500.0
243 Apr 12, 2017 0.42 0.42 0.4 0.42 414260.0 41042600.0
244 Apr 13, 2017 0.42 0.55 0.4 0.54 2461110.0 41332400.0
245 Apr 14, 2017 0.54 0.63 0.51 0.61 4448330.0 52941600.0
246 Apr 15, 2017 0.61 0.75 0.59 0.68 5749910.0 59836700.0
247 Apr 16, 2017 0.68 0.74 0.65 0.68 3328550.0 66669500.0
248 Apr 17, 2017 0.68 0.69 0.63 0.67 1489060.0 66474300.0
249 Apr 18, 2017 0.67 0.7 0.66 0.7 1093750.0 66240200.0
250 Apr 19, 2017 0.7 0.76 0.67 0.68 2528750.0 68877300.0
251 Apr 20, 2017 0.68 0.7 0.61 0.67 1873680.0 67061700.0
252 Apr 21, 2017 0.67 0.7 0.65 0.66 618058.0 65806400.0
253 Apr 22, 2017 0.66 0.68 0.58 0.63 1176330.0 65383500.0
254 Apr 23, 2017 0.64 0.64 0.58 0.58 1066710.0 62841800.0
255 Apr 24, 2017 0.59 0.64 0.58 0.63 845139.0 57819900.0
256 Apr 25, 2017 0.63 0.64 0.57 0.59 1074350.0 62331800.0
257 Apr 26, 2017 0.59 0.66 0.58 0.64 1092190.0 58549900.0
258 Apr 27, 2017 0.64 0.64 0.58 0.62 1012360.0 62761900.0
259 Apr 28, 2017 0.62 0.7 0.6 0.68 1383590.0 60767100.0
260 Apr 29, 2017 0.68 0.73 0.65 0.73 1296150.0 67369700.0
261 Apr 30, 2017 0.73 0.77 0.71 0.73 1610270.0 72073000.0
262 May 01, 2017 0.74 0.81 0.71 0.75 2046520.0 72583100.0
263 May 02, 2017 0.75 0.82 0.72 0.81 1425740.0 73494400.0
264 May 03, 2017 0.82 1.06 0.77 1.04 6462660.0 80459200.0
265 May 04, 2017 1.04 1.16 0.97 1.16 3190040.0 102814000.0
266 May 05, 2017 1.17 1.34 1.14 1.2 4847450.0 114630000.0
267 May 06, 2017 1.2 1.26 1.16 1.2 1746380.0 118496000.0
268 May 07, 2017 1.21 1.24 1.08 1.18 2653790.0 118866000.0
269 May 08, 2017 1.18 1.22 1.1 1.18 2535400.0 116185000.0
270 May 09, 2017 1.17 1.22 0.97 1.13 2338300.0 115221000.0
271 May 10, 2017 1.13 1.37 1.12 1.26 3290310.0 110803000.0
272 May 11, 2017 1.26 1.38 1.23 1.32 1734260.0 124139000.0
273 May 12, 2017 1.32 1.37 1.23 1.26 1778790.0 129648000.0
274 May 13, 2017 1.25 1.28 1.18 1.25 857911.0 122735000.0
275 May 14, 2017 1.25 1.32 1.24 1.28 981516.0 122761000.0
276 May 15, 2017 1.28 1.28 1.18 1.2 836058.0 125557000.0
277 >May 16, 201 1.2 1.26 1.15 1.24 1680650.0 118259000.0
278 May 17, 2017 1.23 1.3 1.19 1.26 1739460.0 121279000.0
279 May 18, 2017 1.27 1.42 1.24 1.41 2850560.0 124689000.0
280 May 19, 2017 1.42 1.75 1.38 1.66 5798680.0 139905000.0
281 May 20, 2017 1.66 2.01 1.62 2.01 4183780.0 163356000.0
282 May 21, 2017 2.01 2.15 1.87 2.11 5030270.0 198012000.0
283 May 22, 2017 2.1 2.1 1.88 1.95 3365370.0 206311000.0
284 May 23, 2017 1.96 3.24 1.96 2.99 8526840.0 193213000.0
285 May 24, 2017 3.05 3.43 2.85 3.0 11021500.0 300580000.0
286 May 25, 2017 3.06 3.5 2.65 2.67 4621460.0 301142000.0
287 May 26, 2017 2.67 3.43 2.59 3.03 6004290.0 262417000.0
288 May 27, 2017 3.06 3.17 1.97 2.68 5332510.0 300653000.0
289 May 28, 2017 2.68 3.21 2.65 3.12 4152120.0 263636000.0
290 May 29, 2017 3.12 4.01 3.12 3.76 12998700.0 306525000.0
291 May 30, 2017 3.8 5.99 3.76 5.87 29487300.0 374312000.0
292 May 31, 2017 6.0 6.39 4.93 5.09 38378600.0 590175000.0
293 Jun 01, 2017 5.2 6.12 5.04 6.0 17263800.0 511918000.0
294 Jun 02, 2017 6.0 9.21 5.85 8.68 61652500.0 590322000.0
295 Jun 03, 2017 8.62 11.67 8.61 9.3 76687700.0 848350000.0
296 Jun 04, 2017 9.02 10.85 8.13 10.48 40558300.0 887171000.0
297 Jun 05, 2017 10.56 11.25 10.02 10.4 29752700.0 1039320000.0
298 Jun 06, 2017 10.48 11.1 9.87 10.62 24926500.0 1031430000.0
299 Jun 07, 2017 10.45 11.12 8.94 9.39 22802600.0 1028700000.0
300 Jun 08, 2017 9.47 9.76 8.89 9.36 17328100.0 931815000.0
301 Jun 09, 2017 9.33 10.53 8.54 8.6 25801700.0 917966000.0
302 Jun 10, 2017 8.6 8.82 6.97 7.11 37558500.0 846058000.0
303 Jun 11, 2017 7.0 9.61 6.46 8.7 40501000.0 688678000.0
304 Jun 12, 2017 8.64 9.61 6.98 7.49 19884300.0 850720000.0
305 Jun 13, 2017 7.39 9.55 7.39 9.46 24455300.0 727868000.0
306 Jun 14, 2017 9.38 10.08 7.64 8.07 18743800.0 922947000.0
307 Jun 15, 2017 8.09 8.39 6.58 7.96 11399100.0 796567000.0
308 Jun 16, 2017 7.97 8.2 7.51 8.09 10005000.0 784397000.0
309 Jun 17, 2017 7.97 7.97 7.63 7.76 8056000.0 784488000.0
310 Jun 18, 2017 7.75 7.85 7.31 7.42 7625120.0 763324000.0
311 Jun 19, 2017 7.45 8.18 7.29 7.7 14198200.0 733745000.0
312 Jun 20, 2017 7.71 7.84 6.86 7.03 13751300.0 759460000.0
313 Jun 21, 2017 7.07 7.67 6.64 6.97 13564400.0 695668000.0
314 Jun 22, 2017 6.99 7.27 6.85 7.12 6066790.0 687720000.0
315 Jun 23, 2017 7.14 8.49 6.89 8.35 8762870.0 702458000.0
316 Jun 24, 2017 8.41 8.56 7.47 7.69 9579230.0 828315000.0
317 Jun 25, 2017 7.67 7.68 6.66 7.08 5651070.0 754894000.0
318 Jun 26, 2017 7.1 7.23 5.32 6.36 9864730.0 698652000.0
319 Jun 27, 2017 6.62 6.85 5.4 6.68 8249570.0 651371000.0
320 Jun 28, 2017 6.71 7.26 6.22 6.96 6790860.0 660817000.0
321 Jun 29, 2017 6.97 7.02 6.17 6.59 6378180.0 685773000.0
322 Jun 30, 2017 6.58 6.78 6.22 6.29 4946910.0 648016000.0
323 Jul 01, 2017 6.29 6.4 5.54 5.55 4750540.0 618999000.0
324 Jul 02, 2017 5.59 6.04 5.28 5.88 5537910.0 550593000.0
325 Jul 03, 2017 5.82 6.05 5.63 5.95 5280130.0 573245000.0
326 Jul 04, 2017 5.97 6.54 5.94 6.32 6141920.0 587765000.0
327 Jul 05, 2017 6.31 6.32 5.83 5.99 5158460.0 621293000.0
328 Jul 06, 2017 5.99 6.29 5.84 6.22 7169490.0 589414000.0
329 Jul 07, 2017 6.21 6.25 4.82 4.92 9364820.0 611878000.0
330 Jul 08, 2017 4.93 4.95 4.32 4.95 9638480.0 485542000.0
331 Jul 09, 2017 4.97 5.18 4.28 4.28 4576640.0 489388000.0
332 Jul 10, 2017 4.24 4.32 2.67 3.04 19098300.0 417352000.0
333 Jul 11, 2017 3.06 3.52 2.34 2.98 23622700.0 301381000.0
334 Jul 12, 2017 2.96 4.35 2.66 4.35 18375700.0 292008000.0
335 Jul 13, 2017 4.35 4.37 3.42 3.68 13810600.0 428182000.0
336 Jul 14, 2017 3.66 3.66 2.99 3.29 9898950.0 360072000.0
337 Jul 15, 2017 3.29 3.29 2.87 3.19 5250730.0 324366000.0
338 Jul 16, 2017 3.15 3.26 2.5 2.88 5474900.0 310564000.0
339 Jul 17, 2017 2.87 3.9 2.86 3.88 8947560.0 282410000.0
340 Jul 18, 2017 3.9 4.79 3.59 4.18 15771000.0 383676000.0
341 Jul 19, 2017 4.22 4.63 3.82 3.85 8872790.0 415559000.0
342 Jul 20, 2017 3.87 5.38 3.87 5.38 11643300.0 380850000.0
343 Jul 21, 2017 5.39 6.27 5.22 6.22 18578500.0 530496000.0
344 Jul 22, 2017 6.28 7.15 6.25 6.78 20602100.0 618085000.0
345 Jul 23, 2017 6.8 6.96 5.93 6.17 12522100.0 669425000.0
346 Jul 24, 2017 6.16 6.35 5.65 5.77 10593700.0 607093000.0
347 Jul 25, 2017 5.76 5.92 4.3 4.82 20657700.0 567608000.0
348 Jul 26, 2017 4.83 5.37 4.57 5.06 12565800.0 475864000.0
349 Jul 27, 2017 5.11 5.34 4.74 4.97 10071100.0 503595000.0
350 Jul 28, 2017 5.0 5.04 4.33 4.61 15690500.0 491910000.0
351 Jul 29, 2017 4.59 5.21 4.4 5.21 11185800.0 451636000.0
352 Jul 30, 2017 5.2 5.2 4.75 4.85 8457590.0 511780000.0
353 Jul 31, 2017 4.84 5.13 4.66 5.0 8754770.0 476325000.0
354 Aug 01, 2017 5.02 5.98 4.94 5.92 12038300.0 494159000.0
355 Aug 02, 2017 5.91 6.0 5.4 5.57 9212420.0 582364000.0
356 Aug 03, 2017 5.61 6.08 5.53 6.04 9794660.0 552183000.0
357 Aug 04, 2017 6.04 6.62 5.86 6.61 13083500.0 595242000.0
358 Aug 05, 2017 6.6 7.49 6.58 7.12 22170600.0 650402000.0
359 Aug 06, 2017 7.13 7.42 6.68 6.72 12383900.0 701954000.0
360 Aug 07, 2017 6.75 7.71 6.56 7.62 19820000.0 664642000.0
361 Aug 08, 2017 7.63 8.34 7.45 7.87 21843100.0 751997000.0
362 Aug 09, 2017 7.83 7.93 7.33 7.53 15452600.0 771777000.0
363 Aug 10, 2017 7.49 8.87 7.2 7.91 39078900.0 737685000.0
364 Aug 11, 2017 8.07 8.25 7.45 7.58 24356200.0 794844000.0
365 Aug 12, 2017 7.61 7.83 6.49 6.79 25362400.0 750072000.0
366 Aug 13, 2017 6.72 7.38 6.21 6.51 24769900.0 662468000.0
367 Aug 14, 2017 6.53 6.81 5.47 6.04 25360200.0 643558000.0
368 Aug 15, 2017 6.06 7.05 5.64 6.09 29168700.0 596646000.0
369 Aug 16, 2017 6.13 6.62 5.97 6.05 19390300.0 603644000.0
370 Aug 17, 2017 6.1 6.52 5.83 6.15 18775000.0 600694000.0
371 Aug 18, 2017 6.12 6.19 5.36 5.62 15643400.0 602570000.0
372 Aug 19, 2017 5.61 5.67 4.87 5.66 17616500.0 552835000.0
373 Aug 20, 2017 5.66 5.96 5.43 5.72 13936500.0 557626000.0
374 Aug 21, 2017 5.72 5.78 5.27 5.47 14688000.0 563415000.0
375 Aug 22, 2017 5.42 5.68 4.79 5.68 11947300.0 533582000.0
376 Aug 23, 2017 5.67 6.93 5.55 5.88 35363700.0 558913000.0
377 Aug 24, 2017 5.93 6.41 5.9 6.0 14075900.0 583904000.0
378 Aug 25, 2017 6.03 6.16 5.79 6.06 13223700.0 593706000.0
379 Aug 26, 2017 6.04 6.4 5.89 6.3 13291900.0 594785000.0
380 Aug 27, 2017 6.3 7.63 6.29 6.97 24137600.0 620679000.0
381 Aug 28, 2017 6.93 7.58 6.62 7.24 19477300.0 683032000.0
382 Aug 29, 2017 7.26 7.29 6.49 6.96 18303600.0 715769000.0
383 Aug 30, 2017 6.84 7.35 6.72 7.33 12604000.0 674382000.0
384 Aug 31, 2017 7.27 7.63 7.11 7.28 15100200.0 716572000.0
385 Sep 01, 2017 7.28 7.78 6.97 7.25 22610800.0 717199000.0
386 Sep 02, 2017 7.27 7.27 6.18 6.34 11500400.0 716038000.0
387 Sep 03, 2017 6.36 6.59 5.99 6.59 8487740.0 626826000.0
388 Sep 04, 2017 6.61 6.74 5.35 5.77 14669700.0 651334000.0
389 Sep 05, 2017 5.79 6.23 5.11 6.03 8514110.0 570643000.0
390 Sep 06, 2017 6.07 6.57 5.98 6.22 5768010.0 597983000.0
391 Sep 07, 2017 6.2 6.25 5.86 6.17 6362780.0 611117000.0
392 Sep 08, 2017 6.16 6.41 5.37 5.71 8651120.0 607162000.0
393 Sep 09, 2017 5.72 5.79 5.5 5.76 3496720.0 563845000.0
394 Sep 10, 2017 5.73 6.04 5.35 5.86 8637120.0 564937000.0
395 Sep 11, 2017 5.86 6.08 5.51 5.6 5037870.0 577080000.0
396 Sep 12, 2017 5.62 5.88 5.31 5.53 8270520.0 553334000.0
397 Sep 13, 2017 5.51 5.53 4.56 5.01 6572450.0 543119000.0
398 Sep 14, 2017 5.01 5.08 3.75 3.78 6121560.0 494028000.0
399 Sep 15, 2017 3.8 4.67 3.04 4.62 8004530.0 374266000.0
400 Sep 16, 2017 4.61 4.81 4.17 4.39 4687280.0 454539000.0
401 Sep 17, 2017 4.39 4.66 4.05 4.44 3432560.0 432583000.0
402 Sep 18, 2017 4.46 5.63 4.45 5.37 12693200.0 439359000.0
403 Sep 19, 2017 5.35 5.37 4.8 4.85 8821170.0 527507000.0
404 Sep 20, 2017 4.84 5.42 4.68 4.75 8585630.0 476755000.0
405 Sep 21, 2017 4.73 4.78 3.91 4.03 6825670.0 466613000.0
406 Sep 22, 2017 4.03 4.25 3.79 3.93 4174410.0 397230000.0
407 Sep 23, 2017 3.94 4.32 3.88 4.23 3462380.0 388161000.0
408 Sep 24, 2017 4.19 4.22 3.95 3.97 2751840.0 412920000.0
409 Sep 25, 2017 3.98 4.29 3.96 4.25 4692290.0 392654000.0
410 Sep 26, 2017 4.23 4.56 4.12 4.39 6399530.0 416859000.0
411 Sep 27, 2017 4.4 4.84 4.36 4.77 7465230.0 433440000.0
412 Sep 28, 2017 4.77 5.04 4.69 4.79 7847200.0 469867000.0
413 Sep 29, 2017 4.78 4.88 4.39 4.47 7038430.0 471559000.0
414 Sep 30, 2017 4.47 4.62 4.4 4.44 6061940.0 440203000.0
415 Oct 01, 2017 4.46 4.51 4.09 4.13 7993490.0 440100000.0
416 Oct 02, 2017 4.12 4.32 3.8 3.91 8607690.0 406341000.0
417 Oct 03, 2017 3.91 4.01 3.38 3.81 13060300.0 385143000.0
418 Oct 04, 2017 3.8 3.98 3.52 3.64 7099310.0 374747000.0
419 Oct 05, 2017 3.64 3.69 3.44 3.56 3814770.0 359209000.0
420 Oct 06, 2017 3.55 3.86 3.55 3.69 3894190.0 350388000.0
421 Oct 07, 2017 3.69 4.02 3.54 3.92 7693060.0 363891000.0
422 Oct 08, 2017 3.9 4.14 3.45 3.51 9186260.0 384053000.0
423 Oct 09, 2017 3.53 3.71 3.15 3.35 7796190.0 347588000.0
424 Oct 10, 2017 3.36 3.56 3.32 3.4 4880590.0 331471000.0
425 Oct 11, 2017 3.41 3.58 3.4 3.51 4683540.0 335756000.0
426 Oct 12, 2017 3.52 3.52 3.12 3.12 8527240.0 346797000.0
427 Oct 13, 2017 3.13 3.34 3.0 3.14 8455320.0 308920000.0
428 Oct 14, 2017 3.14 3.14 2.7 2.85 7843710.0 309165000.0
429 Oct 15, 2017 2.86 3.06 2.76 3.01 6180240.0 282387000.0
430 Oct 16, 2017 3.01 3.09 2.8 2.98 6688310.0 296889000.0
431 Oct 17, 2017 2.98 3.07 2.87 3.06 6242700.0 293352000.0
432 Oct 18, 2017 3.06 3.36 2.9 3.21 14079200.0 301767000.0
433 Oct 19, 2017 3.21 3.33 3.04 3.08 7054550.0 317024000.0
434 Oct 20, 2017 3.09 3.29 2.94 2.96 7724320.0 304362000.0
435 Oct 21, 2017 2.99 3.18 2.67 3.02 6529230.0 294448000.0
436 Oct 22, 2017 3.04 3.39 2.87 3.15 9563480.0 299843000.0
437 Oct 23, 2017 3.15 3.75 3.08 3.38 21784500.0 310956000.0
438 Oct 24, 2017 3.35 4.03 3.23 4.0 17175100.0 330667000.0
439 Oct 25, 2017 4.04 5.04 3.81 4.92 27633500.0 398709000.0
440 Oct 26, 2017 4.96 5.04 3.98 4.39 30372000.0 488616000.0
441 Oct 27, 2017 4.43 4.76 4.19 4.4 14107600.0 436841000.0
442 Oct 28, 2017 4.39 4.61 4.21 4.29 9976150.0 432962000.0
443 Oct 29, 2017 4.26 4.51 4.03 4.04 13787600.0 420386000.0
444 Oct 30, 2017 4.08 4.53 3.76 3.82 13256800.0 402732000.0
445 Oct 31, 2017 3.79 3.79 3.31 3.36 13957800.0 373355000.0
446 Nov 01, 2017 3.36 3.4 3.04 3.08 9835120.0 331704000.0
447 Nov 02, 2017 3.04 3.16 2.41 2.88 21011000.0 299839000.0
448 Nov 03, 2017 2.84 3.29 2.7 3.13 10273500.0 279668000.0
449 Nov 04, 2017 3.12 3.26 2.94 2.99 7783710.0 307484000.0
450 Nov 05, 2017 3.0 3.15 2.89 3.04 6526060.0 295342000.0
451 Nov 06, 2017 3.04 3.14 2.97 3.01 7091170.0 300055000.0
452 Nov 07, 2017 3.01 3.05 2.93 3.02 4708950.0 296727000.0
453 Nov 08, 2017 3.01 3.76 2.91 3.53 16903800.0 297266000.0
454 Nov 09, 2017 3.54 3.9 3.53 3.75 11101300.0 348838000.0
455 Nov 10, 2017 3.75 3.84 3.0 3.2 9130380.0 370129000.0
456 Nov 11, 2017 3.17 3.37 3.01 3.3 6948770.0 312651000.0
457 Nov 12, 2017 3.3 3.3 2.72 2.88 7494210.0 325278000.0
458 Nov 13, 2017 2.87 3.27 2.85 3.22 6844240.0 282633000.0
459 Nov 14, 2017 3.23 3.71 3.23 3.61 11279900.0 319047000.0
460 Nov 15, 2017 3.6 3.83 3.49 3.73 11132600.0 354607000.0
461 Nov 16, 2017 3.74 3.75 3.27 3.31 9418140.0 369318000.0
462 Nov 17, 2017 3.3 3.57 3.22 3.36 7115310.0 325909000.0
463 Nov 18, 2017 3.37 3.52 3.29 3.5 6673990.0 332566000.0
464 Nov 19, 2017 3.5 3.71 3.4 3.46 9062750.0 344757000.0
465 Nov 20, 2017 3.45 3.54 3.42 3.48 6356620.0 340139000.0
466 Nov 21, 2017 3.49 3.88 3.27 3.46 10210100.0 344218000.0
467 Nov 22, 2017 3.48 3.75 3.46 3.73 8231210.0 343618000.0
468 Nov 23, 2017 3.73 4.27 3.73 4.0 18217100.0 367876000.0
469 Nov 24, 2017 3.99 4.27 3.83 4.25 12298500.0 393780000.0
470 Nov 25, 2017 4.25 4.91 4.24 4.79 21031200.0 419190000.0
471 Nov 26, 2017 4.82 4.83 4.46 4.56 16465900.0 475322000.0
472 Nov 27, 2017 4.56 5.38 4.46 5.38 21900500.0 449765000.0
473 Nov 28, 2017 5.36 6.47 5.07 6.47 41317100.0 528620000.0
474 Nov 29, 2017 6.5 6.72 4.64 4.82 42428800.0 641537000.0
475 Nov 30, 2017 4.86 5.76 4.6 5.36 22486300.0 479208000.0
476 Dec 01, 2017 5.32 5.72 5.06 5.65 14799500.0 524709000.0
477 Dec 02, 2017 5.7 6.02 5.61 5.91 14753200.0 562162000.0
478 Dec 03, 2017 5.92 6.52 5.69 6.12 18408000.0 583559000.0
479 Dec 04, 2017 6.15 7.49 6.1 7.48 30999400.0 606793000.0
480 Dec 05, 2017 7.55 7.95 7.23 7.46 41472400.0 744784000.0
481 Dec 06, 2017 7.4 8.02 6.74 7.56 47240700.0 729668000.0
482 Dec 07, 2017 7.57 10.88 6.9 8.84 165329000.0 746695000.0
483 Dec 08, 2017 8.8 10.0 7.57 9.02 67156200.0 867847000.0
484 Dec 09, 2017 9.0 10.25 8.06 9.16 40892300.0 887916000.0
485 Dec 10, 2017 9.23 9.82 7.02 9.2 49244800.0 910546000.0
486 Dec 11, 2017 9.21 11.41 8.86 10.73 67994100.0 908593000.0
487 Dec 12, 2017 10.76 10.95 9.71 10.16 57930500.0 1062330000.0
488 Dec 13, 2017 10.12 10.25 9.15 9.54 35347700.0 999159000.0
489 Dec 14, 2017 9.45 10.03 9.14 9.78 38710200.0 932217000.0
490 Dec 15, 2017 9.81 9.95 8.79 9.89 37830600.0 968078000.0
491 Dec 16, 2017 9.85 10.86 9.68 10.8 40692300.0 972032000.0
492 Dec 17, 2017 10.58 11.75 10.45 11.25 58303400.0 1044250000.0
493 Dec 18, 2017 11.25 14.0 10.8 12.66 139841000.0 1110720000.0
494 Dec 19, 2017 12.76 13.31 11.45 11.99 74910100.0 1259130000.0
495 Dec 20, 2017 11.97 12.03 10.22 11.18 52126800.0 1181220000.0
496 Dec 21, 2017 11.22 14.26 11.16 12.92 120408000.0 1107160000.0
497 Dec 22, 2017 12.91 13.16 7.61 9.92 57832900.0 1274250000.0
498 Dec 23, 2017 10.01 16.04 9.71 13.24 111333000.0 988665000.0
499 Dec 24, 2017 13.49 15.54 12.24 14.28 98855000.0 1331470000.0
500 Dec 25, 2017 14.39 16.53 13.0 15.3 79274800.0 1420150000.0
501 Dec 26, 2017 15.14 16.11 13.66 14.92 87781700.0 1494590000.0
502 Dec 27, 2017 14.97 14.97 13.23 13.84 47212900.0 1477840000.0
503 Dec 28, 2017 13.78 14.65 11.44 14.22 61972200.0 1360020000.0
504 Dec 29, 2017 14.44 15.88 13.99 15.14 45160700.0 1425150000.0
505 Dec 30, 2017 15.12 15.12 12.05 13.0 33165200.0 1493000000.0
506 Dec 31, 2017 12.85 14.31 12.64 14.02 27243700.0 1269020000.0
507 Jan 01, 2018 14.06 16.73 13.47 15.69 75643600.0 1388100000.0
508 Jan 02, 2018 15.83 16.61 14.39 16.07 63791100.0 1562840000.0
509 Jan 03, 2018 16.08 17.25 14.7 16.95 50176600.0 1587680000.0
510 Jan 04, 2018 16.84 17.24 15.15 16.06 58863100.0 1662060000.0
511 Jan 05, 2018 15.99 16.19 14.41 15.18 58967300.0 1578710000.0
512 Jan 06, 2018 15.1 16.81 14.82 16.18 40643800.0 1490410000.0
513 Jan 07, 2018 16.07 17.85 15.91 17.05 39299000.0 1586140000.0
514 Jan 08, 2018 17.02 22.65 17.02 21.74 167018000.0 1680520000.0
515 Jan 09, 2018 21.93 21.93 18.83 19.53 66024900.0 2164950000.0
516 Jan 10, 2018 19.34 19.62 17.18 19.24 38332900.0 1909330000.0
517 Jan 11, 2018 19.26 19.39 14.81 16.09 41010200.0 1901060000.0
518 Jan 12, 2018 16.18 20.0 15.57 18.69 39309600.0 1596910000.0
519 Jan 13, 2018 18.62 20.35 18.53 19.95 29031000.0 1838120000.0
520 Jan 14, 2018 19.93 20.16 17.62 19.93 29952500.0 1967980000.0
521 Jan 15, 2018 19.66 22.19 19.32 20.8 136719000.0 1941050000.0
522 Jan 16, 2018 20.85 20.85 11.86 14.93 82425800.0 2058280000.0
523 Jan 17, 2018 14.92 15.63 10.66 14.73 55399600.0 1473570000.0
524 Jan 18, 2018 14.83 16.19 13.51 14.58 45599200.0 1464610000.0
525 Jan 19, 2018 14.41 15.94 13.9 14.84 36179600.0 1422830000.0
526 Jan 20, 2018 14.97 16.45 14.97 16.09 56670600.0 1478350000.0
527 Jan 21, 2018 16.05 16.05 12.82 13.28 34303600.0 1584850000.0
528 Jan 22, 2018 13.43 14.05 10.85 11.72 32543500.0 1325880000.0
529 Jan 23, 2018 11.55 13.29 10.95 12.46 39676300.0 1140180000.0
530 Jan 24, 2018 12.37 13.02 11.94 12.63 23016500.0 1221140000.0
531 Jan 25, 2018 12.84 13.13 12.1 12.68 18111100.0 1267800000.0
532 Jan 26, 2018 12.63 14.13 11.21 13.37 55387300.0 1247740000.0
533 Jan 27, 2018 13.46 15.38 13.17 14.41 117059000.0 1329110000.0
534 Jan 28, 2018 14.44 15.16 14.2 14.64 34283400.0 1426250000.0
535 Jan 29, 2018 14.62 14.9 13.73 14.81 29743800.0 1443430000.0
536 Jan 30, 2018 14.86 14.86 11.76 11.97 25695100.0 1467940000.0
537 Jan 31, 2018 11.98 12.78 11.12 12.29 25649400.0 1183220000.0
538 Feb 01, 2018 12.36 12.87 9.5 10.14 23587600.0 1220310000.0
539 Feb 02, 2018 10.09 10.09 7.16 9.33 25720900.0 996957000.0
540 Feb 03, 2018 9.4 10.18 8.34 9.66 11740300.0 928058000.0
541 Feb 04, 2018 9.66 9.79 7.43 7.99 14448100.0 953494000.0
542 Feb 05, 2018 7.93 8.15 5.63 6.09 14262200.0 783473000.0
543 Feb 06, 2018 6.08 7.12 4.75 6.86 17572200.0 600848000.0
544 Feb 07, 2018 6.83 7.53 6.15 6.49 13130400.0 674637000.0
545 Feb 08, 2018 6.42 7.36 6.42 7.35 12229100.0 634084000.0
546 Feb 09, 2018 7.31 8.22 6.95 8.21 12699200.0 721390000.0
547 Feb 10, 2018 8.26 8.86 7.19 7.86 20070700.0 815645000.0
548 Feb 11, 2018 7.84 7.84 6.61 6.99 9233680.0 774245000.0
549 Feb 12, 2018 7.03 7.98 7.03 7.9 10176500.0 694445000.0
550 Feb 13, 2018 7.93 8.24 7.55 7.95 17510200.0 782976000.0
551 Feb 14, 2018 7.91 9.74 7.91 9.36 47682600.0 780623000.0
552 Feb 15, 2018 9.26 9.76 9.08 9.54 23848900.0 914277000.0
553 Feb 16, 2018 9.5 9.79 9.0 9.56 14430300.0 938100000.0
554 Feb 17, 2018 9.53 9.95 9.42 9.76 19415600.0 940978000.0
555 Feb 18, 2018 9.76 9.78 8.82 9.26 14139400.0 963499000.0
556 Feb 19, 2018 9.26 10.17 9.1 9.95 22415800.0 914001000.0
557 Feb 20, 2018 9.91 10.17 9.02 9.13 21055000.0 978923000.0
558 Feb 21, 2018 9.07 9.12 7.92 8.24 18825400.0 895575000.0
559 Feb 22, 2018 8.23 8.51 7.14 7.26 11941200.0 812796000.0
560 Feb 23, 2018 7.24 8.13 6.89 7.65 9438520.0 714506000.0
561 Feb 24, 2018 7.65 8.01 7.04 7.37 11802500.0 755788000.0
562 Feb 25, 2018 7.35 7.63 7.13 7.38 7811670.0 725991000.0
563 Feb 26, 2018 7.42 7.8 7.0 7.6 8441520.0 732741000.0
564 Feb 27, 2018 7.59 7.94 7.45 7.8 6434710.0 749890000.0
565 Feb 28, 2018 7.8 7.97 7.35 7.35 7101400.0 770470000.0
566 Mar 01, 2018 7.38 7.65 7.03 7.6 8010730.0 728712000.0
567 Mar 02, 2018 7.57 8.21 7.44 8.04 14455900.0 748029000.0
568 Mar 03, 2018 8.02 8.98 8.02 8.27 23331300.0 791796000.0
569 Mar 04, 2018 8.22 8.37 7.9 8.32 7421910.0 812267000.0
570 Mar 05, 2018 8.33 8.45 8.08 8.13 8337660.0 822632000.0
571 Mar 06, 2018 8.1 8.1 7.14 7.34 9876510.0 799866000.0
572 Mar 07, 2018 7.33 7.52 6.06 6.21 12706000.0 724539000.0
573 Mar 08, 2018 6.21 6.55 5.76 5.82 7105440.0 612936000.0
574 Mar 09, 2018 5.78 5.84 4.97 5.7 8574140.0 571019000.0
575 Mar 10, 2018 5.71 5.94 5.28 5.36 4855590.0 563797000.0
576 Mar 11, 2018 5.34 5.88 5.1 5.85 3641180.0 527114000.0
577 Mar 12, 2018 5.83 6.03 5.33 5.47 4488550.0 575859000.0
578 Mar 13, 2018 5.44 5.68 5.25 5.44 4402760.0 537600000.0
579 Mar 14, 2018 5.42 5.56 4.63 4.82 5728080.0 535934000.0
580 Mar 15, 2018 4.81 4.85 4.25 4.76 7083840.0 474753000.0
581 Mar 16, 2018 4.74 4.81 4.47 4.61 5029010.0 467948000.0
582 Mar 17, 2018 4.63 4.63 4.01 4.07 4753190.0 456990000.0
583 Mar 18, 2018 4.08 4.45 3.43 4.35 9559220.0 402751000.0
584 Mar 19, 2018 4.34 4.86 4.29 4.86 9337520.0 429296000.0
585 Mar 20, 2018 4.9 5.28 4.59 5.15 9210600.0 484167000.0
586 Mar 21, 2018 5.17 5.64 5.11 5.35 14418600.0 510258000.0
587 Mar 22, 2018 5.34 5.54 4.86 5.15 9074160.0 527785000.0
588 Mar 23, 2018 5.17 5.17 4.81 5.05 7941910.0 510476000.0
589 Mar 24, 2018 5.15 5.53 5.09 5.21 11120900.0 508415000.0
590 Mar 25, 2018 5.14 5.52 4.99 5.43 8719140.0 508075000.0
591 Mar 26, 2018 5.38 5.45 4.58 4.91 10258000.0 531074000.0
592 Mar 27, 2018 4.88 4.88 4.39 4.4 7069330.0 482294000.0
