0 Aug 20, 2017 20.38 20.57 18.97 20.36 6789300.0 0.0
1 Aug 21, 2017 20.24 20.24 14.16 15.3 11376500.0 0.0
2 Aug 22, 2017 15.33 15.57 12.82 13.98 8898470.0 0.0
3 Aug 23, 2017 13.91 23.28 12.77 22.37 8823000.0 0.0
4 Aug 24, 2017 22.4 29.2 18.87 27.66 12398700.0 0.0
5 Aug 25, 2017 27.75 28.22 24.17 26.31 5318770.0 0.0
6 Aug 26, 2017 26.34 34.81 26.27 34.75 8036550.0 0.0
7 Aug 27, 2017 36.45 43.16 35.71 40.83 72960100.0 0.0
8 Aug 28, 2017 40.77 41.54 28.52 32.83 57085600.0 0.0
9 Aug 29, 2017 32.53 35.36 28.46 32.47 60918800.0 1093280000.0
10 Aug 30, 2017 31.92 32.37 24.7 27.35 33471700.0 1072670000.0
11 Aug 31, 2017 27.64 35.17 27.06 33.58 46054400.0 928817000.0
12 Sep 01, 2017 33.55 36.91 30.3 33.34 56578600.0 1127400000.0
13 Sep 02, 2017 32.94 33.01 25.32 28.54 60982700.0 1107020000.0
14 Sep 03, 2017 28.4 29.06 18.83 20.84 60751100.0 954485000.0
15 Sep 04, 2017 20.77 21.2 8.46 9.03 64300800.0 697918000.0
16 Sep 05, 2017 9.15 10.95 6.23 9.03 88734200.0 307385000.0
17 Sep 06, 2017 8.97 10.54 8.24 9.68 13079500.0 301422000.0
18 Sep 07, 2017 9.82 22.41 9.34 19.4 34848700.0 329917000.0
19 Sep 08, 2017 19.47 19.47 11.41 12.46 23469000.0 654199000.0
20 Sep 09, 2017 12.53 14.72 11.0 12.36 26475000.0 421221000.0
21 Sep 10, 2017 12.34 12.34 10.15 11.41 21907000.0 414700000.0
22 Sep 11, 2017 11.44 12.39 10.37 11.82 31587100.0 384568000.0
23 Sep 12, 2017 11.83 13.79 11.01 11.4 18006300.0 397572000.0
24 Sep 13, 2017 11.35 11.64 10.47 11.19 16480300.0 381549000.0
25 Sep 14, 2017 11.07 11.25 6.26 6.46 13122700.0 372242000.0
26 Sep 15, 2017 6.52 7.49 3.77 6.01 19928800.0 218964000.0
27 Sep 16, 2017 5.93 6.93 5.23 5.57 17010600.0 199238000.0
28 Sep 17, 2017 5.63 5.67 4.65 5.08 11607000.0 189102000.0
29 Sep 18, 2017 5.15 6.66 5.15 6.46 16419900.0 172983000.0
30 Sep 19, 2017 6.53 6.76 5.78 5.82 15557000.0 219478000.0
31 Sep 20, 2017 5.81 5.82 5.26 5.45 11062000.0 195256000.0
32 Sep 21, 2017 5.42 5.65 4.99 5.02 6283640.0 181958000.0
33 Sep 22, 2017 5.03 5.21 4.83 4.96 6049430.0 168961000.0
34 Sep 23, 2017 4.97 5.27 4.93 5.27 5412700.0 167187000.0
35 Sep 24, 2017 5.25 5.27 5.07 5.16 2969910.0 176592000.0
36 Sep 25, 2017 5.15 6.05 5.14 6.02 10613600.0 173154000.0
37 Sep 26, 2017 6.01 6.81 5.92 6.0 6613300.0 202114000.0
38 Sep 27, 2017 5.99 6.22 5.6 5.93 5827500.0 201361000.0
39 Sep 28, 2017 6.15 7.06 5.98 6.69 13321400.0 206633000.0
40 Sep 29, 2017 6.69 7.85 6.5 6.5 11415400.0 224822000.0
41 Sep 30, 2017 6.5 8.8 6.43 8.4 24790100.0 218380000.0
42 Oct 01, 2017 8.38 8.56 7.61 7.9 23910900.0 281401000.0
43 Oct 02, 2017 7.88 7.92 7.04 7.21 23609600.0 265350000.0
44 >Oct 03, 201 7.23 7.3 6.03 6.08 22661700.0 243577000.0
45 Oct 04, 2017 6.09 6.2 5.99 6.12 23328500.0 205153000.0
46 Oct 05, 2017 6.11 7.33 6.11 6.89 21713900.0 205974000.0
47 Oct 06, 2017 6.88 7.17 6.56 7.05 21857200.0 231753000.0
48 Oct 07, 2017 7.07 7.27 6.97 7.13 26670200.0 238219000.0
49 Oct 08, 2017 7.13 7.36 6.97 7.17 7921110.0 240372000.0
50 Oct 09, 2017 7.17 7.62 7.17 7.57 11988900.0 241671000.0
51 Oct 10, 2017 7.56 9.69 7.55 9.64 10726100.0 254851000.0
52 Oct 11, 2017 9.81 10.76 9.7 9.94 13935400.0 330579000.0
53 Oct 12, 2017 9.92 10.07 9.56 9.8 17543300.0 334487000.0
54 Oct 13, 2017 9.82 10.62 9.76 10.58 20057800.0 330998000.0
55 Oct 14, 2017 10.63 12.29 10.62 12.28 17945200.0 358673000.0
56 Oct 15, 2017 12.28 12.95 11.3 11.64 19203800.0 414196000.0
57 Oct 16, 2017 11.63 11.87 10.97 11.18 16241700.0 392395000.0
58 Oct 17, 2017 11.19 11.22 10.49 10.64 16371000.0 377697000.0
59 Oct 18, 2017 10.65 10.65 9.23 10.12 14448500.0 359562000.0
60 Oct 19, 2017 10.09 10.77 10.02 10.64 17482900.0 340556000.0
61 Oct 20, 2017 10.67 11.04 10.34 10.86 8554240.0 360068000.0
62 Oct 21, 2017 10.86 11.13 10.53 10.69 13243100.0 366589000.0
63 Oct 22, 2017 10.69 10.72 10.37 10.46 14194200.0 360928000.0
64 Oct 23, 2017 10.44 10.49 9.76 9.97 13741200.0 352735000.0
65 Oct 24, 2017 9.98 10.42 9.77 10.07 15250900.0 337046000.0
66 Oct 25, 2017 10.03 10.21 9.74 10.21 16453300.0 338810000.0
67 Oct 26, 2017 10.21 10.31 9.74 9.78 12353300.0 344953000.0
68 Oct 27, 2017 9.79 9.9 9.4 9.43 9836020.0 330611000.0
69 Oct 28, 2017 9.43 9.55 9.1 9.31 14990100.0 318369000.0
70 Oct 29, 2017 9.27 9.69 9.13 9.65 19171000.0 313084000.0
71 Oct 30, 2017 9.59 9.88 9.47 9.83 17844100.0 323690000.0
72 Oct 31, 2017 9.86 11.03 9.67 10.75 22692000.0 332876000.0
73 Nov 01, 2017 10.71 10.77 10.0 10.14 22822300.0 361790000.0
74 Nov 02, 2017 10.24 10.24 9.52 9.7 25565200.0 345821000.0
75 Nov 03, 2017 9.69 9.96 9.34 9.41 19221800.0 327111000.0
76 Nov 04, 2017 9.4 9.83 9.28 9.74 14889300.0 1936090.0
77 Nov 05, 2017 9.76 10.03 9.5 9.84 12602900.0 327885000.0
78 Nov 06, 2017 9.86 9.86 9.41 9.49 12450500.0 331409000.0
79 Nov 07, 2017 9.47 9.7 9.39 9.66 12788100.0 399780000.0
80 Nov 08, 2017 9.66 10.77 9.57 10.63 16181800.0 407808000.0
81 Nov 09, 2017 10.74 11.61 10.21 11.44 15279400.0 453613000.0
82 Nov 10, 2017 11.38 11.62 10.03 10.41 14322000.0 480761000.0
83 Nov 11, 2017 10.42 10.74 10.09 10.44 12939000.0 440276000.0
84 Nov 12, 2017 10.43 15.51 9.84 14.49 35274400.0 440679000.0
85 Nov 13, 2017 14.84 15.95 13.87 15.85 20064300.0 627143000.0
86 Nov 14, 2017 15.92 15.95 14.86 15.22 13310000.0 672729000.0
87 Nov 15, 2017 15.2 19.94 15.2 19.84 31405200.0 642276000.0
88 Nov 16, 2017 20.06 25.43 18.79 18.79 52090800.0 847969000.0
89 Nov 17, 2017 18.74 21.75 16.78 21.19 45202200.0 791947000.0
90 Nov 18, 2017 21.19 22.77 19.49 20.78 40753600.0 895856000.0
91 Nov 19, 2017 20.45 20.85 18.66 19.21 27871700.0 864528000.0
92 Nov 20, 2017 19.21 19.76 17.91 18.27 27072500.0 812022000.0
93 Nov 21, 2017 18.23 18.87 17.21 17.56 29483600.0 771028000.0
94 Nov 22, 2017 17.64 17.79 15.58 16.74 29309100.0 745877000.0
95 Nov 23, 2017 16.62 17.31 15.88 16.09 47993300.0 702920000.0
96 Nov 24, 2017 15.97 19.85 15.91 18.63 71235900.0 675411000.0
97 Nov 25, 2017 18.59 19.74 18.43 19.05 39914200.0 786400000.0
98 Nov 26, 2017 19.07 21.0 18.78 20.58 55829600.0 806856000.0
99 Nov 27, 2017 20.56 21.23 19.28 19.89 63766200.0 869870000.0
100 Nov 28, 2017 19.87 20.44 19.21 19.55 66225200.0 840954000.0
101 Nov 29, 2017 19.53 19.87 16.22 16.29 59061900.0 826277000.0
102 Nov 30, 2017 16.54 17.49 14.14 16.01 54218600.0 700241000.0
103 Dec 01, 2017 15.95 17.2 15.14 16.9 56774800.0 675011000.0
104 Dec 02, 2017 16.94 17.62 16.36 17.62 53462000.0 717060000.0
105 Dec 03, 2017 17.79 19.77 17.35 18.13 67774800.0 753016000.0
106 Dec 04, 2017 18.1 18.38 16.31 17.36 69284300.0 766379000.0
107 Dec 05, 2017 17.4 17.57 16.3 16.41 82850000.0 736571000.0
108 Dec 06, 2017 16.39 16.52 14.67 15.22 57008800.0 693927000.0
109 Dec 07, 2017 14.99 15.75 13.96 14.54 49508000.0 634733000.0
110 Dec 08, 2017 14.62 15.21 13.08 14.74 56016000.0 619075000.0
111 Dec 09, 2017 14.75 15.06 13.21 13.93 42711000.0 624829000.0
112 Dec 10, 2017 13.99 13.99 12.53 13.16 32666000.0 592522000.0
113 Dec 11, 2017 13.09 17.77 13.01 15.96 74061600.0 554629000.0
114 Dec 12, 2017 15.86 16.31 14.46 16.01 60178200.0 671848000.0
115 Dec 13, 2017 16.08 17.5 15.55 16.67 70634800.0 681361000.0
116 Dec 14, 2017 16.58 19.4 16.33 18.81 77471400.0 702604000.0
117 Dec 15, 2017 18.78 22.05 16.56 21.92 88688300.0 795999000.0
118 Dec 16, 2017 21.75 25.34 20.45 23.48 80170000.0 921878000.0
119 Dec 17, 2017 23.46 23.55 20.48 21.32 51759400.0 994385000.0
120 Dec 18, 2017 21.35 33.3 19.49 31.09 160745000.0 904928000.0
121 Dec 19, 2017 31.16 37.9 30.61 35.35 196577000.0 1320860000.0
122 Dec 20, 2017 35.12 40.65 30.88 37.0 165648000.0 1489170000.0
123 Dec 21, 2017 37.03 39.36 33.72 36.63 158964000.0 1570120000.0
124 Dec 22, 2017 36.87 37.76 25.73 29.24 156137000.0 1563310000.0
125 Dec 23, 2017 29.29 33.32 28.62 30.58 175971000.0 1242370000.0
126 Dec 24, 2017 30.49 30.49 25.97 28.35 213808000.0 1293300000.0
127 Dec 25, 2017 28.77 33.59 27.25 27.79 155787000.0 1220600000.0
128 Dec 26, 2017 27.99 31.24 26.79 28.12 168343000.0 1187510000.0
129 Dec 27, 2017 28.08 37.14 27.1 35.61 402025000.0 1191570000.0
130 Dec 28, 2017 35.45 35.75 27.86 29.26 229394000.0 1504010000.0
131 Dec 29, 2017 29.62 30.67 28.4 29.49 220630000.0 1256820000.0
132 Dec 30, 2017 29.43 29.61 24.61 25.36 185927000.0 1248960000.0
133 Dec 31, 2017 24.78 35.67 22.91 29.51 331258000.0 1051760000.0
134 Jan 01, 2018 29.64 31.1 26.22 28.27 244012000.0 1258150000.0
135 Jan 02, 2018 27.97 29.23 25.25 26.22 222538000.0 1187350000.0
136 Jan 03, 2018 25.88 27.39 24.4 25.2 236658000.0 1098690000.0
137 Jan 04, 2018 25.18 25.32 23.33 24.73 184889000.0 1069000000.0
138 Jan 05, 2018 24.6 24.8 22.37 22.95 212222000.0 1044550000.0
139 Jan 06, 2018 22.98 26.35 22.31 25.75 260457000.0 975835000.0
140 Jan 07, 2018 26.05 26.76 23.45 24.83 244111000.0 1106380000.0
141 Jan 08, 2018 24.9 25.03 19.51 20.15 137125000.0 1057570000.0
142 Jan 09, 2018 20.2 25.47 19.69 22.62 203836000.0 858145000.0
143 Jan 10, 2018 22.67 23.39 18.61 20.17 197389000.0 962983000.0
144 Jan 11, 2018 19.87 20.22 16.6 17.41 175547000.0 844521000.0
145 Jan 12, 2018 17.5 19.9 16.88 18.81 197786000.0 743587000.0
146 Jan 13, 2018 18.78 19.73 18.16 19.34 192686000.0 798365000.0
147 Jan 14, 2018 19.35 22.65 17.58 18.6 218194000.0 822388000.0
148 Jan 15, 2018 18.43 18.68 17.29 17.3 167830000.0 783510000.0
149 Jan 16, 2018 17.23 17.38 10.25 11.68 127663000.0 732662000.0
150 Jan 17, 2018 11.59 11.95 8.74 11.31 127693000.0 493040000.0
151 Jan 18, 2018 11.44 12.27 10.44 11.38 113301000.0 486452000.0
152 Jan 19, 2018 11.34 13.78 10.47 13.47 141744000.0 482497000.0
153 Jan 20, 2018 13.48 14.98 13.27 14.55 115697000.0 573182000.0
154 Jan 21, 2018 14.53 14.61 11.61 12.1 96962000.0 617945000.0
155 Jan 22, 2018 12.25 12.74 10.45 11.26 104489000.0 521265000.0
156 Jan 23, 2018 11.26 12.96 10.4 11.85 109341000.0 479068000.0
157 Jan 24, 2018 11.88 16.44 11.61 15.41 174625000.0 505451000.0
158 Jan 25, 2018 15.71 18.39 15.48 17.47 202443000.0 668416000.0
159 Jan 26, 2018 17.65 20.09 16.11 17.1 216520000.0 751081000.0
160 Jan 27, 2018 17.17 18.15 16.47 16.95 151517000.0 730590000.0
161 Jan 28, 2018 16.71 17.22 16.32 16.44 129529000.0 711159000.0
162 Jan 29, 2018 16.42 16.95 14.73 15.97 126988000.0 698990000.0
163 Jan 30, 2018 16.08 16.79 14.36 14.6 115185000.0 684767000.0
164 Jan 31, 2018 14.62 14.62 13.03 14.08 107610000.0 622292000.0
165 Feb 01, 2018 14.12 14.65 11.28 11.9 82753900.0 601368000.0
166 Feb 02, 2018 11.87 11.91 9.58 11.53 80177100.0 505665000.0
167 Feb 03, 2018 11.58 12.5 10.47 11.99 80317600.0 493310000.0
168 Feb 04, 2018 12.03 12.34 9.98 10.49 69902000.0 512429000.0
169 Feb 05, 2018 10.34 10.56 8.05 8.5 61644200.0 440663000.0
170 Feb 06, 2018 8.53 10.67 7.2 10.55 85757600.0 363262000.0
171 Feb 07, 2018 10.48 10.88 9.41 10.0 66448400.0 446483000.0
172 Feb 08, 2018 10.0 11.04 10.0 10.69 64725900.0 426180000.0
173 Feb 09, 2018 10.69 12.7 10.31 12.65 57212900.0 455792000.0
174 Feb 10, 2018 12.66 13.42 11.51 11.99 74036800.0 539405000.0
175 Feb 11, 2018 11.97 12.09 10.94 11.23 43560800.0 510309000.0
176 Feb 12, 2018 11.6 12.39 11.59 12.28 60837700.0 494518000.0
177 Feb 13, 2018 12.28 12.84 11.74 12.73 81440900.0 523586000.0
178 Feb 14, 2018 12.68 13.64 12.68 13.63 83691800.0 540833000.0
179 Feb 15, 2018 13.63 13.73 13.07 13.44 78419400.0 581187000.0
180 Feb 16, 2018 13.4 13.47 12.83 13.38 71895500.0 571597000.0
181 Feb 17, 2018 13.38 13.78 12.99 13.48 69145700.0 570485000.0
182 Feb 18, 2018 13.29 13.51 11.67 12.26 76226100.0 567047000.0
183 Feb 19, 2018 12.44 13.41 11.98 13.2 74110500.0 530623000.0
184 Feb 20, 2018 13.21 13.42 11.47 12.27 69310300.0 563502000.0
185 Feb 21, 2018 11.83 12.41 10.41 11.26 58717400.0 504674000.0
186 Feb 22, 2018 11.11 12.04 9.61 9.96 68427400.0 473937000.0
187 Feb 23, 2018 10.39 11.6 9.82 10.7 75507200.0 443403000.0
188 Feb 24, 2018 10.57 11.73 9.36 9.84 81023900.0 451323000.0
189 Feb 25, 2018 9.97 11.08 8.64 9.84 64791400.0 425610000.0
190 Feb 26, 2018 9.41 10.37 8.49 9.46 78693200.0 401746000.0
191 Feb 27, 2018 9.52 10.55 8.83 9.75 63317100.0 406259000.0
192 Feb 28, 2018 9.79 10.89 9.12 9.12 52398500.0 417601000.0
193 Mar 01, 2018 9.13 9.65 9.11 9.46 30660000.0 389609000.0
194 Mar 02, 2018 9.44 9.82 9.36 9.45 27832800.0 403113000.0
195 Mar 03, 2018 9.45 9.97 9.31 9.66 26967100.0 403614000.0
196 Mar 04, 2018 9.61 9.76 9.28 9.54 18920100.0 410433000.0
197 Mar 05, 2018 9.56 9.7 8.84 9.12 57938300.0 408429000.0
198 Mar 06, 2018 9.12 9.15 8.13 8.16 30826900.0 389283000.0
199 Mar 07, 2018 8.16 8.28 6.28 6.33 36359800.0 348715000.0
200 Mar 08, 2018 6.34 7.19 5.8 6.11 34952300.0 270976000.0
201 Mar 09, 2018 6.07 6.42 5.38 6.42 28597800.0 259212000.0
202 Mar 10, 2018 6.42 6.42 5.94 5.97 19514400.0 274384000.0
203 Mar 11, 2018 5.95 6.5 5.72 6.36 20647300.0 254211000.0
204 Mar 12, 2018 6.35 6.46 5.88 6.1 25215100.0 271371000.0
205 Mar 13, 2018 6.08 6.36 5.98 6.17 17758900.0 259589000.0
206 Mar 14, 2018 6.19 6.32 5.45 5.56 17738800.0 264546000.0
207 Mar 15, 2018 5.55 5.73 5.21 5.6 17403900.0 237271000.0
208 Mar 16, 2018 5.6 5.78 5.31 5.53 14352400.0 239500000.0
209 Mar 17, 2018 5.53 5.53 4.99 5.02 12603700.0 236584000.0
210 Mar 18, 2018 5.01 5.25 4.57 5.19 18565900.0 214165000.0
211 Mar 19, 2018 5.18 5.76 5.04 5.76 17819100.0 221497000.0
212 Mar 20, 2018 5.96 6.39 5.67 6.09 21038700.0 254744000.0
213 Mar 21, 2018 6.11 7.08 6.08 6.83 23570400.0 261144000.0
214 Mar 22, 2018 6.82 7.41 6.34 6.9 25906300.0 291769000.0
215 Mar 23, 2018 6.9 6.99 6.37 6.99 23154600.0 295057000.0
216 Mar 24, 2018 7.08 7.29 6.84 6.87 20948300.0 302644000.0
217 Mar 25, 2018 6.78 6.79 6.48 6.53 18720600.0 290018000.0
218 Mar 26, 2018 6.56 6.65 6.08 6.37 20421900.0 280524000.0
219 Mar 27, 2018 6.37 6.38 5.96 6.02 16338800.0 272442000.0
