0 Jul 09, 2017 1.22 1.92 1.21 1.67 2843520.0 25688600.0
1 Jul 10, 2017 1.7 3.19 1.46 2.04 6413810.0 35884600.0
2 Jul 11, 2017 2.1 3.73 1.53 3.23 17349300.0 44278500.0
3 Jul 12, 2017 3.29 4.85 2.97 3.7 43670400.0 69412900.0
4 Jul 13, 2017 3.65 4.3 2.98 3.31 8436170.0 76986000.0
5 Jul 14, 2017 3.25 3.47 2.36 2.59 13049400.0 68606200.0
6 Jul 15, 2017 2.6 3.09 2.36 2.39 1652160.0 54742200.0
7 Jul 16, 2017 2.42 2.54 2.04 2.13 498244.0 50996900.0
8 Jul 17, 2017 2.12 3.56 2.11 3.45 1740580.0 44767000.0
9 Jul 18, 2017 3.42 3.67 2.97 3.29 1624240.0 72094900.0
10 Jul 19, 2017 3.33 3.81 3.1 3.24 1582240.0 70197800.0
11 Jul 20, 2017 3.23 4.14 3.23 4.14 1406890.0 68143700.0
12 Jul 21, 2017 4.13 4.15 3.62 3.78 962166.0 87194700.0
13 Jul 22, 2017 3.77 4.29 3.73 4.07 640571.0 79420100.0
14 Jul 23, 2017 4.05 4.24 3.8 4.24 526299.0 85345900.0
15 Jul 24, 2017 4.16 4.54 4.0 4.45 1170890.0 87805600.0
16 Jul 25, 2017 4.43 4.96 3.83 4.11 2000850.0 93426500.0
17 Jul 26, 2017 4.13 4.43 3.9 4.34 688758.0 87151500.0
18 Jul 27, 2017 4.4 4.46 3.96 4.11 747201.0 92882400.0
19 Jul 28, 2017 4.12 4.17 3.36 3.51 727796.0 86946400.0
20 Jul 29, 2017 3.53 4.11 3.34 3.93 773633.0 74501100.0
21 Jul 30, 2017 3.88 3.96 3.54 3.64 1298790.0 81928000.0
22 Jul 31, 2017 3.59 3.77 3.33 3.53 688906.0 75797800.0
23 Aug 01, 2017 3.61 4.48 3.25 3.88 1069850.0 69606500.0
24 Aug 02, 2017 3.88 3.99 3.53 3.58 680319.0 74969500.0
25 Aug 03, 2017 3.58 3.91 3.53 3.9 396523.0 69212200.0
26 Aug 04, 2017 3.85 4.22 3.81 4.07 577748.0 74284300.0
27 Aug 05, 2017 4.07 4.38 3.77 4.16 885587.0 78515700.0
28 Aug 06, 2017 4.16 4.88 4.14 4.61 884380.0 80316300.0
29 Aug 07, 2017 4.58 5.28 4.4 5.08 1179490.0 88359400.0
30 Aug 08, 2017 5.09 5.18 4.72 4.94 626820.0 98197400.0
31 Aug 09, 2017 4.94 5.02 4.5 4.53 494339.0 95420200.0
32 Aug 10, 2017 4.64 5.73 4.54 5.7 1699690.0 89652700.0
33 Aug 11, 2017 5.71 8.21 5.49 7.52 8651990.0 110165000.0
34 Aug 12, 2017 7.51 10.28 6.95 9.1 6038650.0 145059000.0
35 Aug 13, 2017 9.14 9.52 7.95 9.34 3063580.0 176352000.0
36 Aug 14, 2017 9.35 9.39 6.87 8.12 2895710.0 180512000.0
37 Aug 15, 2017 7.92 8.05 6.61 7.13 1793580.0 152943000.0
38 Aug 16, 2017 7.18 9.56 6.79 9.56 1803970.0 138561000.0
39 Aug 17, 2017 9.48 11.45 9.01 10.0 8980110.0 182980000.0
40 Aug 18, 2017 10.03 11.1 9.07 10.41 4491210.0 193617000.0
41 Aug 19, 2017 10.61 12.29 9.61 10.04 8207440.0 204918000.0
42 Aug 20, 2017 10.0 10.8 9.27 9.36 2761560.0 193000000.0
43 Aug 21, 2017 9.24 10.18 8.3 9.18 2593030.0 178276000.0
44 Aug 22, 2017 9.2 10.13 8.07 9.85 1520480.0 177582000.0
45 Aug 23, 2017 9.77 9.96 8.69 9.01 1220680.0 188610000.0
46 Aug 24, 2017 9.01 10.05 8.35 10.0 1562100.0 173997000.0
47 Aug 25, 2017 10.07 10.23 9.36 9.68 961836.0 194377000.0
48 Aug 26, 2017 9.63 10.18 9.08 10.16 1025560.0 185811000.0
49 Aug 27, 2017 10.16 10.46 9.69 9.91 1262120.0 196114000.0
50 Aug 28, 2017 9.94 10.17 9.14 9.47 1806910.0 191810000.0
51 Aug 29, 2017 9.47 10.0 8.77 9.35 2137900.0 182712000.0
52 Aug 30, 2017 9.47 9.61 8.83 9.41 1099310.0 182778000.0
53 Aug 31, 2017 9.44 10.0 9.21 9.58 1511690.0 182222000.0
54 Sep 01, 2017 9.57 13.2 9.45 13.2 11796600.0 184762000.0
55 Sep 02, 2017 13.24 13.66 10.32 10.75 7753150.0 255678000.0
56 Sep 03, 2017 10.77 11.8 10.46 11.03 2574300.0 207931000.0
57 Sep 04, 2017 11.04 11.72 8.85 9.89 5212850.0 213205000.0
58 Sep 05, 2017 9.86 11.56 8.75 11.34 2746360.0 190224000.0
59 Sep 06, 2017 11.36 12.6 11.09 12.07 3288170.0 219290000.0
60 Sep 07, 2017 12.04 14.82 11.26 13.52 12706700.0 232422000.0
61 Sep 08, 2017 13.53 14.23 11.28 12.27 7425800.0 261166000.0
62 Sep 09, 2017 12.3 12.9 11.42 12.27 2628730.0 237495000.0
63 Sep 10, 2017 12.22 12.36 10.17 11.43 2751050.0 236050000.0
64 Sep 11, 2017 11.46 11.97 10.58 10.83 2243030.0 221260000.0
65 Sep 12, 2017 10.83 11.99 10.29 10.6 2627510.0 209118000.0
66 Sep 13, 2017 10.67 10.67 8.42 10.05 4002980.0 206133000.0
67 Sep 14, 2017 10.05 10.58 7.4 7.41 3149780.0 193996000.0
68 Sep 15, 2017 7.53 10.45 6.78 9.8 3214850.0 145373000.0
69 Sep 16, 2017 9.92 10.32 8.85 9.4 1107890.0 191438000.0
70 Sep 17, 2017 9.35 9.52 8.48 9.2 1106120.0 180469000.0
71 Sep 18, 2017 9.11 10.2 9.11 9.53 2008760.0 175767000.0
72 Sep 19, 2017 9.56 9.56 8.17 8.51 2168430.0 184521000.0
73 Sep 20, 2017 8.49 8.91 8.31 8.35 1260170.0 163816000.0
74 Sep 21, 2017 8.37 9.35 7.54 7.76 2194620.0 161554000.0
75 Sep 22, 2017 7.75 8.28 7.31 8.13 1034690.0 149562000.0
76 Sep 23, 2017 8.1 8.52 7.61 8.26 523498.0 156397000.0
77 Sep 24, 2017 8.22 8.3 7.75 7.75 581347.0 158698000.0
78 Sep 25, 2017 7.73 9.0 7.73 8.93 1069680.0 149285000.0
79 Sep 26, 2017 8.93 13.91 8.61 8.99 988198.0 172348000.0
80 Sep 27, 2017 8.97 10.33 8.82 9.48 1153240.0 173135000.0
81 Sep 28, 2017 9.45 9.64 8.91 9.13 992060.0 182470000.0
82 Sep 29, 2017 9.12 9.28 8.22 8.51 1737870.0 175929000.0
83 Sep 30, 2017 8.51 9.71 8.47 9.38 1581360.0 164307000.0
84 Oct 01, 2017 9.37 9.97 9.0 9.07 2044240.0 180871000.0
85 Oct 02, 2017 9.19 9.72 8.85 8.88 1376290.0 177372000.0
86 Oct 03, 2017 8.88 9.38 7.91 8.2 1687090.0 171394000.0
87 Oct 04, 2017 8.21 8.66 7.83 8.6 1795230.0 158554000.0
88 Oct 05, 2017 8.43 8.47 7.79 8.36 1141480.0 162768000.0
89 Oct 06, 2017 8.36 8.47 7.57 7.66 1490480.0 161291000.0
90 Oct 07, 2017 7.65 7.88 7.14 7.22 1891750.0 147648000.0
91 Oct 08, 2017 7.18 7.58 6.01 6.17 2656110.0 138622000.0
92 Oct 09, 2017 6.22 6.82 5.49 5.89 3314680.0 119981000.0
93 Oct 10, 2017 5.98 8.04 5.98 7.88 3715860.0 115492000.0
94 Oct 11, 2017 7.94 7.98 7.23 7.59 1467130.0 153240000.0
95 Oct 12, 2017 7.53 8.13 6.69 7.17 2723680.0 145426000.0
96 Oct 13, 2017 7.18 8.08 6.87 7.83 2180050.0 138558000.0
97 Oct 14, 2017 7.73 8.01 7.13 7.13 1142450.0 149189000.0
98 Oct 15, 2017 7.19 7.59 6.96 7.24 780428.0 138831000.0
99 Oct 16, 2017 7.24 7.7 7.1 7.5 840787.0 139830000.0
100 Oct 17, 2017 7.51 7.86 7.31 7.63 2050680.0 144906000.0
101 Oct 18, 2017 7.66 8.14 7.06 7.9 2273460.0 147753000.0
102 Oct 19, 2017 7.94 8.29 7.25 7.3 1990140.0 153273000.0
103 Oct 20, 2017 7.44 7.66 6.8 7.04 2315030.0 143525000.0
104 Oct 21, 2017 6.99 7.22 6.13 6.61 2052540.0 134923000.0
105 Oct 22, 2017 6.6 7.24 6.52 6.88 1986670.0 127355000.0
106 Oct 23, 2017 6.89 7.15 6.58 6.9 1618060.0 133014000.0
107 Oct 24, 2017 6.88 8.53 6.79 8.0 3486770.0 132735000.0
108 Oct 25, 2017 7.94 9.53 7.43 9.34 5312160.0 153219000.0
109 Oct 26, 2017 9.31 10.01 8.46 8.72 6551840.0 179769000.0
110 Oct 27, 2017 8.82 9.35 8.39 8.8 3125600.0 170295000.0
111 Oct 28, 2017 8.93 9.26 8.73 8.75 2252080.0 172308000.0
112 Oct 29, 2017 8.75 9.39 7.88 8.78 5286750.0 168918000.0
113 Oct 30, 2017 8.81 9.17 8.17 8.17 4658480.0 169985000.0
114 Oct 31, 2017 8.3 8.58 6.71 6.71 6412190.0 160227000.0
115 Nov 01, 2017 6.7 7.22 4.76 5.24 8641110.0 129367000.0
116 Nov 02, 2017 5.24 5.29 4.47 4.84 6046240.0 101222000.0
117 Nov 03, 2017 4.85 5.85 4.62 5.62 3692660.0 93631800.0
118 Nov 04, 2017 5.63 5.63 4.95 4.96 1844620.0 108581000.0
119 Nov 05, 2017 4.95 5.11 4.68 4.8 1317360.0 95614700.0
120 Nov 06, 2017 4.79 5.4 4.74 5.04 2010020.0 92440700.0
121 Nov 07, 2017 5.05 5.16 4.85 4.94 1336030.0 97560500.0
122 Nov 08, 2017 4.91 6.07 4.84 5.41 4610200.0 94772600.0
123 Nov 09, 2017 5.33 5.68 4.93 5.42 4669010.0 102813000.0
124 Nov 10, 2017 5.49 5.58 4.42 4.57 2765870.0 105925000.0
125 Nov 11, 2017 4.54 4.97 4.36 4.42 2012570.0 87634600.0
126 Nov 12, 2017 4.45 4.45 3.48 3.82 2765690.0 85911800.0
127 Nov 13, 2017 3.79 4.54 3.79 4.27 2083090.0 73137900.0
128 Nov 14, 2017 4.29 4.74 4.23 4.63 2112220.0 82815600.0
129 Nov 15, 2017 4.62 4.94 4.61 4.8 1982530.0 89194000.0
130 Nov 16, 2017 4.79 5.89 4.47 4.47 5986120.0 92488300.0
131 Nov 17, 2017 4.38 4.55 4.01 4.22 3164310.0 84631200.0
132 Nov 18, 2017 4.18 4.42 4.01 4.4 3331990.0 80634200.0
133 Nov 19, 2017 4.32 4.73 4.15 4.18 4193290.0 83469100.0
134 Nov 20, 2017 4.13 7.21 4.08 4.31 17101500.0 79791600.0
135 Nov 21, 2017 4.46 4.85 4.28 4.47 9997040.0 86096000.0
136 Nov 22, 2017 4.49 4.53 4.32 4.41 7159310.0 86735000.0
137 Nov 23, 2017 4.4 4.63 4.24 4.37 5602040.0 85018100.0
138 Nov 24, 2017 4.38 5.24 4.16 4.95 7994400.0 84588500.0
139 Nov 25, 2017 4.92 5.25 4.76 5.01 6566270.0 95039700.0
140 Nov 26, 2017 5.0 5.22 4.81 5.09 6172860.0 96514600.0
141 Nov 27, 2017 5.09 5.84 5.09 5.73 9657660.0 98303700.0
142 Nov 28, 2017 5.7 5.91 5.35 5.58 7286410.0 110082000.0
143 Nov 29, 2017 5.54 5.76 4.26 4.44 7559780.0 106998000.0
144 Nov 30, 2017 4.52 4.78 4.2 4.74 6239050.0 87220000.0
145 Dec 01, 2017 4.69 5.48 4.56 5.25 6304910.0 90554800.0
146 Dec 02, 2017 5.28 5.67 5.1 5.39 5247960.0 101836000.0
147 Dec 03, 2017 5.37 7.0 5.17 6.27 11652600.0 103716000.0
148 Dec 04, 2017 6.37 6.98 6.29 6.64 10139100.0 122921000.0
149 Dec 05, 2017 6.64 6.98 6.38 6.44 11258400.0 128136000.0
150 Dec 06, 2017 6.43 7.15 5.64 6.24 14881500.0 124086000.0
151 Dec 07, 2017 6.26 6.39 5.01 5.23 10188400.0 120789000.0
152 Dec 08, 2017 5.22 5.44 4.49 5.44 8719540.0 100691000.0
153 Dec 09, 2017 5.42 6.08 5.19 5.28 7329980.0 104621000.0
154 Dec 10, 2017 5.31 5.56 4.34 4.67 7372320.0 102435000.0
155 Dec 11, 2017 4.64 5.62 4.64 5.37 12626300.0 89522400.0
156 >Dec 12, 201 5.36 6.22 5.27 6.1 18027600.0 103492000.0
157 Dec 13, 2017 6.07 6.21 5.46 5.8 15853600.0 117123000.0
158 Dec 14, 2017 5.93 6.55 5.91 6.1 13956600.0 114548000.0
159 Dec 15, 2017 6.11 6.38 5.49 6.21 18101700.0 117935000.0
160 Dec 16, 2017 6.21 7.31 6.17 6.79 26764600.0 119921000.0
161 Dec 17, 2017 6.79 8.51 6.72 8.17 21546800.0 131082000.0
162 Dec 18, 2017 8.49 10.93 8.45 10.48 24447600.0 163912000.0
163 Dec 19, 2017 10.54 10.91 8.92 9.66 17094700.0 203501000.0
164 Dec 20, 2017 9.59 9.64 8.13 9.2 21047200.0 185171000.0
165 Dec 21, 2017 9.17 12.36 8.95 11.24 41977500.0 177005000.0
166 Dec 22, 2017 11.29 11.84 5.66 7.83 22833900.0 217945000.0
167 Dec 23, 2017 8.01 9.64 7.55 8.6 19318300.0 154579000.0
168 Dec 24, 2017 8.6 8.6 6.97 8.27 17492100.0 165986000.0
169 Dec 25, 2017 8.31 9.66 7.65 8.72 23686700.0 160495000.0
170 Dec 26, 2017 8.7 9.26 7.9 8.77 19326900.0 167881000.0
171 Dec 27, 2017 8.68 8.69 7.83 8.24 10456800.0 167441000.0
172 Dec 28, 2017 8.16 8.21 6.66 7.41 10040900.0 157595000.0
173 Dec 29, 2017 7.49 8.38 7.31 8.03 10873300.0 144561000.0
174 Dec 30, 2017 8.05 8.06 6.37 6.87 7729460.0 155388000.0
175 Dec 31, 2017 6.83 8.56 6.74 8.07 11030800.0 131788000.0
176 Jan 01, 2018 8.1 9.98 7.5 9.54 20982800.0 156243000.0
177 Jan 02, 2018 9.44 10.43 8.69 9.61 24404100.0 182189000.0
178 Jan 03, 2018 9.66 10.1 8.82 9.63 19728200.0 186398000.0
179 Jan 04, 2018 9.68 11.42 8.72 11.01 28672600.0 186905000.0
180 Jan 05, 2018 11.39 11.49 8.77 9.37 25036800.0 220004000.0
181 Jan 06, 2018 9.37 9.42 6.8 7.47 62767000.0 180929000.0
182 Jan 07, 2018 7.48 7.59 6.95 7.02 24104500.0 144316000.0
183 Jan 08, 2018 7.05 7.24 5.51 7.24 20059800.0 136038000.0
184 Jan 09, 2018 7.12 7.22 6.28 6.42 20362100.0 137392000.0
185 Jan 10, 2018 6.5 6.5 5.17 6.11 16513300.0 125421000.0
186 Jan 11, 2018 6.11 6.2 4.77 5.13 9688010.0 117935000.0
187 Jan 12, 2018 5.23 6.24 5.15 6.24 7985480.0 100987000.0
188 Jan 13, 2018 6.2 6.48 5.92 6.25 9883050.0 119743000.0
189 Jan 14, 2018 6.24 6.24 5.31 5.66 4024250.0 120370000.0
190 Jan 15, 2018 5.6 6.58 5.6 6.37 21329800.0 108058000.0
191 Jan 16, 2018 6.57 6.57 3.61 4.28 6658900.0 126896000.0
192 Jan 17, 2018 4.38 4.42 2.97 4.01 5893680.0 84546000.0
193 Jan 18, 2018 4.03 5.13 3.72 4.67 6553480.0 77707900.0
194 Jan 19, 2018 4.59 5.48 4.25 5.45 9949720.0 88564500.0
195 Jan 20, 2018 5.57 6.09 5.34 5.79 7850990.0 107561000.0
196 Jan 21, 2018 5.79 7.11 5.4 5.95 36036700.0 111821000.0
197 Jan 22, 2018 6.12 6.55 4.79 5.41 15618900.0 118209000.0
198 Jan 23, 2018 5.45 5.51 4.49 5.18 8191970.0 105107000.0
199 Jan 24, 2018 5.19 5.77 5.18 5.47 20237300.0 100123000.0
200 Jan 25, 2018 5.63 5.63 5.04 5.39 10281900.0 108720000.0
201 Jan 26, 2018 5.37 5.41 4.56 5.0 8848700.0 103670000.0
202 Jan 27, 2018 4.99 5.33 4.79 5.31 8253690.0 96385600.0
203 Jan 28, 2018 5.28 5.35 4.96 5.09 6214940.0 101838000.0
204 Jan 29, 2018 5.07 5.12 4.72 4.77 5762090.0 97828900.0
205 Jan 30, 2018 4.78 4.79 3.97 4.12 9276790.0 92307400.0
206 Jan 31, 2018 4.11 4.38 3.95 4.16 6982030.0 79358400.0
207 Feb 01, 2018 4.17 4.54 3.51 3.72 9962310.0 80556900.0
208 Feb 02, 2018 3.71 3.71 2.55 3.44 4820960.0 71675600.0
209 Feb 03, 2018 3.39 3.67 2.95 3.59 5956050.0 65467500.0
210 Feb 04, 2018 3.59 3.75 2.94 3.25 6761470.0 69293300.0
211 Feb 05, 2018 3.22 4.75 2.95 3.47 50831700.0 62168700.0
212 Feb 06, 2018 3.68 4.23 3.22 4.23 68822700.0 70973500.0
213 Feb 07, 2018 4.27 4.38 3.83 4.13 27509000.0 82405400.0
214 Feb 08, 2018 4.0 4.41 3.98 4.34 28077500.0 77269000.0
215 Feb 09, 2018 4.22 4.55 4.03 4.55 12752000.0 81467500.0
216 Feb 10, 2018 4.52 4.74 4.01 4.27 23433400.0 87231900.0
217 Feb 11, 2018 4.2 4.2 3.57 3.75 6247940.0 81100200.0
218 Feb 12, 2018 3.77 4.0 3.75 3.91 14089600.0 72696700.0
219 Feb 13, 2018 3.91 4.12 3.66 4.04 15178400.0 75514900.0
220 Feb 14, 2018 4.02 4.27 3.92 4.23 9981760.0 77581000.0
221 Feb 15, 2018 4.21 4.34 4.03 4.29 12542400.0 81321000.0
222 Feb 16, 2018 4.27 4.34 4.07 4.29 7800900.0 82349600.0
223 Feb 17, 2018 4.3 5.23 4.23 4.87 42541400.0 83046500.0
224 Feb 18, 2018 5.05 5.25 4.55 4.87 18688000.0 97429700.0
225 Feb 19, 2018 4.88 5.01 4.66 4.98 21294400.0 94180500.0
226 Feb 20, 2018 4.91 4.91 4.42 4.42 8293240.0 94810700.0
227 Feb 21, 2018 4.38 4.38 3.93 3.98 15934400.0 84582600.0
228 Feb 22, 2018 3.97 4.24 3.79 3.98 18616100.0 76646700.0
229 Feb 23, 2018 3.98 4.29 3.8 4.25 14062000.0 76796900.0
230 Feb 24, 2018 4.23 4.37 3.86 4.04 9941560.0 81693100.0
231 Feb 25, 2018 4.04 4.59 3.98 4.16 21577800.0 77924300.0
232 Feb 26, 2018 4.17 4.27 3.92 4.18 7943660.0 80409300.0
233 Feb 27, 2018 4.17 4.54 4.13 4.43 7208200.0 80528600.0
234 Feb 28, 2018 4.39 4.76 4.36 4.38 14741800.0 84680800.0
235 Mar 01, 2018 4.38 5.26 4.28 5.17 15667800.0 84591100.0
236 Mar 02, 2018 5.11 5.42 4.91 5.15 12463000.0 98568600.0
237 Mar 03, 2018 5.15 5.68 5.15 5.4 13720500.0 99456100.0
238 Mar 04, 2018 5.38 5.39 4.87 5.26 11451500.0 103921000.0
239 Mar 05, 2018 5.25 6.09 5.22 6.09 18092200.0 101402000.0
240 Mar 06, 2018 6.0 6.0 5.22 5.37 12350800.0 115901000.0
241 Mar 07, 2018 5.36 5.62 4.33 4.65 13601600.0 119313000.0
242 Mar 08, 2018 4.67 4.73 4.0 4.01 13069400.0 103911000.0
243 Mar 09, 2018 4.0 4.1 3.5 3.93 5398540.0 88972900.0
244 Mar 10, 2018 3.92 4.13 3.7 3.75 9744150.0 87265100.0
245 Mar 11, 2018 3.72 4.1 3.57 4.1 9525660.0 82706200.0
246 Mar 12, 2018 4.09 4.71 3.97 4.16 17323400.0 91090900.0
247 Mar 13, 2018 4.14 4.37 3.99 4.09 14966800.0 92050800.0
248 Mar 14, 2018 4.07 4.3 3.54 3.54 12341100.0 90524500.0
249 Mar 15, 2018 3.56 3.7 3.21 3.68 10221000.0 79227300.0
250 Mar 16, 2018 3.69 3.86 3.54 3.63 10753200.0 81971300.0
251 Mar 17, 2018 3.62 3.66 3.22 3.28 10995500.0 80612400.0
252 Mar 18, 2018 3.29 3.54 3.01 3.49 11648100.0 73144000.0
253 Mar 19, 2018 3.48 3.85 3.47 3.85 11311400.0 77431100.0
254 Mar 20, 2018 3.91 4.51 3.71 4.39 14202700.0 86889400.0
255 Mar 21, 2018 4.41 4.76 4.28 4.38 13487300.0 98481400.0
256 Mar 22, 2018 4.39 4.88 4.23 4.46 12342400.0 98129700.0
257 Mar 23, 2018 4.48 4.48 3.97 4.35 12552700.0 100040000.0
258 Mar 24, 2018 4.4 6.47 4.4 5.62 98411900.0 98383400.0
259 Mar 25, 2018 5.3 6.19 4.87 5.4 72909000.0 118542000.0
260 Mar 26, 2018 5.4 5.4 4.36 4.68 20559200.0 120738000.0
261 Mar 27, 2018 4.68 4.93 4.08 4.37 23780900.0 104577000.0
