0 Oct 24, 2017 0.69 0.73 0.69 0.72 2017060.0 0.0
1 Oct 25, 2017 0.72 1.14 0.71 0.86 3404580.0 0.0
2 Oct 26, 2017 0.82 0.87 0.78 0.81 1784580.0 0.0
3 Oct 27, 2017 0.84 0.9 0.79 0.89 1523440.0 0.0
4 Oct 28, 2017 0.89 1.0 0.81 0.95 3648650.0 0.0
5 Oct 29, 2017 0.95 0.99 0.87 0.92 1853410.0 0.0
6 Oct 30, 2017 0.92 0.93 0.81 0.81 1559350.0 0.0
7 Oct 31, 2017 0.83 0.84 0.76 0.81 1546320.0 0.0
8 Nov 01, 2017 0.8 0.8 0.63 0.65 1792300.0 0.0
9 Nov 02, 2017 0.64 0.68 0.56 0.65 1594320.0 0.0
10 Nov 03, 2017 0.65 0.79 0.63 0.72 1270970.0 0.0
11 Nov 04, 2017 0.7 0.78 0.7 0.74 745641.0 0.0
12 Nov 05, 2017 0.74 0.77 0.7 0.7 912388.0 0.0
13 Nov 06, 2017 0.7 0.71 0.65 0.66 832052.0 0.0
14 Nov 07, 2017 0.66 0.68 0.64 0.68 664839.0 60091400.0
15 Nov 08, 2017 0.67 0.76 0.64 0.74 906238.0 60650500.0
16 Nov 09, 2017 0.74 0.76 0.68 0.71 783159.0 67614800.0
17 Nov 10, 2017 0.71 0.75 0.64 0.64 738533.0 64544900.0
18 Nov 11, 2017 0.64 0.67 0.6 0.62 1181340.0 58316300.0
19 Nov 12, 2017 0.62 0.62 0.53 0.56 577273.0 56191400.0
20 Nov 13, 2017 0.56 0.61 0.54 0.58 469831.0 50626100.0
21 Nov 14, 2017 0.58 0.6 0.53 0.55 424516.0 52936000.0
22 Nov 15, 2017 0.55 0.57 0.51 0.56 902104.0 49696100.0
23 Nov 16, 2017 0.56 0.78 0.56 0.65 1471310.0 50997600.0
24 Nov 17, 2017 0.64 0.67 0.6 0.61 705094.0 58271000.0
25 Nov 18, 2017 0.63 0.67 0.58 0.65 516701.0 57322600.0
26 Nov 19, 2017 0.66 0.68 0.62 0.63 356011.0 59664400.0
27 Nov 20, 2017 0.62 0.69 0.61 0.66 728223.0 56791000.0
28 Nov 21, 2017 0.66 0.66 0.59 0.63 630773.0 59792800.0
29 Nov 22, 2017 0.63 0.63 0.57 0.59 626906.0 57017600.0
30 Nov 23, 2017 0.58 0.61 0.55 0.56 940973.0 53267500.0
31 Nov 24, 2017 0.56 0.59 0.51 0.56 1134370.0 50804400.0
32 Nov 25, 2017 0.56 0.6 0.53 0.56 1223110.0 51413100.0
33 Nov 26, 2017 0.56 0.58 0.55 0.56 1271950.0 50663000.0
34 Nov 27, 2017 0.56 0.58 0.47 0.52 1225500.0 50905500.0
35 Nov 28, 2017 0.52 0.52 0.48 0.48 1045810.0 47182700.0
36 Nov 29, 2017 0.48 0.56 0.45 0.45 1227570.0 43867100.0
37 Nov 30, 2017 0.46 0.5 0.41 0.46 751141.0 41838300.0
38 Dec 01, 2017 0.46 0.49 0.44 0.49 832423.0 41643900.0
39 Dec 02, 2017 0.49 0.5 0.47 0.47 761310.0 45086100.0
40 Dec 03, 2017 0.47 0.48 0.41 0.43 775890.0 42891400.0
41 Dec 04, 2017 0.43 0.49 0.4 0.49 894783.0 39014300.0
42 Dec 05, 2017 0.49 0.62 0.47 0.54 1583110.0 44481400.0
43 Dec 06, 2017 0.55 0.59 0.48 0.54 788029.0 49879400.0
44 Dec 07, 2017 0.54 0.58 0.46 0.47 814877.0 49241800.0
45 Dec 08, 2017 0.48 0.51 0.45 0.5 909085.0 43975400.0
46 Dec 09, 2017 0.5 0.53 0.45 0.52 666106.0 45517200.0
47 Dec 10, 2017 0.52 0.52 0.41 0.44 602494.0 47392700.0
48 Dec 11, 2017 0.44 0.53 0.44 0.52 849280.0 40349000.0
49 Dec 12, 2017 0.52 0.52 0.47 0.48 742891.0 46938700.0
50 Dec 13, 2017 0.48 0.51 0.47 0.49 707547.0 44090000.0
51 Dec 14, 2017 0.5 0.65 0.44 0.56 646578.0 45260700.0
52 Dec 15, 2017 0.56 0.6 0.5 0.56 687624.0 50677300.0
53 Dec 16, 2017 0.56 0.66 0.54 0.66 914657.0 51211500.0
54 Dec 17, 2017 0.67 0.78 0.65 0.75 1025950.0 60887200.0
55 Dec 18, 2017 0.75 0.82 0.67 0.82 1083380.0 68478500.0
56 Dec 19, 2017 0.81 0.96 0.8 0.93 1694710.0 74026600.0
57 Dec 20, 2017 0.92 0.92 0.74 0.86 1002620.0 84153300.0
58 Dec 21, 2017 0.87 1.09 0.83 0.96 1764630.0 78940300.0
59 Dec 22, 2017 0.95 0.97 0.63 0.81 833406.0 86918700.0
60 Dec 23, 2017 0.82 0.92 0.81 0.85 1474970.0 74297200.0
61 Dec 24, 2017 0.86 0.94 0.8 0.94 1154570.0 78767100.0
62 Dec 25, 2017 0.95 1.38 0.91 1.34 2569700.0 86571400.0
63 Dec 26, 2017 1.33 1.64 1.14 1.6 2495090.0 121297000.0
64 Dec 27, 2017 1.64 2.44 1.6 2.44 5033840.0 149179000.0
65 Dec 28, 2017 2.43 2.84 1.79 2.77 5528160.0 221363000.0
66 Dec 29, 2017 2.79 3.7 2.61 3.18 8587690.0 254230000.0
67 Dec 30, 2017 3.21 3.21 2.58 2.91 3588690.0 292562000.0
68 Dec 31, 2017 2.88 3.61 2.75 3.58 3934670.0 262064000.0
69 Jan 01, 2018 3.57 3.75 3.23 3.71 4063470.0 324898000.0
70 Jan 02, 2018 3.69 7.44 3.67 7.28 14093000.0 336347000.0
71 Jan 03, 2018 7.38 8.19 6.39 7.96 16777500.0 672284000.0
72 Jan 04, 2018 7.93 7.94 5.54 6.49 12984200.0 721751000.0
73 Jan 05, 2018 6.43 7.77 5.92 7.45 12473900.0 585516000.0
74 Jan 06, 2018 7.46 14.84 7.35 13.57 33208300.0 678917000.0
75 Jan 07, 2018 13.78 21.13 13.51 18.67 40080600.0 1255220000.0
76 Jan 08, 2018 18.28 19.78 13.62 17.83 35461900.0 1664430000.0
77 Jan 09, 2018 17.85 18.19 16.24 16.51 16541300.0 1625780000.0
78 Jan 10, 2018 16.59 20.44 15.44 20.44 24299700.0 1510410000.0
79 Jan 11, 2018 20.6 20.73 15.47 18.8 20569900.0 1875970000.0
80 Jan 12, 2018 18.96 20.91 17.97 19.22 17993400.0 1726720000.0
81 Jan 13, 2018 19.21 20.22 14.25 17.56 22617100.0 1749440000.0
82 Jan 14, 2018 17.56 18.63 13.17 14.08 18678900.0 1598840000.0
83 Jan 15, 2018 14.29 15.77 10.81 13.4 22232600.0 1301800000.0
84 Jan 16, 2018 13.46 13.46 8.41 10.46 18866200.0 1226320000.0
85 Jan 17, 2018 10.5 11.7 6.96 11.32 13117200.0 956813000.0
86 Jan 18, 2018 11.48 13.08 9.59 10.12 12163800.0 1045410000.0
87 Jan 19, 2018 10.01 10.54 8.8 9.28 12682900.0 912163000.0
88 Jan 20, 2018 9.4 12.05 9.28 11.38 9850250.0 856163000.0
89 Jan 21, 2018 11.29 11.29 9.19 9.44 5409480.0 1028400000.0
90 Jan 22, 2018 9.53 9.74 7.44 8.31 5933250.0 867381000.0
91 Jan 23, 2018 8.3 8.5 7.23 7.88 4428750.0 755615000.0
92 Jan 24, 2018 7.85 8.21 7.11 7.55 4955080.0 714755000.0
93 Jan 25, 2018 7.64 8.41 7.06 7.3 5256490.0 695966000.0
94 Jan 26, 2018 7.26 7.76 6.58 7.72 4320420.0 661070000.0
95 Jan 27, 2018 7.69 10.44 7.69 10.27 8696680.0 700559000.0
96 Jan 28, 2018 10.26 12.24 9.64 10.57 12042100.0 934736000.0
97 Jan 29, 2018 10.6 10.82 9.21 9.32 5277690.0 965410000.0
98 Jan 30, 2018 9.35 9.51 7.51 7.93 4867190.0 851643000.0
99 Jan 31, 2018 7.95 8.3 7.56 8.02 3131390.0 723519000.0
100 Feb 01, 2018 8.06 8.39 6.51 7.22 3910450.0 734250000.0
101 Feb 02, 2018 7.19 7.23 5.09 6.67 4303520.0 654585000.0
102 Feb 03, 2018 6.75 8.05 6.17 7.68 3358400.0 614457000.0
103 Feb 04, 2018 7.73 7.85 5.75 6.05 2749720.0 703462000.0
104 Feb 05, 2018 6.03 6.24 4.07 4.57 3397490.0 549295000.0
105 Feb 06, 2018 4.62 5.83 3.53 5.78 4579670.0 420875000.0
106 Feb 07, 2018 5.74 6.55 4.95 5.24 3109060.0 522858000.0
107 Feb 08, 2018 5.21 6.2 5.21 5.79 2094170.0 474120000.0
108 Feb 09, 2018 5.85 5.97 5.38 5.84 2978760.0 533037000.0
109 Feb 10, 2018 5.86 6.42 5.29 5.66 2810370.0 533711000.0
110 Feb 11, 2018 5.63 5.63 5.07 5.22 1236640.0 512969000.0
111 Feb 12, 2018 5.16 5.86 5.13 5.77 2140270.0 469807000.0
112 Feb 13, 2018 5.76 5.85 5.33 5.41 1245460.0 524117000.0
113 Feb 14, 2018 5.42 5.87 5.42 5.71 1942250.0 493761000.0
114 >Feb 15, 201 5.72 6.27 5.62 5.98 2354440.0 520800000.0
115 Feb 16, 2018 5.96 6.03 5.74 5.82 1550640.0 542830000.0
116 Feb 17, 2018 5.85 6.0 5.61 5.76 2200560.0 532266000.0
117 Feb 18, 2018 5.72 5.88 5.4 5.47 1571020.0 520550000.0
118 Feb 19, 2018 5.46 5.61 4.67 5.18 2572470.0 496786000.0
119 Feb 20, 2018 5.19 5.32 4.39 4.43 2349610.0 472213000.0
120 Feb 21, 2018 4.49 4.78 4.26 4.43 1514640.0 408931000.0
121 Feb 22, 2018 4.42 4.47 4.03 4.2 1014280.0 402330000.0
122 Feb 23, 2018 4.2 4.67 4.08 4.66 1280880.0 382568000.0
123 Feb 24, 2018 4.66 4.8 4.26 4.34 996396.0 423956000.0
124 Feb 25, 2018 4.32 4.75 4.3 4.61 1311710.0 393733000.0
125 Feb 26, 2018 4.63 4.79 4.35 4.66 1245080.0 421153000.0
126 Feb 27, 2018 4.65 4.71 4.38 4.44 1252560.0 423409000.0
127 Feb 28, 2018 4.43 4.55 4.13 4.19 996470.0 403195000.0
128 Mar 01, 2018 4.19 4.29 4.12 4.24 882486.0 381185000.0
129 Mar 02, 2018 4.26 4.33 4.1 4.16 782108.0 387850000.0
130 Mar 03, 2018 4.15 4.28 3.6 3.67 1527700.0 378038000.0
131 Mar 04, 2018 3.66 4.09 3.63 3.86 1574810.0 332956000.0
132 Mar 05, 2018 3.85 3.96 3.65 3.69 725553.0 351039000.0
133 Mar 06, 2018 3.72 3.74 3.22 3.25 1029180.0 338414000.0
134 Mar 07, 2018 3.26 3.43 2.86 3.22 1121250.0 296504000.0
135 Mar 08, 2018 3.2 3.33 3.02 3.08 737088.0 291245000.0
136 Mar 09, 2018 3.07 3.17 2.78 3.14 870636.0 279225000.0
137 Mar 10, 2018 3.14 3.38 3.03 3.07 680675.0 285589000.0
138 Mar 11, 2018 3.06 3.41 2.96 3.25 604099.0 279082000.0
139 Mar 12, 2018 3.25 3.49 3.11 3.38 581518.0 295780000.0
140 Mar 13, 2018 3.36 3.42 3.2 3.28 668130.0 305800000.0
141 Mar 14, 2018 3.28 3.37 2.71 2.78 1031570.0 298973000.0
142 Mar 15, 2018 2.8 2.81 2.26 2.66 1250360.0 254589000.0
143 Mar 16, 2018 2.66 2.67 2.28 2.4 951563.0 242000000.0
144 Mar 17, 2018 2.4 2.43 2.08 2.19 566419.0 218369000.0
145 Mar 18, 2018 2.19 2.29 1.84 2.29 941802.0 199315000.0
146 Mar 19, 2018 2.33 2.82 2.28 2.7 975747.0 212298000.0
147 Mar 20, 2018 2.73 3.2 2.67 3.08 729026.0 248298000.0
148 Mar 21, 2018 3.11 3.21 2.85 2.91 574578.0 282901000.0
149 Mar 22, 2018 2.91 3.1 2.73 2.74 516824.0 265308000.0
150 Mar 23, 2018 2.74 2.92 2.59 2.92 416390.0 249105000.0
151 Mar 24, 2018 2.93 3.02 2.84 2.91 453680.0 266797000.0
152 Mar 25, 2018 2.86 3.04 2.81 3.03 375644.0 260376000.0
153 Mar 26, 2018 3.03 3.04 2.56 2.71 545413.0 275910000.0
154 Mar 27, 2018 2.72 2.75 2.54 2.54 430255.0 247711000.0
