0 Nov 02, 2017 0.09 0.24 0.06 0.08 2464330.0 0.0
1 Nov 03, 2017 0.08 0.08 0.04 0.06 1299160.0 0.0
2 Nov 04, 2017 0.06 0.06 0.04 0.04 681138.0 0.0
3 Nov 05, 2017 0.04 0.04 0.03 0.03 613050.0 0.0
4 Nov 06, 2017 0.03 0.06 0.03 0.05 1357550.0 0.0
5 Nov 07, 2017 0.05 0.06 0.04 0.05 1206730.0 0.0
6 Nov 08, 2017 0.05 0.05 0.04 0.04 824090.0 245282000.0
7 Nov 09, 2017 0.04 0.05 0.04 0.04 732838.0 228061000.0
8 Nov 10, 2017 0.04 0.04 0.03 0.03 427990.0 200773000.0
9 Nov 11, 2017 0.03 0.03 0.03 0.03 499205.0 160859000.0
10 Nov 12, 2017 0.03 0.03 0.02 0.02 383888.0 146508000.0
11 Nov 13, 2017 0.02 0.04 0.02 0.04 1453060.0 127423000.0
12 Nov 14, 2017 0.04 0.05 0.04 0.04 894965.0 211710000.0
13 Nov 15, 2017 0.04 0.04 0.04 0.04 639418.0 193018000.0
14 Nov 16, 2017 0.04 0.04 0.03 0.04 748548.0 0.0
15 Nov 17, 2017 0.04 0.04 0.03 0.03 556298.0 0.0
16 Nov 18, 2017 0.03 0.03 0.03 0.03 482304.0 0.0
17 Nov 19, 2017 0.03 0.03 0.03 0.03 458903.0 0.0
18 Nov 20, 2017 0.03 0.03 0.03 0.03 509381.0 0.0
19 Nov 21, 2017 0.03 0.03 0.03 0.03 526340.0 0.0
20 Nov 22, 2017 0.03 0.03 0.03 0.03 548362.0 0.0
21 Nov 23, 2017 0.03 0.03 0.03 0.03 491432.0 0.0
22 Nov 24, 2017 0.03 0.03 0.03 0.03 441677.0 0.0
23 Nov 25, 2017 0.03 0.03 0.03 0.03 406583.0 0.0
24 Nov 26, 2017 0.03 0.03 0.02 0.03 798826.0 0.0
25 Nov 27, 2017 0.03 0.04 0.03 0.03 998745.0 0.0
26 Nov 28, 2017 0.03 0.04 0.03 0.04 757666.0 0.0
27 Nov 29, 2017 0.04 0.06 0.04 0.04 1926790.0 0.0
28 Nov 30, 2017 0.04 0.05 0.04 0.04 891274.0 0.0
29 Dec 01, 2017 0.04 0.05 0.04 0.05 1321880.0 0.0
30 Dec 02, 2017 0.05 0.06 0.05 0.06 1425360.0 0.0
31 Dec 03, 2017 0.06 0.08 0.06 0.07 3360540.0 0.0
32 Dec 04, 2017 0.07 0.1 0.06 0.09 5325650.0 0.0
33 Dec 05, 2017 0.09 0.12 0.09 0.11 6919810.0 0.0
34 Dec 06, 2017 0.11 0.11 0.08 0.08 4169950.0 0.0
35 Dec 07, 2017 0.09 0.1 0.07 0.09 4039480.0 0.0
36 Dec 08, 2017 0.09 0.13 0.09 0.13 7205980.0 0.0
37 Dec 09, 2017 0.13 0.13 0.1 0.1 3832990.0 0.0
38 Dec 10, 2017 0.11 0.11 0.1 0.11 2077670.0 0.0
39 Dec 11, 2017 0.1 0.12 0.1 0.1 2595040.0 0.0
40 Dec 12, 2017 0.1 0.14 0.1 0.12 6762820.0 0.0
41 Dec 13, 2017 0.12 0.13 0.05 0.08 35237600.0 0.0
42 Dec 14, 2017 0.08 0.09 0.06 0.07 17136200.0 0.0
43 Dec 15, 2017 0.07 0.07 0.07 0.07 10702400.0 353168000.0
44 Dec 16, 2017 0.07 0.07 0.06 0.06 9699180.0 348129000.0
45 Dec 17, 2017 0.06 0.07 0.06 0.07 9608160.0 314776000.0
46 Dec 18, 2017 0.07 0.1 0.07 0.09 25449900.0 355931000.0
47 Dec 19, 2017 0.09 0.09 0.08 0.08 9602100.0 470946000.0
48 Dec 20, 2017 0.08 0.08 0.07 0.08 8690370.0 421607000.0
49 Dec 21, 2017 0.08 0.12 0.07 0.11 27886800.0 386774000.0
50 Dec 22, 2017 0.11 0.11 0.07 0.09 14751000.0 547019000.0
51 Dec 23, 2017 0.09 0.1 0.09 0.1 10358100.0 463908000.0
52 Dec 24, 2017 0.1 0.1 0.08 0.09 6685430.0 498021000.0
53 Dec 25, 2017 0.1 0.1 0.08 0.08 5116270.0 475786000.0
54 Dec 26, 2017 0.09 0.1 0.08 0.09 7502660.0 431284000.0
55 Dec 27, 2017 0.09 0.09 0.08 0.09 5522580.0 429551000.0
56 Dec 28, 2017 0.09 0.09 0.08 0.08 5903680.0 426724000.0
57 Dec 29, 2017 0.08 0.09 0.08 0.08 5321260.0 422993000.0
58 Dec 30, 2017 0.08 0.08 0.07 0.08 5304660.0 413097000.0
59 Dec 31, 2017 0.07 0.09 0.07 0.09 5541340.0 378331000.0
60 Jan 01, 2018 0.09 0.09 0.08 0.08 4130520.0 438442000.0
61 Jan 02, 2018 0.08 0.09 0.08 0.09 6373440.0 412430000.0
62 Jan 03, 2018 0.09 0.09 0.08 0.09 6079280.0 430378000.0
63 Jan 04, 2018 0.09 0.09 0.08 0.09 8636070.0 436363000.0
64 Jan 05, 2018 0.09 0.12 0.08 0.12 20376500.0 434394000.0
65 Jan 06, 2018 0.12 0.23 0.12 0.2 48002900.0 616027000.0
66 Jan 07, 2018 0.19 0.2 0.15 0.18 23277600.0 969574000.0
67 Jan 08, 2018 0.18 0.18 0.15 0.17 12863700.0 907802000.0
68 Jan 09, 2018 0.17 0.17 0.15 0.16 8322550.0 830517000.0
69 Jan 10, 2018 0.16 0.16 0.14 0.16 7537860.0 781833000.0
70 Jan 11, 2018 0.16 0.16 0.13 0.14 7122050.0 785333000.0
71 Jan 12, 2018 0.14 0.15 0.14 0.15 6526590.0 701678000.0
72 Jan 13, 2018 0.15 0.2 0.15 0.18 16960700.0 761680000.0
73 Jan 14, 2018 0.18 0.18 0.16 0.16 6860900.0 888359000.0
74 Jan 15, 2018 0.16 0.17 0.15 0.15 6456850.0 811156000.0
75 Jan 16, 2018 0.15 0.15 0.09 0.11 10080100.0 776045000.0
76 Jan 17, 2018 0.12 0.13 0.08 0.11 8711310.0 687570000.0
77 Jan 18, 2018 0.11 0.13 0.11 0.12 5609140.0 671729000.0
78 Jan 19, 2018 0.11 0.14 0.11 0.14 9794320.0 674572000.0
79 Jan 20, 2018 0.14 0.16 0.14 0.15 10157200.0 833138000.0
80 Jan 21, 2018 0.15 0.15 0.12 0.13 5963380.0 905212000.0
81 Jan 22, 2018 0.13 0.14 0.11 0.12 5251960.0 794485000.0
82 Jan 23, 2018 0.12 0.13 0.11 0.12 4201760.0 723566000.0
83 Jan 24, 2018 0.12 0.13 0.12 0.12 3786940.0 727711000.0
84 Jan 25, 2018 0.13 0.13 0.12 0.12 3525640.0 745486000.0
85 Jan 26, 2018 0.12 0.13 0.1 0.11 4394530.0 700011000.0
86 Jan 27, 2018 0.11 0.12 0.1 0.11 3304020.0 650585000.0
87 Jan 28, 2018 0.11 0.12 0.09 0.1 5940280.0 670550000.0
88 Jan 29, 2018 0.1 0.1 0.09 0.09 5230270.0 625480000.0
89 Jan 30, 2018 0.09 0.1 0.08 0.08 4369180.0 565696000.0
90 Jan 31, 2018 0.08 0.09 0.07 0.08 3290500.0 474128000.0
91 Feb 01, 2018 0.08 0.09 0.06 0.07 4648090.0 510946000.0
92 Feb 02, 2018 0.07 0.08 0.05 0.07 7095780.0 412102000.0
93 Feb 03, 2018 0.07 0.08 0.06 0.07 3486120.0 428311000.0
94 Feb 04, 2018 0.07 0.07 0.06 0.06 2447880.0 450491000.0
95 Feb 05, 2018 0.06 0.06 0.04 0.05 3271880.0 366844000.0
96 Feb 06, 2018 0.05 0.06 0.04 0.06 5974180.0 282818000.0
97 Feb 07, 2018 0.06 0.08 0.06 0.06 5670180.0 369415000.0
98 Feb 08, 2018 0.06 0.07 0.06 0.07 2762020.0 376119000.0
99 Feb 09, 2018 0.07 0.07 0.06 0.07 2524640.0 418031000.0
100 Feb 10, 2018 0.07 0.07 0.07 0.07 2387060.0 439353000.0
101 Feb 11, 2018 0.07 0.07 0.06 0.06 1776260.0 419422000.0
102 Feb 12, 2018 0.06 0.07 0.06 0.07 2328010.0 391832000.0
103 Feb 13, 2018 0.07 0.07 0.07 0.07 2008560.0 436817000.0
104 Feb 14, 2018 0.07 0.07 0.07 0.07 2147180.0 413561000.0
105 Feb 15, 2018 0.07 0.08 0.07 0.07 2455530.0 461916000.0
106 Feb 16, 2018 0.07 0.08 0.07 0.08 3934460.0 456281000.0
107 Feb 17, 2018 0.08 0.09 0.08 0.09 2463550.0 501399000.0
108 Feb 18, 2018 0.09 0.09 0.08 0.08 2363230.0 550352000.0
109 Feb 19, 2018 0.08 0.09 0.08 0.09 1944890.0 510510000.0
110 Feb 20, 2018 0.09 0.09 0.08 0.08 2682050.0 540338000.0
111 Feb 21, 2018 0.08 0.08 0.08 0.08 2172660.0 509658000.0
112 Feb 22, 2018 0.08 0.08 0.07 0.07 1636980.0 491322000.0
113 Feb 23, 2018 0.07 0.08 0.07 0.07 1223380.0 458112000.0
114 Feb 24, 2018 0.07 0.08 0.07 0.07 1124070.0 472618000.0
115 Feb 25, 2018 0.07 0.13 0.07 0.09 3815500.0 460239000.0
116 Feb 26, 2018 0.09 0.09 0.08 0.08 4624980.0 554563000.0
117 Feb 27, 2018 0.08 0.08 0.08 0.08 2677500.0 499967000.0
118 Feb 28, 2018 0.08 0.08 0.07 0.07 2597850.0 490725000.0
119 Mar 01, 2018 0.07 0.07 0.06 0.07 2357440.0 411046000.0
120 Mar 02, 2018 0.07 0.08 0.05 0.07 4720690.0 470167000.0
121 Mar 03, 2018 0.07 0.07 0.07 0.07 1691550.0 444484000.0
122 Mar 04, 2018 0.07 0.08 0.07 0.08 1657460.0 468796000.0
123 Mar 05, 2018 0.08 0.08 0.07 0.07 2895610.0 495311000.0
124 Mar 06, 2018 0.07 0.07 0.06 0.06 2706630.0 476594000.0
125 Mar 07, 2018 0.06 0.07 0.05 0.06 1686280.0 404251000.0
126 Mar 08, 2018 0.06 0.06 0.05 0.05 1020060.0 363626000.0
127 Mar 09, 2018 0.05 0.05 0.04 0.05 1942690.0 337891000.0
128 Mar 10, 2018 0.05 0.05 0.05 0.05 914772.0 329799000.0
129 Mar 11, 2018 0.05 0.05 0.05 0.05 832506.0 313851000.0
130 Mar 12, 2018 0.05 0.05 0.04 0.05 1185410.0 330793000.0
131 Mar 13, 2018 0.04 0.05 0.04 0.05 2403890.0 291532000.0
132 Mar 14, 2018 0.05 0.06 0.04 0.04 2728000.0 324931000.0
133 Mar 15, 2018 0.04 0.04 0.04 0.04 1731270.0 261635000.0
134 Mar 16, 2018 0.04 0.04 0.03 0.04 2353510.0 239871000.0
135 Mar 17, 2018 0.04 0.04 0.03 0.03 1201860.0 232829000.0
136 Mar 18, 2018 0.03 0.03 0.02 0.03 3355560.0 208603000.0
137 Mar 19, 2018 0.03 0.04 0.03 0.04 1579380.0 221405000.0
138 Mar 20, 2018 0.04 0.04 0.03 0.03 1437340.0 229602000.0
139 Mar 21, 2018 0.03 0.03 0.03 0.03 1658600.0 222931000.0
140 Mar 22, 2018 0.03 0.03 0.03 0.03 2251620.0 205216000.0
141 Mar 23, 2018 0.03 0.03 0.03 0.03 2121500.0 194709000.0
142 Mar 24, 2018 0.03 0.03 0.03 0.03 2025770.0 196330000.0
143 Mar 25, 2018 0.03 0.03 0.03 0.03 1347930.0 185231000.0
144 Mar 26, 2018 0.03 0.03 0.02 0.03 1972530.0 184608000.0
145 Mar 27, 2018 0.03 0.03 0.02 0.02 2319340.0 171291000.0
