0 Feb 06, 2014 0.0 0.0 0.0 0.0 27811.4 641002.0
1 Feb 07, 2014 0.0 0.0 0.0 0.0 28050.5 600764.0
2 Feb 08, 2014 0.0 0.0 0.0 0.0 13516.8 519459.0
3 Feb 09, 2014 0.0 0.0 0.0 0.0 10833.0 459068.0
4 Feb 10, 2014 0.0 0.0 0.0 0.0 11932.7 433122.0
5 Feb 11, 2014 0.0 0.0 0.0 0.0 9887.34 389480.0
6 Feb 12, 2014 0.0 0.0 0.0 0.0 6811.35 365933.0
7 Feb 13, 2014 0.0 0.0 0.0 0.0 12021.9 347059.0
8 Feb 14, 2014 0.0 0.0 0.0 0.0 5174.48 366501.0
9 Feb 15, 2014 0.0 0.0 0.0 0.0 8747.84 365462.0
10 Feb 16, 2014 0.0 0.0 0.0 0.0 5769.64 317137.0
11 Feb 17, 2014 0.0 0.0 0.0 0.0 6796.78 329260.0
12 Feb 18, 2014 0.0 0.0 0.0 0.0 4900.47 274737.0
13 Feb 19, 2014 0.0 0.0 0.0 0.0 3753.9 246478.0
14 Feb 20, 2014 0.0 0.0 0.0 0.0 4075.63 232050.0
15 Feb 21, 2014 0.0 0.0 0.0 0.0 4895.55 212831.0
16 Feb 22, 2014 0.0 0.0 0.0 0.0 3748.37 203333.0
17 Feb 23, 2014 0.0 0.0 0.0 0.0 2152.2 204913.0
18 Feb 24, 2014 0.0 0.0 0.0 0.0 1229.92 223660.0
19 Feb 25, 2014 0.0 0.0 0.0 0.0 1633.08 204226.0
20 Feb 26, 2014 0.0 0.0 0.0 0.0 4271.53 193639.0
21 Feb 27, 2014 0.0 0.01 0.0 0.0 25378.3 226763.0
22 Feb 28, 2014 0.0 0.0 0.0 0.0 19333.7 312485.0
23 Mar 01, 2014 0.0 0.0 0.0 0.0 4566.41 261427.0
24 Mar 02, 2014 0.0 0.0 0.0 0.0 3115.7 264792.0
25 Mar 03, 2014 0.0 0.0 0.0 0.0 8410.99 212212.0
26 Mar 04, 2014 0.0 0.0 0.0 0.0 2645.67 254884.0
27 Mar 05, 2014 0.0 0.0 0.0 0.0 4396.26 196082.0
28 Mar 06, 2014 0.0 0.0 0.0 0.0 6790.32 286414.0
29 Mar 07, 2014 0.0 0.0 0.0 0.0 4073.87 251266.0
30 Mar 08, 2014 0.0 0.0 0.0 0.0 4272.74 229792.0
31 Mar 09, 2014 0.0 0.0 0.0 0.0 2841.53 246126.0
32 Mar 10, 2014 0.0 0.0 0.0 0.0 1239.08 227502.0
33 Mar 11, 2014 0.0 0.0 0.0 0.0 4146.28 233522.0
34 Mar 12, 2014 0.0 0.0 0.0 0.0 11472.9 213000.0
35 Mar 13, 2014 0.0 0.0 0.0 0.0 30980.9 259797.0
36 Mar 14, 2014 0.0 0.0 0.0 0.0 59080.8 330041.0
37 Mar 15, 2014 0.0 0.0 0.0 0.0 22971.3 434650.0
38 Mar 16, 2014 0.0 0.0 0.0 0.0 14589.8 322879.0
39 Mar 17, 2014 0.0 0.0 0.0 0.0 11072.7 345665.0
40 Mar 18, 2014 0.0 0.0 0.0 0.0 6369.44 284501.0
41 Mar 19, 2014 0.0 0.0 0.0 0.0 5023.61 252759.0
42 Mar 20, 2014 0.0 0.0 0.0 0.0 3176.11 228882.0
43 Mar 21, 2014 0.0 0.0 0.0 0.0 2347.57 210389.0
44 Mar 22, 2014 0.0 0.0 0.0 0.0 2427.77 208571.0
45 Mar 23, 2014 0.0 0.0 0.0 0.0 3671.74 208509.0
46 Mar 24, 2014 0.0 0.0 0.0 0.0 2145.4 190080.0
47 Mar 25, 2014 0.0 0.0 0.0 0.0 2182.59 205346.0
48 Mar 26, 2014 0.0 0.0 0.0 0.0 2363.4 178671.0
49 Mar 27, 2014 0.0 0.0 0.0 0.0 1830.95 163765.0
50 Mar 28, 2014 0.0 0.0 5.16 0.0 4056.0 90272.2
51 Mar 29, 2014 0.0 0.0 0.0 0.0 1987.21 125068.0
52 Mar 30, 2014 0.0 0.0 0.0 0.0 1273.99 103096.0
53 Mar 31, 2014 0.0 0.0 0.0 0.0 1318.04 108337.0
54 Apr 01, 2014 0.0 0.0 0.0 0.0 2241.76 99281.8
55 Apr 02, 2014 0.0 0.0 9.77 0.0 907.03 117171.0
56 Apr 03, 2014 0.0 0.0 9.45 0.0 1092.99 101472.0
57 Apr 04, 2014 0.0 0.0 0.0 0.0 1517.36 119604.0
58 Apr 05, 2014 0.0 0.0 0.0 0.0 2278.86 129239.0
59 Apr 06, 2014 0.0 0.0 0.0 0.0 1648.33 127337.0
60 Apr 07, 2014 0.0 0.0 0.0 0.0 6501.0 136397.0
61 Apr 08, 2014 0.0 0.0 0.0 0.0 5848.9 188388.0
62 Apr 09, 2014 0.0 0.0 0.0 0.0 7695.57 173179.0
63 Apr 10, 2014 0.0 0.0 0.0 0.0 4495.24 194078.0
64 Apr 11, 2014 0.0 0.0 0.0 0.0 5266.1 136868.0
65 Apr 12, 2014 0.0 0.0 0.0 0.0 5529.55 178902.0
66 Apr 13, 2014 0.0 0.0 0.0 0.0 2616.47 188186.0
67 Apr 14, 2014 0.0 0.0 0.0 0.0 6632.33 169791.0
68 Apr 15, 2014 0.0 0.0 0.0 0.0 8299.37 193211.0
69 Apr 16, 2014 0.0 0.0 0.0 0.0 5851.63 208371.0
70 Apr 17, 2014 0.0 0.0 0.0 0.0 1843.78 196691.0
71 Apr 18, 2014 0.0 0.0 0.0 0.0 2878.43 175532.0
72 Apr 19, 2014 0.0 0.0 0.0 0.0 3708.76 171040.0
73 Apr 20, 2014 0.0 0.0 0.0 0.0 4165.96 189605.0
74 Apr 21, 2014 0.0 0.0 0.0 0.0 3158.7 209457.0
75 Apr 22, 2014 0.0 0.0 0.0 0.0 2459.62 198489.0
76 Apr 23, 2014 0.0 0.0 0.0 0.0 4047.87 183357.0
77 Apr 24, 2014 0.0 0.0 0.0 0.0 1620.08 169338.0
78 Apr 25, 2014 0.0 0.0 0.0 0.0 1807.86 177877.0
79 Apr 26, 2014 0.0 0.0 0.0 0.0 2556.69 156463.0
80 Apr 27, 2014 0.0 0.0 0.0 0.0 1873.83 150013.0
81 Apr 28, 2014 0.0 0.0 0.0 0.0 2482.87 135703.0
82 Apr 29, 2014 0.0 0.0 0.0 0.0 22738.9 141080.0
83 Apr 30, 2014 0.0 0.0 0.0 0.0 32208.6 256790.0
84 May 01, 2014 0.0 0.0 0.0 0.0 54074.7 353103.0
85 May 02, 2014 0.0 0.0 0.0 0.0 11026.8 352037.0
86 May 03, 2014 0.0 0.0 0.0 0.0 11450.5 308442.0
87 May 04, 2014 0.0 0.0 0.0 0.0 5573.47 253394.0
88 May 05, 2014 0.0 0.0 0.0 0.0 5859.9 229589.0
89 May 06, 2014 0.0 0.0 0.0 0.0 4972.19 227758.0
90 May 07, 2014 0.0 0.0 0.0 0.0 5375.2 238529.0
91 May 08, 2014 0.0 0.0 0.0 0.0 4148.28 234040.0
92 May 09, 2014 0.0 0.0 0.0 0.0 3622.37 225569.0
93 May 10, 2014 0.0 0.0 0.0 0.0 4788.57 223829.0
94 May 11, 2014 0.0 0.0 0.0 0.0 1241.08 211394.0
95 May 12, 2014 0.0 0.0 0.0 0.0 3715.14 209686.0
96 May 13, 2014 0.0 0.0 0.0 0.0 6128.85 219206.0
97 May 14, 2014 0.0 0.0 0.0 0.0 3134.43 224822.0
98 May 15, 2014 0.0 0.0 0.0 0.0 3325.76 237940.0
99 May 16, 2014 0.0 0.0 0.0 0.0 15070.0 217162.0
100 May 17, 2014 0.0 0.0 0.0 0.0 6508.36 322153.0
101 May 18, 2014 0.0 0.0 0.0 0.0 2561.1 249171.0
102 May 19, 2014 0.0 0.0 0.0 0.0 3281.37 235024.0
103 May 20, 2014 0.0 0.0 0.0 0.0 3504.16 232673.0
104 May 21, 2014 0.0 0.0 0.0 0.0 2319.96 251694.0
105 May 22, 2014 0.0 0.0 0.0 0.0 2787.0 249963.0
106 May 23, 2014 0.0 0.0 0.0 0.0 4050.14 247118.0
107 May 24, 2014 0.0 0.0 0.0 0.0 3694.95 226039.0
108 May 25, 2014 0.0 0.0 0.0 0.0 4118.26 232931.0
109 May 26, 2014 0.0 0.0 0.0 0.0 1265.0 230809.0
110 May 27, 2014 0.0 0.0 0.0 0.0 1794.11 245898.0
111 May 28, 2014 0.0 0.0 0.0 0.0 5947.65 254887.0
112 May 29, 2014 0.0 0.0 0.0 0.0 3063.72 281254.0
113 May 30, 2014 0.0 0.0 0.0 0.0 6673.61 256951.0
114 May 31, 2014 0.0 0.0 0.0 0.0 12134.2 298603.0
115 Jun 01, 2014 0.0 0.0 0.0 0.0 7852.46 286001.0
116 Jun 02, 2014 0.0 0.0 0.0 0.0 15004.1 264847.0
117 Jun 03, 2014 0.0 0.0 0.0 0.0 172642.0 321125.0
118 Jun 04, 2014 0.0 0.0 0.0 0.0 32947.1 489782.0
119 Jun 05, 2014 0.0 0.0 0.0 0.0 7263.73 331296.0
120 Jun 06, 2014 0.0 0.0 0.0 0.0 6952.04 343593.0
121 Jun 07, 2014 0.0 0.0 0.0 0.0 2279.29 361810.0
122 Jun 08, 2014 0.0 0.0 0.0 0.0 5504.82 349927.0
123 Jun 09, 2014 0.0 0.0 0.0 0.0 1909.11 330639.0
124 Jun 10, 2014 0.0 0.0 0.0 0.0 3705.82 332462.0
125 Jun 11, 2014 0.0 0.0 0.0 0.0 3233.24 334217.0
126 Jun 12, 2014 0.0 0.0 0.0 0.0 1123.75 320848.0
127 Jun 13, 2014 0.0 0.0 0.0 0.0 1409.02 305638.0
128 Jun 14, 2014 0.0 0.0 0.0 0.0 942.59 313025.0
129 Jun 15, 2014 0.0 0.0 0.0 0.0 927.96 282434.0
130 Jun 16, 2014 0.0 0.0 0.0 0.0 2754.02 290245.0
131 Jun 17, 2014 0.0 0.0 0.0 0.0 3078.14 310701.0
132 Jun 18, 2014 0.0 0.0 0.0 0.0 2474.96 334974.0
133 Jun 19, 2014 0.0 0.0 0.0 0.0 1669.22 327105.0
134 Jun 20, 2014 0.0 0.0 0.0 0.0 2652.46 318528.0
135 Jun 21, 2014 0.0 0.0 0.0 0.0 1817.35 333703.0
136 Jun 22, 2014 0.0 0.0 0.0 0.0 1788.42 320248.0
137 Jun 23, 2014 0.0 0.0 0.0 0.0 4426.39 296923.0
138 Jun 24, 2014 0.0 0.0 0.0 0.0 2627.18 306615.0
139 Jun 25, 2014 0.0 0.0 0.0 0.0 2408.63 308299.0
140 Jun 26, 2014 0.0 0.0 0.0 0.0 1871.01 273347.0
141 Jun 27, 2014 0.0 0.0 0.0 0.0 1092.92 286876.0
142 Jun 28, 2014 0.0 0.0 0.0 0.0 1046.35 281554.0
143 Jun 29, 2014 0.0 0.0 0.0 0.0 1103.58 260912.0
144 Jun 30, 2014 0.0 0.0 0.0 0.0 1685.46 269056.0
145 Jul 01, 2014 0.0 0.0 0.0 0.0 1571.74 286677.0
146 Jul 02, 2014 0.0 0.0 0.0 0.0 2528.29 282952.0
147 Jul 03, 2014 0.0 0.0 0.0 0.0 2943.48 275749.0
148 Jul 04, 2014 0.0 0.0 0.0 0.0 1741.94 293358.0
149 Jul 05, 2014 0.0 0.0 0.0 0.0 534.88 259822.0
150 Jul 06, 2014 0.0 0.0 0.0 0.0 667.29 261092.0
151 Jul 07, 2014 0.0 0.0 0.0 0.0 1292.48 247564.0
152 Jul 08, 2014 0.0 0.0 0.0 0.0 1195.45 261245.0
153 Jul 09, 2014 0.0 0.0 0.0 0.0 1177.02 253155.0
154 Jul 10, 2014 0.0 0.0 0.0 0.0 1774.85 244892.0
155 Jul 11, 2014 0.0 0.0 0.0 0.0 1516.72 237492.0
156 Jul 12, 2014 0.0 0.0 0.0 0.0 3718.23 255007.0
157 Jul 13, 2014 0.0 0.0 0.0 0.0 550.78 287897.0
158 Jul 14, 2014 0.0 0.0 0.0 0.0 2244.97 277726.0
159 Jul 15, 2014 0.0 0.0 0.0 0.0 1853.01 242138.0
160 Jul 16, 2014 0.0 0.0 0.0 0.0 513.27 253076.0
161 Jul 17, 2014 0.0 0.0 0.0 0.0 925.42 248020.0
162 Jul 18, 2014 0.0 0.0 0.0 0.0 1218.39 238205.0
163 Jul 19, 2014 0.0 0.0 0.0 0.0 309.13 245474.0
164 Jul 20, 2014 0.0 0.0 0.0 0.0 518.27 245134.0
165 Jul 21, 2014 0.0 0.0 0.0 0.0 2505.95 248394.0
166 Jul 22, 2014 0.0 0.0 0.0 0.0 3058.5 268165.0
167 Jul 23, 2014 0.0 0.0 0.0 0.0 3090.45 291979.0
168 Jul 24, 2014 0.0 0.0 0.0 0.0 939.66 283858.0
169 Jul 25, 2014 0.0 0.0 0.0 0.0 838.6 264296.0
170 Jul 26, 2014 0.0 0.0 0.0 0.0 1083.23 267883.0
171 Jul 27, 2014 0.0 0.0 0.0 0.0 1789.59 254052.0
172 Jul 28, 2014 0.0 0.0 0.0 0.0 407.68 229099.0
173 Jul 29, 2014 0.0 0.0 0.0 0.0 1833.66 248401.0
174 Jul 30, 2014 0.0 0.0 0.0 0.0 742.61 253813.0
175 Jul 31, 2014 0.0 0.0 0.0 0.0 1602.19 261988.0
176 Aug 01, 2014 0.0 0.0 0.0 0.0 2309.97 279960.0
177 Aug 02, 2014 0.0 0.0 0.0 0.0 294.51 291736.0
178 Aug 03, 2014 0.0 0.0 0.0 0.0 380.97 271478.0
179 Aug 04, 2014 0.0 0.0 0.0 0.0 276.95 282131.0
180 Aug 05, 2014 0.0 0.0 0.0 0.0 673.72 273065.0
181 Aug 06, 2014 0.0 0.0 0.0 0.0 297.12 271395.0
182 Aug 07, 2014 0.0 0.0 0.0 0.0 5920.97 258710.0
183 Aug 08, 2014 0.0 0.0 0.0 0.0 3932.75 299002.0
184 Aug 09, 2014 0.0 0.0 0.0 0.0 1972.61 302103.0
185 Aug 10, 2014 0.0 0.0 0.0 0.0 358.63 275807.0
186 Aug 11, 2014 0.0 0.0 0.0 0.0 112.08 279436.0
187 Aug 12, 2014 0.0 0.0 0.0 0.0 2353.05 272456.0
188 Aug 13, 2014 0.0 0.0 0.0 0.0 1028.02 303937.0
189 Aug 14, 2014 0.0 0.0 0.0 0.0 1430.41 289681.0
190 Aug 15, 2014 0.0 0.0 0.0 0.0 1127.07 266988.0
191 Aug 16, 2014 0.0 0.0 0.0 0.0 170.15 266727.0
192 Aug 17, 2014 0.0 0.0 0.0 0.0 1761.11 278757.0
193 Aug 18, 2014 0.0 0.0 0.0 0.0 260.52 274072.0
194 Aug 19, 2014 0.0 0.0 0.0 0.0 1186.39 246539.0
195 Aug 20, 2014 0.0 0.0 0.0 0.0 588.1 242141.0
196 Aug 21, 2014 0.0 0.0 0.0 0.0 1271.27 272758.0
197 Aug 22, 2014 0.0 0.0 0.0 0.0 1193.19 263916.0
198 Aug 23, 2014 0.0 0.0 0.0 0.0 441.66 245898.0
199 Aug 24, 2014 0.0 0.0 0.0 0.0 269.96 241164.0
200 Aug 25, 2014 0.0 0.0 0.0 0.0 174.77 250920.0
201 Aug 26, 2014 0.0 0.0 0.0 0.0 850.84 249007.0
202 Aug 27, 2014 0.0 0.0 0.0 0.0 2118.14 243970.0
203 Aug 28, 2014 0.0 0.0 0.0 0.0 1447.48 243664.0
204 Aug 29, 2014 0.0 0.0 0.0 0.0 1395.97 237851.0
205 Aug 30, 2014 0.0 0.0 0.0 0.0 1477.48 238356.0
206 Aug 31, 2014 0.0 0.0 0.0 0.0 613.05 234359.0
207 Sep 01, 2014 0.0 0.0 0.0 0.0 797.06 206674.0
208 Sep 02, 2014 0.0 0.0 0.0 0.0 1975.49 196524.0
209 Sep 03, 2014 0.0 0.0 0.0 0.0 2629.24 184856.0
210 Sep 04, 2014 0.0 0.0 0.0 0.0 2394.9 151256.0
211 Sep 05, 2014 0.0 0.0 0.0 0.0 1609.04 140842.0
212 Sep 06, 2014 0.0 0.0 9.05 9.23 1792.28 152284.0
213 Sep 07, 2014 9.23 9.73 8.2 8.55 1516.18 126687.0
214 Sep 08, 2014 8.55 9.25 7.72 8.24 1646.45 118713.0
215 Sep 09, 2014 8.25 9.03 7.96 8.11 1114.1 115855.0
216 Sep 10, 2014 8.11 0.0 8.11 0.0 4973.38 115283.0
217 Sep 11, 2014 0.0 0.0 9.8 0.0 2951.53 144707.0
218 Sep 12, 2014 0.0 0.0 9.68 0.0 6723.33 149154.0
219 Sep 13, 2014 0.0 0.0 0.0 0.0 4716.08 215019.0
220 Sep 14, 2014 0.0 0.0 0.0 0.0 2120.71 195773.0
221 Sep 15, 2014 0.0 0.0 0.0 0.0 2528.44 186554.0
222 Sep 16, 2014 0.0 0.0 0.0 0.0 2320.74 187173.0
223 Sep 17, 2014 0.0 0.0 9.05 9.8 2031.17 164945.0
224 Sep 18, 2014 9.79 0.0 8.83 9.08 1248.3 152095.0
225 Sep 19, 2014 9.07 9.43 8.45 9.02 2330.9 142603.0
226 Sep 20, 2014 9.02 9.37 8.36 8.99 1886.69 143364.0
227 Sep 21, 2014 8.98 9.07 7.83 8.16 2705.58 144361.0
228 Sep 22, 2014 8.17 8.69 7.93 7.95 1177.21 132886.0
229 Sep 23, 2014 7.95 8.73 7.35 8.71 1520.47 130706.0
230 Sep 24, 2014 8.71 8.71 7.59 7.73 1320.22 144788.0
231 Sep 25, 2014 7.72 8.76 7.58 8.41 2520.9 128343.0
232 Sep 26, 2014 8.41 8.9 8.06 8.5 1938.2 143106.0
233 Sep 27, 2014 8.49 9.02 8.11 8.38 1261.31 145977.0
234 Sep 28, 2014 8.38 0.0 7.91 7.92 3218.7 145769.0
235 Sep 29, 2014 7.92 8.74 7.74 7.88 1647.25 139080.0
236 Sep 30, 2014 7.9 8.2 7.31 7.95 1172.79 140314.0
237 Oct 01, 2014 7.96 8.71 7.75 8.06 1936.43 142915.0
238 Oct 02, 2014 8.06 8.1 7.46 7.5 690.67 146426.0
239 Oct 03, 2014 7.51 7.98 7.16 7.19 1282.12 137720.0
240 Oct 04, 2014 7.2 7.64 5.98 6.25 956.94 133424.0
241 Oct 05, 2014 6.26 6.44 5.38 5.88 1326.84 117224.0
242 Oct 06, 2014 5.88 7.09 5.54 6.37 1944.78 111252.0
243 Oct 07, 2014 6.38 6.76 6.0 6.13 692.97 121919.0
244 Oct 08, 2014 6.13 6.63 6.01 6.33 1173.52 118388.0
245 Oct 09, 2014 6.32 7.21 6.22 6.57 1589.62 123272.0
246 Oct 10, 2014 6.55 7.46 6.26 6.87 1355.75 129041.0
247 Oct 11, 2014 6.87 7.23 6.16 6.53 781.03 136468.0
248 Oct 12, 2014 6.53 6.81 6.04 6.77 670.58 131047.0
249 Oct 13, 2014 6.76 7.48 5.99 7.03 1852.93 136960.0
250 Oct 14, 2014 7.05 8.99 7.04 8.04 4715.46 144148.0
251 Oct 15, 2014 8.04 8.38 7.36 7.89 2433.32 165978.0
252 Oct 16, 2014 7.89 7.98 7.13 7.32 863.9 164292.0
253 Oct 17, 2014 7.33 8.01 7.13 7.29 1082.35 153924.0
254 Oct 18, 2014 7.29 7.85 6.55 7.44 3745.14 154770.0
255 Oct 19, 2014 7.43 7.84 7.0 7.01 787.43 159120.0
256 Oct 20, 2014 7.01 7.32 6.81 6.82 955.43 151315.0
257 Oct 21, 2014 6.81 7.35 6.54 6.93 2012.96 148494.0
258 Oct 22, 2014 6.92 7.29 6.5 6.51 2068.78 152123.0
259 Oct 23, 2014 6.51 6.58 5.76 6.09 1006.87 144212.0
260 Oct 24, 2014 5.81 6.78 5.49 6.77 2323.16 129495.0
261 Oct 25, 2014 7.12 7.14 5.55 5.57 1299.82 160397.0
262 Oct 26, 2014 5.57 6.07 5.2 5.22 593.39 126479.0
263 Oct 27, 2014 5.22 6.4 5.21 5.98 2052.58 119414.0
264 Oct 28, 2014 5.32 5.75 5.31 5.33 564.17 122814.0
265 Oct 29, 2014 5.33 5.67 4.46 4.97 692.83 123638.0
266 Oct 30, 2014 4.67 5.0 4.03 4.53 1183.56 109277.0
267 Oct 31, 2014 4.53 5.07 4.07 4.7 987.64 107141.0
268 Nov 01, 2014 4.71 5.83 4.47 4.87 3642.1 112140.0
269 Nov 02, 2014 4.88 5.55 4.83 5.52 1069.5 117378.0
270 Nov 03, 2014 5.51 5.86 5.18 5.57 1814.05 133831.0
271 Nov 04, 2014 5.56 7.23 5.53 6.58 6592.07 136074.0
272 Nov 05, 2014 6.59 7.45 6.3 6.45 2821.65 162567.0
273 Nov 06, 2014 6.45 8.37 6.43 7.68 4693.79 160023.0
274 Nov 07, 2014 7.7 8.47 7.53 8.14 2166.6 192959.0
275 Nov 08, 2014 8.13 8.88 7.57 7.94 4552.22 205575.0
276 Nov 09, 2014 7.94 8.87 7.59 8.66 4034.83 202175.0
277 Nov 10, 2014 8.64 8.96 7.08 7.08 1800.04 221442.0
278 Nov 11, 2014 7.32 7.38 6.61 6.65 1365.58 189023.0
279 Nov 12, 2014 6.46 8.01 6.32 7.5 1483.87 167972.0
280 Nov 13, 2014 7.55 8.56 6.47 7.38 1885.11 197836.0
281 Nov 14, 2014 7.36 7.36 5.57 5.66 1405.53 194256.0
282 Nov 15, 2014 5.69 5.92 5.14 5.56 1296.31 151137.0
283 Nov 16, 2014 5.54 6.01 5.19 5.67 913.01 148228.0
284 Nov 17, 2014 5.68 6.25 5.26 5.33 865.79 153118.0
285 Nov 18, 2014 5.33 5.79 3.85 4.88 3442.55 144611.0
286 Nov 19, 2014 4.86 5.22 4.52 4.95 1072.87 132729.0
287 Nov 20, 2014 4.94 5.25 4.43 4.65 428.46 135860.0
288 Nov 21, 2014 4.65 4.89 4.16 4.83 821.96 128608.0
289 Nov 22, 2014 4.84 5.19 4.45 4.45 765.07 134763.0
290 Nov 23, 2014 4.46 4.99 4.42 4.75 551.39 124824.0
291 Nov 24, 2014 4.74 5.1 4.71 4.9 712.55 133607.0
292 Nov 25, 2014 4.9 5.18 4.34 4.52 770.83 138902.0
293 Nov 26, 2014 4.53 4.88 4.04 4.42 777.53 129077.0
294 Nov 27, 2014 4.44 4.76 4.04 4.76 1338.07 126657.0
295 Nov 28, 2014 4.76 8.34 3.98 6.4 9948.56 135814.0
296 Nov 29, 2014 6.22 7.69 6.01 6.94 6200.39 177381.0
297 Nov 30, 2014 7.32 9.15 6.78 8.03 9129.46 208746.0
298 Dec 01, 2014 8.04 8.85 6.79 7.38 6178.04 229200.0
299 Dec 02, 2014 7.38 7.4 6.48 7.39 2568.31 210561.0
300 Dec 03, 2014 7.4 7.51 6.6 6.75 3230.27 210991.0
301 Dec 04, 2014 6.62 7.03 6.15 6.83 2801.11 188838.0
302 Dec 05, 2014 6.83 7.12 6.4 6.78 3139.83 194748.0
303 Dec 06, 2014 6.78 7.02 6.38 6.47 2745.67 193419.0
304 Dec 07, 2014 6.47 6.75 5.45 6.0 1960.06 184575.0
305 Dec 08, 2014 6.0 6.67 5.89 6.15 1854.08 171110.0
306 Dec 09, 2014 6.15 6.42 5.54 5.63 781.52 175467.0
307 Dec 10, 2014 5.63 6.07 5.25 5.54 2871.8 160670.0
308 Dec 11, 2014 5.51 5.78 5.2 5.73 1207.48 157258.0
309 Dec 12, 2014 5.89 5.89 5.6 5.65 915.06 168030.0
310 Dec 13, 2014 5.39 5.58 5.21 5.38 530.52 153674.0
311 Dec 14, 2014 5.37 5.79 3.92 5.27 631.46 153066.0
312 Dec 15, 2014 5.27 5.28 4.51 4.51 1046.19 150317.0
313 Dec 16, 2014 4.52 5.09 4.32 4.58 951.67 128899.0
314 Dec 17, 2014 4.57 4.8 4.3 4.4 444.27 130482.0
315 Dec 18, 2014 4.4 4.67 4.04 4.35 466.33 125596.0
316 Dec 19, 2014 4.35 4.76 4.33 4.45 1358.85 124074.0
317 Dec 20, 2014 4.45 4.86 2.03 4.33 609.79 126802.0
318 Dec 21, 2014 4.33 4.75 2.35 3.95 6705.37 123490.0
319 Dec 22, 2014 3.96 4.5 3.06 3.75 2948.64 112838.0
320 Dec 23, 2014 3.75 4.51 3.75 4.25 1236.61 107082.0
321 Dec 24, 2014 4.25 4.49 3.61 3.9 4089.13 121264.0
322 Dec 25, 2014 3.89 4.17 3.56 3.65 789.21 111019.0
323 Dec 26, 2014 3.6 4.28 3.56 4.26 537.82 102640.0
324 Dec 27, 2014 4.26 4.59 4.01 4.11 1031.47 121504.0
325 Dec 28, 2014 4.11 4.64 4.04 4.12 831.34 117223.0
326 Dec 29, 2014 4.13 4.44 3.79 4.1 2500.37 117814.0
327 Dec 30, 2014 4.1 4.59 3.96 4.26 2011.78 116882.0
328 Dec 31, 2014 4.26 4.35 3.63 4.35 2552.62 121590.0
329 Jan 01, 2015 4.35 4.74 4.29 4.49 648.43 124123.0
330 Jan 02, 2015 4.49 4.76 4.16 4.5 2027.37 128033.0
331 Jan 03, 2015 4.72 5.42 4.21 4.21 2728.58 134688.0
332 Jan 04, 2015 4.22 4.87 4.14 4.46 2638.97 120249.0
333 Jan 05, 2015 4.48 4.69 4.19 4.29 491.33 127770.0
334 Jan 06, 2015 4.29 5.19 4.26 4.89 1040.91 122344.0
335 Jan 07, 2015 4.89 5.18 4.5 5.0 1776.12 139543.0
336 Jan 08, 2015 5.0 5.16 4.54 4.76 802.8 142613.0
337 Jan 09, 2015 4.74 5.04 4.32 4.85 686.42 135258.0
338 Jan 10, 2015 4.89 8.78 4.4 5.1 5748.14 139575.0
339 Jan 11, 2015 5.09 5.52 4.85 4.93 1672.98 145291.0
340 Jan 12, 2015 5.09 5.16 4.79 4.9 1259.81 145251.0
341 Jan 13, 2015 4.89 4.9 3.81 3.91 821.27 139441.0
342 Jan 14, 2015 3.87 4.04 3.09 3.21 713.45 110478.0
343 Jan 15, 2015 3.18 4.28 3.18 3.81 1770.29 90814.6
344 Jan 16, 2015 3.8 4.46 3.79 4.02 2169.68 108408.0
345 Jan 17, 2015 4.02 4.22 3.72 4.01 516.85 114594.0
346 Jan 18, 2015 4.03 4.29 3.69 4.0 871.06 114895.0
347 Jan 19, 2015 4.02 4.41 3.94 4.38 737.11 114558.0
348 Jan 20, 2015 4.34 4.35 3.69 4.21 1538.03 123798.0
349 Jan 21, 2015 4.22 4.87 4.01 4.54 2496.51 120251.0
350 Jan 22, 2015 4.55 5.16 4.38 4.54 1863.76 129670.0
351 Jan 23, 2015 4.55 5.14 4.28 4.89 1277.17 129690.0
352 Jan 24, 2015 4.89 5.94 4.63 5.78 3434.58 139373.0
353 Jan 25, 2015 5.77 8.43 5.75 6.85 10490.0 164592.0
354 Jan 26, 2015 6.86 8.29 6.41 7.19 3275.04 195784.0
355 Jan 27, 2015 7.18 7.24 6.46 6.7 2817.54 204728.0
356 Jan 28, 2015 6.7 7.47 5.9 6.08 955.0 190959.0
357 Jan 29, 2015 6.07 7.03 5.58 6.59 3734.53 173040.0
358 Jan 30, 2015 6.57 7.55 6.33 7.02 3336.24 187330.0
359 Jan 31, 2015 7.02 0.0 7.0 0.0 13049.9 200207.0
360 Feb 01, 2015 0.0 0.0 7.77 8.49 8491.78 376768.0
361 Feb 02, 2015 8.66 0.0 8.04 9.54 4305.35 300854.0
362 Feb 03, 2015 9.35 0.0 9.18 0.0 3613.29 324798.0
363 Feb 04, 2015 0.0 0.0 9.35 0.0 2980.41 371472.0
364 Feb 05, 2015 0.0 0.0 0.0 0.0 19046.5 372240.0
365 Feb 06, 2015 0.0 0.0 0.0 0.0 54637.3 512491.0
366 Feb 07, 2015 0.0 0.0 0.0 0.0 17730.6 706415.0
367 Feb 08, 2015 0.0 0.0 0.0 0.0 21612.3 715050.0
368 Feb 09, 2015 0.0 0.0 0.0 0.0 12292.0 669406.0
369 Feb 10, 2015 0.0 0.0 0.0 0.0 6578.86 641288.0
370 Feb 11, 2015 0.0 0.0 0.0 0.0 6100.19 618988.0
371 Feb 12, 2015 0.0 0.0 0.0 0.0 9323.41 617688.0
372 Feb 13, 2015 0.0 0.0 0.0 0.0 11453.7 618077.0
373 Feb 14, 2015 0.0 0.0 0.0 0.0 11091.1 643634.0
374 Feb 15, 2015 0.0 0.0 0.0 0.0 8091.61 634725.0
375 Feb 16, 2015 0.0 0.0 0.0 0.0 8282.59 414632.0
376 Feb 17, 2015 0.0 0.0 0.0 0.0 9683.79 482275.0
377 Feb 18, 2015 0.0 0.0 9.89 0.0 9545.0 414545.0
378 Feb 19, 2015 0.0 0.0 0.0 0.0 4220.03 394149.0
379 Feb 20, 2015 0.0 0.0 0.0 0.0 1792.33 377161.0
380 Feb 21, 2015 0.0 0.0 9.84 0.0 3428.17 364231.0
381 Feb 22, 2015 0.0 0.0 0.0 0.0 7547.77 386035.0
382 Feb 23, 2015 0.0 0.0 0.0 0.0 14157.1 514913.0
383 Feb 24, 2015 0.0 0.0 0.0 0.0 5103.56 572635.0
384 Feb 25, 2015 0.0 0.0 0.0 0.0 4462.56 484585.0
385 Feb 26, 2015 0.0 0.0 0.0 0.0 4417.68 472379.0
386 Feb 27, 2015 0.0 0.0 0.0 0.0 2134.09 482813.0
387 Feb 28, 2015 0.0 0.0 0.0 0.0 3107.67 502348.0
388 Mar 01, 2015 0.0 0.0 0.0 0.0 2789.87 486661.0
389 Mar 02, 2015 0.0 0.0 0.0 0.0 2281.67 462289.0
390 Mar 03, 2015 0.0 0.0 0.0 0.0 5289.22 494769.0
391 Mar 04, 2015 0.0 0.0 0.0 0.0 4267.0 498809.0
392 Mar 05, 2015 0.0 0.0 0.0 0.0 3205.13 505715.0
393 Mar 06, 2015 0.0 0.0 0.0 0.0 4772.02 499616.0
394 Mar 07, 2015 0.0 0.0 0.0 0.0 2871.6 541000.0
395 Mar 08, 2015 0.0 0.0 0.0 0.0 2404.56 520566.0
396 Mar 09, 2015 0.0 0.0 0.0 0.0 13536.5 573398.0
397 Mar 10, 2015 0.0 0.0 0.0 0.0 4003.67 671526.0
398 Mar 11, 2015 0.0 0.0 0.0 0.0 9850.99 692578.0
399 Mar 12, 2015 0.0 0.0 0.0 0.0 9142.33 743271.0
400 Mar 13, 2015 0.0 0.0 0.0 0.0 5323.2 660369.0
401 Mar 14, 2015 0.0 0.0 0.0 0.0 4373.34 737547.0
402 Mar 15, 2015 0.0 0.0 0.0 0.0 5214.74 779406.0
403 Mar 16, 2015 0.0 0.0 0.0 0.0 3883.85 776304.0
404 Mar 17, 2015 0.0 0.0 0.0 0.0 3505.04 740574.0
405 Mar 18, 2015 0.0 0.0 0.0 0.0 2477.54 746890.0
406 Mar 19, 2015 0.0 0.0 0.0 0.0 2865.12 640187.0
407 Mar 20, 2015 0.0 0.0 0.0 0.0 1976.14 647642.0
408 Mar 21, 2015 0.0 0.0 0.0 0.0 2723.13 668219.0
409 Mar 22, 2015 0.0 0.0 0.0 0.0 1845.3 635180.0
410 Mar 23, 2015 0.0 0.0 0.0 0.0 1801.76 657353.0
411 Mar 24, 2015 0.0 0.0 0.0 0.0 2766.03 641618.0
412 Mar 25, 2015 0.0 0.0 0.0 0.0 2772.54 573928.0
413 Mar 26, 2015 0.0 0.0 0.0 0.0 2401.58 534162.0
414 Mar 27, 2015 0.0 0.0 0.0 0.0 3070.01 598222.0
415 Mar 28, 2015 0.0 0.0 0.0 0.0 1847.18 564730.0
416 Mar 29, 2015 0.0 0.0 0.0 0.0 1458.31 582331.0
417 Mar 30, 2015 0.0 0.0 0.0 0.0 1503.46 557790.0
418 Mar 31, 2015 0.0 0.0 0.0 0.0 3295.79 565197.0
419 Apr 01, 2015 0.0 0.0 0.0 0.0 4579.59 533922.0
420 Apr 02, 2015 0.0 0.0 0.0 0.0 1281.65 514597.0
421 Apr 03, 2015 0.0 0.0 0.0 0.0 1876.27 541301.0
422 Apr 04, 2015 0.0 0.0 0.0 0.0 2563.52 583153.0
423 Apr 05, 2015 0.0 0.0 0.0 0.0 1468.45 576945.0
424 Apr 06, 2015 0.0 0.0 0.0 0.0 2681.33 564396.0
425 Apr 07, 2015 0.0 0.0 0.0 0.0 2159.75 520434.0
426 Apr 08, 2015 0.0 0.0 0.0 0.0 3671.52 526546.0
427 Apr 09, 2015 0.0 0.0 0.0 0.0 2278.22 473660.0
428 Apr 10, 2015 0.0 0.0 0.0 0.0 1340.7 448055.0
429 Apr 11, 2015 0.0 0.0 0.0 0.0 1571.0 434906.0
430 Apr 12, 2015 0.0 0.0 0.0 0.0 575.04 423143.0
431 Apr 13, 2015 0.0 0.0 0.0 0.0 4661.24 410982.0
432 Apr 14, 2015 0.0 0.0 0.0 0.0 1938.61 475779.0
433 Apr 15, 2015 0.0 0.0 0.0 0.0 2429.47 455899.0
434 Apr 16, 2015 0.0 0.0 0.0 0.0 1516.2 423292.0
435 Apr 17, 2015 0.0 0.0 0.0 0.0 2811.73 455203.0
436 Apr 18, 2015 0.0 0.0 0.0 0.0 1435.95 463776.0
437 Apr 19, 2015 0.0 0.0 0.0 0.0 3156.13 491875.0
438 Apr 20, 2015 0.0 0.0 0.0 0.0 1025.31 447790.0
439 Apr 21, 2015 0.0 0.0 0.0 0.0 2056.09 436779.0
440 Apr 22, 2015 0.0 0.0 0.0 0.0 1763.14 447797.0
441 Apr 23, 2015 0.0 0.0 0.0 0.0 3298.14 424383.0
442 >Apr 24, 201 0.0 0.0 0.0 0.0 7895.97 499748.0
443 Apr 25, 2015 0.0 0.0 0.0 0.0 2454.81 529921.0
444 Apr 26, 2015 0.0 0.0 0.0 0.0 2188.38 476473.0
445 Apr 27, 2015 0.0 0.0 0.0 0.0 1443.92 490516.0
446 Apr 28, 2015 0.0 0.0 0.0 0.0 1944.4 495138.0
447 Apr 29, 2015 0.0 0.0 0.0 0.0 2688.39 479056.0
448 Apr 30, 2015 0.0 0.0 0.0 0.0 2134.27 478088.0
449 May 01, 2015 0.0 0.0 0.0 0.0 651.61 492743.0
450 May 02, 2015 0.0 0.0 0.0 0.0 733.75 483519.0
451 May 03, 2015 0.0 0.0 0.0 0.0 3351.51 490338.0
452 May 04, 2015 0.0 0.0 0.0 0.0 2595.91 490564.0
453 May 05, 2015 0.0 0.0 0.0 0.0 780.98 461284.0
454 May 06, 2015 0.0 0.0 0.0 0.0 1790.08 468507.0
455 May 07, 2015 0.0 0.0 0.0 0.0 1513.62 476319.0
456 May 08, 2015 0.0 0.0 0.0 0.0 3853.96 506307.0
457 May 09, 2015 0.0 0.0 0.0 0.0 3143.49 503919.0
458 May 10, 2015 0.0 0.0 0.0 0.0 2013.53 471450.0
459 May 11, 2015 0.0 0.0 0.0 0.0 4634.38 467001.0
460 May 12, 2015 0.0 0.0 0.0 0.0 3689.07 452068.0
461 May 13, 2015 0.0 0.0 0.0 0.0 1492.47 479453.0
462 May 14, 2015 0.0 0.0 0.0 0.0 1861.92 472737.0
463 May 15, 2015 0.0 0.0 0.0 0.0 940.01 484768.0
464 May 16, 2015 0.0 0.0 0.0 0.0 1877.64 468818.0
465 May 17, 2015 0.0 0.0 0.0 0.0 671.25 474430.0
466 May 18, 2015 0.0 0.0 0.0 0.0 688.92 469269.0
467 May 19, 2015 0.0 0.0 0.0 0.0 1853.06 460485.0
468 May 20, 2015 0.0 0.0 0.0 0.0 974.02 458152.0
469 May 21, 2015 0.0 0.0 0.0 0.0 1128.83 454941.0
470 May 22, 2015 0.0 0.0 0.0 0.0 1094.05 466307.0
471 May 23, 2015 0.0 0.0 0.0 0.0 1256.98 469994.0
472 May 24, 2015 0.0 0.0 0.0 0.0 2039.11 482307.0
473 May 25, 2015 0.0 0.0 0.0 0.0 1180.38 479468.0
474 May 26, 2015 0.0 0.0 0.0 0.0 1133.01 461849.0
475 May 27, 2015 0.0 0.0 0.0 0.0 2787.33 453703.0
476 May 28, 2015 0.0 0.0 0.0 0.0 1992.03 445132.0
477 May 29, 2015 0.0 0.0 0.0 0.0 1231.62 464014.0
478 May 30, 2015 0.0 0.0 9.79 0.0 1245.0 445578.0
479 May 31, 2015 0.0 0.0 9.66 9.68 1838.73 440397.0
480 Jun 01, 2015 9.69 0.0 9.39 9.72 1682.32 415004.0
481 Jun 02, 2015 9.72 0.0 9.33 9.65 1530.31 417218.0
482 Jun 03, 2015 9.65 0.0 9.59 9.97 2377.44 414850.0
483 Jun 04, 2015 9.98 0.0 9.52 9.67 940.56 429434.0
484 Jun 05, 2015 9.67 0.0 9.54 9.78 777.8 416938.0
485 Jun 06, 2015 9.77 9.87 9.62 9.69 603.85 422028.0
486 Jun 07, 2015 9.86 9.86 9.36 9.43 966.97 426363.0
487 Jun 08, 2015 9.41 9.69 9.39 9.64 1342.65 407589.0
488 Jun 09, 2015 9.64 0.0 9.58 0.0 5375.22 418235.0
489 Jun 10, 2015 0.0 0.0 9.83 9.83 1049.57 455824.0
490 Jun 11, 2015 9.77 0.0 9.46 9.64 1674.69 425089.0
491 Jun 12, 2015 9.64 0.0 9.46 9.71 922.22 419914.0
492 Jun 13, 2015 9.71 0.0 9.65 0.0 4087.46 423618.0
493 Jun 14, 2015 0.0 0.0 0.0 0.0 1409.22 459226.0
494 Jun 15, 2015 0.0 0.0 0.0 0.0 2139.88 448518.0
495 Jun 16, 2015 0.0 0.0 0.0 0.0 2456.31 455089.0
496 Jun 17, 2015 0.0 0.0 0.0 0.0 1391.02 476423.0
497 Jun 18, 2015 0.0 0.0 0.0 0.0 1797.2 471969.0
498 Jun 19, 2015 0.0 0.0 0.0 0.0 1603.68 465141.0
499 Jun 20, 2015 0.0 0.0 0.0 0.0 997.51 454814.0
500 Jun 21, 2015 0.0 0.0 0.0 0.0 1013.6 459012.0
501 Jun 22, 2015 0.0 0.0 0.0 0.0 1305.76 454802.0
502 Jun 23, 2015 0.0 0.0 0.0 0.0 848.12 459494.0
503 Jun 24, 2015 0.0 0.0 9.9 9.92 1057.34 448828.0
504 Jun 25, 2015 9.92 0.0 9.76 9.8 1978.97 440822.0
505 Jun 26, 2015 9.8 0.0 9.54 9.82 1425.61 436258.0
506 Jun 27, 2015 9.82 0.0 9.7 0.0 1303.88 437768.0
507 Jun 28, 2015 0.0 0.0 9.37 9.42 1372.45 451783.0
508 Jun 29, 2015 9.57 0.0 9.5 0.0 1899.1 427518.0
509 Jun 30, 2015 0.0 0.0 9.79 9.87 1088.77 449022.0
510 Jul 01, 2015 9.87 0.0 9.47 9.57 980.14 442149.0
511 Jul 02, 2015 9.57 0.0 8.59 8.94 1892.7 429224.0
512 Jul 03, 2015 8.94 9.25 7.71 8.19 2933.39 401778.0
513 Jul 04, 2015 8.1 9.71 7.85 9.05 2013.18 364811.0
514 Jul 05, 2015 9.05 9.32 8.71 9.07 1413.01 407864.0
515 Jul 06, 2015 9.15 9.24 8.45 8.45 1298.99 412333.0
516 Jul 07, 2015 8.6 9.15 8.34 8.5 1180.02 388903.0
517 Jul 08, 2015 8.48 8.88 8.31 8.62 1287.25 384146.0
518 Jul 09, 2015 8.63 8.82 7.57 7.82 5147.73 391159.0
519 Jul 10, 2015 7.81 8.47 7.19 7.98 3501.32 354652.0
520 Jul 11, 2015 7.97 8.21 6.85 7.37 4228.81 362639.0
521 Jul 12, 2015 7.37 8.71 6.91 8.71 3216.96 335413.0
522 Jul 13, 2015 8.7 8.7 7.44 8.03 1389.69 396732.0
523 Jul 14, 2015 8.03 8.05 7.4 7.54 722.09 366605.0
524 Jul 15, 2015 7.54 7.88 7.3 7.43 2805.74 344629.0
525 Jul 16, 2015 7.43 7.8 6.7 7.23 1191.06 340085.0
526 Jul 17, 2015 7.04 7.41 6.91 7.11 804.43 323098.0
527 Jul 18, 2015 7.11 7.62 6.69 6.71 1404.92 326503.0
528 Jul 19, 2015 6.72 7.13 6.57 6.84 1218.96 308860.0
529 Jul 20, 2015 6.84 7.23 6.65 6.7 809.52 315219.0
530 Jul 21, 2015 6.71 7.51 6.71 6.99 978.2 309690.0
531 Jul 22, 2015 6.98 7.73 6.94 7.44 1044.93 322436.0
532 Jul 23, 2015 7.44 8.42 7.18 7.49 1430.03 344046.0
533 Jul 24, 2015 7.49 8.73 7.23 8.31 2868.07 346772.0
534 Jul 25, 2015 8.31 9.42 7.96 8.09 574.09 385360.0
535 Jul 26, 2015 8.09 8.65 7.87 7.91 860.81 375518.0
536 Jul 27, 2015 7.91 8.25 7.77 7.92 630.91 367743.0
537 Jul 28, 2015 7.95 8.41 7.72 7.95 1496.43 370405.0
538 Jul 29, 2015 7.95 9.2 7.77 7.93 2165.61 370812.0
539 Jul 30, 2015 7.93 8.18 7.75 7.88 544.11 370307.0
540 Jul 31, 2015 7.88 7.92 7.48 7.67 590.97 368442.0
541 Aug 01, 2015 7.67 7.77 7.02 7.14 1507.13 359156.0
542 Aug 02, 2015 7.13 8.18 6.88 8.16 2205.3 334524.0
543 Aug 03, 2015 8.16 8.45 7.45 7.45 3413.7 383058.0
544 Aug 04, 2015 7.44 8.14 7.21 7.55 1916.77 349554.0
545 Aug 05, 2015 7.41 7.53 7.15 7.18 750.99 348803.0
546 >Aug 06, 201 7.33 7.69 6.82 6.97 1262.2 345652.0
547 Aug 07, 2015 6.97 7.23 6.45 6.46 2386.43 328915.0
548 Aug 08, 2015 6.46 6.9 6.01 6.01 978.35 305417.0
549 Aug 09, 2015 6.01 6.2 5.46 5.58 2896.76 284437.0
550 Aug 10, 2015 5.58 5.8 5.39 5.56 1296.29 264490.0
551 Aug 11, 2015 5.56 6.1 5.56 5.93 909.82 264187.0
552 Aug 12, 2015 5.78 6.04 5.4 5.4 939.91 274603.0
553 Aug 13, 2015 5.41 6.11 5.33 5.81 790.7 257313.0
554 Aug 14, 2015 5.81 6.46 5.69 6.14 2852.46 276933.0
555 Aug 15, 2015 6.14 6.34 5.59 5.93 1226.76 293016.0
556 Aug 16, 2015 5.93 6.19 5.25 5.95 2492.35 283556.0
557 Aug 17, 2015 5.95 6.17 5.4 5.89 695.1 284550.0
558 Aug 18, 2015 5.89 6.11 4.81 4.81 1080.94 282250.0
559 Aug 19, 2015 4.76 5.44 4.76 5.21 569.24 228526.0
560 Aug 20, 2015 5.21 5.53 4.98 5.25 727.72 250452.0
561 Aug 21, 2015 5.24 5.9 4.98 5.35 1236.81 252312.0
562 Aug 22, 2015 5.35 5.75 4.9 5.48 790.35 257664.0
563 Aug 23, 2015 5.48 5.48 4.97 5.12 416.71 264355.0
564 Aug 24, 2015 5.11 5.22 4.64 4.66 658.74 246992.0
565 Aug 25, 2015 4.71 4.91 4.25 4.53 3186.09 228058.0
566 Aug 26, 2015 4.52 4.93 4.4 4.67 522.53 219146.0
567 Aug 27, 2015 4.67 4.93 4.48 4.5 501.71 226277.0
568 Aug 28, 2015 4.5 5.15 4.38 4.76 1511.8 218521.0
569 Aug 29, 2015 4.75 5.06 4.59 4.64 711.82 231146.0
570 Aug 30, 2015 4.64 5.22 4.64 5.01 550.95 225798.0
571 Aug 31, 2015 5.01 5.5 4.82 5.06 1406.44 244553.0
572 Sep 01, 2015 5.06 5.35 4.99 5.09 437.84 247093.0
573 Sep 02, 2015 5.09 5.18 4.8 4.82 937.75 248866.0
574 Sep 03, 2015 4.82 5.03 4.76 4.78 540.04 236119.0
575 Sep 04, 2015 4.78 5.0 4.56 4.75 449.85 234106.0
576 Sep 05, 2015 4.61 5.16 4.6 4.96 219.57 226075.0
577 Sep 06, 2015 4.93 5.1 4.75 4.8 326.96 242526.0
578 Sep 07, 2015 4.8 5.0 4.77 4.83 278.29 236019.0
579 Sep 08, 2015 4.82 5.59 4.82 5.36 1990.48 237500.0
580 Sep 09, 2015 5.36 5.87 5.33 5.37 570.44 264346.0
581 Sep 10, 2015 5.37 5.77 5.32 5.72 1455.96 265087.0
582 Sep 11, 2015 5.73 5.83 5.28 5.4 1609.8 283514.0
583 Sep 12, 2015 5.39 5.63 4.69 5.12 6546.46 267175.0
584 Sep 13, 2015 5.12 5.42 4.93 4.97 1412.64 253958.0
585 Sep 14, 2015 4.97 5.6 4.91 5.32 1617.35 246571.0
586 Sep 15, 2015 5.32 5.95 5.03 5.28 2299.22 264704.0
587 Sep 16, 2015 5.28 5.54 5.12 5.38 2234.56 262813.0
588 Sep 17, 2015 5.38 5.75 5.27 5.75 1263.76 268073.0
589 Sep 18, 2015 5.75 6.07 5.52 5.87 1930.98 286836.0
590 Sep 19, 2015 5.87 6.25 5.78 5.89 1957.94 293345.0
591 Sep 20, 2015 5.9 6.14 5.4 5.4 3033.5 294981.0
592 Sep 21, 2015 5.41 6.18 5.24 5.79 2935.63 270757.0
593 Sep 22, 2015 5.8 7.25 5.8 6.75 7624.21 290806.0
594 Sep 23, 2015 6.75 0.0 6.64 8.42 25221.9 339264.0
595 Sep 24, 2015 8.42 0.0 8.2 9.77 15622.8 423502.0
596 Sep 25, 2015 9.99 0.0 9.29 9.52 6915.3 502816.0
597 Sep 26, 2015 9.52 9.64 7.71 7.74 5739.52 479795.0
598 Sep 27, 2015 7.74 8.22 7.47 7.7 1051.92 390500.0
599 Sep 28, 2015 7.59 0.0 7.57 9.29 3868.76 383649.0
600 Sep 29, 2015 9.41 0.0 8.48 8.89 4472.91 476083.0
601 Sep 30, 2015 8.89 0.0 8.63 9.25 2758.33 450363.0
602 Oct 01, 2015 9.25 0.0 9.25 0.0 7701.44 469254.0
603 Oct 02, 2015 0.0 0.0 9.96 0.0 1881.51 534689.0
604 Oct 03, 2015 0.0 0.0 9.96 0.0 2891.23 511821.0
605 Oct 04, 2015 0.0 0.0 9.45 9.88 6893.19 524531.0
606 Oct 05, 2015 9.83 0.0 8.88 8.9 3961.61 501059.0
607 Oct 06, 2015 8.91 9.81 8.46 9.44 2867.31 454790.0
608 Oct 07, 2015 9.27 9.54 9.01 9.29 2548.01 473985.0
609 Oct 08, 2015 9.29 0.0 9.24 0.0 11614.0 475318.0
610 Oct 09, 2015 0.0 0.0 0.0 0.0 4314.41 551686.0
611 Oct 10, 2015 0.0 0.0 0.0 0.0 8516.61 567997.0
612 Oct 11, 2015 0.0 0.0 0.0 0.0 6774.05 566082.0
613 Oct 12, 2015 0.0 0.0 0.0 0.0 2011.15 604448.0
614 Oct 13, 2015 0.0 0.0 0.0 0.0 3500.5 583041.0
615 Oct 14, 2015 0.0 0.0 0.0 0.0 179833.0 604480.0
616 Oct 15, 2015 0.0 0.0 0.0 0.0 297492.0 1665050.0
617 Oct 16, 2015 0.0 0.0 0.0 0.0 133168.0 2003770.0
618 Oct 17, 2015 0.0 0.0 0.0 0.0 64488.1 2134640.0
619 Oct 18, 2015 0.0 0.0 0.0 0.0 25096.1 2155460.0
620 Oct 19, 2015 0.0 0.0 0.0 0.0 57713.3 1995200.0
621 Oct 20, 2015 0.0 0.0 0.0 0.0 24247.9 1443570.0
622 Oct 21, 2015 0.0 0.0 0.0 0.0 46728.0 1102380.0
623 Oct 22, 2015 0.0 0.0 0.0 0.0 38595.0 1225920.0
624 Oct 23, 2015 0.0 0.0 0.0 0.0 27535.9 1174650.0
625 Oct 24, 2015 0.0 0.0 0.0 0.0 7225.26 1094580.0
626 Oct 25, 2015 0.0 0.0 0.0 0.0 14835.4 1103150.0
627 Oct 26, 2015 0.0 0.0 0.0 0.0 11596.3 1240230.0
628 Oct 27, 2015 0.0 0.0 0.0 0.0 9202.34 1282490.0
629 Oct 28, 2015 0.0 0.0 0.0 0.0 13089.7 1324680.0
630 Oct 29, 2015 0.0 0.0 0.0 0.0 23425.6 1414230.0
631 Oct 30, 2015 0.0 0.0 0.0 0.0 21458.9 1717380.0
632 Oct 31, 2015 0.0 0.0 0.0 0.0 13401.3 1781320.0
633 Nov 01, 2015 0.0 0.0 0.0 0.0 28591.8 1700580.0
634 Nov 02, 2015 0.0 0.0 0.0 0.0 83239.7 2172000.0
635 Nov 03, 2015 0.0 0.0 0.0 0.0 39480.8 2320880.0
636 Nov 04, 2015 0.0 0.0 0.0 0.0 65371.4 2364180.0
637 Nov 05, 2015 0.0 0.0 0.0 0.0 14346.2 2248270.0
638 Nov 06, 2015 0.0 0.0 0.0 0.0 11820.8 2154420.0
639 Nov 07, 2015 0.0 0.0 0.0 0.0 18766.6 1991220.0
640 Nov 08, 2015 0.0 0.0 0.0 0.0 13894.2 2061940.0
641 Nov 09, 2015 0.0 0.0 0.0 0.0 9666.07 2014770.0
642 Nov 10, 2015 0.0 0.0 0.0 0.0 20881.5 1970520.0
643 Nov 11, 2015 0.0 0.0 0.0 0.0 29285.5 1655240.0
644 Nov 12, 2015 0.0 0.0 0.0 0.0 12060.0 1556260.0
645 Nov 13, 2015 0.0 0.0 0.0 0.0 4934.07 1674440.0
646 Nov 14, 2015 0.0 0.0 0.0 0.0 7357.55 1593240.0
647 Nov 15, 2015 0.0 0.0 0.0 0.0 15536.1 1484850.0
648 Nov 16, 2015 0.0 0.0 0.0 0.0 17360.3 1325900.0
649 Nov 17, 2015 0.0 0.0 0.0 0.0 27287.3 1426190.0
650 Nov 18, 2015 0.0 0.0 0.0 0.0 8113.42 1606670.0
651 Nov 19, 2015 0.0 0.0 0.0 0.0 10779.4 1491190.0
652 Nov 20, 2015 0.0 0.0 0.0 0.0 14440.8 1387520.0
653 Nov 21, 2015 0.0 0.0 0.0 0.0 20483.3 1338200.0
654 Nov 22, 2015 0.0 0.0 0.0 0.0 16477.9 1186900.0
655 Nov 23, 2015 0.0 0.0 0.0 0.0 20826.2 1164740.0
656 Nov 24, 2015 0.0 0.0 0.0 0.0 13185.7 1154680.0
657 Nov 25, 2015 0.0 0.0 0.0 0.0 17468.4 1143900.0
658 Nov 26, 2015 0.0 0.0 0.0 0.0 34125.8 1073860.0
659 Nov 27, 2015 0.0 0.0 0.0 0.0 14861.4 978797.0
660 Nov 28, 2015 0.0 0.0 0.0 0.0 15872.1 823996.0
661 Nov 29, 2015 0.0 0.0 0.0 0.0 8855.53 899458.0
662 Nov 30, 2015 0.0 0.0 0.0 0.0 6727.57 868380.0
663 Dec 01, 2015 0.0 0.0 0.0 0.0 19829.3 944357.0
664 Dec 02, 2015 0.0 0.0 0.0 0.0 7673.42 1090950.0
665 Dec 03, 2015 0.0 0.0 0.0 0.0 5908.7 1051790.0
666 Dec 04, 2015 0.0 0.0 0.0 0.0 6828.97 996735.0
667 Dec 05, 2015 0.0 0.0 0.0 0.0 22214.3 975088.0
668 Dec 06, 2015 0.0 0.0 0.0 0.0 5349.35 925319.0
669 Dec 07, 2015 0.0 0.0 0.0 0.0 3788.21 902985.0
670 Dec 08, 2015 0.0 0.0 0.0 0.0 3883.92 939498.0
671 Dec 09, 2015 0.0 0.0 0.0 0.0 13771.3 996549.0
672 Dec 10, 2015 0.0 0.0 0.0 0.0 9966.6 888657.0
673 Dec 11, 2015 0.0 0.0 0.0 0.0 8432.83 911351.0
674 Dec 12, 2015 0.0 0.0 0.0 0.0 14036.9 870724.0
675 Dec 13, 2015 0.0 0.0 0.0 0.0 13211.3 895210.0
676 Dec 14, 2015 0.0 0.0 0.0 0.0 4427.65 842775.0
677 Dec 15, 2015 0.0 0.0 0.0 0.0 4421.99 880930.0
678 Dec 16, 2015 0.0 0.0 0.0 0.0 4612.34 884869.0
679 Dec 17, 2015 0.0 0.0 0.0 0.0 3917.03 826848.0
680 Dec 18, 2015 0.0 0.0 0.0 0.0 3078.17 810673.0
681 Dec 19, 2015 0.0 0.0 0.0 0.0 3520.53 788570.0
682 Dec 20, 2015 0.0 0.0 0.0 0.0 3468.39 806618.0
683 Dec 21, 2015 0.0 0.0 0.0 0.0 7521.99 735646.0
684 Dec 22, 2015 0.0 0.0 0.0 0.0 3865.73 719268.0
685 Dec 23, 2015 0.0 0.0 0.0 0.0 6204.56 730309.0
686 Dec 24, 2015 0.0 0.0 0.0 0.0 3995.78 730897.0
687 Dec 25, 2015 0.0 0.0 0.0 0.0 4574.74 820502.0
688 Dec 26, 2015 0.0 0.0 0.0 0.0 4271.07 870825.0
689 Dec 27, 2015 0.0 0.0 0.0 0.0 2767.44 725054.0
690 Dec 28, 2015 0.0 0.0 0.0 0.0 5067.22 731381.0
691 Dec 29, 2015 0.0 0.0 0.0 0.0 3452.69 787352.0
692 Dec 30, 2015 0.0 0.0 0.0 0.0 2816.95 748344.0
693 Dec 31, 2015 0.0 0.0 0.0 0.0 5145.78 740487.0
694 Jan 01, 2016 0.0 0.0 0.0 0.0 3575.67 772530.0
695 Jan 02, 2016 0.0 0.0 0.0 0.0 1657.28 739312.0
696 Jan 03, 2016 0.0 0.0 0.0 0.0 3744.6 757070.0
697 Jan 04, 2016 0.0 0.0 0.0 0.0 2798.61 740231.0
698 Jan 05, 2016 0.0 0.0 0.0 0.0 3336.76 732674.0
699 Jan 06, 2016 0.0 0.0 0.0 0.0 7225.59 752991.0
700 Jan 07, 2016 0.0 0.0 0.0 0.0 3985.69 731705.0
701 Jan 08, 2016 0.0 0.0 0.0 0.0 6741.12 781868.0
702 Jan 09, 2016 0.0 0.0 0.0 0.0 17315.2 774483.0
703 Jan 10, 2016 0.0 0.0 0.0 0.0 28381.2 1089580.0
704 Jan 11, 2016 0.0 0.0 0.0 0.0 25753.0 1231650.0
705 Jan 12, 2016 0.0 0.0 0.0 0.0 13536.1 946702.0
706 Jan 13, 2016 0.0 0.0 0.0 0.0 3221.76 869555.0
707 Jan 14, 2016 0.0 0.0 0.0 0.0 8879.98 811784.0
708 Jan 15, 2016 0.0 0.0 0.0 0.0 3160.4 835529.0
709 Jan 16, 2016 0.0 0.0 0.0 0.0 5091.15 731832.0
710 Jan 17, 2016 0.0 0.0 0.0 0.0 7784.07 757077.0
711 Jan 18, 2016 0.0 0.0 0.0 0.0 5053.11 703624.0
712 Jan 19, 2016 0.0 0.0 0.0 0.0 3510.32 732329.0
713 Jan 20, 2016 0.0 0.0 0.0 0.0 15098.2 701223.0
714 Jan 21, 2016 0.0 0.0 0.0 0.0 39849.5 844904.0
715 Jan 22, 2016 0.0 0.0 0.0 0.0 16530.2 880671.0
716 Jan 23, 2016 0.0 0.0 0.0 0.0 14007.2 837940.0
717 Jan 24, 2016 0.0 0.0 0.0 0.0 9889.28 802252.0
718 Jan 25, 2016 0.0 0.0 0.0 0.0 10562.4 817117.0
719 Jan 26, 2016 0.0 0.0 0.0 0.0 41116.5 772697.0
720 Jan 27, 2016 0.0 0.0 0.0 0.0 33145.1 880902.0
721 Jan 28, 2016 0.0 0.0 0.0 0.0 19455.6 941333.0
722 Jan 29, 2016 0.0 0.0 0.0 0.0 102281.0 992133.0
723 Jan 30, 2016 0.0 0.0 0.0 0.0 39167.2 1105310.0
724 Jan 31, 2016 0.0 0.0 0.0 0.0 37651.7 1143160.0
725 Feb 01, 2016 0.0 0.0 0.0 0.0 12770.1 990787.0
726 Feb 02, 2016 0.0 0.0 0.0 0.0 13647.7 959121.0
727 Feb 03, 2016 0.0 0.0 0.0 0.0 10609.9 963838.0
728 Feb 04, 2016 0.0 0.0 0.0 0.0 15299.1 930006.0
729 Feb 05, 2016 0.0 0.0 0.0 0.0 11610.3 913703.0
730 Feb 06, 2016 0.0 0.0 0.0 0.0 26617.1 928909.0
731 Feb 07, 2016 0.0 0.0 0.0 0.0 21295.3 1016160.0
732 Feb 08, 2016 0.0 0.0 0.0 0.0 15868.3 976268.0
733 Feb 09, 2016 0.0 0.0 0.0 0.0 13107.6 1031210.0
734 Feb 10, 2016 0.0 0.0 0.0 0.0 13374.3 975018.0
735 Feb 11, 2016 0.0 0.0 0.0 0.0 32000.6 1011760.0
736 Feb 12, 2016 0.0 0.0 0.0 0.0 199276.0 1031260.0
737 Feb 13, 2016 0.0 0.0 0.0 0.0 139498.0 1892300.0
738 Feb 14, 2016 0.0 0.0 0.0 0.0 38933.9 1546580.0
739 Feb 15, 2016 0.0 0.0 0.0 0.0 37720.0 1322990.0
740 Feb 16, 2016 0.0 0.0 0.0 0.0 20429.3 1304860.0
741 Feb 17, 2016 0.0 0.0 0.0 0.0 19301.1 1352070.0
742 Feb 18, 2016 0.0 0.0 0.0 0.0 18620.8 1334050.0
743 Feb 19, 2016 0.0 0.0 0.0 0.0 17091.6 1255880.0
744 Feb 20, 2016 0.0 0.0 0.0 0.0 15841.9 1251740.0
745 Feb 21, 2016 0.0 0.0 0.0 0.0 13181.3 1224620.0
746 Feb 22, 2016 0.0 0.0 0.0 0.0 41069.4 1228760.0
747 Feb 23, 2016 0.0 0.0 0.0 0.0 17904.9 1355650.0
748 Feb 24, 2016 0.0 0.0 0.0 0.0 9035.61 1283580.0
749 Feb 25, 2016 0.0 0.0 0.0 0.0 17080.0 1292100.0
750 Feb 26, 2016 0.0 0.0 0.0 0.0 8932.36 1237720.0
751 Feb 27, 2016 0.0 0.0 0.0 0.0 14532.4 1247680.0
752 Feb 28, 2016 0.0 0.0 0.0 0.0 13028.0 1298100.0
753 Feb 29, 2016 0.0 0.0 0.0 0.0 11666.4 1250270.0
754 Mar 01, 2016 0.0 0.0 0.0 0.0 134111.0 1260070.0
755 Mar 02, 2016 0.0 0.0 0.0 0.0 93245.1 1388380.0
756 Mar 03, 2016 0.0 0.0 0.0 0.0 133617.0 1580040.0
757 Mar 04, 2016 0.0 0.0 0.0 0.0 73780.6 1628060.0
758 Mar 05, 2016 0.0 0.0 0.0 0.0 67925.8 1463000.0
759 Mar 06, 2016 0.0 0.0 0.0 0.0 34029.8 1283520.0
760 Mar 07, 2016 0.0 0.0 0.0 0.0 17086.6 1285620.0
761 Mar 08, 2016 0.0 0.0 0.0 0.0 21591.8 1329710.0
762 Mar 09, 2016 0.0 0.0 0.0 0.0 31193.7 1378180.0
763 Mar 10, 2016 0.0 0.0 0.0 0.0 18523.5 1407800.0
764 Mar 11, 2016 0.0 0.0 0.0 0.0 11418.4 1368300.0
765 Mar 12, 2016 0.0 0.0 0.0 0.0 19902.8 1381700.0
766 Mar 13, 2016 0.0 0.0 0.0 0.0 15248.1 1304880.0
767 Mar 14, 2016 0.0 0.0 0.0 0.0 17795.3 1284920.0
768 Mar 15, 2016 0.0 0.0 0.0 0.0 15956.2 1214280.0
769 Mar 16, 2016 0.0 0.0 0.0 0.0 19021.2 1297790.0
770 Mar 17, 2016 0.0 0.0 0.0 0.0 1411300.0 1299800.0
771 Mar 18, 2016 0.0 0.0 0.0 0.0 358774.0 2237170.0
772 Mar 19, 2016 0.0 0.0 0.0 0.0 167951.0 1753880.0
773 Mar 20, 2016 0.0 0.0 0.0 0.0 52969.3 1809470.0
774 Mar 21, 2016 0.0 0.0 0.0 0.0 59076.3 1678360.0
775 Mar 22, 2016 0.0 0.0 0.0 0.0 238785.0 1877740.0
776 Mar 23, 2016 0.0 0.0 0.0 0.0 108551.0 2210340.0
777 Mar 24, 2016 0.0 0.0 0.0 0.0 87769.4 1953280.0
778 Mar 25, 2016 0.0 0.0 0.0 0.0 460064.0 1977010.0
779 Mar 26, 2016 0.0 0.0 0.0 0.0 1248230.0 2823240.0
780 Mar 27, 2016 0.0 0.0 0.0 0.0 1710750.0 3684840.0
781 Mar 28, 2016 0.0 0.0 0.0 0.0 764300.0 3767400.0
782 Mar 29, 2016 0.0 0.0 0.0 0.0 659309.0 4114010.0
783 Mar 30, 2016 0.0 0.0 0.0 0.0 1119970.0 4097710.0
784 Mar 31, 2016 0.0 0.0 0.0 0.0 486310.0 4059610.0
785 Apr 01, 2016 0.0 0.0 0.0 0.0 309383.0 3562380.0
786 Apr 02, 2016 0.0 0.0 0.0 0.0 259230.0 3374020.0
787 Apr 03, 2016 0.0 0.0 0.0 0.0 108631.0 3266950.0
788 Apr 04, 2016 0.0 0.0 0.0 0.0 94993.2 2955540.0
789 Apr 05, 2016 0.0 0.0 0.0 0.0 169913.0 3069770.0
790 Apr 06, 2016 0.0 0.0 0.0 0.0 211141.0 2616120.0
791 Apr 07, 2016 0.0 0.0 0.0 0.0 108960.0 2722380.0
792 Apr 08, 2016 0.0 0.0 0.0 0.0 63660.5 2614340.0
793 Apr 09, 2016 0.0 0.0 0.0 0.0 48314.0 2523090.0
794 Apr 10, 2016 0.0 0.0 0.0 0.0 98084.7 2435770.0
795 Apr 11, 2016 0.0 0.0 0.0 0.0 132949.0 2499040.0
796 Apr 12, 2016 0.0 0.0 0.0 0.0 69660.8 2668850.0
797 Apr 13, 2016 0.0 0.0 0.0 0.0 35667.0 2373690.0
798 Apr 14, 2016 0.0 0.0 0.0 0.0 55768.7 2498730.0
799 Apr 15, 2016 0.0 0.0 0.0 0.0 87534.1 2664600.0
800 Apr 16, 2016 0.0 0.0 0.0 0.0 52236.3 2594870.0
801 Apr 17, 2016 0.0 0.0 0.0 0.0 46234.8 2762000.0
802 Apr 18, 2016 0.0 0.0 0.0 0.0 34216.6 2828370.0
803 Apr 19, 2016 0.0 0.0 0.0 0.0 66726.4 2807680.0
804 Apr 20, 2016 0.0 0.0 0.0 0.0 130399.0 2697080.0
805 Apr 21, 2016 0.0 0.0 0.0 0.0 44075.9 2484690.0
806 Apr 22, 2016 0.0 0.0 0.0 0.0 30394.0 2358060.0
807 Apr 23, 2016 0.0 0.0 0.0 0.0 15905.8 2283920.0
808 Apr 24, 2016 0.0 0.0 0.0 0.0 35827.6 2226670.0
809 Apr 25, 2016 0.0 0.0 0.0 0.0 33806.7 2094950.0
810 Apr 26, 2016 0.0 0.0 0.0 0.0 27605.0 1791320.0
811 Apr 27, 2016 0.0 0.0 0.0 0.0 34418.7 1685310.0
812 Apr 28, 2016 0.0 0.0 0.0 0.0 35794.1 1891600.0
813 Apr 29, 2016 0.0 0.0 0.0 0.0 18960.7 1912560.0
814 Apr 30, 2016 0.0 0.0 0.0 0.0 21875.4 1885880.0
815 May 01, 2016 0.0 0.0 0.0 0.0 23460.7 1885340.0
816 May 02, 2016 0.0 0.0 0.0 0.0 47117.7 1849280.0
817 May 03, 2016 0.0 0.0 0.0 0.0 17805.5 1819270.0
818 May 04, 2016 0.0 0.0 0.0 0.0 19518.7 1847560.0
819 May 05, 2016 0.0 0.0 0.0 0.0 51407.5 1913190.0
820 May 06, 2016 0.0 0.0 0.0 0.0 32017.0 2034000.0
821 May 07, 2016 0.0 0.0 0.0 0.0 14061.4 1914770.0
822 May 08, 2016 0.0 0.0 0.0 0.0 8126.62 1883200.0
823 May 09, 2016 0.0 0.0 0.0 0.0 15227.0 1883920.0
824 May 10, 2016 0.0 0.0 0.0 0.0 10860.8 1925760.0
825 May 11, 2016 0.0 0.0 0.0 0.0 15180.4 1914140.0
826 May 12, 2016 0.0 0.0 0.0 0.0 11822.7 1895190.0
827 May 13, 2016 0.0 0.0 0.0 0.0 17860.9 1819080.0
828 May 14, 2016 0.0 0.0 0.0 0.0 27235.2 1819370.0
829 May 15, 2016 0.0 0.0 0.0 0.0 10305.6 1708270.0
830 May 16, 2016 0.0 0.0 0.0 0.0 14808.8 1691530.0
831 May 17, 2016 0.0 0.0 0.0 0.0 51004.9 1673410.0
832 May 18, 2016 0.0 0.0 0.0 0.0 13271.1 1791030.0
833 May 19, 2016 0.0 0.0 0.0 0.0 26753.9 1766840.0
834 May 20, 2016 0.0 0.0 0.0 0.0 58059.3 1825890.0
835 May 21, 2016 0.0 0.0 0.0 0.0 42640.4 1898570.0
836 May 22, 2016 0.0 0.0 0.0 0.0 58948.6 2015370.0
837 May 23, 2016 0.0 0.0 0.0 0.0 32652.9 2030880.0
838 May 24, 2016 0.0 0.0 0.0 0.0 209137.0 1909680.0
839 May 25, 2016 0.0 0.0 0.0 0.0 93877.5 1892580.0
840 May 26, 2016 0.0 0.0 0.0 0.0 52390.4 2106790.0
841 May 27, 2016 0.0 0.0 0.0 0.0 39686.5 2015370.0
842 May 28, 2016 0.0 0.0 0.0 0.0 62638.5 1979400.0
843 May 29, 2016 0.0 0.0 0.0 0.0 27799.6 1806530.0
844 May 30, 2016 0.0 0.0 0.0 0.0 24544.7 1930740.0
845 May 31, 2016 0.0 0.0 0.0 0.0 31349.8 1956990.0
846 Jun 01, 2016 0.0 0.0 0.0 0.0 21574.7 1985500.0
847 Jun 02, 2016 0.0 0.0 0.0 0.0 15464.3 1973040.0
848 Jun 03, 2016 0.0 0.0 0.0 0.0 23757.5 1943240.0
849 Jun 04, 2016 0.0 0.0 0.0 0.0 18128.2 1873220.0
850 Jun 05, 2016 0.0 0.0 0.0 0.0 8005.05 1924370.0
851 Jun 06, 2016 0.0 0.0 0.0 0.0 12447.3 1857990.0
852 Jun 07, 2016 0.0 0.0 0.0 0.0 171989.0 1853280.0
853 Jun 08, 2016 0.0 0.0 0.0 0.0 82595.8 2401010.0
854 Jun 09, 2016 0.0 0.0 0.0 0.0 39404.5 2230120.0
855 Jun 10, 2016 0.0 0.0 0.0 0.0 51742.0 2089380.0
856 Jun 11, 2016 0.0 0.0 0.0 0.0 17057.4 2331480.0
857 Jun 12, 2016 0.0 0.0 0.0 0.0 76094.3 2250240.0
858 Jun 13, 2016 0.0 0.0 0.0 0.0 88827.3 2184280.0
859 Jun 14, 2016 0.0 0.0 0.0 0.0 66542.4 2336310.0
860 Jun 15, 2016 0.0 0.0 0.0 0.0 24440.6 2321470.0
861 Jun 16, 2016 0.0 0.0 0.0 0.0 49714.2 2353910.0
862 Jun 17, 2016 0.0 0.0 0.0 0.0 75208.4 2394130.0
863 Jun 18, 2016 0.0 0.0 0.0 0.0 47689.3 2191600.0
864 Jun 19, 2016 0.0 0.0 0.0 0.0 97244.6 2265130.0
865 Jun 20, 2016 0.0 0.0 0.0 0.0 41668.6 2490460.0
866 Jun 21, 2016 0.0 0.0 0.0 0.0 56734.8 2412030.0
867 Jun 22, 2016 0.0 0.0 0.0 0.0 140266.0 2362790.0
868 Jun 23, 2016 0.0 0.0 0.0 0.0 54223.5 2233060.0
869 Jun 24, 2016 0.0 0.0 0.0 0.0 36876.3 2255290.0
870 Jun 25, 2016 0.0 0.0 0.0 0.0 23277.1 2274980.0
871 Jun 26, 2016 0.0 0.0 0.0 0.0 31647.2 2269730.0
872 Jun 27, 2016 0.0 0.0 0.0 0.0 31734.8 2242630.0
873 Jun 28, 2016 0.0 0.0 0.0 0.0 41702.0 2339390.0
874 Jun 29, 2016 0.0 0.0 0.0 0.0 235278.0 2311500.0
875 Jun 30, 2016 0.0 0.0 0.0 0.0 190758.0 2591140.0
876 Jul 01, 2016 0.0 0.0 0.0 0.0 70467.8 2449080.0
877 Jul 02, 2016 0.0 0.0 0.0 0.0 35007.2 2322360.0
878 Jul 03, 2016 0.0 0.0 0.0 0.0 20712.4 2416810.0
879 Jul 04, 2016 0.0 0.0 0.0 0.0 10871.0 2352660.0
880 Jul 05, 2016 0.0 0.0 0.0 0.0 41811.4 2437060.0
881 Jul 06, 2016 0.0 0.0 0.0 0.0 44268.5 2356580.0
882 Jul 07, 2016 0.0 0.0 0.0 0.0 61320.1 2387590.0
883 Jul 08, 2016 0.0 0.0 0.0 0.0 12892.0 2342040.0
884 Jul 09, 2016 0.0 0.0 0.0 0.0 19009.8 2491380.0
885 Jul 10, 2016 0.0 0.0 0.0 0.0 21305.5 2387410.0
886 Jul 11, 2016 0.0 0.0 0.0 0.0 14134.4 2339620.0
887 Jul 12, 2016 0.0 0.0 0.0 0.0 34554.8 2378140.0
888 Jul 13, 2016 0.0 0.0 0.0 0.0 29124.2 2438630.0
889 Jul 14, 2016 0.0 0.0 0.0 0.0 60302.5 2404840.0
890 Jul 15, 2016 0.0 0.0 0.0 0.0 43864.2 2558160.0
891 Jul 16, 2016 0.0 0.0 0.0 0.0 17113.3 2714030.0
892 Jul 17, 2016 0.0 0.0 0.0 0.0 30524.8 2618560.0
893 Jul 18, 2016 0.0 0.0 0.0 0.0 20880.1 2643710.0
894 Jul 19, 2016 0.0 0.0 0.0 0.0 17129.8 2620240.0
895 Jul 20, 2016 0.0 0.0 0.0 0.0 26272.3 2574160.0
896 >Jul 21, 201 0.0 0.0 0.0 0.0 52128.0 2601210.0
897 Jul 22, 2016 0.0 0.0 0.0 0.0 52784.3 2828950.0
898 Jul 23, 2016 0.0 0.0 0.0 0.0 34018.5 2945060.0
899 Jul 24, 2016 0.0 0.0 0.0 0.0 52171.5 2838430.0
900 Jul 25, 2016 0.0 0.0 0.0 0.0 34551.0 2635720.0
901 Jul 26, 2016 0.0 0.0 0.0 0.0 116898.0 2787820.0
902 Jul 27, 2016 0.0 0.0 0.0 0.0 45975.8 2735870.0
903 Jul 28, 2016 0.0 0.0 0.0 0.0 55682.9 2429690.0
904 Jul 29, 2016 0.0 0.0 0.0 0.0 27712.3 2525050.0
905 Jul 30, 2016 0.0 0.0 0.0 0.0 70394.2 2540450.0
906 Jul 31, 2016 0.0 0.0 0.0 0.0 16177.0 2583140.0
907 Aug 01, 2016 0.0 0.0 0.0 0.0 30391.6 2508400.0
908 Aug 02, 2016 0.0 0.0 0.0 0.0 133668.0 2309540.0
909 Aug 03, 2016 0.0 0.0 0.0 0.0 56316.7 1933820.0
910 Aug 04, 2016 0.0 0.0 0.0 0.0 25841.2 2082070.0
911 Aug 05, 2016 0.0 0.0 0.0 0.0 15557.9 2088190.0
912 Aug 06, 2016 0.0 0.0 0.0 0.0 31376.5 2077900.0
913 Aug 07, 2016 0.0 0.0 0.0 0.0 54125.9 2203800.0
914 Aug 08, 2016 0.0 0.0 0.0 0.0 15807.4 2145080.0
915 Aug 09, 2016 0.0 0.0 0.0 0.0 16966.3 2142280.0
916 Aug 10, 2016 0.0 0.0 0.0 0.0 50813.1 2169980.0
917 Aug 11, 2016 0.0 0.0 0.0 0.0 34655.5 2106980.0
918 Aug 12, 2016 0.0 0.0 0.0 0.0 30466.0 2210990.0
919 Aug 13, 2016 0.0 0.0 0.0 0.0 16377.4 2208940.0
920 Aug 14, 2016 0.0 0.0 0.0 0.0 34096.5 2167330.0
921 Aug 15, 2016 0.0 0.0 0.0 0.0 585892.0 2076910.0
922 Aug 16, 2016 0.0 0.0 0.0 0.0 794650.0 2781210.0
923 Aug 17, 2016 0.0 0.0 0.0 0.0 531642.0 2429700.0
924 Aug 18, 2016 0.0 0.0 0.0 0.0 187846.0 2775170.0
925 Aug 19, 2016 0.0 0.0 0.0 0.0 123086.0 2581320.0
926 Aug 20, 2016 0.0 0.0 0.0 0.0 43281.6 2347740.0
927 Aug 21, 2016 0.0 0.0 0.0 0.0 23909.6 2334450.0
928 Aug 22, 2016 0.0 0.0 0.0 0.0 106410.0 2353120.0
929 Aug 23, 2016 0.0 0.0 0.0 0.0 68756.7 2239990.0
930 Aug 24, 2016 0.0 0.0 0.0 0.0 72843.4 2217420.0
931 Aug 25, 2016 0.0 0.0 0.0 0.0 26350.8 2209370.0
932 Aug 26, 2016 0.0 0.0 0.0 0.0 12635.0 2308990.0
933 Aug 27, 2016 0.0 0.0 0.0 0.0 10271.6 2313570.0
934 Aug 28, 2016 0.0 0.0 0.0 0.0 33646.8 2186720.0
935 Aug 29, 2016 0.0 0.0 0.0 0.0 59640.1 2112940.0
936 Aug 30, 2016 0.0 0.0 0.0 0.0 22206.8 2155970.0
937 Aug 31, 2016 0.0 0.0 0.0 0.0 10961.7 2208320.0
938 Sep 01, 2016 0.0 0.0 0.0 0.0 23537.8 2201630.0
939 Sep 02, 2016 0.0 0.0 0.0 0.0 24148.3 2149120.0
940 Sep 03, 2016 0.0 0.0 0.0 0.0 37575.1 2089210.0
941 Sep 04, 2016 0.0 0.0 0.0 0.0 257745.0 2210180.0
942 Sep 05, 2016 0.0 0.0 0.0 0.0 239097.0 2424870.0
943 Sep 06, 2016 0.0 0.0 0.0 0.0 75355.2 2550160.0
944 Sep 07, 2016 0.0 0.0 0.0 0.0 39510.5 2355030.0
945 Sep 08, 2016 0.0 0.0 0.0 0.0 27751.0 2449660.0
946 Sep 09, 2016 0.0 0.0 0.0 0.0 30937.2 2465200.0
947 Sep 10, 2016 0.0 0.0 0.0 0.0 9893.86 2491030.0
948 Sep 11, 2016 0.0 0.0 0.0 0.0 29213.4 2408630.0
949 Sep 12, 2016 0.0 0.0 0.0 0.0 175199.0 2388610.0
950 Sep 13, 2016 0.0 0.0 0.0 0.0 116551.0 2610950.0
951 Sep 14, 2016 0.0 0.0 0.0 0.0 48589.1 2490380.0
952 Sep 15, 2016 0.0 0.0 0.0 0.0 154296.0 2585800.0
953 Sep 16, 2016 0.0 0.0 0.0 0.0 67762.6 2788960.0
954 Sep 17, 2016 0.0 0.0 0.0 0.0 55103.0 2708230.0
955 Sep 18, 2016 0.0 0.0 0.0 0.0 27701.4 2568510.0
956 Sep 19, 2016 0.0 0.0 0.0 0.0 28055.9 2546140.0
957 Sep 20, 2016 0.0 0.0 0.0 0.0 25277.0 2502050.0
958 Sep 21, 2016 0.0 0.0 0.0 0.0 30501.4 2500250.0
959 Sep 22, 2016 0.0 0.0 0.0 0.0 25003.9 2541960.0
960 Sep 23, 2016 0.0 0.0 0.0 0.0 13114.1 2497750.0
961 Sep 24, 2016 0.0 0.0 0.0 0.0 19243.7 2564440.0
962 Sep 25, 2016 0.0 0.0 0.0 0.0 21213.0 2528180.0
963 Sep 26, 2016 0.0 0.0 0.0 0.0 40072.3 2522840.0
964 Sep 27, 2016 0.0 0.0 0.0 0.0 17463.6 2554510.0
965 Sep 28, 2016 0.0 0.0 0.0 0.0 33151.7 2545460.0
966 Sep 29, 2016 0.0 0.0 0.0 0.0 29878.6 2501130.0
967 Sep 30, 2016 0.0 0.0 0.0 0.0 79639.2 2419130.0
968 Oct 01, 2016 0.0 0.0 0.0 0.0 16572.6 2352690.0
969 Oct 02, 2016 0.0 0.0 0.0 0.0 9387.69 2367110.0
970 Oct 03, 2016 0.0 0.0 0.0 0.0 10579.5 2356980.0
971 Oct 04, 2016 0.0 0.0 0.0 0.0 30091.7 2364280.0
972 Oct 05, 2016 0.0 0.0 0.0 0.0 20657.9 2313940.0
973 Oct 06, 2016 0.0 0.0 0.0 0.0 36564.2 2365560.0
974 Oct 07, 2016 0.0 0.0 0.0 0.0 12683.0 2459850.0
975 Oct 08, 2016 0.0 0.0 0.0 0.0 9046.21 2435040.0
976 Oct 09, 2016 0.0 0.0 0.0 0.0 21834.1 2434720.0
977 Oct 10, 2016 0.0 0.0 0.0 0.0 81679.7 2345290.0
978 Oct 11, 2016 0.0 0.0 0.0 0.0 61305.6 2537130.0
979 Oct 12, 2016 0.0 0.0 0.0 0.0 84776.4 2676670.0
980 Oct 13, 2016 0.0 0.0 0.0 0.0 172031.0 2799830.0
981 Oct 14, 2016 0.0 0.0 0.0 0.0 84296.2 2889960.0
982 Oct 15, 2016 0.0 0.0 0.0 0.0 70217.5 2725710.0
983 Oct 16, 2016 0.0 0.0 0.0 0.0 98395.3 3095810.0
984 Oct 17, 2016 0.0 0.0 0.0 0.0 77334.6 2835650.0
985 Oct 18, 2016 0.0 0.0 0.0 0.0 76036.3 2678800.0
986 Oct 19, 2016 0.0 0.0 0.0 0.0 36639.6 2539030.0
987 Oct 20, 2016 0.0 0.0 0.0 0.0 31885.1 2553710.0
988 Oct 21, 2016 0.0 0.0 0.0 0.0 19203.1 2555740.0
989 Oct 22, 2016 0.0 0.0 0.0 0.0 31966.6 2522310.0
990 Oct 23, 2016 0.0 0.0 0.0 0.0 68463.9 2527690.0
991 Oct 24, 2016 0.0 0.0 0.0 0.0 30547.8 2484380.0
992 Oct 25, 2016 0.0 0.0 0.0 0.0 36974.2 2512770.0
993 Oct 26, 2016 0.0 0.0 0.0 0.0 38951.6 2481470.0
994 Oct 27, 2016 0.0 0.0 0.0 0.0 60747.2 2515330.0
995 Oct 28, 2016 0.0 0.0 0.0 0.0 27834.5 2457330.0
996 Oct 29, 2016 0.0 0.0 0.0 0.0 48425.3 2357070.0
997 Oct 30, 2016 0.0 0.0 0.0 0.0 40623.7 2317160.0
998 Oct 31, 2016 0.0 0.0 0.0 0.0 49225.3 2510440.0
999 Nov 01, 2016 0.0 0.0 0.0 0.0 40449.8 2399940.0
1000 Nov 02, 2016 0.0 0.0 0.0 0.0 16407.2 2336860.0
1001 Nov 03, 2016 0.0 0.0 0.0 0.0 14952.6 2429960.0
1002 Nov 04, 2016 0.0 0.0 0.0 0.0 13267.0 2420190.0
1003 Nov 05, 2016 0.0 0.0 0.0 0.0 8038.22 2353270.0
1004 Nov 06, 2016 0.0 0.0 0.0 0.0 11181.3 2365090.0
1005 Nov 07, 2016 0.0 0.0 0.0 0.0 16943.5 2334520.0
1006 Nov 08, 2016 0.0 0.0 0.0 0.0 6765.49 2268540.0
1007 Nov 09, 2016 0.0 0.0 0.0 0.0 49140.6 2305520.0
1008 Nov 10, 2016 0.0 0.0 0.0 0.0 8269.15 2221730.0
1009 Nov 11, 2016 0.0 0.0 0.0 0.0 7473.48 2197910.0
1010 Nov 12, 2016 0.0 0.0 0.0 0.0 22092.2 2204510.0
1011 Nov 13, 2016 0.0 0.0 0.0 0.0 7640.71 2278580.0
1012 Nov 14, 2016 0.0 0.0 0.0 0.0 26279.6 2217610.0
1013 Nov 15, 2016 0.0 0.0 0.0 0.0 52996.2 2068240.0
1014 Nov 16, 2016 0.0 0.0 0.0 0.0 49184.7 2140600.0
1015 Nov 17, 2016 0.0 0.0 0.0 0.0 17188.9 2027110.0
1016 Nov 18, 2016 0.0 0.0 0.0 0.0 27967.0 1965050.0
1017 Nov 19, 2016 0.0 0.0 0.0 0.0 19906.1 1945090.0
1018 Nov 20, 2016 0.0 0.0 0.0 0.0 8029.29 2042860.0
1019 Nov 21, 2016 0.0 0.0 0.0 0.0 18999.1 2050620.0
1020 Nov 22, 2016 0.0 0.0 0.0 0.0 14482.3 2074680.0
1021 Nov 23, 2016 0.0 0.0 0.0 0.0 4471.66 2057820.0
1022 Nov 24, 2016 0.0 0.0 0.0 0.0 13113.4 1982430.0
1023 Nov 25, 2016 0.0 0.0 0.0 0.0 19675.1 1962200.0
1024 Nov 26, 2016 0.0 0.0 0.0 0.0 8997.56 1974990.0
1025 Nov 27, 2016 0.0 0.0 0.0 0.0 6232.54 2005720.0
1026 Nov 28, 2016 0.0 0.0 0.0 0.0 3443.04 1986580.0
1027 Nov 29, 2016 0.0 0.0 0.0 0.0 19299.4 1938740.0
1028 >Nov 30, 201 0.0 0.0 0.0 0.0 21040.3 1846200.0
1029 Dec 01, 2016 0.0 0.0 0.0 0.0 8927.41 1815600.0
1030 Dec 02, 2016 0.0 0.0 0.0 0.0 38629.7 1773020.0
1031 Dec 03, 2016 0.0 0.0 0.0 0.0 8430.55 1719050.0
1032 Dec 04, 2016 0.0 0.0 0.0 0.0 6772.85 1756860.0
1033 Dec 05, 2016 0.0 0.0 0.0 0.0 10192.9 1754420.0
1034 Dec 06, 2016 0.0 0.0 0.0 0.0 9138.51 1798080.0
1035 Dec 07, 2016 0.0 0.0 0.0 0.0 15820.3 1693640.0
1036 Dec 08, 2016 0.0 0.0 0.0 0.0 8008.27 1922530.0
1037 Dec 09, 2016 0.0 0.0 0.0 0.0 7323.05 1841790.0
1038 Dec 10, 2016 0.0 0.0 0.0 0.0 6041.48 1895830.0
1039 Dec 11, 2016 0.0 0.0 0.0 0.0 2561.99 1848240.0
1040 Dec 12, 2016 0.0 0.0 0.0 0.0 3788.9 1819360.0
1041 Dec 13, 2016 0.0 0.0 0.0 0.0 4095.91 1799160.0
1042 Dec 14, 2016 0.0 0.0 0.0 0.0 10480.5 1798590.0
1043 Dec 15, 2016 0.0 0.0 0.0 0.0 8656.7 1861920.0
1044 Dec 16, 2016 0.0 0.0 0.0 0.0 4710.07 1782610.0
1045 Dec 17, 2016 0.0 0.0 0.0 0.0 4778.65 1860530.0
1046 Dec 18, 2016 0.0 0.0 0.0 0.0 4298.35 1760090.0
1047 Dec 19, 2016 0.0 0.0 0.0 0.0 10507.5 1827890.0
1048 Dec 20, 2016 0.0 0.0 0.0 0.0 20040.7 1774130.0
1049 Dec 21, 2016 0.0 0.0 0.0 0.0 9195.49 1668760.0
1050 Dec 22, 2016 0.0 0.0 0.0 0.0 23305.6 1740410.0
1051 >Dec 23, 201 0.0 0.0 0.0 0.0 22752.2 1616440.0
1052 Dec 24, 2016 0.0 0.0 0.0 0.0 12277.4 1711190.0
1053 Dec 25, 2016 0.0 0.0 0.0 0.0 5978.7 1669260.0
1054 Dec 26, 2016 0.0 0.0 0.0 0.0 4087.4 1665740.0
1055 Dec 27, 2016 0.0 0.0 0.0 0.0 9146.11 1618170.0
1056 Dec 28, 2016 0.0 0.0 0.0 0.0 15380.0 1620970.0
1057 Dec 29, 2016 0.0 0.0 0.0 0.0 38350.3 1804200.0
1058 Dec 30, 2016 0.0 0.0 0.0 0.0 19813.9 2040630.0
1059 Dec 31, 2016 0.0 0.0 0.0 0.0 9567.95 1949330.0
1060 Jan 01, 2017 0.0 0.0 0.0 0.0 17929.2 1969370.0
1061 Jan 02, 2017 0.0 0.0 0.0 0.0 12699.5 2023800.0
1062 Jan 03, 2017 0.0 0.0 0.0 0.0 18792.5 1999770.0
1063 Jan 04, 2017 0.0 0.0 0.0 0.0 26930.3 2238220.0
1064 Jan 05, 2017 0.0 0.0 0.0 0.0 20216.1 2252690.0
1065 Jan 06, 2017 0.0 0.0 0.0 0.0 79570.9 2209590.0
1066 Jan 07, 2017 0.0 0.0 0.0 0.0 99283.6 2545020.0
1067 Jan 08, 2017 0.0 0.0 0.0 0.0 87290.5 2632870.0
1068 Jan 09, 2017 0.0 0.0 0.0 0.0 81998.5 2718410.0
1069 Jan 10, 2017 0.0 0.0 0.0 0.0 148280.0 2338000.0
1070 Jan 11, 2017 0.0 0.0 0.0 0.0 47925.3 2064880.0
1071 Jan 12, 2017 0.0 0.0 0.0 0.0 38483.8 1835280.0
1072 Jan 13, 2017 0.0 0.0 0.0 0.0 29655.9 1830860.0
1073 Jan 14, 2017 0.0 0.0 0.0 0.0 16085.1 1945570.0
1074 Jan 15, 2017 0.0 0.0 0.0 0.0 77777.2 1868170.0
1075 Jan 16, 2017 0.0 0.0 0.0 0.0 27547.0 2242710.0
1076 Jan 17, 2017 0.0 0.0 0.0 0.0 32443.3 2090960.0
1077 Jan 18, 2017 0.0 0.0 0.0 0.0 18367.0 2073780.0
1078 Jan 19, 2017 0.0 0.0 0.0 0.0 10647.1 2157580.0
1079 Jan 20, 2017 0.0 0.0 0.0 0.0 29648.6 2195970.0
1080 Jan 21, 2017 0.0 0.0 0.0 0.0 9507.96 2117440.0
1081 Jan 22, 2017 0.0 0.0 0.0 0.0 21281.5 2183800.0
1082 Jan 23, 2017 0.0 0.0 0.0 0.0 19929.3 2112690.0
1083 Jan 24, 2017 0.0 0.0 0.0 0.0 16795.8 2180710.0
1084 Jan 25, 2017 0.0 0.0 0.0 0.0 26665.7 1976720.0
1085 Jan 26, 2017 0.0 0.0 0.0 0.0 27788.2 1991800.0
1086 Jan 27, 2017 0.0 0.0 0.0 0.0 35899.0 2030720.0
1087 Jan 28, 2017 0.0 0.0 0.0 0.0 15341.1 2113290.0
1088 Jan 29, 2017 0.0 0.0 0.0 0.0 12186.5 2182100.0
1089 Jan 30, 2017 0.0 0.0 0.0 0.0 29017.7 2183700.0
1090 Jan 31, 2017 0.0 0.0 0.0 0.0 33797.3 2248640.0
1091 Feb 01, 2017 0.0 0.0 0.0 0.0 10143.2 2163860.0
1092 Feb 02, 2017 0.0 0.0 0.0 0.0 13730.7 2123090.0
1093 Feb 03, 2017 0.0 0.0 0.0 0.0 9591.7 2248140.0
1094 Feb 04, 2017 0.0 0.0 0.0 0.0 8544.11 2213480.0
1095 Feb 05, 2017 0.0 0.0 0.0 0.0 10423.2 2160830.0
1096 >Feb 06, 201 0.0 0.0 0.0 0.0 18840.1 2281220.0
1097 Feb 07, 2017 0.0 0.0 0.0 0.0 15339.0 2313770.0
1098 Feb 08, 2017 0.0 0.0 0.0 0.0 14235.7 2287670.0
1099 Feb 09, 2017 0.0 0.0 0.0 0.0 18588.5 2278960.0
1100 Feb 10, 2017 0.0 0.0 0.0 0.0 8492.38 2221660.0
1101 Feb 11, 2017 0.0 0.0 0.0 0.0 6534.33 2135360.0
1102 Feb 12, 2017 0.0 0.0 0.0 0.0 8066.0 2234930.0
1103 Feb 13, 2017 0.0 0.0 0.0 0.0 9330.75 2160380.0
1104 Feb 14, 2017 0.0 0.0 0.0 0.0 19150.3 2129470.0
1105 Feb 15, 2017 0.0 0.0 0.0 0.0 8639.35 2094340.0
1106 Feb 16, 2017 0.0 0.0 0.0 0.0 13400.2 2021010.0
1107 Feb 17, 2017 0.0 0.0 0.0 0.0 19914.3 2062660.0
1108 Feb 18, 2017 0.0 0.0 0.0 0.0 18820.0 2013500.0
1109 Feb 19, 2017 0.0 0.0 0.0 0.0 11022.3 1950240.0
1110 Feb 20, 2017 0.0 0.0 0.0 0.0 16507.5 2024690.0
1111 Feb 21, 2017 0.0 0.0 0.0 0.0 27702.5 2027930.0
1112 Feb 22, 2017 0.0 0.0 0.0 0.0 5979.01 1890300.0
1113 Feb 23, 2017 0.0 0.0 0.0 0.0 13027.2 1924080.0
1114 Feb 24, 2017 0.0 0.0 0.0 0.0 32161.3 1976950.0
1115 Feb 25, 2017 0.0 0.0 0.0 0.0 7934.36 1896830.0
1116 Feb 26, 2017 0.0 0.0 0.0 0.0 18743.2 1948550.0
1117 Feb 27, 2017 0.0 0.0 0.0 0.0 14472.0 2154610.0
1118 Feb 28, 2017 0.0 0.0 0.0 0.0 17807.1 2277570.0
1119 Mar 01, 2017 0.0 0.0 0.0 0.0 39129.5 2006040.0
1120 Mar 02, 2017 0.0 0.0 0.0 0.0 19527.4 1981320.0
1121 Mar 03, 2017 0.0 0.0 0.0 0.0 18996.8 1928110.0
1122 Mar 04, 2017 0.0 0.0 0.0 0.0 6821.33 1865270.0
1123 Mar 05, 2017 0.0 0.0 0.0 0.0 16684.1 1831570.0
1124 Mar 06, 2017 0.0 0.0 0.0 0.0 12415.1 1746900.0
1125 Mar 07, 2017 0.0 0.0 0.0 0.0 25106.1 1835080.0
1126 Mar 08, 2017 0.0 0.0 0.0 0.0 23202.2 1975290.0
1127 Mar 09, 2017 0.0 0.0 0.0 0.0 11481.7 1771860.0
1128 Mar 10, 2017 0.0 0.0 0.0 0.0 19944.2 1741340.0
1129 Mar 11, 2017 0.0 0.0 0.0 0.0 7827.52 1634560.0
1130 Mar 12, 2017 0.0 0.0 0.0 0.0 18344.0 1810910.0
1131 Mar 13, 2017 0.0 0.0 0.0 0.0 31531.3 1990460.0
1132 Mar 14, 2017 0.0 0.0 0.0 0.0 18768.7 1998280.0
1133 Mar 15, 2017 0.0 0.0 0.0 0.0 26968.6 2096090.0
1134 Mar 16, 2017 0.0 0.0 0.0 0.0 31762.8 2115990.0
1135 Mar 17, 2017 0.0 0.0 0.0 0.0 104407.0 2022760.0
1136 Mar 18, 2017 0.0 0.0 0.0 0.0 22861.1 2139790.0
1137 Mar 19, 2017 0.0 0.0 0.0 0.0 30451.0 1894860.0
1138 Mar 20, 2017 0.0 0.0 0.0 0.0 25715.5 2184890.0
1139 Mar 21, 2017 0.0 0.0 0.0 0.0 208244.0 2145840.0
1140 Mar 22, 2017 0.0 0.0 0.0 0.0 105152.0 2635350.0
1141 Mar 23, 2017 0.0 0.0 0.0 0.0 43187.2 2815350.0
1142 Mar 24, 2017 0.0 0.0 0.0 0.0 78005.6 2625860.0
1143 Mar 25, 2017 0.0 0.0 0.0 0.0 37386.9 2584580.0
1144 Mar 26, 2017 0.0 0.0 0.0 0.0 43486.1 2523900.0
1145 Mar 27, 2017 0.0 0.0 0.0 0.0 79930.8 2589570.0
1146 Mar 28, 2017 0.0 0.0 0.0 0.0 293597.0 2618330.0
1147 Mar 29, 2017 0.0 0.0 0.0 0.0 229771.0 3055920.0
1148 Mar 30, 2017 0.0 0.0 0.0 0.0 128308.0 3215690.0
1149 Mar 31, 2017 0.0 0.0 0.0 0.0 197701.0 2997510.0
1150 Apr 01, 2017 0.0 0.0 0.0 0.0 58175.6 2791040.0
1151 Apr 02, 2017 0.0 0.0 0.0 0.0 67128.0 3055680.0
1152 Apr 03, 2017 0.0 0.0 0.0 0.0 201394.0 2938250.0
1153 Apr 04, 2017 0.0 0.0 0.0 0.0 148748.0 3813610.0
1154 Apr 05, 2017 0.0 0.0 0.0 0.0 58566.4 3574560.0
1155 Apr 06, 2017 0.0 0.0 0.0 0.0 157021.0 3642750.0
1156 Apr 07, 2017 0.0 0.0 0.0 0.0 69548.6 3540260.0
1157 Apr 08, 2017 0.0 0.0 0.0 0.0 546387.0 3784190.0
1158 Apr 09, 2017 0.0 0.0 0.0 0.0 634010.0 4984150.0
1159 Apr 10, 2017 0.0 0.0 0.0 0.0 491792.0 4998240.0
1160 Apr 11, 2017 0.0 0.0 0.0 0.0 974278.0 5499790.0
1161 Apr 12, 2017 0.0 0.0 0.0 0.0 636054.0 6857150.0
1162 Apr 13, 2017 0.0 0.0 0.0 0.0 602437.0 6038570.0
1163 Apr 14, 2017 0.0 0.0 0.0 0.0 255709.0 5864210.0
1164 Apr 15, 2017 0.0 0.0 0.0 0.0 196015.0 5762040.0
1165 Apr 16, 2017 0.0 0.0 0.0 0.0 632484.0 5707490.0
1166 Apr 17, 2017 0.0 0.0 0.0 0.0 2102140.0 6714590.0
1167 Apr 18, 2017 0.0 0.0 0.0 0.0 4594600.0 8309710.0
1168 Apr 19, 2017 0.0 0.0 0.0 0.0 1325050.0 9240880.0
1169 Apr 20, 2017 0.0 0.0 0.0 0.0 1174450.0 9890980.0
1170 Apr 21, 2017 0.0 0.0 0.0 0.0 1853240.0 9469580.0
1171 Apr 22, 2017 0.0 0.0 0.0 0.0 1001060.0 9429040.0
1172 Apr 23, 2017 0.0 0.0 0.0 0.0 863001.0 9201720.0
1173 Apr 24, 2017 0.0 0.0 0.0 0.0 564650.0 8585180.0
1174 Apr 25, 2017 0.0 0.0 0.0 0.0 429318.0 9225480.0
1175 Apr 26, 2017 0.0 0.0 0.0 0.0 447843.0 8908330.0
1176 Apr 27, 2017 0.0 0.0 0.0 0.0 763609.0 8596780.0
1177 Apr 28, 2017 0.0 0.0 0.0 0.0 1456570.0 8323980.0
1178 Apr 29, 2017 0.0 0.0 0.0 0.0 616024.0 8752680.0
1179 Apr 30, 2017 0.0 0.0 0.0 0.0 521858.0 8801640.0
1180 May 01, 2017 0.0 0.0 0.0 0.0 704843.0 8743430.0
1181 May 02, 2017 0.0 0.0 0.0 0.0 457546.0 8542700.0
1182 May 03, 2017 0.0 0.0 0.0 0.0 651512.0 8112380.0
1183 May 04, 2017 0.0 0.0 0.0 0.0 547029.0 8339220.0
1184 May 05, 2017 0.0 0.0 0.0 0.0 2078220.0 8831800.0
1185 May 06, 2017 0.0 0.0 0.0 0.0 7883770.0 10983400.0
1186 May 07, 2017 0.0 0.0 0.0 0.0 3685410.0 15745100.0
1187 May 08, 2017 0.0 0.0 0.0 0.0 4833870.0 13967800.0
1188 May 09, 2017 0.0 0.0 0.0 0.0 2419790.0 17364100.0
1189 May 10, 2017 0.0 0.0 0.0 0.0 1046320.0 14637200.0
1190 May 11, 2017 0.0 0.0 0.0 0.0 1050800.0 14876800.0
1191 May 12, 2017 0.0 0.0 0.0 0.0 1318700.0 14673100.0
1192 May 13, 2017 0.0 0.0 0.0 0.0 965381.0 15124200.0
1193 May 14, 2017 0.0 0.0 0.0 0.0 1217410.0 15890900.0
1194 May 15, 2017 0.0 0.0 0.0 0.0 834269.0 16389300.0
1195 May 16, 2017 0.0 0.01 0.0 0.01 34244800.0 16228000.0
1196 May 17, 2017 0.01 0.01 0.0 0.01 49470700.0 51376100.0
1197 May 18, 2017 0.01 0.01 0.01 0.01 23012800.0 59120400.0
1198 May 19, 2017 0.01 0.01 0.01 0.01 13287300.0 50672000.0
1199 May 20, 2017 0.01 0.01 0.01 0.01 48787900.0 54000800.0
1200 May 21, 2017 0.01 0.02 0.01 0.02 71913500.0 100750000.0
1201 May 22, 2017 0.02 0.02 0.01 0.01 32118100.0 141366000.0
1202 May 23, 2017 0.01 0.02 0.01 0.02 26074700.0 117404000.0
1203 May 24, 2017 0.02 0.02 0.01 0.01 19689600.0 134636000.0
1204 May 25, 2017 0.01 0.02 0.01 0.02 18378300.0 116965000.0
1205 May 26, 2017 0.02 0.02 0.01 0.01 14528200.0 130721000.0
1206 May 27, 2017 0.01 0.01 0.01 0.01 10458700.0 111285000.0
1207 May 28, 2017 0.01 0.01 0.01 0.01 10225100.0 94421800.0
1208 May 29, 2017 0.01 0.02 0.01 0.01 10902100.0 109227000.0
1209 May 30, 2017 0.01 0.02 0.01 0.02 36893900.0 128911000.0
1210 May 31, 2017 0.02 0.02 0.01 0.02 16663800.0 136728000.0
1211 Jun 01, 2017 0.02 0.02 0.02 0.02 29465900.0 147293000.0
1212 Jun 02, 2017 0.02 0.03 0.02 0.03 99584800.0 171893000.0
1213 Jun 03, 2017 0.03 0.07 0.03 0.05 232193000.0 260249000.0
1214 Jun 04, 2017 0.05 0.06 0.04 0.05 140865000.0 377766000.0
1215 Jun 05, 2017 0.05 0.06 0.05 0.05 78573000.0 405880000.0
1216 Jun 06, 2017 0.05 0.06 0.05 0.05 68497500.0 412816000.0
1217 Jun 07, 2017 0.05 0.06 0.05 0.05 40031800.0 472973000.0
1218 Jun 08, 2017 0.05 0.06 0.05 0.06 82157500.0 423252000.0
1219 Jun 09, 2017 0.06 0.06 0.05 0.05 106432000.0 521180000.0
1220 Jun 10, 2017 0.05 0.05 0.03 0.03 100200000.0 427358000.0
1221 Jun 11, 2017 0.03 0.04 0.03 0.03 64532000.0 286109000.0
1222 Jun 12, 2017 0.03 0.04 0.03 0.03 36965300.0 289050000.0
1223 Jun 13, 2017 0.03 0.04 0.03 0.04 68018400.0 247416000.0
1224 Jun 14, 2017 0.04 0.04 0.03 0.03 26173200.0 314058000.0
1225 Jun 15, 2017 0.03 0.03 0.02 0.03 16126000.0 253013000.0
1226 Jun 16, 2017 0.03 0.03 0.03 0.03 11606300.0 252665000.0
1227 Jun 17, 2017 0.03 0.03 0.03 0.03 11553000.0 255982000.0
1228 Jun 18, 2017 0.03 0.03 0.03 0.03 7980570.0 245517000.0
1229 Jun 19, 2017 0.03 0.03 0.03 0.03 13410400.0 241247000.0
1230 Jun 20, 2017 0.03 0.03 0.03 0.03 30053800.0 244269000.0
1231 Jun 21, 2017 0.03 0.03 0.03 0.03 10474800.0 241093000.0
1232 Jun 22, 2017 0.03 0.03 0.03 0.03 7216650.0 236538000.0
1233 Jun 23, 2017 0.03 0.03 0.03 0.03 8348710.0 225547000.0
1234 Jun 24, 2017 0.03 0.03 0.03 0.03 9640520.0 248916000.0
1235 Jun 25, 2017 0.03 0.03 0.02 0.02 9136210.0 228139000.0
1236 Jun 26, 2017 0.02 0.02 0.02 0.02 12132000.0 196811000.0
1237 Jun 27, 2017 0.02 0.02 0.02 0.02 9335860.0 174890000.0
1238 Jun 28, 2017 0.02 0.02 0.02 0.02 8019950.0 182265000.0
1239 Jun 29, 2017 0.02 0.02 0.02 0.02 5575670.0 187184000.0
1240 Jun 30, 2017 0.02 0.02 0.02 0.02 6155650.0 171323000.0
1241 Jul 01, 2017 0.02 0.02 0.01 0.02 4639140.0 157210000.0
1242 Jul 02, 2017 0.02 0.02 0.01 0.02 6691810.0 145971000.0
1243 Jul 03, 2017 0.02 0.02 0.02 0.02 16261000.0 154237000.0
1244 Jul 04, 2017 0.02 0.02 0.02 0.02 7531650.0 167024000.0
1245 Jul 05, 2017 0.02 0.02 0.02 0.02 2757110.0 155278000.0
1246 Jul 06, 2017 0.02 0.02 0.02 0.02 8422280.0 148679000.0
1247 Jul 07, 2017 0.02 0.02 0.01 0.01 5537900.0 156297000.0
1248 Jul 08, 2017 0.01 0.01 0.01 0.01 3182000.0 135104000.0
1249 Jul 09, 2017 0.01 0.02 0.01 0.01 2645880.0 138930000.0
1250 Jul 10, 2017 0.01 0.01 0.01 0.01 7447620.0 128404000.0
1251 Jul 11, 2017 0.01 0.01 0.01 0.01 7065400.0 87872900.0
1252 Jul 12, 2017 0.01 0.01 0.01 0.01 7557740.0 97296400.0
1253 Jul 13, 2017 0.01 0.01 0.01 0.01 9343810.0 117125000.0
1254 Jul 14, 2017 0.01 0.01 0.01 0.01 3850360.0 103939000.0
1255 Jul 15, 2017 0.01 0.01 0.01 0.01 3288250.0 93965800.0
1256 Jul 16, 2017 0.01 0.01 0.01 0.01 3169300.0 86469800.0
1257 Jul 17, 2017 0.01 0.01 0.01 0.01 2644120.0 80978600.0
1258 Jul 18, 2017 0.01 0.01 0.01 0.01 4583540.0 95238800.0
1259 Jul 19, 2017 0.01 0.01 0.01 0.01 2879820.0 99100000.0
1260 Jul 20, 2017 0.01 0.01 0.01 0.01 4336140.0 91892200.0
1261 Jul 21, 2017 0.01 0.01 0.01 0.01 2887610.0 104337000.0
1262 Jul 22, 2017 0.01 0.01 0.01 0.01 5001090.0 103682000.0
1263 Jul 23, 2017 0.01 0.02 0.01 0.02 35548100.0 129322000.0
1264 Jul 24, 2017 0.02 0.02 0.02 0.02 34592400.0 172638000.0
1265 Jul 25, 2017 0.02 0.02 0.01 0.02 27560100.0 191703000.0
1266 Jul 26, 2017 0.02 0.02 0.01 0.02 13454700.0 152301000.0
1267 Jul 27, 2017 0.02 0.02 0.02 0.02 5858360.0 151995000.0
1268 Jul 28, 2017 0.02 0.02 0.01 0.01 13355000.0 145364000.0
1269 Jul 29, 2017 0.01 0.02 0.01 0.02 7895490.0 131452000.0
1270 Jul 30, 2017 0.02 0.02 0.01 0.02 8000370.0 154718000.0
1271 Jul 31, 2017 0.02 0.02 0.01 0.02 4899760.0 140485000.0
1272 Aug 01, 2017 0.02 0.02 0.02 0.02 17888600.0 144225000.0
1273 Aug 02, 2017 0.02 0.02 0.02 0.02 11991200.0 166890000.0
1274 Aug 03, 2017 0.02 0.02 0.02 0.02 5962670.0 163415000.0
1275 Aug 04, 2017 0.02 0.02 0.02 0.02 7336440.0 167042000.0
1276 Aug 05, 2017 0.02 0.02 0.02 0.02 9051140.0 162009000.0
1277 Aug 06, 2017 0.02 0.02 0.02 0.02 6076100.0 174569000.0
1278 Aug 07, 2017 0.02 0.02 0.02 0.02 7957920.0 166498000.0
1279 Aug 08, 2017 0.02 0.02 0.02 0.02 6724040.0 161028000.0
1280 Aug 09, 2017 0.02 0.02 0.02 0.02 4998320.0 169293000.0
1281 Aug 10, 2017 0.02 0.02 0.01 0.01 9195780.0 155198000.0
1282 Aug 11, 2017 0.01 0.02 0.01 0.02 9122630.0 134940000.0
1283 Aug 12, 2017 0.02 0.02 0.01 0.01 8909440.0 149529000.0
1284 Aug 13, 2017 0.01 0.01 0.01 0.01 8150500.0 131076000.0
1285 Aug 14, 2017 0.01 0.01 0.01 0.01 10119500.0 120092000.0
1286 Aug 15, 2017 0.01 0.02 0.01 0.01 23623700.0 103299000.0
1287 Aug 16, 2017 0.01 0.01 0.01 0.01 11785400.0 126076000.0
1288 Aug 17, 2017 0.01 0.01 0.01 0.01 7452780.0 120427000.0
1289 Aug 18, 2017 0.01 0.01 0.01 0.01 5002840.0 114303000.0
1290 Aug 19, 2017 0.01 0.01 0.01 0.01 5659090.0 109217000.0
1291 Aug 20, 2017 0.01 0.02 0.01 0.01 14552300.0 104434000.0
1292 Aug 21, 2017 0.01 0.02 0.01 0.01 12570400.0 134002000.0
1293 Aug 22, 2017 0.01 0.01 0.01 0.01 6493130.0 118180000.0
1294 Aug 23, 2017 0.01 0.01 0.01 0.01 4999350.0 116122000.0
1295 Aug 24, 2017 0.01 0.01 0.01 0.01 6974420.0 114659000.0
1296 Aug 25, 2017 0.01 0.01 0.01 0.01 3979750.0 116115000.0
1297 Aug 26, 2017 0.01 0.01 0.01 0.01 2745300.0 111876000.0
1298 Aug 27, 2017 0.01 0.01 0.01 0.01 4140480.0 115281000.0
1299 Aug 28, 2017 0.01 0.02 0.01 0.01 13735400.0 119046000.0
1300 Aug 29, 2017 0.01 0.02 0.01 0.02 12684400.0 139446000.0
1301 Aug 30, 2017 0.02 0.02 0.02 0.02 22965400.0 149309000.0
1302 Aug 31, 2017 0.02 0.02 0.02 0.02 16047900.0 185556000.0
1303 Sep 01, 2017 0.02 0.03 0.02 0.03 24280400.0 166491000.0
1304 Sep 02, 2017 0.02 0.03 0.02 0.02 45936400.0 214764000.0
1305 Sep 03, 2017 0.02 0.03 0.02 0.03 16744800.0 191100000.0
1306 Sep 04, 2017 0.03 0.03 0.02 0.02 21874300.0 219858000.0
1307 Sep 05, 2017 0.02 0.02 0.02 0.02 11616300.0 168104000.0
1308 Sep 06, 2017 0.02 0.02 0.02 0.02 8636510.0 173678000.0
1309 Sep 07, 2017 0.02 0.02 0.02 0.02 8566660.0 169079000.0
1310 Sep 08, 2017 0.02 0.02 0.01 0.02 6853250.0 158421000.0
1311 Sep 09, 2017 0.02 0.02 0.01 0.02 2152570.0 143612000.0
1312 Sep 10, 2017 0.02 0.02 0.01 0.01 5309740.0 141592000.0
1313 Sep 11, 2017 0.01 0.02 0.01 0.02 16343900.0 133458000.0
1314 Sep 12, 2017 0.02 0.02 0.01 0.02 15090100.0 153256000.0
1315 Sep 13, 2017 0.02 0.02 0.01 0.01 4333320.0 141429000.0
1316 Sep 14, 2017 0.01 0.01 0.01 0.01 4936060.0 128811000.0
1317 Sep 15, 2017 0.01 0.01 0.01 0.01 6299060.0 96789300.0
1318 Sep 16, 2017 0.01 0.01 0.01 0.01 2424040.0 110057000.0
1319 Sep 17, 2017 0.01 0.01 0.01 0.01 1819580.0 108503000.0
1320 Sep 18, 2017 0.01 0.01 0.01 0.01 5208170.0 106461000.0
1321 Sep 19, 2017 0.01 0.01 0.01 0.01 3903000.0 128437000.0
1322 Sep 20, 2017 0.01 0.01 0.01 0.01 3851380.0 122481000.0
1323 Sep 21, 2017 0.01 0.01 0.01 0.01 3061100.0 129336000.0
1324 Sep 22, 2017 0.01 0.01 0.01 0.01 1901320.0 110559000.0
1325 Sep 23, 2017 0.01 0.01 0.01 0.01 1480840.0 110402000.0
1326 Sep 24, 2017 0.01 0.01 0.01 0.01 2410550.0 119307000.0
1327 Sep 25, 2017 0.01 0.01 0.01 0.01 2313920.0 117968000.0
1328 Sep 26, 2017 0.01 0.01 0.01 0.01 2522420.0 124202000.0
1329 Sep 27, 2017 0.01 0.01 0.01 0.01 3174900.0 125672000.0
1330 Sep 28, 2017 0.01 0.01 0.01 0.01 3385570.0 137316000.0
1331 Sep 29, 2017 0.01 0.01 0.01 0.01 2565040.0 132123000.0
1332 Sep 30, 2017 0.01 0.01 0.01 0.01 2148290.0 129240000.0
1333 Oct 01, 2017 0.01 0.02 0.01 0.02 25260400.0 137636000.0
1334 Oct 02, 2017 0.02 0.02 0.01 0.02 21476400.0 158066000.0
1335 Oct 03, 2017 0.01 0.01 0.01 0.01 8489900.0 139303000.0
1336 Oct 04, 2017 0.01 0.01 0.01 0.01 3064020.0 121710000.0
1337 Oct 05, 2017 0.01 0.01 0.01 0.01 4145800.0 118663000.0
1338 Oct 06, 2017 0.01 0.01 0.01 0.01 3196810.0 117297000.0
1339 Oct 07, 2017 0.01 0.01 0.01 0.01 2189780.0 119983000.0
1340 Oct 08, 2017 0.01 0.01 0.01 0.01 3835000.0 116956000.0
1341 Oct 09, 2017 0.01 0.01 0.01 0.01 4568850.0 103483000.0
1342 Oct 10, 2017 0.01 0.01 0.01 0.01 2844720.0 98137300.0
1343 Oct 11, 2017 0.01 0.01 0.01 0.01 2141030.0 102676000.0
1344 Oct 12, 2017 0.01 0.01 0.01 0.01 4838060.0 100546000.0
1345 Oct 13, 2017 0.01 0.01 0.01 0.01 4675450.0 88996400.0
1346 Oct 14, 2017 0.01 0.01 0.01 0.01 2515200.0 87528100.0
1347 Oct 15, 2017 0.01 0.01 0.01 0.01 1906730.0 81851700.0
1348 Oct 16, 2017 0.01 0.01 0.01 0.01 17174900.0 80361500.0
1349 Oct 17, 2017 0.01 0.01 0.01 0.01 5918390.0 89985800.0
1350 Oct 18, 2017 0.01 0.01 0.01 0.01 3176410.0 89362100.0
1351 Oct 19, 2017 0.01 0.01 0.01 0.01 2327090.0 90610400.0
1352 Oct 20, 2017 0.01 0.01 0.01 0.01 3231270.0 85784600.0
1353 Oct 21, 2017 0.01 0.01 0.01 0.01 2765030.0 81654700.0
1354 Oct 22, 2017 0.01 0.01 0.01 0.01 2924630.0 75468800.0
1355 Oct 23, 2017 0.01 0.01 0.01 0.01 1848320.0 76851500.0
1356 Oct 24, 2017 0.01 0.01 0.01 0.01 5705650.0 72740400.0
1357 Oct 25, 2017 0.01 0.01 0.01 0.01 1866380.0 88331600.0
1358 Oct 26, 2017 0.01 0.01 0.01 0.01 1724600.0 86481100.0
1359 Oct 27, 2017 0.01 0.01 0.01 0.01 2320400.0 83293200.0
1360 Oct 28, 2017 0.01 0.01 0.01 0.01 1178030.0 86992800.0
1361 Oct 29, 2017 0.01 0.01 0.01 0.01 1899000.0 85154900.0
1362 Oct 30, 2017 0.01 0.01 0.01 0.01 1291060.0 85531200.0
1363 Oct 31, 2017 0.01 0.01 0.01 0.01 2536530.0 86624300.0
1364 Nov 01, 2017 0.01 0.01 0.01 0.01 2181760.0 84583700.0
1365 Nov 02, 2017 0.01 0.01 0.01 0.01 4243580.0 77068100.0
1366 Nov 03, 2017 0.01 0.01 0.01 0.01 2520200.0 73541800.0
1367 Nov 04, 2017 0.01 0.01 0.01 0.01 2450970.0 82754400.0
1368 Nov 05, 2017 0.01 0.01 0.01 0.01 1241550.0 79370200.0
1369 Nov 06, 2017 0.01 0.01 0.01 0.01 3054800.0 80018300.0
1370 Nov 07, 2017 0.01 0.01 0.01 0.01 1726430.0 80426100.0
1371 Nov 08, 2017 0.01 0.01 0.01 0.01 4838260.0 79641200.0
1372 Nov 09, 2017 0.01 0.01 0.01 0.01 8959570.0 88229500.0
1373 Nov 10, 2017 0.01 0.01 0.01 0.01 5150060.0 102726000.0
1374 Nov 11, 2017 0.01 0.01 0.01 0.01 3181620.0 83781200.0
1375 Nov 12, 2017 0.01 0.01 0.01 0.01 4119280.0 83572700.0
1376 Nov 13, 2017 0.01 0.01 0.01 0.01 2309150.0 71407100.0
1377 Nov 14, 2017 0.01 0.01 0.01 0.01 2806410.0 80531400.0
1378 Nov 15, 2017 0.01 0.01 0.01 0.01 3096580.0 86644900.0
1379 Nov 16, 2017 0.01 0.01 0.01 0.01 2641330.0 85969000.0
1380 Nov 17, 2017 0.01 0.01 0.01 0.01 2325530.0 89110900.0
1381 Nov 18, 2017 0.01 0.01 0.01 0.01 2368340.0 85806700.0
1382 Nov 19, 2017 0.01 0.01 0.01 0.01 2551910.0 84831300.0
1383 Nov 20, 2017 0.01 0.01 0.01 0.01 1678270.0 85713700.0
1384 Nov 21, 2017 0.01 0.01 0.01 0.01 2838900.0 83202100.0
1385 Nov 22, 2017 0.01 0.01 0.01 0.01 3071400.0 85732300.0
1386 Nov 23, 2017 0.01 0.01 0.01 0.01 2362370.0 91242600.0
1387 Nov 24, 2017 0.01 0.01 0.01 0.01 6130750.0 88127400.0
1388 Nov 25, 2017 0.01 0.01 0.01 0.01 5238590.0 94983800.0
1389 Nov 26, 2017 0.01 0.01 0.01 0.01 3637670.0 97717700.0
1390 Nov 27, 2017 0.01 0.01 0.01 0.01 5518860.0 102800000.0
1391 Nov 28, 2017 0.01 0.01 0.01 0.01 7383800.0 111393000.0
1392 Nov 29, 2017 0.01 0.01 0.01 0.01 7947220.0 125279000.0
1393 Nov 30, 2017 0.01 0.01 0.01 0.01 3391660.0 108910000.0
1394 Dec 01, 2017 0.01 0.01 0.01 0.01 2544800.0 107542000.0
1395 Dec 02, 2017 0.01 0.01 0.01 0.01 2684510.0 116199000.0
1396 Dec 03, 2017 0.01 0.01 0.01 0.01 7728600.0 118901000.0
1397 Dec 04, 2017 0.01 0.02 0.01 0.02 28272100.0 130172000.0
1398 Dec 05, 2017 0.02 0.02 0.01 0.01 12511300.0 166664000.0
1399 Dec 06, 2017 0.01 0.02 0.01 0.02 9972660.0 148519000.0
1400 Dec 07, 2017 0.02 0.02 0.01 0.01 15873300.0 152365000.0
1401 Dec 08, 2017 0.01 0.01 0.01 0.01 9999170.0 135940000.0
1402 Dec 09, 2017 0.01 0.02 0.01 0.01 8679180.0 135230000.0
1403 Dec 10, 2017 0.01 0.01 0.01 0.01 4980600.0 138361000.0
1404 Dec 11, 2017 0.01 0.01 0.01 0.01 5295290.0 122895000.0
1405 Dec 12, 2017 0.01 0.01 0.01 0.01 8566420.0 136470000.0
1406 Dec 13, 2017 0.01 0.02 0.01 0.01 9236440.0 150572000.0
1407 Dec 14, 2017 0.01 0.02 0.01 0.02 32558800.0 147750000.0
1408 Dec 15, 2017 0.02 0.02 0.02 0.02 24601900.0 202846000.0
1409 Dec 16, 2017 0.02 0.03 0.02 0.03 46015300.0 198056000.0
1410 Dec 17, 2017 0.03 0.05 0.03 0.04 157847000.0 298145000.0
1411 Dec 18, 2017 0.04 0.04 0.03 0.04 62766500.0 347902000.0
1412 Dec 19, 2017 0.04 0.04 0.04 0.04 69963700.0 356274000.0
1413 Dec 20, 2017 0.04 0.06 0.03 0.05 103059000.0 384873000.0
1414 Dec 21, 2017 0.05 0.06 0.04 0.05 75978200.0 486509000.0
1415 Dec 22, 2017 0.05 0.05 0.03 0.04 41536100.0 476623000.0
1416 Dec 23, 2017 0.04 0.09 0.04 0.07 226261000.0 404624000.0
1417 Dec 24, 2017 0.07 0.09 0.06 0.08 125305000.0 675201000.0
1418 Dec 25, 2017 0.09 0.09 0.06 0.07 93801500.0 818574000.0
1419 Dec 26, 2017 0.06 0.07 0.06 0.07 96599900.0 623239000.0
1420 Dec 27, 2017 0.07 0.08 0.06 0.07 62377800.0 645912000.0
1421 Dec 28, 2017 0.06 0.07 0.05 0.06 34190500.0 622959000.0
1422 Dec 29, 2017 0.06 0.07 0.06 0.07 39750200.0 568130000.0
1423 Dec 30, 2017 0.07 0.07 0.06 0.07 47014800.0 646862000.0
1424 Dec 31, 2017 0.07 0.07 0.06 0.07 49734600.0 660635000.0
1425 Jan 01, 2018 0.07 0.07 0.06 0.07 25680600.0 681700000.0
1426 Jan 02, 2018 0.07 0.07 0.06 0.07 54081500.0 673331000.0
1427 Jan 03, 2018 0.07 0.08 0.06 0.08 69436000.0 637068000.0
1428 Jan 04, 2018 0.08 0.11 0.07 0.1 179759000.0 773857000.0
1429 Jan 05, 2018 0.1 0.12 0.09 0.11 192553000.0 920234000.0
1430 Jan 06, 2018 0.12 0.14 0.12 0.13 173443000.0 1111440000.0
1431 Jan 07, 2018 0.13 0.14 0.12 0.13 85568900.0 1222350000.0
1432 Jan 08, 2018 0.13 0.13 0.1 0.12 83133900.0 1227590000.0
1433 Jan 09, 2018 0.12 0.13 0.11 0.11 64104300.0 1116730000.0
1434 Jan 10, 2018 0.11 0.12 0.1 0.11 79983500.0 1080220000.0
1435 Jan 11, 2018 0.11 0.11 0.09 0.09 45121700.0 1066090000.0
1436 Jan 12, 2018 0.09 0.1 0.09 0.1 29030200.0 907496000.0
1437 Jan 13, 2018 0.1 0.1 0.1 0.1 25761300.0 998393000.0
1438 Jan 14, 2018 0.1 0.1 0.09 0.09 20012900.0 988634000.0
1439 Jan 15, 2018 0.09 0.1 0.08 0.08 27889700.0 897455000.0
1440 Jan 16, 2018 0.09 0.09 0.04 0.06 42617800.0 827351000.0
1441 Jan 17, 2018 0.06 0.06 0.04 0.06 31095800.0 570166000.0
1442 Jan 18, 2018 0.06 0.07 0.06 0.06 28260400.0 594474000.0
1443 Jan 19, 2018 0.06 0.07 0.06 0.06 19232400.0 620700000.0
1444 Jan 20, 2018 0.06 0.07 0.06 0.07 16644300.0 605105000.0
1445 Jan 21, 2018 0.07 0.07 0.05 0.06 14206800.0 666329000.0
1446 Jan 22, 2018 0.06 0.06 0.05 0.05 12059300.0 552453000.0
1447 Jan 23, 2018 0.05 0.06 0.05 0.05 12700100.0 518649000.0
1448 Jan 24, 2018 0.05 0.06 0.05 0.06 13325400.0 535677000.0
1449 Jan 25, 2018 0.06 0.06 0.05 0.06 10194400.0 569764000.0
1450 Jan 26, 2018 0.06 0.06 0.05 0.05 9074170.0 548500000.0
1451 Jan 27, 2018 0.05 0.06 0.05 0.06 12033800.0 534521000.0
1452 Jan 28, 2018 0.06 0.07 0.06 0.06 18214900.0 586832000.0
1453 Jan 29, 2018 0.07 0.07 0.06 0.06 22635200.0 636908000.0
1454 Jan 30, 2018 0.06 0.06 0.05 0.05 12622100.0 605751000.0
1455 Jan 31, 2018 0.05 0.05 0.05 0.05 10773500.0 495851000.0
1456 Feb 01, 2018 0.05 0.05 0.04 0.04 10311400.0 520339000.0
1457 Feb 02, 2018 0.04 0.04 0.03 0.04 10603000.0 427999000.0
1458 Feb 03, 2018 0.04 0.05 0.04 0.04 5807230.0 412922000.0
1459 Feb 04, 2018 0.04 0.04 0.03 0.04 5166060.0 425681000.0
1460 Feb 05, 2018 0.04 0.04 0.03 0.03 7901010.0 354705000.0
1461 Feb 06, 2018 0.03 0.03 0.02 0.03 8080540.0 261647000.0
1462 Feb 07, 2018 0.03 0.04 0.03 0.03 5452160.0 318448000.0
1463 Feb 08, 2018 0.03 0.03 0.03 0.03 3149590.0 295193000.0
1464 Feb 09, 2018 0.03 0.04 0.03 0.04 8434850.0 324745000.0
1465 Feb 10, 2018 0.04 0.04 0.03 0.04 6416990.0 382255000.0
1466 Feb 11, 2018 0.04 0.04 0.03 0.03 3333350.0 356969000.0
1467 Feb 12, 2018 0.03 0.04 0.03 0.04 3263460.0 328533000.0
1468 Feb 13, 2018 0.04 0.04 0.03 0.04 3532400.0 369314000.0
1469 Feb 14, 2018 0.04 0.04 0.04 0.04 5449500.0 347686000.0
1470 Feb 15, 2018 0.04 0.05 0.04 0.04 7854180.0 414134000.0
1471 Feb 16, 2018 0.04 0.04 0.04 0.04 4329510.0 426558000.0
1472 Feb 17, 2018 0.04 0.05 0.04 0.05 8647620.0 433574000.0
1473 Feb 18, 2018 0.05 0.05 0.04 0.04 4765930.0 482032000.0
1474 Feb 19, 2018 0.04 0.04 0.04 0.04 5187730.0 422501000.0
1475 Feb 20, 2018 0.04 0.04 0.04 0.04 7714550.0 434822000.0
1476 Feb 21, 2018 0.04 0.04 0.04 0.04 5419810.0 387632000.0
1477 Feb 22, 2018 0.04 0.04 0.03 0.03 4783060.0 366110000.0
1478 Feb 23, 2018 0.03 0.04 0.03 0.03 3940420.0 323135000.0
1479 Feb 24, 2018 0.03 0.04 0.03 0.03 2803500.0 334287000.0
1480 Feb 25, 2018 0.03 0.03 0.03 0.03 3182620.0 318931000.0
1481 Feb 26, 2018 0.03 0.04 0.03 0.04 3662050.0 335732000.0
1482 Feb 27, 2018 0.04 0.04 0.04 0.04 3948000.0 355453000.0
1483 Feb 28, 2018 0.04 0.04 0.03 0.03 2961010.0 364137000.0
1484 Mar 01, 2018 0.03 0.04 0.03 0.04 7433250.0 320460000.0
1485 Mar 02, 2018 0.04 0.04 0.04 0.04 4526580.0 359711000.0
1486 Mar 03, 2018 0.04 0.04 0.03 0.04 3778450.0 357163000.0
1487 Mar 04, 2018 0.04 0.04 0.03 0.04 2802420.0 347759000.0
1488 Mar 05, 2018 0.04 0.04 0.03 0.03 3065310.0 353192000.0
1489 Mar 06, 2018 0.03 0.03 0.03 0.03 2659290.0 341353000.0
1490 Mar 07, 2018 0.03 0.03 0.03 0.03 4314090.0 309042000.0
1491 Mar 08, 2018 0.03 0.03 0.03 0.03 2348080.0 275868000.0
1492 Mar 09, 2018 0.03 0.03 0.02 0.03 2585470.0 264482000.0
1493 Mar 10, 2018 0.03 0.03 0.02 0.02 1471850.0 255539000.0
1494 Mar 11, 2018 0.02 0.03 0.02 0.03 1486700.0 242446000.0
1495 Mar 12, 2018 0.03 0.03 0.03 0.03 6789180.0 261864000.0
1496 Mar 13, 2018 0.03 0.03 0.03 0.03 1994580.0 271079000.0
1497 Mar 14, 2018 0.03 0.03 0.02 0.02 2044320.0 261050000.0
1498 Mar 15, 2018 0.02 0.02 0.02 0.02 2087190.0 227556000.0
1499 Mar 16, 2018 0.02 0.02 0.02 0.02 970696.0 221474000.0
1500 Mar 17, 2018 0.02 0.02 0.02 0.02 940464.0 219051000.0
1501 Mar 18, 2018 0.02 0.02 0.02 0.02 2538820.0 199302000.0
1502 Mar 19, 2018 0.02 0.02 0.02 0.02 1669820.0 201336000.0
1503 Mar 20, 2018 0.02 0.03 0.02 0.02 2250430.0 224301000.0
1504 Mar 21, 2018 0.02 0.03 0.02 0.02 2167350.0 249378000.0
1505 Mar 22, 2018 0.02 0.02 0.02 0.02 1311100.0 241747000.0
1506 Mar 23, 2018 0.02 0.02 0.02 0.02 1638870.0 238508000.0
1507 Mar 24, 2018 0.02 0.02 0.02 0.02 1386410.0 230182000.0
1508 Mar 25, 2018 0.02 0.03 0.02 0.02 2796490.0 224538000.0
1509 Mar 26, 2018 0.02 0.02 0.02 0.02 2563940.0 241462000.0
1510 Mar 27, 2018 0.02 0.02 0.02 0.02 1766760.0 223734000.0
