0 Aug 20, 2014 0.0 0.0 0.0 0.0 84067.1 743804.0
1 Aug 21, 2014 0.0 0.0 0.0 0.0 40579.5 1089700.0
2 Aug 22, 2014 0.0 0.0 0.0 0.0 25010.4 887478.0
3 Aug 23, 2014 0.0 0.0 0.0 0.0 18200.8 788985.0
4 Aug 24, 2014 0.0 0.0 0.0 0.0 18814.2 735697.0
5 Aug 25, 2014 0.0 0.0 0.0 0.0 14115.3 707327.0
6 Aug 26, 2014 0.0 0.0 0.0 0.0 14127.8 758836.0
7 Aug 27, 2014 0.0 0.0 0.0 0.0 18031.1 725428.0
8 Aug 28, 2014 0.0 0.0 0.0 0.0 17298.7 658661.0
9 Aug 29, 2014 0.0 0.0 0.0 0.0 13702.7 658483.0
10 Aug 30, 2014 0.0 0.0 0.0 0.0 6479.62 684247.0
11 Aug 31, 2014 0.0 0.0 0.0 0.0 8027.6 650800.0
12 >Sep 01, 201 0.0 0.0 0.0 0.0 3432.33 582059.0
13 Sep 02, 2014 0.0 0.0 0.0 0.0 9893.94 570351.0
14 Sep 03, 2014 0.0 0.0 0.0 0.0 7780.56 529419.0
15 Sep 04, 2014 0.0 0.0 0.0 0.0 5683.42 557474.0
16 Sep 05, 2014 0.0 0.0 0.0 0.0 10916.6 548417.0
17 Sep 06, 2014 0.0 0.0 0.0 0.0 7209.7 476396.0
18 Sep 07, 2014 0.0 0.0 0.0 0.0 5162.28 531572.0
19 Sep 08, 2014 0.0 0.0 0.0 0.0 5948.78 480042.0
20 Sep 09, 2014 0.0 0.0 0.0 0.0 5731.8 420686.0
21 Sep 10, 2014 0.0 0.0 0.0 0.0 9128.91 425365.0
22 Sep 11, 2014 0.0 0.0 0.0 0.0 4751.45 429443.0
23 Sep 12, 2014 0.0 0.0 0.0 0.0 3895.17 448495.0
24 Sep 13, 2014 0.0 0.0 0.0 0.0 5718.1 424605.0
25 Sep 14, 2014 0.0 0.0 0.0 0.0 4159.35 385842.0
26 Sep 15, 2014 0.0 0.0 0.0 0.0 4638.19 388857.0
27 Sep 16, 2014 0.0 0.0 0.0 0.0 5400.3 427507.0
28 Sep 17, 2014 0.0 0.0 0.0 0.0 7098.56 426126.0
29 Sep 18, 2014 0.0 0.0 0.0 0.0 12900.8 473637.0
30 Sep 19, 2014 0.0 0.0 0.0 0.0 14970.9 546728.0
31 Sep 20, 2014 0.0 0.0 0.0 0.0 7919.61 576412.0
32 Sep 21, 2014 0.0 0.0 0.0 0.0 5688.75 592302.0
33 Sep 22, 2014 0.0 0.0 0.0 0.0 5384.23 499533.0
34 Sep 23, 2014 0.0 0.0 0.0 0.0 4514.85 477930.0
35 Sep 24, 2014 0.0 0.0 0.0 0.0 6310.13 558074.0
36 Sep 25, 2014 0.0 0.0 0.0 0.0 6429.96 617985.0
37 Sep 26, 2014 0.0 0.0 0.0 0.0 3182.81 599088.0
38 Sep 27, 2014 0.0 0.0 0.0 0.0 4071.44 562520.0
39 Sep 28, 2014 0.0 0.0 0.0 0.0 4571.83 582642.0
40 Sep 29, 2014 0.0 0.0 0.0 0.0 6562.85 511256.0
41 Sep 30, 2014 0.0 0.0 0.0 0.0 9190.11 520093.0
42 Oct 01, 2014 0.0 0.0 0.0 0.0 2770.34 558207.0
43 Oct 02, 2014 0.0 0.0 0.0 0.0 5861.38 541956.0
44 Oct 03, 2014 0.0 0.0 0.0 0.0 2723.74 523630.0
45 Oct 04, 2014 0.0 0.0 0.0 0.0 4599.34 497053.0
46 Oct 05, 2014 0.0 0.0 0.0 0.0 1587.98 412100.0
47 Oct 06, 2014 0.0 0.0 0.0 0.0 3188.56 444109.0
48 Oct 07, 2014 0.0 0.0 0.0 0.0 3097.06 404642.0
49 Oct 08, 2014 0.0 0.0 0.0 0.0 2714.2 430461.0
50 Oct 09, 2014 0.0 0.0 0.0 0.0 4008.96 419577.0
51 Oct 10, 2014 0.0 0.0 0.0 0.0 1285.41 402348.0
52 Oct 11, 2014 0.0 0.0 0.0 0.0 1024.13 395645.0
53 Oct 12, 2014 0.0 0.0 0.0 0.0 1422.97 406167.0
54 Oct 13, 2014 0.0 0.0 0.0 0.0 4223.78 410983.0
55 Oct 14, 2014 0.0 0.0 0.0 0.0 4986.0 363653.0
56 Oct 15, 2014 0.0 0.0 0.0 0.0 3682.64 366781.0
57 Oct 16, 2014 0.0 0.0 0.0 0.0 5695.42 321278.0
58 Oct 17, 2014 0.0 0.0 0.0 0.0 3872.74 334559.0
59 Oct 18, 2014 0.0 0.0 0.0 0.0 1724.44 293391.0
60 Oct 19, 2014 0.0 0.0 0.0 0.0 1711.66 264940.0
61 Oct 20, 2014 0.0 0.0 0.0 0.0 2719.73 224145.0
62 Oct 21, 2014 0.0 0.0 0.0 0.0 5800.64 210727.0
63 Oct 22, 2014 0.0 0.0 0.0 0.0 3021.98 141134.0
64 Oct 23, 2014 0.0 0.0 0.0 0.0 4019.75 196659.0
65 Oct 24, 2014 0.0 0.0 0.0 0.0 2249.71 302317.0
66 Oct 25, 2014 0.0 0.0 0.0 0.0 2918.44 274149.0
67 Oct 26, 2014 0.0 0.0 0.0 0.0 575.49 280837.0
68 Oct 27, 2014 0.0 0.0 0.0 0.0 1029.57 230247.0
69 Oct 28, 2014 0.0 0.0 0.0 0.0 2794.58 230330.0
70 Oct 29, 2014 0.0 0.0 0.0 0.0 2962.65 263027.0
71 Oct 30, 2014 0.0 0.0 0.0 0.0 555.63 241008.0
72 Oct 31, 2014 0.0 0.0 0.0 0.0 689.14 253339.0
73 Nov 01, 2014 0.0 0.0 0.0 0.0 1446.87 235772.0
74 Nov 02, 2014 0.0 0.0 0.0 0.0 477.91 187025.0
75 Nov 03, 2014 0.0 0.0 0.0 0.0 1615.9 195471.0
76 Nov 04, 2014 0.0 0.0 0.0 0.0 502.88 171412.0
77 Nov 05, 2014 0.0 0.0 0.0 0.0 863.72 178817.0
78 Nov 06, 2014 0.0 0.0 0.0 0.0 907.16 156631.0
79 Nov 07, 2014 0.0 0.0 0.0 0.0 507.43 168967.0
80 Nov 08, 2014 0.0 0.0 0.0 0.0 538.85 167967.0
81 Nov 09, 2014 0.0 0.0 0.0 0.0 377.97 165527.0
82 Nov 10, 2014 0.0 0.0 0.0 0.0 1284.95 174600.0
83 Nov 11, 2014 0.0 0.0 0.0 0.0 1147.79 240952.0
84 Nov 12, 2014 0.0 0.0 0.0 0.0 4791.58 241217.0
85 Nov 13, 2014 0.0 0.0 0.0 0.0 2788.8 198911.0
86 Nov 14, 2014 0.0 0.0 0.0 0.0 2483.94 162992.0
87 Nov 15, 2014 0.0 0.0 0.0 0.0 753.77 142534.0
88 Nov 16, 2014 0.0 0.0 0.0 0.0 1347.87 132258.0
89 Nov 17, 2014 0.0 0.0 0.0 0.0 1221.28 133744.0
90 Nov 18, 2014 0.0 0.0 0.0 0.0 1223.45 162099.0
91 Nov 19, 2014 0.0 0.0 0.0 0.0 1541.68 153417.0
92 Nov 20, 2014 0.0 0.0 0.0 0.0 688.8 145661.0
93 Nov 21, 2014 0.0 0.0 0.0 0.0 474.88 127134.0
94 Nov 22, 2014 0.0 0.0 0.0 0.0 903.85 135037.0
95 Nov 23, 2014 0.0 0.0 0.0 0.0 519.18 132861.0
96 Nov 24, 2014 0.0 0.0 0.0 0.0 2139.82 128847.0
97 Nov 25, 2014 0.0 0.0 0.0 0.0 1326.52 161685.0
98 Nov 26, 2014 0.0 0.0 0.0 0.0 494.93 147524.0
99 Nov 27, 2014 0.0 0.0 0.0 0.0 295.46 132315.0
100 Nov 28, 2014 0.0 0.0 0.0 0.0 51.0 129860.0
101 Nov 29, 2014 0.0 0.0 0.0 0.0 232.22 143401.0
102 Nov 30, 2014 0.0 0.0 0.0 0.0 2061.19 137720.0
103 Dec 01, 2014 0.0 0.0 0.0 0.0 1087.91 177117.0
104 Dec 02, 2014 0.0 0.0 0.0 0.0 217.46 166601.0
105 Dec 03, 2014 0.0 0.0 0.0 0.0 1317.43 167425.0
106 Dec 04, 2014 0.0 0.0 0.0 0.0 1086.08 179179.0
107 Dec 05, 2014 0.0 0.0 0.0 0.0 998.39 189021.0
108 Dec 06, 2014 0.0 0.0 0.0 0.0 297.35 202355.0
109 Dec 07, 2014 0.0 0.0 0.0 0.0 834.62 202499.0
110 Dec 08, 2014 0.0 0.0 0.0 0.0 454.63 187676.0
111 Dec 09, 2014 0.0 0.0 0.0 0.0 1506.31 175052.0
112 Dec 10, 2014 0.0 0.0 0.0 0.0 560.2 167891.0
113 Dec 11, 2014 0.0 0.0 0.0 0.0 648.24 155372.0
114 Dec 12, 2014 0.0 0.0 0.0 0.0 130.59 157325.0
115 Dec 13, 2014 0.0 0.0 0.0 0.0 94.29 158949.0
116 Dec 14, 2014 0.0 0.0 0.0 0.0 198.34 160271.0
117 Dec 15, 2014 0.0 0.0 0.0 0.0 875.9 162124.0
118 Dec 16, 2014 0.0 0.0 0.0 0.0 85.13 144114.0
119 Dec 17, 2014 0.0 0.0 0.0 0.0 338.36 136640.0
120 Dec 18, 2014 0.0 0.0 0.0 0.0 331.08 123774.0
121 Dec 19, 2014 0.0 0.0 0.0 0.0 743.72 125087.0
122 Dec 20, 2014 0.0 0.0 0.0 0.0 2107.68 152928.0
123 Dec 21, 2014 0.0 0.0 0.0 0.0 772.06 139641.0
124 Dec 22, 2014 0.0 0.0 0.0 0.0 521.03 135534.0
125 Dec 23, 2014 0.0 0.0 0.0 0.0 203.11 137299.0
126 Dec 24, 2014 0.0 0.0 0.0 0.0 188.32 147275.0
127 Dec 25, 2014 0.0 0.0 0.0 0.0 395.87 140340.0
128 Dec 26, 2014 0.0 0.0 0.0 0.0 6672.04 143573.0
129 Dec 27, 2014 0.0 0.0 0.0 0.0 7493.11 214399.0
130 Dec 28, 2014 0.0 0.0 0.0 0.0 6506.92 218698.0
131 Dec 29, 2014 0.0 0.0 0.0 0.0 2137.27 186261.0
132 Dec 30, 2014 0.0 0.0 0.0 0.0 1052.8 167007.0
133 Dec 31, 2014 0.0 0.0 0.0 0.0 963.44 177834.0
134 Jan 01, 2015 0.0 0.0 0.0 0.0 861.59 203796.0
135 Jan 02, 2015 0.0 0.0 0.0 0.0 4756.09 200226.0
136 Jan 03, 2015 0.0 0.0 0.0 0.0 9485.39 212376.0
137 Jan 04, 2015 0.0 0.0 0.0 0.0 8194.05 308480.0
138 Jan 05, 2015 0.0 0.0 0.0 0.0 1392.36 237896.0
139 Jan 06, 2015 0.0 0.0 0.0 0.0 6577.13 258204.0
140 Jan 07, 2015 0.0 0.0 0.0 0.0 4166.05 242094.0
141 Jan 08, 2015 0.0 0.0 0.0 0.0 1125.02 266692.0
142 Jan 09, 2015 0.0 0.0 0.0 0.0 8252.65 262773.0
143 Jan 10, 2015 0.0 0.0 0.0 0.0 6984.99 369679.0
144 Jan 11, 2015 0.0 0.0 0.0 0.0 3613.42 290083.0
145 Jan 12, 2015 0.0 0.0 0.0 0.0 4738.43 264663.0
146 Jan 13, 2015 0.0 0.0 0.0 0.0 2976.52 235826.0
147 Jan 14, 2015 0.0 0.0 0.0 0.0 1235.39 220511.0
148 Jan 15, 2015 0.0 0.0 0.0 0.0 4991.79 178357.0
149 Jan 16, 2015 0.0 0.0 0.0 0.0 1357.84 243732.0
150 Jan 17, 2015 0.0 0.0 0.0 0.0 1291.56 225384.0
151 Jan 18, 2015 0.0 0.0 0.0 0.0 2224.98 223247.0
152 Jan 19, 2015 0.0 0.0 0.0 0.0 825.55 220472.0
153 Jan 20, 2015 0.0 0.0 0.0 0.0 385.47 208649.0
154 Jan 21, 2015 0.0 0.0 0.0 0.0 1682.75 196013.0
155 Jan 22, 2015 0.0 0.0 0.0 0.0 1042.63 217241.0
156 Jan 23, 2015 0.0 0.0 0.0 0.0 1561.0 210275.0
157 Jan 24, 2015 0.0 0.0 0.0 0.0 695.82 189642.0
158 Jan 25, 2015 0.0 0.0 0.0 0.0 732.51 197519.0
159 Jan 26, 2015 0.0 0.0 0.0 0.0 608.25 194035.0
160 Jan 27, 2015 0.0 0.0 0.0 0.0 1413.9 202466.0
161 Jan 28, 2015 0.0 0.0 0.0 0.0 563.24 192688.0
162 Jan 29, 2015 0.0 0.0 0.0 0.0 582.55 193031.0
163 Jan 30, 2015 0.0 0.0 0.0 0.0 151.9 183516.0
164 Jan 31, 2015 0.0 0.0 0.0 0.0 601.8 176431.0
165 Feb 01, 2015 0.0 0.0 0.0 0.0 385.57 167846.0
166 Feb 02, 2015 0.0 0.0 0.0 0.0 976.91 165708.0
167 Feb 03, 2015 0.0 0.0 0.0 0.0 525.57 185819.0
168 Feb 04, 2015 0.0 0.0 0.0 0.0 1093.16 159495.0
169 Feb 05, 2015 0.0 0.0 0.0 0.0 1468.42 154878.0
170 Feb 06, 2015 0.0 0.0 0.0 0.0 335.46 133297.0
171 Feb 07, 2015 0.0 0.0 0.0 0.0 398.24 142650.0
172 Feb 08, 2015 0.0 0.0 0.0 0.0 2192.19 126538.0
173 Feb 09, 2015 0.0 0.0 0.0 0.0 370.49 133992.0
174 Feb 10, 2015 0.0 0.0 0.0 0.0 204.86 144099.0
175 Feb 11, 2015 0.0 0.0 0.0 0.0 288.65 123344.0
176 Feb 12, 2015 0.0 0.0 0.0 0.0 1024.3 125373.0
177 Feb 13, 2015 0.0 0.0 0.0 0.0 1495.63 125874.0
178 Feb 14, 2015 0.0 0.0 0.0 0.0 667.23 130175.0
179 Feb 15, 2015 0.0 0.0 0.0 0.0 373.27 142907.0
180 Feb 16, 2015 0.0 0.0 0.0 0.0 504.85 125052.0
181 Feb 17, 2015 0.0 0.0 0.0 0.0 353.04 119778.0
182 Feb 18, 2015 0.0 0.0 0.0 0.0 755.76 119693.0
183 Feb 19, 2015 0.0 0.0 0.0 0.0 953.4 105199.0
184 Feb 20, 2015 0.0 0.0 0.0 0.0 1165.05 112639.0
185 Feb 21, 2015 0.0 0.0 0.0 0.0 291.17 94420.7
186 Feb 22, 2015 0.0 0.0 0.0 0.0 1420.05 99031.9
187 Feb 23, 2015 0.0 0.0 0.0 0.0 681.63 84420.9
188 Feb 24, 2015 0.0 0.0 0.0 0.0 1628.58 105623.0
189 Feb 25, 2015 0.0 0.0 0.0 0.0 1936.72 87569.1
190 Feb 26, 2015 0.0 0.0 0.0 0.0 697.12 350984.0
191 Feb 27, 2015 0.0 0.0 0.0 0.0 701.37 116449.0
192 Feb 28, 2015 0.0 0.0 0.0 0.0 990.0 106662.0
193 Mar 01, 2015 0.0 0.0 0.0 0.0 860.67 110764.0
194 Mar 02, 2015 0.0 0.0 0.0 0.0 1655.43 105162.0
195 Mar 03, 2015 0.0 0.0 0.0 0.0 1554.68 119027.0
196 Mar 04, 2015 0.0 0.0 0.0 0.0 2003.3 129265.0
197 Mar 05, 2015 0.0 0.0 0.0 0.0 262.01 123192.0
198 Mar 06, 2015 0.0 0.0 0.0 0.0 334.53 111655.0
199 Mar 07, 2015 0.0 0.0 0.0 0.0 5088.31 104680.0
200 Mar 08, 2015 0.0 0.0 0.0 0.0 4304.22 112132.0
201 Mar 09, 2015 0.0 0.0 0.0 0.0 267.57 120698.0
202 Mar 10, 2015 0.0 0.0 0.0 0.0 993.33 121604.0
203 Mar 11, 2015 0.0 0.0 0.0 0.0 796.3 118071.0
204 Mar 12, 2015 0.0 0.0 0.0 0.0 1114.6 118421.0
205 Mar 13, 2015 0.0 0.0 0.0 0.0 2328.94 110875.0
206 Mar 14, 2015 0.0 0.0 0.0 0.0 3111.1 129277.0
207 Mar 15, 2015 0.0 0.0 0.0 0.0 4073.11 121525.0
208 Mar 16, 2015 0.0 0.0 0.0 0.0 3326.14 194924.0
209 Mar 17, 2015 0.0 0.0 0.0 0.0 1572.41 178977.0
210 Mar 18, 2015 0.0 0.0 0.0 0.0 1694.48 160828.0
211 Mar 19, 2015 0.0 0.0 0.0 0.0 4236.38 148714.0
212 Mar 20, 2015 0.0 0.0 0.0 0.0 736.11 159172.0
213 Mar 21, 2015 0.0 0.0 0.0 0.0 3734.76 141769.0
214 Mar 22, 2015 0.0 0.0 0.0 0.0 1376.46 184301.0
215 Mar 23, 2015 0.0 0.0 0.0 0.0 1144.87 194940.0
216 Mar 24, 2015 0.0 0.0 0.0 0.0 1355.56 192673.0
217 Mar 25, 2015 0.0 0.0 0.0 0.0 695.41 176046.0
218 Mar 26, 2015 0.0 0.0 0.0 0.0 1276.76 155978.0
219 Mar 27, 2015 0.0 0.0 0.0 0.0 1682.62 156691.0
220 Mar 28, 2015 0.0 0.0 0.0 0.0 1102.21 176792.0
221 Mar 29, 2015 0.0 0.0 0.0 0.0 388.55 166761.0
222 Mar 30, 2015 0.0 0.0 0.0 0.0 247.96 165514.0
223 Mar 31, 2015 0.0 0.0 0.0 0.0 497.46 164677.0
224 Apr 01, 2015 0.0 0.0 0.0 0.0 694.38 159556.0
225 Apr 02, 2015 0.0 0.0 0.0 0.0 601.1 141008.0
226 Apr 03, 2015 0.0 0.0 0.0 0.0 204.28 135904.0
227 Apr 04, 2015 0.0 0.0 0.0 0.0 200.51 141517.0
228 Apr 05, 2015 0.0 0.0 0.0 0.0 1247.12 147810.0
229 Apr 06, 2015 0.0 0.0 0.0 0.0 1288.86 152375.0
230 Apr 07, 2015 0.0 0.0 0.0 0.0 1290.83 141373.0
231 Apr 08, 2015 0.0 0.0 0.0 0.0 778.89 138913.0
232 Apr 09, 2015 0.0 0.0 0.0 0.0 334.85 145801.0
233 Apr 10, 2015 0.0 0.0 0.0 0.0 21354.8 147340.0
234 >Apr 11, 201 0.0 0.0 0.0 0.0 6602.18 161896.0
235 Apr 12, 2015 0.0 0.0 0.0 0.0 1630.55 193161.0
236 Apr 13, 2015 0.0 0.0 0.0 0.0 1302.54 174367.0
237 Apr 14, 2015 0.0 0.0 0.0 0.0 422.51 166323.0
238 Apr 15, 2015 0.0 0.0 0.0 0.0 647.0 159694.0
239 Apr 16, 2015 0.0 0.0 0.0 0.0 1010.66 151363.0
240 Apr 17, 2015 0.0 0.0 0.0 0.0 975.53 174530.0
241 Apr 18, 2015 0.0 0.0 0.0 0.0 2382.61 167939.0
242 Apr 19, 2015 0.0 0.0 0.0 0.0 229.02 206256.0
243 Apr 20, 2015 0.0 0.0 0.0 0.0 2283.6 189880.0
244 Apr 21, 2015 0.0 0.0 0.0 0.0 1472.34 245158.0
245 Apr 22, 2015 0.0 0.0 0.0 0.0 8013.14 242049.0
246 Apr 23, 2015 0.0 0.0 0.0 0.0 2853.52 287696.0
247 Apr 24, 2015 0.0 0.0 0.0 0.0 6148.04 345525.0
248 Apr 25, 2015 0.0 0.0 0.0 0.0 11966.1 304060.0
249 Apr 26, 2015 0.0 0.0 0.0 0.0 5554.32 300720.0
250 Apr 27, 2015 0.0 0.0 0.0 0.0 1643.59 249051.0
251 Apr 28, 2015 0.0 0.0 0.0 0.0 4355.62 234466.0
252 Apr 29, 2015 0.0 0.0 0.0 0.0 1508.71 247450.0
253 Apr 30, 2015 0.0 0.0 0.0 0.0 1013.66 304088.0
254 May 01, 2015 0.0 0.0 0.0 0.0 1958.08 262266.0
255 May 02, 2015 0.0 0.0 0.0 0.0 196.86 285821.0
256 May 03, 2015 0.0 0.0 0.0 0.0 6972.56 288725.0
257 May 04, 2015 0.0 0.0 0.0 0.0 4483.85 349135.0
258 May 05, 2015 0.0 0.0 0.0 0.0 1174.35 351580.0
259 May 06, 2015 0.0 0.0 0.0 0.0 2035.45 325905.0
260 May 07, 2015 0.0 0.0 0.0 0.0 297.85 298785.0
261 May 08, 2015 0.0 0.0 0.0 0.0 2592.61 309235.0
262 May 09, 2015 0.0 0.0 0.0 0.0 1434.11 327657.0
263 May 10, 2015 0.0 0.0 0.0 0.0 1025.04 303859.0
264 May 11, 2015 0.0 0.0 0.0 0.0 847.46 302043.0
265 May 12, 2015 0.0 0.0 0.0 0.0 962.45 266434.0
266 May 13, 2015 0.0 0.0 0.0 0.0 226.02 274026.0
267 May 14, 2015 0.0 0.0 0.0 0.0 465.0 252142.0
268 May 15, 2015 0.0 0.0 0.0 0.0 212.97 265805.0
269 May 16, 2015 0.0 0.0 0.0 0.0 180.04 256661.0
270 May 17, 2015 0.0 0.0 0.0 0.0 300.5 253777.0
271 May 18, 2015 0.0 0.0 0.0 0.0 610.62 266247.0
272 May 19, 2015 0.0 0.0 0.0 0.0 492.76 302138.0
273 May 20, 2015 0.0 0.0 0.0 0.0 809.47 291557.0
274 May 21, 2015 0.0 0.0 0.0 0.0 879.98 295293.0
275 May 22, 2015 0.0 0.0 0.0 0.0 898.95 282056.0
276 May 23, 2015 0.0 0.0 0.0 0.0 553.18 299607.0
277 May 24, 2015 0.0 0.0 0.0 0.0 944.87 295147.0
278 May 25, 2015 0.0 0.0 0.0 0.0 493.74 281917.0
279 May 26, 2015 0.0 0.0 0.0 0.0 200.76 270721.0
280 May 27, 2015 0.0 0.0 0.0 0.0 432.69 266739.0
281 May 28, 2015 0.0 0.0 0.0 0.0 224.54 261502.0
282 May 29, 2015 0.0 0.0 0.0 0.0 1313.16 271568.0
283 May 30, 2015 0.0 0.0 0.0 0.0 1139.95 291452.0
284 May 31, 2015 0.0 0.0 0.0 0.0 1608.44 294191.0
285 Jun 01, 2015 0.0 0.0 0.0 0.0 759.03 342164.0
286 Jun 02, 2015 0.0 0.0 0.0 0.0 1767.28 345835.0
287 Jun 03, 2015 0.0 0.0 0.0 0.0 156.4 342762.0
288 Jun 04, 2015 0.0 0.0 0.0 0.0 1498.5 340946.0
289 Jun 05, 2015 0.0 0.0 0.0 0.0 1949.16 358332.0
290 Jun 06, 2015 0.0 0.0 0.0 0.0 120.89 339435.0
291 Jun 07, 2015 0.0 0.0 0.0 0.0 125.59 340985.0
292 Jun 08, 2015 0.0 0.0 0.0 0.0 1339.41 356325.0
293 Jun 09, 2015 0.0 0.0 0.0 0.0 395.05 357586.0
294 Jun 10, 2015 0.0 0.0 0.0 0.0 905.31 386646.0
295 Jun 11, 2015 0.0 0.0 0.0 0.0 1703.56 362208.0
296 Jun 12, 2015 0.0 0.0 0.0 0.0 1105.93 361844.0
297 Jun 13, 2015 0.0 0.0 0.0 0.0 767.29 389985.0
298 Jun 14, 2015 0.0 0.0 0.0 0.0 628.97 392123.0
299 Jun 15, 2015 0.0 0.0 0.0 0.0 942.7 390088.0
300 Jun 16, 2015 0.0 0.0 0.0 0.0 417.57 394230.0
301 Jun 17, 2015 0.0 0.0 0.0 0.0 2465.63 429316.0
302 Jun 18, 2015 0.0 0.0 0.0 0.0 1064.55 396268.0
303 Jun 19, 2015 0.0 0.0 0.0 0.0 403.49 411635.0
304 Jun 20, 2015 0.0 0.0 0.0 0.0 1364.97 407842.0
305 Jun 21, 2015 0.0 0.0 0.0 0.0 681.1 405760.0
306 Jun 22, 2015 0.0 0.0 0.0 0.0 203.31 404213.0
307 Jun 23, 2015 0.0 0.0 0.0 0.0 447.27 407649.0
308 Jun 24, 2015 0.0 0.0 0.0 0.0 258.99 398319.0
309 Jun 25, 2015 0.0 0.0 0.0 0.0 179.39 385518.0
310 Jun 26, 2015 0.0 0.0 0.0 0.0 210.8 387104.0
311 Jun 27, 2015 0.0 0.0 0.0 0.0 1307.39 387556.0
312 Jun 28, 2015 0.0 0.0 0.0 0.0 466.71 382954.0
313 Jun 29, 2015 0.0 0.0 0.0 0.0 214.35 385503.0
314 Jun 30, 2015 0.0 0.0 0.0 0.0 190.33 380368.0
315 Jul 01, 2015 0.0 0.0 0.0 0.0 692.65 391124.0
316 Jul 02, 2015 0.0 0.0 0.0 0.0 1141.8 376375.0
317 Jul 03, 2015 0.0 0.0 0.0 0.0 530.89 328085.0
318 Jul 04, 2015 0.0 0.0 0.0 0.0 308.12 314695.0
319 Jul 05, 2015 0.0 0.0 0.0 0.0 196.18 317916.0
320 Jul 06, 2015 0.0 0.0 0.0 0.0 420.77 328644.0
321 Jul 07, 2015 0.0 0.0 0.0 0.0 2324.39 329637.0
322 Jul 08, 2015 0.0 0.0 0.0 0.0 1148.73 348633.0
323 Jul 09, 2015 0.0 0.0 0.0 0.0 2191.01 321837.0
324 Jul 10, 2015 0.0 0.0 0.0 0.0 784.71 298645.0
325 Jul 11, 2015 0.0 0.0 0.0 0.0 2219.17 339387.0
326 Jul 12, 2015 0.0 0.0 0.0 0.0 11203.2 285313.0
327 Jul 13, 2015 0.0 0.0 0.0 0.0 1151.88 312297.0
328 Jul 14, 2015 0.0 0.0 0.0 0.0 1325.39 292341.0
329 Jul 15, 2015 0.0 0.0 0.0 0.0 291.92 298354.0
330 Jul 16, 2015 0.0 0.0 0.0 0.0 3072.77 291695.0
331 Jul 17, 2015 0.0 0.0 0.0 0.0 1831.38 264959.0
332 Jul 18, 2015 0.0 0.0 0.0 0.0 457.21 249606.0
333 Jul 19, 2015 0.0 0.0 0.0 0.0 504.95 247253.0
334 Jul 20, 2015 0.0 0.0 0.0 0.0 749.83 246547.0
335 Jul 21, 2015 0.0 0.0 0.0 0.0 5332.95 247078.0
336 Jul 22, 2015 0.0 0.0 0.0 0.0 604.57 230576.0
337 Jul 23, 2015 0.0 0.0 0.0 0.0 1053.06 249347.0
338 Jul 24, 2015 0.0 0.0 0.0 0.0 429.35 221389.0
339 Jul 25, 2015 0.0 0.0 0.0 0.0 149.18 228398.0
340 Jul 26, 2015 0.0 0.0 0.0 0.0 693.49 229987.0
341 Jul 27, 2015 0.0 0.0 0.0 0.0 864.75 236463.0
342 Jul 28, 2015 0.0 0.0 0.0 0.0 107.54 240496.0
343 Jul 29, 2015 0.0 0.0 0.0 0.0 950.43 245238.0
344 Jul 30, 2015 0.0 0.0 0.0 0.0 340.1 254461.0
345 Jul 31, 2015 0.0 0.0 0.0 0.0 429.56 216984.0
346 Aug 01, 2015 0.0 0.0 0.0 0.0 196.93 231403.0
347 Aug 02, 2015 0.0 0.0 0.0 0.0 90.36 226634.0
348 Aug 03, 2015 0.0 0.0 0.0 0.0 150.9 225113.0
349 Aug 04, 2015 0.0 0.0 0.0 0.0 340.1 215386.0
350 Aug 05, 2015 0.0 0.0 0.0 0.0 1252.71 217981.0
351 Aug 06, 2015 0.0 0.0 0.0 0.0 424.85 194924.0
352 Aug 07, 2015 0.0 0.0 0.0 0.0 886.35 199513.0
353 Aug 08, 2015 0.0 0.0 0.0 0.0 294.78 157863.0
354 Aug 09, 2015 0.0 0.0 0.0 0.0 536.25 155141.0
355 Aug 10, 2015 0.0 0.0 0.0 0.0 211.25 158760.0
356 Aug 11, 2015 0.0 0.0 0.0 0.0 96.35 162498.0
357 Aug 12, 2015 0.0 0.0 0.0 0.0 99.39 169930.0
358 Aug 13, 2015 0.0 0.0 0.0 0.0 226.56 167059.0
359 Aug 14, 2015 0.0 0.0 0.0 0.0 1417.1 167475.0
360 Aug 15, 2015 0.0 0.0 0.0 0.0 1123.34 198038.0
361 Aug 16, 2015 0.0 0.0 0.0 0.0 481.67 227025.0
362 Aug 17, 2015 0.0 0.0 0.0 0.0 27.6 207078.0
363 Aug 18, 2015 0.0 0.0 0.0 0.0 209.58 209297.0
364 Aug 19, 2015 0.0 0.0 0.0 0.0 30.93 148537.0
365 Aug 20, 2015 0.0 0.0 0.0 0.0 143.5 162159.0
366 Aug 21, 2015 0.0 0.0 0.0 0.0 199.52 170723.0
367 Aug 22, 2015 0.0 0.0 0.0 0.0 159.78 165122.0
368 Aug 23, 2015 0.0 0.0 0.0 0.0 62.5 154826.0
369 Aug 24, 2015 0.0 0.0 0.0 0.0 93.32 161775.0
370 Aug 25, 2015 0.0 0.0 0.0 0.0 173.28 133857.0
371 Aug 26, 2015 0.0 0.0 0.0 0.0 416.56 144844.0
372 Aug 27, 2015 0.0 0.0 0.0 0.0 204.2 164329.0
373 Aug 28, 2015 0.0 0.0 0.0 0.0 137.47 155698.0
374 Aug 29, 2015 0.0 0.0 0.0 0.0 579.27 157411.0
375 Aug 30, 2015 0.0 0.0 0.0 0.0 66.08 150822.0
376 Aug 31, 2015 0.0 0.0 0.0 0.0 417.51 150625.0
377 Sep 01, 2015 0.0 0.0 0.0 0.0 83.54 157172.0
378 Sep 02, 2015 0.0 0.0 0.0 0.0 431.03 154113.0
379 Sep 03, 2015 0.0 0.0 0.0 0.0 102.38 176451.0
380 Sep 04, 2015 0.0 0.0 0.0 0.0 485.73 161969.0
381 Sep 05, 2015 0.0 0.0 0.0 0.0 150.82 147901.0
382 Sep 06, 2015 0.0 0.0 0.0 0.0 79.58 157745.0
383 Sep 07, 2015 0.0 0.0 0.0 0.0 522.48 156694.0
384 Sep 08, 2015 0.0 0.0 0.0 0.0 310.46 178728.0
385 Sep 09, 2015 0.0 0.0 0.0 0.0 98.98 181706.0
386 Sep 10, 2015 0.0 0.0 0.0 0.0 284.39 172304.0
387 Sep 11, 2015 0.0 0.0 0.0 0.0 11.33 171087.0
388 Sep 12, 2015 0.0 0.0 0.0 0.0 114.93 166373.0
389 Sep 13, 2015 0.0 0.0 0.0 0.0 397.19 152870.0
390 Sep 14, 2015 0.0 0.0 0.0 0.0 483.19 157538.0
391 Sep 15, 2015 0.0 0.0 0.0 0.0 1396.49 157244.0
392 Sep 16, 2015 0.0 0.0 0.0 0.0 255.99 156756.0
393 Sep 17, 2015 0.0 0.0 0.0 0.0 108.74 157791.0
394 Sep 18, 2015 0.0 0.0 0.0 0.0 443.07 158057.0
395 Sep 19, 2015 0.0 0.0 0.0 0.0 106.58 161417.0
396 >Sep 20, 201 0.0 0.0 0.0 0.0 108.14 166666.0
397 Sep 21, 2015 0.0 0.0 0.0 0.0 37.49 163048.0
398 Sep 22, 2015 0.0 0.0 0.0 0.0 52.19 154522.0
399 Sep 23, 2015 0.0 0.0 0.0 0.0 178.38 158680.0
400 Sep 24, 2015 0.0 0.0 0.0 0.0 584.19 156860.0
401 Sep 25, 2015 0.0 0.0 0.0 0.0 138.64 159469.0
402 Sep 26, 2015 0.0 0.0 0.0 0.0 256.86 159455.0
403 Sep 27, 2015 0.0 0.0 0.0 0.0 201.7 153346.0
404 Sep 28, 2015 0.0 0.0 0.0 0.0 42.55 156524.0
405 Sep 29, 2015 0.0 0.0 0.0 0.0 306.99 163332.0
406 Sep 30, 2015 0.0 0.0 0.0 0.0 467.83 155432.0
407 Oct 01, 2015 0.0 0.0 0.0 0.0 499.86 155253.0
408 Oct 02, 2015 0.0 0.0 0.0 0.0 748.8 156246.0
409 Oct 03, 2015 0.0 0.0 0.0 0.0 264.23 147211.0
410 Oct 04, 2015 0.0 0.0 0.0 0.0 742.7 172103.0
411 Oct 05, 2015 0.0 0.0 0.0 0.0 457.18 150937.0
412 Oct 06, 2015 0.0 0.0 0.0 0.0 403.64 146403.0
413 Oct 07, 2015 0.0 0.0 0.0 0.0 328.24 152869.0
414 Oct 08, 2015 0.0 0.0 0.0 0.0 194.65 146416.0
415 Oct 09, 2015 0.0 0.0 0.0 0.0 114.68 144097.0
416 Oct 10, 2015 0.0 0.0 0.0 0.0 47.51 135558.0
417 Oct 11, 2015 0.0 0.0 0.0 0.0 619.59 134708.0
418 Oct 12, 2015 0.0 0.0 0.0 0.0 213.5 160951.0
419 Oct 13, 2015 0.0 0.0 0.0 0.0 604.9 146801.0
420 Oct 14, 2015 0.0 0.0 0.0 0.0 215.84 161292.0
421 Oct 15, 2015 0.0 0.0 0.0 0.0 382.52 148128.0
422 Oct 16, 2015 0.0 0.0 0.0 0.0 605.72 147126.0
423 Oct 17, 2015 0.0 0.0 0.0 0.0 489.12 149798.0
424 Oct 18, 2015 0.0 0.0 0.0 0.0 6234.41 169499.0
425 Oct 19, 2015 0.0 0.0 0.0 0.0 9644.77 270199.0
426 Oct 20, 2015 0.0 0.0 0.0 0.0 3547.42 210903.0
427 Oct 21, 2015 0.0 0.0 0.0 0.0 5104.43 249497.0
428 Oct 22, 2015 0.0 0.0 0.0 0.0 3027.85 238818.0
429 Oct 23, 2015 0.0 0.0 0.0 0.0 1772.19 221117.0
430 Oct 24, 2015 0.0 0.0 0.0 0.0 306.88 212903.0
431 Oct 25, 2015 0.0 0.0 0.0 0.0 1099.42 212795.0
432 Oct 26, 2015 0.0 0.0 0.0 0.0 1656.32 213893.0
433 Oct 27, 2015 0.0 0.0 0.0 0.0 745.76 222750.0
434 Oct 28, 2015 0.0 0.0 0.0 0.0 846.7 192363.0
435 Oct 29, 2015 0.0 0.0 0.0 0.0 1202.54 188693.0
436 Oct 30, 2015 0.0 0.0 0.0 0.0 1901.34 199073.0
437 Oct 31, 2015 0.0 0.0 0.0 0.0 1335.61 215856.0
438 Nov 01, 2015 0.0 0.0 0.0 0.0 199.88 204663.0
439 Nov 02, 2015 0.0 0.0 0.0 0.0 449.3 226113.0
440 Nov 03, 2015 0.0 0.0 0.0 0.0 2696.86 250307.0
441 Nov 04, 2015 0.0 0.0 0.0 0.0 1076.36 242391.0
442 Nov 05, 2015 0.0 0.0 0.0 0.0 1142.52 236975.0
443 Nov 06, 2015 0.0 0.0 0.0 0.0 704.34 215882.0
444 Nov 07, 2015 0.0 0.0 0.0 0.0 268.73 190033.0
445 Nov 08, 2015 0.0 0.0 0.0 0.0 89.93 195246.0
446 Nov 09, 2015 0.0 0.0 0.0 0.0 94.19 188968.0
447 Nov 10, 2015 0.0 0.0 0.0 0.0 804.5 185106.0
448 Nov 11, 2015 0.0 0.0 0.0 0.0 193.47 155605.0
449 Nov 12, 2015 0.0 0.0 0.0 0.0 366.49 163272.0
450 Nov 13, 2015 0.0 0.0 0.0 0.0 110.37 155602.0
451 Nov 14, 2015 0.0 0.0 0.0 0.0 27.45 150553.0
452 Nov 15, 2015 0.0 0.0 0.0 0.0 108.67 149028.0
453 Nov 16, 2015 0.0 0.0 0.0 0.0 134.1 139856.0
454 Nov 17, 2015 0.0 0.0 0.0 0.0 21.38 153390.0
455 Nov 18, 2015 0.0 0.0 0.0 0.0 261.92 151356.0
456 Nov 19, 2015 0.0 0.0 0.0 0.0 682.39 157125.0
457 Nov 20, 2015 0.0 0.0 0.0 0.0 776.48 179449.0
458 Nov 21, 2015 0.0 0.0 0.0 0.0 49.7 173495.0
459 Nov 22, 2015 0.0 0.0 0.0 0.0 1754.91 172924.0
460 Nov 23, 2015 0.0 0.0 0.0 0.0 4618.44 238833.0
461 Nov 24, 2015 0.0 0.0 0.0 0.0 2692.21 224767.0
462 Nov 25, 2015 0.0 0.0 0.0 0.0 805.78 245119.0
463 Nov 26, 2015 0.0 0.0 0.0 0.0 1446.28 225917.0
464 Nov 27, 2015 0.0 0.0 0.0 0.0 587.64 225623.0
465 Nov 28, 2015 0.0 0.0 0.0 0.0 164.23 225800.0
466 Nov 29, 2015 0.0 0.0 0.0 0.0 708.85 231504.0
467 Nov 30, 2015 0.0 0.0 0.0 0.0 350.02 235746.0
468 Dec 01, 2015 0.0 0.0 0.0 0.0 52.14 224551.0
469 Dec 02, 2015 0.0 0.0 0.0 0.0 118.85 212029.0
470 Dec 03, 2015 0.0 0.0 0.0 0.0 254.47 209745.0
471 Dec 04, 2015 0.0 0.0 0.0 0.0 707.12 230693.0
472 Dec 05, 2015 0.0 0.0 0.0 0.0 348.15 213317.0
473 Dec 06, 2015 0.0 0.0 0.0 0.0 589.78 231403.0
474 Dec 07, 2015 0.0 0.0 0.0 0.0 419.56 226878.0
475 Dec 08, 2015 0.0 0.0 0.0 0.0 1237.09 201406.0
476 Dec 09, 2015 0.0 0.0 0.0 0.0 529.74 207959.0
477 Dec 10, 2015 0.0 0.0 0.0 0.0 341.1 202838.0
478 Dec 11, 2015 0.0 0.0 0.0 0.0 676.51 205280.0
479 Dec 12, 2015 0.0 0.0 0.0 0.0 583.81 213273.0
480 Dec 13, 2015 0.0 0.0 0.0 0.0 227.47 195991.0
481 Dec 14, 2015 0.0 0.0 0.0 0.0 375.69 184958.0
482 Dec 15, 2015 0.0 0.0 0.0 0.0 615.45 191778.0
483 Dec 16, 2015 0.0 0.0 0.0 0.0 189.76 203101.0
484 Dec 17, 2015 0.0 0.0 0.0 0.0 250.88 198951.0
485 Dec 18, 2015 0.0 0.0 0.0 0.0 682.75 203296.0
486 Dec 19, 2015 0.0 0.0 0.0 0.0 825.17 199546.0
487 Dec 20, 2015 0.0 0.0 0.0 0.0 847.15 192452.0
488 Dec 21, 2015 0.0 0.0 0.0 0.0 169.2 175121.0
489 Dec 22, 2015 0.0 0.0 0.0 0.0 353.87 185205.0
490 Dec 23, 2015 0.0 0.0 0.0 0.0 134.49 184263.0
491 Dec 24, 2015 0.0 0.0 0.0 0.0 336.32 177546.0
492 Dec 25, 2015 0.0 0.0 0.0 0.0 183.07 183509.0
493 Dec 26, 2015 0.0 0.0 0.0 0.0 343.37 191528.0
494 Dec 27, 2015 0.0 0.0 0.0 0.0 88.59 176449.0
495 Dec 28, 2015 0.0 0.0 0.0 0.0 401.15 200311.0
496 Dec 29, 2015 0.0 0.0 0.0 0.0 640.57 184436.0
497 Dec 30, 2015 0.0 0.0 0.0 0.0 286.71 202412.0
498 Dec 31, 2015 0.0 0.0 0.0 0.0 151.01 193167.0
499 Jan 01, 2016 0.0 0.0 0.0 0.0 432.42 201466.0
500 Jan 02, 2016 0.0 0.0 0.0 0.0 260.75 191655.0
501 Jan 03, 2016 0.0 0.0 0.0 0.0 772.0 175424.0
502 Jan 04, 2016 0.0 0.0 0.0 0.0 65.05 184256.0
503 Jan 05, 2016 0.0 0.0 0.0 0.0 77.19 186276.0
504 Jan 06, 2016 0.0 0.0 0.0 0.0 96.59 179799.0
505 Jan 07, 2016 0.0 0.0 0.0 0.0 910.58 180300.0
506 Jan 08, 2016 0.0 0.0 0.0 0.0 339.98 192942.0
507 Jan 09, 2016 0.0 0.0 0.0 0.0 339.89 206368.0
508 Jan 10, 2016 0.0 0.0 0.0 0.0 849.91 187115.0
509 Jan 11, 2016 0.0 0.0 0.0 0.0 310.4 188957.0
510 Jan 12, 2016 0.0 0.0 0.0 0.0 501.49 190915.0
511 Jan 13, 2016 0.0 0.0 0.0 0.0 203.82 179393.0
512 Jan 14, 2016 0.0 0.0 0.0 0.0 634.25 183609.0
513 Jan 15, 2016 0.0 0.0 0.0 0.0 595.75 202353.0
514 Jan 16, 2016 0.0 0.0 0.0 0.0 362.1 153764.0
515 Jan 17, 2016 0.0 0.0 0.0 0.0 501.5 159160.0
516 Jan 18, 2016 0.0 0.0 0.0 0.0 867.05 148567.0
517 Jan 19, 2016 0.0 0.0 0.0 0.0 322.21 155128.0
518 Jan 20, 2016 0.0 0.0 0.0 0.0 726.63 142175.0
519 Jan 21, 2016 0.0 0.0 0.0 0.0 149.54 158086.0
520 Jan 22, 2016 0.0 0.0 0.0 0.0 784.1 149843.0
521 Jan 23, 2016 0.0 0.0 0.0 0.0 774.48 170359.0
522 Jan 24, 2016 0.0 0.0 0.0 0.0 331.65 165152.0
523 Jan 25, 2016 0.0 0.0 0.0 0.0 504.35 174975.0
524 Jan 26, 2016 0.0 0.0 0.0 0.0 5068.8 153947.0
525 Jan 27, 2016 0.0 0.0 0.0 0.0 2888.15 233156.0
526 Jan 28, 2016 0.0 0.0 0.0 0.0 2016.74 242108.0
527 Jan 29, 2016 0.0 0.0 0.0 0.0 1714.29 204647.0
528 Jan 30, 2016 0.0 0.0 0.0 0.0 1373.24 235438.0
529 Jan 31, 2016 0.0 0.0 0.0 0.0 1073.32 230371.0
530 Feb 01, 2016 0.0 0.0 0.0 0.0 2070.38 211642.0
531 Feb 02, 2016 0.0 0.0 0.0 0.0 439.84 193269.0
532 Feb 03, 2016 0.0 0.0 0.0 0.0 2636.41 241150.0
533 >Feb 04, 201 0.0 0.0 0.0 0.0 1464.19 270234.0
534 Feb 05, 2016 0.0 0.0 0.0 0.0 1804.23 249806.0
535 Feb 06, 2016 0.0 0.0 0.0 0.0 560.31 252637.0
536 Feb 07, 2016 0.0 0.0 0.0 0.0 345.47 235095.0
537 Feb 08, 2016 0.0 0.0 0.0 0.0 642.43 229611.0
538 Feb 09, 2016 0.0 0.0 0.0 0.0 287.14 236187.0
539 Feb 10, 2016 0.0 0.0 0.0 0.0 1073.59 237585.0
540 Feb 11, 2016 0.0 0.0 0.0 0.0 999.61 242115.0
541 Feb 12, 2016 0.0 0.0 0.0 0.0 5747.67 240813.0
542 Feb 13, 2016 0.0 0.0 0.0 0.0 14700.5 350651.0
543 Feb 14, 2016 0.0 0.0 0.0 0.0 3517.28 459982.0
544 Feb 15, 2016 0.0 0.0 0.0 0.0 6152.27 434703.0
545 Feb 16, 2016 0.0 0.0 0.0 0.0 10086.7 428557.0
546 Feb 17, 2016 0.0 0.0 0.0 0.0 7031.34 458966.0
547 Feb 18, 2016 0.0 0.0 0.0 0.0 10554.3 480648.0
548 Feb 19, 2016 0.0 0.0 0.0 0.0 73565.8 578600.0
549 Feb 20, 2016 0.0 0.0 0.0 0.0 60517.2 1112030.0
550 Feb 21, 2016 0.0 0.0 0.0 0.0 339676.0 1004720.0
551 Feb 22, 2016 0.0 0.0 0.0 0.0 112662.0 1349990.0
552 Feb 23, 2016 0.0 0.0 0.0 0.0 77473.4 1076520.0
553 Feb 24, 2016 0.0 0.0 0.0 0.0 26625.9 943682.0
554 Feb 25, 2016 0.0 0.0 0.0 0.0 50010.0 956648.0
555 Feb 26, 2016 0.0 0.0 0.0 0.0 113538.0 1038800.0
556 Feb 27, 2016 0.0 0.0 0.0 0.0 162493.0 1442690.0
557 Feb 28, 2016 0.0 0.0 0.0 0.0 221624.0 1540600.0
558 Feb 29, 2016 0.0 0.0 0.0 0.0 274672.0 2022680.0
559 Mar 01, 2016 0.0 0.0 0.0 0.0 189440.0 1446140.0
560 Mar 02, 2016 0.0 0.0 0.0 0.0 97474.9 1404920.0
561 Mar 03, 2016 0.0 0.0 0.0 0.0 50815.0 1337740.0
562 Mar 04, 2016 0.0 0.0 0.0 0.0 60944.1 1296090.0
563 Mar 05, 2016 0.0 0.0 0.0 0.0 47015.6 1230410.0
564 Mar 06, 2016 0.0 0.0 0.0 0.0 89952.4 1118990.0
565 Mar 07, 2016 0.0 0.0 0.0 0.0 55141.4 1252260.0
566 Mar 08, 2016 0.0 0.0 0.0 0.0 96288.3 1250660.0
567 Mar 09, 2016 0.0 0.0 0.0 0.0 60347.9 1353170.0
568 Mar 10, 2016 0.0 0.0 0.0 0.0 68046.0 1384550.0
569 Mar 11, 2016 0.0 0.0 0.0 0.0 150939.0 1511430.0
570 Mar 12, 2016 0.0 0.0 0.0 0.0 165693.0 1787920.0
571 Mar 13, 2016 0.0 0.0 0.0 0.0 72481.6 1770350.0
572 Mar 14, 2016 0.0 0.01 0.0 0.0 295435.0 1706420.0
573 Mar 15, 2016 0.0 0.01 0.0 0.01 993319.0 2006570.0
574 Mar 16, 2016 0.01 0.01 0.0 0.01 1744080.0 2858670.0
575 Mar 17, 2016 0.01 0.02 0.01 0.01 3844090.0 3977970.0
576 Mar 18, 2016 0.01 0.01 0.01 0.01 1141110.0 5228670.0
577 Mar 19, 2016 0.01 0.01 0.01 0.01 588876.0 3913710.0
578 Mar 20, 2016 0.01 0.01 0.01 0.01 175316.0 4143020.0
579 Mar 21, 2016 0.01 0.01 0.01 0.01 210853.0 3724140.0
580 Mar 22, 2016 0.01 0.01 0.01 0.01 182284.0 3976870.0
581 Mar 23, 2016 0.01 0.01 0.01 0.01 326515.0 3659640.0
582 Mar 24, 2016 0.01 0.01 0.01 0.01 176630.0 3958440.0
583 Mar 25, 2016 0.01 0.01 0.01 0.01 147800.0 3577580.0
584 Mar 26, 2016 0.01 0.01 0.01 0.01 116866.0 3571180.0
585 Mar 27, 2016 0.01 0.01 0.01 0.01 211206.0 3453270.0
586 Mar 28, 2016 0.01 0.01 0.01 0.01 168730.0 2847600.0
587 Mar 29, 2016 0.01 0.01 0.01 0.01 64636.0 3204070.0
588 Mar 30, 2016 0.01 0.01 0.01 0.01 220466.0 3006760.0
589 Mar 31, 2016 0.01 0.01 0.01 0.01 225937.0 3335940.0
590 Apr 01, 2016 0.01 0.01 0.01 0.01 348885.0 3830160.0
591 Apr 02, 2016 0.01 0.01 0.01 0.01 139171.0 3696800.0
592 Apr 03, 2016 0.01 0.01 0.01 0.01 89224.8 3608720.0
593 Apr 04, 2016 0.01 0.01 0.01 0.01 89204.3 3700870.0
594 Apr 05, 2016 0.01 0.01 0.01 0.01 81228.3 3927180.0
595 Apr 06, 2016 0.01 0.01 0.01 0.01 48965.3 3582240.0
596 Apr 07, 2016 0.01 0.01 0.01 0.01 43884.9 3530140.0
597 Apr 08, 2016 0.01 0.01 0.01 0.01 72377.9 3605460.0
598 Apr 09, 2016 0.01 0.01 0.01 0.01 26388.9 3550350.0
599 Apr 10, 2016 0.01 0.01 0.01 0.01 95208.9 3487240.0
600 Apr 11, 2016 0.01 0.01 0.01 0.01 24825.8 3093510.0
601 Apr 12, 2016 0.01 0.01 0.01 0.01 65050.0 3161120.0
602 Apr 13, 2016 0.01 0.01 0.01 0.01 21129.6 2819950.0
603 Apr 14, 2016 0.01 0.01 0.01 0.01 43028.8 3039140.0
604 Apr 15, 2016 0.01 0.01 0.01 0.01 34974.4 2953590.0
605 Apr 16, 2016 0.01 0.01 0.01 0.01 22267.3 2920240.0
606 Apr 17, 2016 0.01 0.01 0.01 0.01 17674.5 3252450.0
607 Apr 18, 2016 0.01 0.01 0.01 0.01 19032.5 3004660.0
608 Apr 19, 2016 0.01 0.01 0.01 0.01 47542.9 3093350.0
609 Apr 20, 2016 0.01 0.01 0.01 0.01 34363.7 3434560.0
610 Apr 21, 2016 0.01 0.01 0.01 0.01 27165.1 3163200.0
611 Apr 22, 2016 0.01 0.01 0.01 0.01 23389.6 2987970.0
612 Apr 23, 2016 0.01 0.01 0.01 0.01 13644.2 3078950.0
613 Apr 24, 2016 0.01 0.01 0.01 0.01 220191.0 3154190.0
614 Apr 25, 2016 0.01 0.01 0.01 0.01 84850.2 3590180.0
615 Apr 26, 2016 0.01 0.01 0.01 0.01 26383.2 3506640.0
616 Apr 27, 2016 0.01 0.01 0.01 0.01 48490.8 3387440.0
617 Apr 28, 2016 0.01 0.01 0.01 0.01 86975.7 3831110.0
618 Apr 29, 2016 0.01 0.01 0.01 0.01 397832.0 3971020.0
619 Apr 30, 2016 0.01 0.01 0.01 0.01 311260.0 5031530.0
620 May 01, 2016 0.01 0.01 0.01 0.01 800648.0 4228810.0
621 May 02, 2016 0.01 0.01 0.01 0.01 665174.0 3831270.0
622 May 03, 2016 0.01 0.01 0.01 0.01 189759.0 4404560.0
623 May 04, 2016 0.01 0.01 0.01 0.01 82714.9 4128540.0
624 May 05, 2016 0.01 0.01 0.01 0.01 57735.9 3944090.0
625 May 06, 2016 0.01 0.01 0.01 0.01 119817.0 3860630.0
626 May 07, 2016 0.01 0.01 0.01 0.01 53603.6 3767330.0
627 May 08, 2016 0.01 0.01 0.01 0.01 31190.0 3858310.0
628 May 09, 2016 0.01 0.01 0.01 0.01 20414.6 3662080.0
629 May 10, 2016 0.01 0.01 0.01 0.01 27902.6 3651670.0
630 May 11, 2016 0.01 0.01 0.01 0.01 107824.0 3531570.0
631 May 12, 2016 0.01 0.01 0.01 0.01 24902.4 3782970.0
632 May 13, 2016 0.01 0.01 0.01 0.01 22323.7 3653100.0
633 May 14, 2016 0.01 0.01 0.01 0.01 22251.3 3523420.0
634 May 15, 2016 0.01 0.01 0.01 0.01 9069.3 3392350.0
635 May 16, 2016 0.01 0.01 0.01 0.01 14240.1 3414460.0
636 May 17, 2016 0.01 0.01 0.01 0.01 20721.4 3358660.0
637 May 18, 2016 0.01 0.01 0.01 0.01 38075.8 3400630.0
638 May 19, 2016 0.01 0.01 0.01 0.01 30305.8 3432410.0
639 May 20, 2016 0.01 0.01 0.01 0.01 25918.5 3065840.0
640 May 21, 2016 0.01 0.01 0.01 0.01 14703.6 3166230.0
641 May 22, 2016 0.01 0.01 0.01 0.01 12189.7 3222860.0
642 May 23, 2016 0.01 0.01 0.01 0.01 5366.9 3126520.0
643 May 24, 2016 0.01 0.01 0.01 0.01 80281.3 3132300.0
644 May 25, 2016 0.01 0.01 0.01 0.01 30187.6 2489780.0
645 May 26, 2016 0.01 0.01 0.0 0.01 69977.3 2458420.0
646 May 27, 2016 0.01 0.01 0.0 0.01 52149.3 2147420.0
647 May 28, 2016 0.01 0.01 0.0 0.0 28567.8 2236780.0
648 May 29, 2016 0.0 0.01 0.0 0.01 41456.7 2121800.0
649 May 30, 2016 0.01 0.01 0.0 0.01 14888.9 2366000.0
650 May 31, 2016 0.01 0.01 0.0 0.0 10909.1 2204310.0
651 Jun 01, 2016 0.0 0.01 0.0 0.01 21393.6 2138750.0
652 Jun 02, 2016 0.01 0.01 0.01 0.01 39133.1 2444840.0
653 Jun 03, 2016 0.01 0.01 0.01 0.01 45672.3 2949190.0
654 Jun 04, 2016 0.01 0.01 0.01 0.01 17605.6 2830060.0
655 Jun 05, 2016 0.01 0.01 0.01 0.01 32852.7 2928240.0
656 Jun 06, 2016 0.01 0.01 0.01 0.01 173767.0 2907080.0
657 Jun 07, 2016 0.01 0.01 0.01 0.01 103459.0 3456570.0
658 Jun 08, 2016 0.01 0.01 0.01 0.01 24603.2 3305950.0
659 Jun 09, 2016 0.01 0.01 0.01 0.01 16163.8 3145370.0
660 Jun 10, 2016 0.01 0.01 0.01 0.01 11625.2 3083670.0
661 Jun 11, 2016 0.01 0.01 0.01 0.01 15905.1 2967910.0
662 Jun 12, 2016 0.01 0.01 0.01 0.01 95407.3 2993380.0
663 Jun 13, 2016 0.01 0.01 0.01 0.01 81178.8 3152990.0
664 Jun 14, 2016 0.01 0.01 0.01 0.01 31446.2 3293100.0
665 Jun 15, 2016 0.01 0.01 0.01 0.01 68887.8 3210380.0
666 Jun 16, 2016 0.01 0.01 0.01 0.01 21853.7 3216790.0
667 Jun 17, 2016 0.01 0.01 0.01 0.01 53669.3 3310740.0
668 Jun 18, 2016 0.01 0.01 0.01 0.01 32006.5 3026530.0
669 Jun 19, 2016 0.01 0.01 0.01 0.01 12970.9 2874090.0
670 Jun 20, 2016 0.01 0.01 0.01 0.01 14769.7 3067900.0
671 Jun 21, 2016 0.01 0.01 0.01 0.01 131193.0 3055760.0
672 Jun 22, 2016 0.01 0.01 0.01 0.01 43393.0 3135270.0
673 Jun 23, 2016 0.01 0.01 0.01 0.01 23859.7 2817030.0
674 Jun 24, 2016 0.01 0.01 0.01 0.01 24034.2 3003390.0
675 Jun 25, 2016 0.01 0.01 0.01 0.01 15618.9 3049820.0
676 Jun 26, 2016 0.01 0.01 0.01 0.01 45996.6 3217720.0
677 Jun 27, 2016 0.01 0.01 0.01 0.01 32760.4 3119800.0
678 Jun 28, 2016 0.01 0.01 0.01 0.01 38523.9 2968130.0
679 Jun 29, 2016 0.01 0.01 0.01 0.01 21294.4 2903140.0
680 Jun 30, 2016 0.01 0.01 0.01 0.01 46221.4 3218410.0
681 Jul 01, 2016 0.01 0.01 0.01 0.01 43652.7 3534050.0
682 Jul 02, 2016 0.01 0.01 0.01 0.01 38032.9 3624480.0
683 Jul 03, 2016 0.01 0.01 0.01 0.01 5532.0 3493360.0
684 Jul 04, 2016 0.01 0.01 0.01 0.01 31548.1 3272510.0
685 Jul 05, 2016 0.01 0.01 0.01 0.01 44596.5 3297030.0
686 Jul 06, 2016 0.01 0.01 0.01 0.01 11397.4 2958960.0
687 Jul 07, 2016 0.01 0.01 0.01 0.01 9366.17 3283730.0
688 Jul 08, 2016 0.01 0.01 0.01 0.01 8725.38 2949670.0
689 Jul 09, 2016 0.01 0.01 0.01 0.01 15820.9 3084190.0
690 Jul 10, 2016 0.01 0.01 0.01 0.01 28136.4 3101270.0
691 Jul 11, 2016 0.01 0.01 0.01 0.01 15019.5 3079450.0
692 Jul 12, 2016 0.01 0.01 0.01 0.01 25633.3 3106200.0
693 Jul 13, 2016 0.01 0.01 0.01 0.01 13228.5 3108470.0
694 Jul 14, 2016 0.01 0.01 0.01 0.01 11969.8 2995340.0
695 Jul 15, 2016 0.01 0.01 0.01 0.01 54562.3 3066330.0
696 Jul 16, 2016 0.01 0.01 0.01 0.01 85739.4 3264440.0
697 Jul 17, 2016 0.01 0.01 0.01 0.01 122999.0 3850330.0
698 Jul 18, 2016 0.01 0.01 0.01 0.01 35475.0 3539470.0
699 Jul 19, 2016 0.01 0.01 0.01 0.01 62109.0 3362180.0
700 Jul 20, 2016 0.01 0.01 0.01 0.01 26704.9 3685080.0
701 Jul 21, 2016 0.01 0.01 0.01 0.01 67469.0 3326600.0
702 Jul 22, 2016 0.01 0.01 0.01 0.01 235925.0 3493360.0
703 Jul 23, 2016 0.01 0.01 0.01 0.01 44780.0 3779140.0
704 Jul 24, 2016 0.01 0.01 0.01 0.01 61431.1 3796180.0
705 Jul 25, 2016 0.01 0.01 0.01 0.01 42434.4 3716310.0
706 Jul 26, 2016 0.01 0.01 0.01 0.01 96894.4 3684830.0
707 Jul 27, 2016 0.01 0.01 0.01 0.01 34234.3 3708880.0
708 Jul 28, 2016 0.01 0.01 0.01 0.01 35362.6 3631740.0
709 Jul 29, 2016 0.01 0.01 0.01 0.01 32451.4 3525230.0
710 Jul 30, 2016 0.01 0.01 0.01 0.01 36535.3 3480900.0
711 Jul 31, 2016 0.01 0.01 0.01 0.01 16251.9 3494980.0
712 Aug 01, 2016 0.01 0.01 0.01 0.01 15823.0 3310860.0
713 Aug 02, 2016 0.01 0.01 0.01 0.01 106374.0 3186460.0
714 Aug 03, 2016 0.01 0.01 0.01 0.01 22875.1 2797240.0
715 Aug 04, 2016 0.01 0.01 0.01 0.01 26119.7 2902630.0
716 Aug 05, 2016 0.01 0.01 0.01 0.01 13145.5 3222880.0
717 Aug 06, 2016 0.01 0.01 0.01 0.01 20180.3 3189870.0
718 Aug 07, 2016 0.01 0.01 0.01 0.01 51681.3 3197440.0
719 Aug 08, 2016 0.01 0.01 0.01 0.01 52332.9 3226570.0
720 Aug 09, 2016 0.01 0.01 0.01 0.01 49087.9 3161750.0
721 Aug 10, 2016 0.01 0.01 0.01 0.01 23460.7 3303910.0
722 Aug 11, 2016 0.01 0.01 0.01 0.01 553282.0 3405130.0
723 Aug 12, 2016 0.01 0.01 0.01 0.01 294935.0 4852310.0
724 Aug 13, 2016 0.01 0.01 0.01 0.01 101306.0 4155960.0
725 Aug 14, 2016 0.01 0.01 0.01 0.01 136509.0 4285200.0
726 Aug 15, 2016 0.01 0.01 0.01 0.01 68337.6 4135450.0
727 Aug 16, 2016 0.01 0.02 0.01 0.02 29031.2 4115970.0
728 Aug 17, 2016 0.02 0.02 0.01 0.01 17255.5 7658230.0
729 Aug 18, 2016 0.01 0.01 0.01 0.01 55271.4 4159880.0
730 Aug 19, 2016 0.01 0.01 0.01 0.01 30162.5 4545840.0
731 Aug 20, 2016 0.01 0.01 0.01 0.01 224207.0 5036200.0
732 Aug 21, 2016 0.01 0.01 0.01 0.01 188652.0 5657260.0
733 Aug 22, 2016 0.01 0.01 0.01 0.01 744212.0 6120110.0
734 Aug 23, 2016 0.01 0.01 0.01 0.01 184140.0 5169390.0
735 Aug 24, 2016 0.01 0.01 0.01 0.01 75335.1 4936960.0
736 Aug 25, 2016 0.01 0.01 0.01 0.01 57464.0 5101790.0
737 Aug 26, 2016 0.01 0.01 0.01 0.01 37721.0 4879510.0
738 Aug 27, 2016 0.01 0.01 0.01 0.01 35109.7 4733690.0
739 Aug 28, 2016 0.01 0.01 0.01 0.01 82127.2 4799020.0
740 Aug 29, 2016 0.01 0.01 0.01 0.01 67334.8 4483570.0
741 Aug 30, 2016 0.01 0.01 0.01 0.01 75395.2 4603940.0
742 Aug 31, 2016 0.01 0.01 0.01 0.01 36599.0 4645040.0
743 Sep 01, 2016 0.01 0.01 0.01 0.01 54693.1 4773340.0
744 Sep 02, 2016 0.01 0.01 0.01 0.01 71403.9 4623760.0
745 Sep 03, 2016 0.01 0.01 0.01 0.01 304512.0 4961860.0
746 Sep 04, 2016 0.01 0.01 0.01 0.01 141815.0 6055670.0
747 Sep 05, 2016 0.01 0.01 0.01 0.01 60961.3 5581430.0
748 Sep 06, 2016 0.01 0.01 0.01 0.01 174035.0 5836360.0
749 Sep 07, 2016 0.01 0.01 0.01 0.01 90764.2 5916460.0
750 Sep 08, 2016 0.01 0.01 0.01 0.01 65996.0 5903680.0
751 Sep 09, 2016 0.01 0.01 0.01 0.01 42683.0 5630320.0
752 Sep 10, 2016 0.01 0.01 0.01 0.01 44166.8 5472170.0
753 Sep 11, 2016 0.01 0.01 0.01 0.01 22765.7 5730330.0
754 Sep 12, 2016 0.01 0.01 0.01 0.01 42895.4 5687670.0
755 Sep 13, 2016 0.01 0.01 0.01 0.01 42158.0 5609030.0
756 Sep 14, 2016 0.01 0.01 0.01 0.01 53387.7 5807070.0
757 Sep 15, 2016 0.01 0.01 0.01 0.01 35137.2 5721300.0
758 Sep 16, 2016 0.01 0.01 0.01 0.01 14996.7 5582880.0
759 Sep 17, 2016 0.01 0.01 0.01 0.01 22877.7 5603360.0
760 Sep 18, 2016 0.01 0.01 0.01 0.01 18466.4 5433390.0
761 Sep 19, 2016 0.01 0.01 0.01 0.01 37745.8 5512840.0
762 Sep 20, 2016 0.01 0.01 0.01 0.01 21864.5 5192320.0
763 Sep 21, 2016 0.01 0.01 0.01 0.01 36221.1 5256540.0
764 Sep 22, 2016 0.01 0.01 0.01 0.01 13335.5 5195320.0
765 Sep 23, 2016 0.01 0.01 0.01 0.01 15544.8 5162650.0
766 Sep 24, 2016 0.01 0.01 0.01 0.01 21312.4 5080930.0
767 Sep 25, 2016 0.01 0.01 0.01 0.01 16481.4 4829080.0
768 Sep 26, 2016 0.01 0.01 0.01 0.01 24759.9 5045990.0
769 Sep 27, 2016 0.01 0.01 0.01 0.01 42117.0 4821660.0
770 Sep 28, 2016 0.01 0.01 0.01 0.01 19060.8 4622590.0
771 Sep 29, 2016 0.01 0.01 0.01 0.01 17449.6 4662330.0
772 Sep 30, 2016 0.01 0.01 0.01 0.01 37188.6 4538600.0
773 Oct 01, 2016 0.01 0.01 0.01 0.01 39360.2 4363130.0
774 Oct 02, 2016 0.01 0.01 0.01 0.01 33952.0 4183600.0
775 Oct 03, 2016 0.01 0.01 0.01 0.01 17922.5 3972860.0
776 Oct 04, 2016 0.01 0.01 0.01 0.01 51974.2 4008060.0
777 Oct 05, 2016 0.01 0.01 0.01 0.01 31786.2 4258810.0
778 Oct 06, 2016 0.01 0.01 0.01 0.01 18371.2 4442520.0
779 Oct 07, 2016 0.01 0.01 0.01 0.01 13274.1 4602060.0
780 Oct 08, 2016 0.01 0.01 0.01 0.01 23473.9 4481380.0
781 Oct 09, 2016 0.01 0.01 0.01 0.01 8375.14 4385210.0
782 Oct 10, 2016 0.01 0.01 0.01 0.01 19222.0 4119300.0
783 Oct 11, 2016 0.01 0.01 0.01 0.01 30822.2 4147960.0
784 Oct 12, 2016 0.01 0.01 0.01 0.01 17054.9 4141700.0
785 Oct 13, 2016 0.01 0.01 0.01 0.01 26286.9 4002230.0
786 Oct 14, 2016 0.01 0.01 0.01 0.01 55150.0 4540770.0
787 Oct 15, 2016 0.01 0.01 0.01 0.01 12549.4 4440630.0
788 Oct 16, 2016 0.01 0.01 0.01 0.01 15903.2 4532760.0
789 Oct 17, 2016 0.01 0.01 0.01 0.01 16550.9 4641720.0
790 Oct 18, 2016 0.01 0.01 0.01 0.01 20943.4 4491190.0
791 Oct 19, 2016 0.01 0.01 0.01 0.01 26527.5 4189260.0
792 >Oct 20, 201 0.01 0.01 0.01 0.01 19757.1 4128280.0
793 Oct 21, 2016 0.01 0.01 0.01 0.01 13556.9 4091130.0
794 Oct 22, 2016 0.01 0.01 0.01 0.01 16117.1 4215950.0
795 Oct 23, 2016 0.01 0.01 0.01 0.01 5594.91 4425090.0
796 Oct 24, 2016 0.01 0.01 0.01 0.01 14611.2 4151830.0
797 Oct 25, 2016 0.01 0.01 0.01 0.01 37696.3 4055110.0
798 Oct 26, 2016 0.01 0.01 0.01 0.01 34668.3 4263180.0
799 Oct 27, 2016 0.01 0.01 0.01 0.01 13271.9 4265640.0
800 Oct 28, 2016 0.01 0.01 0.01 0.01 18484.0 4049900.0
801 Oct 29, 2016 0.01 0.01 0.01 0.01 16365.5 3856070.0
802 Oct 30, 2016 0.01 0.01 0.01 0.01 7911.01 3954740.0
803 Oct 31, 2016 0.01 0.01 0.01 0.01 18446.5 4020690.0
804 Nov 01, 2016 0.01 0.01 0.01 0.01 20247.6 4058800.0
805 Nov 02, 2016 0.01 0.01 0.01 0.01 19450.7 4087220.0
806 Nov 03, 2016 0.01 0.01 0.01 0.01 20623.6 4059450.0
807 Nov 04, 2016 0.01 0.01 0.01 0.01 10670.9 4106210.0
808 Nov 05, 2016 0.01 0.01 0.01 0.01 11399.5 4209610.0
809 Nov 06, 2016 0.01 0.01 0.01 0.01 14626.8 4575960.0
810 Nov 07, 2016 0.01 0.01 0.01 0.01 17074.9 4108930.0
811 Nov 08, 2016 0.01 0.01 0.01 0.01 13854.3 3831690.0
812 Nov 09, 2016 0.01 0.01 0.01 0.01 12895.1 3790650.0
813 Nov 10, 2016 0.01 0.01 0.01 0.01 8355.13 3788880.0
814 Nov 11, 2016 0.01 0.01 0.01 0.01 11136.4 3808310.0
815 Nov 12, 2016 0.01 0.01 0.01 0.01 13392.3 3870860.0
816 Nov 13, 2016 0.01 0.01 0.01 0.01 6322.68 3935460.0
817 Nov 14, 2016 0.01 0.01 0.01 0.01 15745.8 3983940.0
818 Nov 15, 2016 0.01 0.01 0.01 0.01 60273.4 4221080.0
819 Nov 16, 2016 0.01 0.01 0.01 0.01 32906.7 4659040.0
820 Nov 17, 2016 0.01 0.01 0.01 0.01 14706.8 4627890.0
821 Nov 18, 2016 0.01 0.01 0.01 0.01 10787.0 4357700.0
822 Nov 19, 2016 0.01 0.01 0.01 0.01 19342.3 4290430.0
823 Nov 20, 2016 0.01 0.01 0.01 0.01 15985.1 4443650.0
824 Nov 21, 2016 0.01 0.01 0.01 0.01 20506.8 4948700.0
825 Nov 22, 2016 0.01 0.01 0.01 0.01 22635.3 4620320.0
826 Nov 23, 2016 0.01 0.01 0.01 0.01 24714.5 4867100.0
827 Nov 24, 2016 0.01 0.01 0.01 0.01 23005.9 4857800.0
828 Nov 25, 2016 0.01 0.01 0.01 0.01 19619.4 4983820.0
829 Nov 26, 2016 0.01 0.01 0.01 0.01 7992.63 4660900.0
830 Nov 27, 2016 0.01 0.01 0.01 0.01 7297.88 4725600.0
831 Nov 28, 2016 0.01 0.01 0.01 0.01 21141.1 4511680.0
832 Nov 29, 2016 0.01 0.01 0.01 0.01 11642.8 4558380.0
833 Nov 30, 2016 0.01 0.01 0.01 0.01 12777.8 4574520.0
834 Dec 01, 2016 0.01 0.01 0.01 0.01 17775.2 4344970.0
835 Dec 02, 2016 0.01 0.01 0.01 0.01 36826.1 4216200.0
836 Dec 03, 2016 0.01 0.01 0.01 0.01 9595.35 3971400.0
837 Dec 04, 2016 0.01 0.01 0.01 0.01 4324.61 3953270.0
838 Dec 05, 2016 0.01 0.01 0.01 0.01 5754.77 3857290.0
839 Dec 06, 2016 0.01 0.01 0.01 0.01 11171.8 3778350.0
840 Dec 07, 2016 0.01 0.01 0.01 0.01 20447.6 3833540.0
841 Dec 08, 2016 0.01 0.01 0.01 0.01 19553.3 4171050.0
842 Dec 09, 2016 0.01 0.01 0.01 0.01 31563.5 4625210.0
843 Dec 10, 2016 0.01 0.01 0.01 0.01 36663.3 4954740.0
844 >Dec 11, 201 0.01 0.01 0.01 0.01 13234.1 5115270.0
845 Dec 12, 2016 0.01 0.01 0.01 0.01 21584.6 5235380.0
846 Dec 13, 2016 0.01 0.01 0.01 0.01 14954.9 5123430.0
847 Dec 14, 2016 0.01 0.01 0.01 0.01 180129.0 5024510.0
848 Dec 15, 2016 0.01 0.01 0.01 0.01 224062.0 6610250.0
849 Dec 16, 2016 0.01 0.01 0.01 0.01 49679.5 6270170.0
850 Dec 17, 2016 0.01 0.01 0.01 0.01 116632.0 5630820.0
851 Dec 18, 2016 0.01 0.01 0.01 0.01 50507.6 5407300.0
852 Dec 19, 2016 0.01 0.01 0.01 0.01 149163.0 5413770.0
853 Dec 20, 2016 0.01 0.01 0.01 0.01 43994.6 4859170.0
854 Dec 21, 2016 0.01 0.01 0.01 0.01 62332.7 4710200.0
855 Dec 22, 2016 0.01 0.01 0.01 0.01 74468.7 4304670.0
856 Dec 23, 2016 0.01 0.01 0.01 0.01 70405.9 4770790.0
857 Dec 24, 2016 0.01 0.01 0.01 0.01 20794.1 4546220.0
858 Dec 25, 2016 0.01 0.01 0.01 0.01 25723.0 4347760.0
859 Dec 26, 2016 0.01 0.01 0.01 0.01 20939.8 4246000.0
860 Dec 27, 2016 0.01 0.01 0.01 0.01 66674.1 4581570.0
861 Dec 28, 2016 0.01 0.01 0.01 0.01 40370.6 4294690.0
862 Dec 29, 2016 0.01 0.01 0.01 0.01 21743.0 4045390.0
863 Dec 30, 2016 0.01 0.01 0.01 0.01 29616.8 4358310.0
864 Dec 31, 2016 0.01 0.01 0.01 0.01 23139.4 4511770.0
865 Jan 01, 2017 0.01 0.01 0.01 0.01 19824.1 4796190.0
866 Jan 02, 2017 0.01 0.01 0.01 0.01 25645.9 4667940.0
867 Jan 03, 2017 0.01 0.01 0.01 0.01 24649.7 4583740.0
868 Jan 04, 2017 0.01 0.01 0.01 0.01 69948.2 4710750.0
869 Jan 05, 2017 0.01 0.01 0.01 0.01 40441.3 4789110.0
870 Jan 06, 2017 0.01 0.01 0.01 0.01 55000.7 4316120.0
871 Jan 07, 2017 0.01 0.01 0.01 0.01 12441.3 4219920.0
872 Jan 08, 2017 0.01 0.01 0.01 0.01 23106.4 4246330.0
873 Jan 09, 2017 0.01 0.01 0.01 0.01 127150.0 4427850.0
874 Jan 10, 2017 0.01 0.01 0.01 0.01 21377.9 4836920.0
875 Jan 11, 2017 0.01 0.01 0.01 0.01 24006.2 4756100.0
876 Jan 12, 2017 0.01 0.01 0.01 0.01 11574.8 4059730.0
877 Jan 13, 2017 0.01 0.01 0.01 0.01 36537.3 4270240.0
878 Jan 14, 2017 0.01 0.01 0.01 0.01 23989.3 4030640.0
879 Jan 15, 2017 0.01 0.01 0.01 0.01 24521.4 4085920.0
880 Jan 16, 2017 0.01 0.01 0.01 0.01 47925.9 4333320.0
881 Jan 17, 2017 0.01 0.01 0.01 0.01 38968.3 4422260.0
882 Jan 18, 2017 0.01 0.01 0.01 0.01 17775.9 4575960.0
883 Jan 19, 2017 0.01 0.01 0.01 0.01 13211.1 4461350.0
884 Jan 20, 2017 0.01 0.01 0.01 0.01 6916.83 4556620.0
885 Jan 21, 2017 0.01 0.01 0.01 0.01 9810.36 4567920.0
886 Jan 22, 2017 0.01 0.01 0.01 0.01 14741.3 4723460.0
887 Jan 23, 2017 0.01 0.01 0.01 0.01 13394.9 4888950.0
888 Jan 24, 2017 0.01 0.01 0.01 0.01 19265.0 4957060.0
889 Jan 25, 2017 0.01 0.01 0.01 0.01 15063.9 4678130.0
890 Jan 26, 2017 0.01 0.01 0.01 0.01 30849.4 4728730.0
891 Jan 27, 2017 0.01 0.01 0.01 0.01 41525.4 4581200.0
892 Jan 28, 2017 0.01 0.01 0.01 0.01 85863.9 4787660.0
893 Jan 29, 2017 0.01 0.01 0.01 0.01 62037.4 5497420.0
894 Jan 30, 2017 0.01 0.01 0.01 0.01 42553.4 5059670.0
895 Jan 31, 2017 0.01 0.01 0.01 0.01 72387.5 5062440.0
896 Feb 01, 2017 0.01 0.01 0.01 0.01 50100.6 5164510.0
897 Feb 02, 2017 0.01 0.01 0.01 0.01 40011.7 5265340.0
898 Feb 03, 2017 0.01 0.01 0.01 0.01 32723.9 5393580.0
899 Feb 04, 2017 0.01 0.01 0.01 0.01 202773.0 5511900.0
900 Feb 05, 2017 0.01 0.01 0.01 0.01 541876.0 6544270.0
901 Feb 06, 2017 0.01 0.01 0.01 0.01 589713.0 7681300.0
902 Feb 07, 2017 0.01 0.01 0.01 0.01 113599.0 6125190.0
903 Feb 08, 2017 0.01 0.01 0.01 0.01 217526.0 6187700.0
904 Feb 09, 2017 0.01 0.01 0.01 0.01 70551.8 6311780.0
905 Feb 10, 2017 0.01 0.01 0.01 0.01 31032.7 5920740.0
906 Feb 11, 2017 0.01 0.01 0.01 0.01 20587.9 5820480.0
907 Feb 12, 2017 0.01 0.01 0.01 0.01 31307.7 5850100.0
908 Feb 13, 2017 0.01 0.01 0.01 0.01 41367.7 6123690.0
909 Feb 14, 2017 0.01 0.01 0.01 0.01 37095.1 6070840.0
910 Feb 15, 2017 0.01 0.01 0.01 0.01 35516.1 5931790.0
911 Feb 16, 2017 0.01 0.01 0.01 0.01 37364.8 5754870.0
912 Feb 17, 2017 0.01 0.01 0.01 0.01 30862.4 5760870.0
913 Feb 18, 2017 0.01 0.01 0.01 0.01 51409.6 5725560.0
914 Feb 19, 2017 0.01 0.01 0.01 0.01 25428.7 5488790.0
915 Feb 20, 2017 0.01 0.01 0.01 0.01 26702.1 5640820.0
916 Feb 21, 2017 0.01 0.01 0.01 0.01 54276.3 5405700.0
917 Feb 22, 2017 0.01 0.01 0.01 0.01 39835.0 5160190.0
918 Feb 23, 2017 0.01 0.01 0.01 0.01 29925.4 5073120.0
919 Feb 24, 2017 0.01 0.01 0.01 0.01 51964.8 5377740.0
920 Feb 25, 2017 0.01 0.01 0.01 0.01 78988.7 5068480.0
921 Feb 26, 2017 0.01 0.01 0.01 0.01 58938.5 5621360.0
922 Feb 27, 2017 0.01 0.01 0.01 0.01 75871.2 5709050.0
923 Feb 28, 2017 0.01 0.01 0.01 0.01 46794.7 5743140.0
924 Mar 01, 2017 0.01 0.01 0.01 0.01 37308.5 5912760.0
925 Mar 02, 2017 0.01 0.01 0.01 0.01 57170.9 5697230.0
926 Mar 03, 2017 0.01 0.01 0.01 0.01 17177.3 5639410.0
927 Mar 04, 2017 0.01 0.01 0.01 0.01 21910.6 5629660.0
928 Mar 05, 2017 0.01 0.01 0.01 0.01 25743.1 5793290.0
929 Mar 06, 2017 0.01 0.01 0.01 0.01 13236.1 5862080.0
930 Mar 07, 2017 0.01 0.01 0.01 0.01 43425.3 5803470.0
931 Mar 08, 2017 0.01 0.01 0.01 0.01 61150.7 5979110.0
932 Mar 09, 2017 0.01 0.01 0.01 0.01 53439.1 5534950.0
933 Mar 10, 2017 0.01 0.01 0.01 0.01 68129.7 5561830.0
934 Mar 11, 2017 0.01 0.01 0.01 0.01 48951.9 5200140.0
935 Mar 12, 2017 0.01 0.01 0.01 0.01 48335.5 5372020.0
936 Mar 13, 2017 0.01 0.01 0.01 0.01 65501.9 5688780.0
937 Mar 14, 2017 0.01 0.01 0.01 0.01 129963.0 6019850.0
938 Mar 15, 2017 0.01 0.01 0.01 0.01 84818.2 6613960.0
939 Mar 16, 2017 0.01 0.01 0.01 0.01 113028.0 6666590.0
940 Mar 17, 2017 0.01 0.01 0.01 0.01 85746.2 6126310.0
941 Mar 18, 2017 0.01 0.01 0.01 0.01 83233.5 6188550.0
942 Mar 19, 2017 0.01 0.01 0.01 0.01 68404.1 5502630.0
943 Mar 20, 2017 0.01 0.01 0.01 0.01 190263.0 6023130.0
944 Mar 21, 2017 0.01 0.01 0.01 0.01 373594.0 7001620.0
945 Mar 22, 2017 0.01 0.01 0.01 0.01 135071.0 6610660.0
946 Mar 23, 2017 0.01 0.01 0.01 0.01 230760.0 6621990.0
947 Mar 24, 2017 0.01 0.01 0.01 0.01 228237.0 7559210.0
948 Mar 25, 2017 0.01 0.01 0.01 0.01 147762.0 6939040.0
949 Mar 26, 2017 0.01 0.02 0.01 0.02 409952.0 7427740.0
950 Mar 27, 2017 0.02 0.02 0.01 0.01 361912.0 8892670.0
951 Mar 28, 2017 0.01 0.02 0.01 0.02 397174.0 7929030.0
952 Mar 29, 2017 0.02 0.02 0.02 0.02 218015.0 9844970.0
953 Mar 30, 2017 0.02 0.02 0.02 0.02 1079800.0 9454060.0
954 Mar 31, 2017 0.02 0.02 0.02 0.02 394627.0 9203790.0
955 Apr 01, 2017 0.02 0.02 0.02 0.02 155057.0 9563780.0
956 Apr 02, 2017 0.02 0.02 0.02 0.02 241788.0 9220590.0
957 Apr 03, 2017 0.02 0.02 0.02 0.02 217783.0 9069970.0
958 Apr 04, 2017 0.02 0.02 0.02 0.02 175364.0 9353120.0
959 Apr 05, 2017 0.02 0.02 0.02 0.02 142100.0 9687640.0
960 Apr 06, 2017 0.02 0.02 0.02 0.02 138132.0 9904680.0
961 Apr 07, 2017 0.02 0.02 0.02 0.02 79673.2 9115590.0
962 Apr 08, 2017 0.02 0.02 0.02 0.02 74527.5 8766580.0
963 Apr 09, 2017 0.02 0.02 0.02 0.02 125507.0 9459970.0
964 Apr 10, 2017 0.02 0.02 0.02 0.02 811693.0 9056500.0
965 Apr 11, 2017 0.02 0.03 0.02 0.02 897923.0 11547700.0
966 Apr 12, 2017 0.02 0.02 0.02 0.02 185094.0 12133400.0
967 Apr 13, 2017 0.02 0.02 0.02 0.02 229636.0 11568900.0
968 Apr 14, 2017 0.02 0.02 0.02 0.02 122137.0 11727900.0
969 Apr 15, 2017 0.02 0.03 0.02 0.03 262466.0 12188800.0
970 Apr 16, 2017 0.03 0.03 0.03 0.03 592866.0 13177400.0
971 Apr 17, 2017 0.03 0.03 0.03 0.03 688593.0 14831200.0
972 Apr 18, 2017 0.03 0.03 0.03 0.03 376030.0 16256800.0
973 Apr 19, 2017 0.03 0.03 0.03 0.03 344307.0 15938400.0
974 Apr 20, 2017 0.03 0.03 0.03 0.03 461519.0 16345300.0
975 Apr 21, 2017 0.03 0.03 0.03 0.03 216438.0 15590300.0
976 Apr 22, 2017 0.03 0.03 0.03 0.03 137201.0 16410000.0
977 Apr 23, 2017 0.03 0.03 0.03 0.03 120655.0 15976800.0
978 Apr 24, 2017 0.03 0.03 0.03 0.03 191212.0 16098200.0
979 Apr 25, 2017 0.03 0.04 0.03 0.04 818586.0 17237600.0
980 Apr 26, 2017 0.04 0.04 0.04 0.04 768435.0 20460600.0
981 Apr 27, 2017 0.04 0.05 0.04 0.04 921777.0 21360300.0
982 Apr 28, 2017 0.04 0.05 0.04 0.05 771178.0 23699400.0
983 Apr 29, 2017 0.05 0.05 0.05 0.05 566191.0 26467600.0
984 Apr 30, 2017 0.05 0.06 0.05 0.06 1487330.0 27746700.0
985 May 01, 2017 0.06 0.06 0.05 0.06 1441580.0 30184400.0
986 May 02, 2017 0.06 0.06 0.04 0.05 1238450.0 28876400.0
987 May 03, 2017 0.05 0.06 0.05 0.05 1162810.0 26694100.0
988 May 04, 2017 0.05 0.07 0.05 0.06 1895460.0 28352100.0
989 May 05, 2017 0.06 0.07 0.06 0.06 2676500.0 33092100.0
990 May 06, 2017 0.06 0.07 0.06 0.07 1877940.0 31648500.0
991 May 07, 2017 0.07 0.08 0.06 0.07 3360370.0 34845400.0
992 May 08, 2017 0.07 0.08 0.06 0.07 1924550.0 35814000.0
993 May 09, 2017 0.07 0.07 0.06 0.07 1087960.0 37535800.0
994 May 10, 2017 0.07 0.07 0.06 0.06 886242.0 34587400.0
995 May 11, 2017 0.06 0.07 0.06 0.06 669343.0 33256200.0
996 May 12, 2017 0.06 0.06 0.06 0.06 656228.0 32520600.0
997 May 13, 2017 0.06 0.06 0.06 0.06 469664.0 30936500.0
998 May 14, 2017 0.06 0.07 0.06 0.07 1291400.0 31997100.0
999 May 15, 2017 0.07 0.07 0.06 0.06 734273.0 35333200.0
1000 May 16, 2017 0.06 0.06 0.06 0.06 678775.0 32908100.0
1001 May 17, 2017 0.06 0.08 0.06 0.08 1521100.0 32459900.0
1002 May 18, 2017 0.08 0.08 0.07 0.07 2201450.0 41771000.0
1003 May 19, 2017 0.07 0.08 0.07 0.08 1114280.0 39235100.0
1004 May 20, 2017 0.08 0.09 0.08 0.09 1342770.0 41659200.0
1005 May 21, 2017 0.09 0.12 0.09 0.1 4694540.0 47159200.0
1006 May 22, 2017 0.1 0.11 0.08 0.1 2786630.0 53642200.0
1007 May 23, 2017 0.1 0.11 0.09 0.1 2628210.0 50906200.0
1008 May 24, 2017 0.1 0.23 0.1 0.13 17639500.0 52100800.0
1009 May 25, 2017 0.13 0.21 0.12 0.13 16474800.0 67059700.0
1010 May 26, 2017 0.13 0.15 0.11 0.11 4724420.0 70060900.0
1011 May 27, 2017 0.12 0.13 0.07 0.09 2503740.0 60482200.0
1012 May 28, 2017 0.09 0.11 0.09 0.1 1564480.0 49696000.0
1013 May 29, 2017 0.1 0.12 0.1 0.11 2008240.0 51911100.0
1014 May 30, 2017 0.12 0.12 0.1 0.1 2142450.0 61643100.0
1015 May 31, 2017 0.1 0.1 0.09 0.1 1225950.0 51917400.0
1016 Jun 01, 2017 0.1 0.11 0.1 0.11 1537910.0 55166600.0
1017 Jun 02, 2017 0.11 0.14 0.11 0.14 4463960.0 56580100.0
1018 Jun 03, 2017 0.14 0.16 0.14 0.16 8900280.0 72964400.0
1019 Jun 04, 2017 0.16 0.2 0.15 0.19 8685970.0 82671200.0
1020 Jun 05, 2017 0.19 0.24 0.19 0.19 17545700.0 100864000.0
1021 Jun 06, 2017 0.19 0.23 0.17 0.23 9529000.0 100972000.0
1022 Jun 07, 2017 0.24 0.25 0.19 0.19 6774280.0 124070000.0
1023 Jun 08, 2017 0.19 0.2 0.18 0.2 2939920.0 98402700.0
1024 Jun 09, 2017 0.2 0.23 0.2 0.21 5353740.0 105749000.0
1025 Jun 10, 2017 0.21 0.22 0.19 0.19 3738910.0 112961000.0
1026 Jun 11, 2017 0.19 0.2 0.18 0.19 2564390.0 100479000.0
1027 Jun 12, 2017 0.2 0.2 0.17 0.2 4338980.0 106243000.0
1028 Jun 13, 2017 0.19 0.23 0.19 0.21 6284700.0 99986800.0
1029 Jun 14, 2017 0.21 0.23 0.18 0.18 5257990.0 108529000.0
1030 Jun 15, 2017 0.19 0.2 0.15 0.18 4726840.0 98522000.0
1031 Jun 16, 2017 0.18 0.2 0.18 0.19 2893600.0 95532600.0
1032 Jun 17, 2017 0.19 0.19 0.18 0.18 2353700.0 100604000.0
1033 Jun 18, 2017 0.18 0.18 0.18 0.18 1509520.0 93939000.0
1034 Jun 19, 2017 0.18 0.25 0.18 0.23 17002500.0 94794400.0
1035 Jun 20, 2017 0.23 0.24 0.21 0.21 8343280.0 120791000.0
1036 Jun 21, 2017 0.21 0.23 0.2 0.22 4562020.0 113076000.0
1037 Jun 22, 2017 0.22 0.23 0.21 0.22 3196760.0 115125000.0
1038 Jun 23, 2017 0.22 0.25 0.21 0.24 3715500.0 116929000.0
1039 Jun 24, 2017 0.24 0.24 0.22 0.23 3158090.0 125777000.0
1040 Jun 25, 2017 0.23 0.24 0.2 0.21 2806090.0 118848000.0
1041 Jun 26, 2017 0.22 0.22 0.17 0.2 3884670.0 113570000.0
1042 Jun 27, 2017 0.2 0.2 0.16 0.19 1810250.0 106777000.0
1043 Jun 28, 2017 0.19 0.2 0.18 0.2 1566880.0 100954000.0
1044 Jun 29, 2017 0.2 0.21 0.18 0.19 1521740.0 104906000.0
1045 Jun 30, 2017 0.19 0.19 0.18 0.18 1998710.0 99015000.0
1046 Jul 01, 2017 0.18 0.18 0.14 0.15 1666590.0 93953400.0
1047 Jul 02, 2017 0.15 0.18 0.14 0.17 2317220.0 79715900.0
1048 Jul 03, 2017 0.17 0.17 0.15 0.16 1523810.0 90299900.0
1049 Jul 04, 2017 0.16 0.18 0.16 0.17 1874790.0 85351200.0
1050 Jul 05, 2017 0.17 0.17 0.16 0.16 999574.0 92378100.0
1051 Jul 06, 2017 0.16 0.17 0.16 0.16 911954.0 85391300.0
1052 Jul 07, 2017 0.16 0.17 0.13 0.13 2368750.0 85071900.0
1053 Jul 08, 2017 0.13 0.14 0.11 0.13 2007520.0 68191900.0
1054 Jul 09, 2017 0.13 0.14 0.12 0.12 785491.0 69899500.0
1055 Jul 10, 2017 0.12 0.12 0.09 0.09 1539730.0 64142400.0
1056 Jul 11, 2017 0.09 0.09 0.07 0.08 1633310.0 46211000.0
1057 Jul 12, 2017 0.08 0.1 0.07 0.1 1264950.0 42116500.0
1058 Jul 13, 2017 0.1 0.1 0.08 0.09 1035280.0 52662500.0
1059 Jul 14, 2017 0.09 0.09 0.07 0.07 697785.0 45853700.0
1060 Jul 15, 2017 0.07 0.07 0.06 0.07 627156.0 39268100.0
1061 Jul 16, 2017 0.07 0.07 0.06 0.06 517632.0 35419600.0
1062 Jul 17, 2017 0.06 0.08 0.06 0.08 532786.0 32458700.0
1063 Jul 18, 2017 0.08 0.09 0.07 0.08 1053590.0 41033100.0
1064 Jul 19, 2017 0.08 0.09 0.08 0.08 925207.0 43181700.0
1065 Jul 20, 2017 0.08 0.1 0.08 0.1 1109180.0 41907100.0
1066 Jul 21, 2017 0.1 0.12 0.1 0.12 1569110.0 53794500.0
1067 Jul 22, 2017 0.11 0.16 0.11 0.15 3316710.0 60040000.0
1068 Jul 23, 2017 0.15 0.16 0.12 0.14 1725050.0 81095900.0
1069 Jul 24, 2017 0.14 0.14 0.13 0.13 907039.0 71411100.0
1070 Jul 25, 2017 0.13 0.13 0.1 0.11 1924240.0 69801300.0
1071 Jul 26, 2017 0.11 0.11 0.1 0.1 805144.0 56031700.0
1072 Jul 27, 2017 0.1 0.11 0.1 0.11 700293.0 55678500.0
1073 Jul 28, 2017 0.11 0.11 0.09 0.1 1033580.0 56406600.0
1074 Jul 29, 2017 0.1 0.11 0.09 0.11 669419.0 53082500.0
1075 Jul 30, 2017 0.11 0.11 0.1 0.1 598352.0 56080700.0
1076 Jul 31, 2017 0.1 0.1 0.1 0.1 447718.0 52521000.0
1077 Aug 01, 2017 0.1 0.12 0.1 0.12 1296690.0 54333600.0
1078 Aug 02, 2017 0.12 0.14 0.12 0.13 1244820.0 61500700.0
1079 Aug 03, 2017 0.13 0.13 0.12 0.13 752978.0 66515300.0
1080 Aug 04, 2017 0.12 0.13 0.12 0.13 838887.0 65700600.0
1081 Aug 05, 2017 0.13 0.14 0.13 0.14 1055810.0 68939900.0
1082 Aug 06, 2017 0.13 0.14 0.13 0.13 789287.0 71032700.0
1083 Aug 07, 2017 0.13 0.13 0.12 0.13 1073370.0 67895400.0
1084 Aug 08, 2017 0.13 0.14 0.12 0.13 1047620.0 69509600.0
1085 Aug 09, 2017 0.13 0.13 0.12 0.12 777338.0 69022200.0
1086 Aug 10, 2017 0.12 0.13 0.12 0.12 1321480.0 65538800.0
1087 Aug 11, 2017 0.12 0.13 0.11 0.12 1315000.0 61904000.0
1088 Aug 12, 2017 0.12 0.12 0.1 0.12 1244900.0 61579400.0
1089 Aug 13, 2017 0.12 0.15 0.1 0.13 2989420.0 61587200.0
1090 Aug 14, 2017 0.13 0.14 0.1 0.11 2165120.0 69176400.0
1091 Aug 15, 2017 0.11 0.13 0.1 0.11 1595210.0 59377400.0
1092 Aug 16, 2017 0.11 0.12 0.11 0.11 836332.0 57836100.0
1093 Aug 17, 2017 0.11 0.12 0.1 0.1 674104.0 57087200.0
1094 Aug 18, 2017 0.1 0.11 0.1 0.1 761201.0 55525100.0
1095 Aug 19, 2017 0.1 0.13 0.09 0.12 3009880.0 54711400.0
1096 Aug 20, 2017 0.12 0.14 0.11 0.13 2278780.0 62004500.0
1097 Aug 21, 2017 0.13 0.13 0.11 0.12 1157680.0 66809400.0
1098 Aug 22, 2017 0.12 0.12 0.11 0.12 934919.0 60910200.0
1099 Aug 23, 2017 0.12 0.13 0.11 0.12 865643.0 60903600.0
1100 Aug 24, 2017 0.12 0.13 0.11 0.12 822377.0 62135200.0
1101 Aug 25, 2017 0.12 0.13 0.12 0.12 674512.0 65265100.0
1102 Aug 26, 2017 0.12 0.14 0.12 0.13 1126120.0 61900600.0
1103 Aug 27, 2017 0.13 0.15 0.13 0.15 1844380.0 70837200.0
1104 Aug 28, 2017 0.14 0.17 0.14 0.16 3264140.0 76837400.0
1105 Aug 29, 2017 0.16 0.23 0.15 0.21 7290520.0 83726200.0
1106 Aug 30, 2017 0.22 0.24 0.19 0.2 13039000.0 117417000.0
1107 Aug 31, 2017 0.2 0.21 0.19 0.2 3920710.0 106644000.0
1108 Sep 01, 2017 0.2 0.21 0.2 0.2 2287290.0 106150000.0
1109 Sep 02, 2017 0.21 0.21 0.18 0.19 1792050.0 108648000.0
1110 Sep 03, 2017 0.19 0.22 0.18 0.22 2773860.0 99585600.0
1111 Sep 04, 2017 0.22 0.24 0.18 0.2 6616450.0 117694000.0
1112 Sep 05, 2017 0.2 0.28 0.18 0.27 5439060.0 106261000.0
1113 Sep 06, 2017 0.28 0.35 0.28 0.31 18447600.0 147047000.0
1114 Sep 07, 2017 0.31 0.34 0.27 0.31 10373900.0 164962000.0
1115 Sep 08, 2017 0.31 0.33 0.26 0.28 6407060.0 166049000.0
1116 Sep 09, 2017 0.28 0.3 0.26 0.3 3467550.0 149681000.0
1117 Sep 10, 2017 0.29 0.3 0.25 0.28 3597380.0 156036000.0
1118 Sep 11, 2017 0.27 0.35 0.27 0.33 12329400.0 144527000.0
1119 Sep 12, 2017 0.34 0.35 0.26 0.28 13291900.0 178603000.0
1120 Sep 13, 2017 0.28 0.28 0.2 0.23 9393550.0 145737000.0
1121 Sep 14, 2017 0.22 0.23 0.14 0.14 4844080.0 118494000.0
1122 Sep 15, 2017 0.14 0.21 0.12 0.2 4588110.0 76622800.0
1123 Sep 16, 2017 0.2 0.2 0.16 0.18 2660670.0 104067000.0
1124 Sep 17, 2017 0.18 0.19 0.16 0.18 1147870.0 97822400.0
1125 Sep 18, 2017 0.18 0.2 0.18 0.19 1432210.0 95021100.0
1126 Sep 19, 2017 0.19 0.19 0.17 0.17 1008370.0 99324200.0
1127 Sep 20, 2017 0.17 0.18 0.17 0.17 856943.0 91727500.0
1128 Sep 21, 2017 0.17 0.17 0.14 0.15 1418350.0 88694800.0
1129 Sep 22, 2017 0.15 0.15 0.13 0.14 973466.0 77068200.0
1130 Sep 23, 2017 0.14 0.15 0.12 0.14 2505360.0 76551200.0
1131 Sep 24, 2017 0.14 0.14 0.14 0.14 551555.0 76264600.0
1132 Sep 25, 2017 0.14 0.15 0.14 0.15 701513.0 73519200.0
1133 Sep 26, 2017 0.15 0.19 0.15 0.16 2535820.0 79557300.0
1134 Sep 27, 2017 0.16 0.18 0.16 0.17 1350630.0 84998500.0
1135 Sep 28, 2017 0.17 0.18 0.16 0.16 1332570.0 90773400.0
1136 Sep 29, 2017 0.16 0.16 0.15 0.16 796258.0 85577800.0
1137 Sep 30, 2017 0.16 0.17 0.15 0.16 696547.0 83564400.0
1138 Oct 01, 2017 0.16 0.17 0.16 0.16 564159.0 86691000.0
1139 Oct 02, 2017 0.16 0.16 0.15 0.15 923125.0 84118000.0
1140 Oct 03, 2017 0.15 0.17 0.14 0.17 1465590.0 82152500.0
1141 Oct 04, 2017 0.17 0.17 0.15 0.15 813115.0 87796300.0
1142 Oct 05, 2017 0.15 0.16 0.15 0.15 724850.0 80709100.0
1143 Oct 06, 2017 0.15 0.15 0.15 0.15 453254.0 79364000.0
1144 Oct 07, 2017 0.15 0.15 0.14 0.15 325018.0 78426400.0
1145 Oct 08, 2017 0.15 0.15 0.13 0.13 803298.0 78993300.0
1146 Oct 09, 2017 0.13 0.14 0.13 0.13 805729.0 69656900.0
1147 Oct 10, 2017 0.13 0.17 0.13 0.15 1439000.0 68676600.0
1148 Oct 11, 2017 0.15 0.16 0.15 0.15 485490.0 81983200.0
1149 Oct 12, 2017 0.15 0.15 0.14 0.15 1052490.0 79944900.0
1150 Oct 13, 2017 0.15 0.16 0.14 0.16 942268.0 79335400.0
1151 Oct 14, 2017 0.15 0.16 0.15 0.16 497202.0 82042900.0
1152 Oct 15, 2017 0.16 0.16 0.15 0.15 371944.0 84717500.0
1153 Oct 16, 2017 0.15 0.18 0.15 0.18 1432960.0 80942200.0
1154 Oct 17, 2017 0.18 0.23 0.17 0.2 5973690.0 94769100.0
1155 Oct 18, 2017 0.2 0.22 0.18 0.19 2626420.0 106369000.0
1156 Oct 19, 2017 0.19 0.2 0.17 0.18 1759070.0 98384000.0
1157 Oct 20, 2017 0.18 0.19 0.17 0.17 1659480.0 96027700.0
1158 Oct 21, 2017 0.17 0.17 0.16 0.17 1030230.0 91657800.0
1159 Oct 22, 2017 0.17 0.18 0.16 0.18 996181.0 90321700.0
1160 Oct 23, 2017 0.18 0.2 0.17 0.18 1477520.0 94551800.0
1161 Oct 24, 2017 0.18 0.21 0.18 0.2 2545390.0 96495600.0
1162 Oct 25, 2017 0.2 0.23 0.18 0.22 4128040.0 107182000.0
1163 Oct 26, 2017 0.22 0.26 0.21 0.22 6201100.0 117894000.0
1164 Oct 27, 2017 0.22 0.23 0.21 0.23 1399480.0 118047000.0
1165 Oct 28, 2017 0.23 0.27 0.23 0.26 5000690.0 122477000.0
1166 Oct 29, 2017 0.26 0.26 0.23 0.24 3866320.0 136513000.0
1167 Oct 30, 2017 0.24 0.25 0.23 0.24 1496510.0 126330000.0
1168 Oct 31, 2017 0.24 0.25 0.21 0.21 2919120.0 128839000.0
1169 Nov 01, 2017 0.21 0.23 0.2 0.2 2459020.0 112462000.0
1170 Nov 02, 2017 0.2 0.27 0.16 0.25 9323980.0 105552000.0
1171 Nov 03, 2017 0.25 0.25 0.18 0.22 6162890.0 131826000.0
1172 Nov 04, 2017 0.21 0.21 0.19 0.2 1877380.0 114112000.0
1173 Nov 05, 2017 0.19 0.22 0.19 0.2 1882980.0 102791000.0
1174 Nov 06, 2017 0.2 0.2 0.19 0.2 1576720.0 104740000.0
1175 Nov 07, 2017 0.2 0.21 0.2 0.2 1070150.0 105299000.0
1176 Nov 08, 2017 0.2 0.24 0.2 0.23 3301700.0 107139000.0
1177 Nov 09, 2017 0.23 0.27 0.22 0.24 3208930.0 121977000.0
1178 Nov 10, 2017 0.24 0.25 0.21 0.21 2539260.0 127219000.0
1179 Nov 11, 2017 0.21 0.23 0.21 0.22 1472390.0 112223000.0
1180 Nov 12, 2017 0.22 0.22 0.17 0.19 1613790.0 114954000.0
1181 Nov 13, 2017 0.19 0.25 0.19 0.23 4378710.0 101035000.0
1182 Nov 14, 2017 0.23 0.23 0.22 0.23 2009230.0 121104000.0
1183 Nov 15, 2017 0.23 0.24 0.21 0.22 2956400.0 119719000.0
1184 Nov 16, 2017 0.22 0.22 0.2 0.21 2772370.0 115716000.0
1185 Nov 17, 2017 0.21 0.21 0.19 0.19 1780180.0 109539000.0
1186 Nov 18, 2017 0.2 0.22 0.19 0.21 1896820.0 103280000.0
1187 Nov 19, 2017 0.21 0.22 0.2 0.21 1613410.0 112204000.0
1188 Nov 20, 2017 0.21 0.21 0.2 0.21 1268520.0 109568000.0
1189 Nov 21, 2017 0.21 0.22 0.19 0.21 1353680.0 109479000.0
1190 Nov 22, 2017 0.21 0.23 0.2 0.23 2987650.0 113395000.0
1191 Nov 23, 2017 0.23 0.24 0.21 0.22 1685120.0 122485000.0
1192 Nov 24, 2017 0.22 0.22 0.21 0.21 1075180.0 114617000.0
1193 Nov 25, 2017 0.21 0.36 0.21 0.36 25002400.0 114274000.0
1194 Nov 26, 2017 0.36 0.36 0.27 0.33 41835500.0 188985000.0
1195 Nov 27, 2017 0.33 0.37 0.31 0.33 20247400.0 173787000.0
1196 Nov 28, 2017 0.33 0.34 0.29 0.3 11378800.0 176211000.0
1197 Nov 29, 2017 0.3 0.3 0.24 0.24 6167310.0 159906000.0
1198 Nov 30, 2017 0.25 0.29 0.23 0.27 3528080.0 131816000.0
1199 Dec 01, 2017 0.27 0.3 0.25 0.29 3047400.0 141889000.0
1200 Dec 02, 2017 0.29 0.34 0.29 0.32 8540570.0 155135000.0
1201 Dec 03, 2017 0.32 0.37 0.31 0.34 7906200.0 171345000.0
1202 Dec 04, 2017 0.34 0.41 0.33 0.38 17768500.0 177901000.0
1203 Dec 05, 2017 0.39 0.44 0.36 0.44 15375300.0 204256000.0
1204 Dec 06, 2017 0.42 0.43 0.36 0.39 21151500.0 223453000.0
1205 Dec 07, 2017 0.38 0.43 0.32 0.34 13954600.0 202480000.0
1206 Dec 08, 2017 0.34 0.38 0.3 0.36 7108730.0 180265000.0
1207 Dec 09, 2017 0.36 0.38 0.31 0.37 4930940.0 191640000.0
1208 Dec 10, 2017 0.37 0.37 0.29 0.31 4303860.0 195315000.0
1209 Dec 11, 2017 0.31 0.41 0.31 0.38 8420250.0 164197000.0
1210 Dec 12, 2017 0.38 0.43 0.37 0.43 9743540.0 199410000.0
1211 Dec 13, 2017 0.43 0.47 0.38 0.43 11016000.0 228561000.0
1212 Dec 14, 2017 0.43 0.46 0.42 0.45 9547770.0 230478000.0
1213 Dec 15, 2017 0.45 0.45 0.38 0.42 7805010.0 236715000.0
1214 Dec 16, 2017 0.44 0.48 0.43 0.46 7579700.0 231001000.0
1215 Dec 17, 2017 0.47 0.51 0.45 0.5 7535370.0 246275000.0
1216 Dec 18, 2017 0.51 0.61 0.48 0.61 15912700.0 269380000.0
1217 Dec 19, 2017 0.61 0.69 0.55 0.62 28398500.0 321748000.0
1218 Dec 20, 2017 0.61 0.61 0.52 0.6 14974700.0 325426000.0
1219 Dec 21, 2017 0.6 0.73 0.58 0.67 23920300.0 317582000.0
1220 Dec 22, 2017 0.66 0.67 0.38 0.5 15112300.0 351025000.0
1221 Dec 23, 2017 0.51 0.68 0.5 0.59 12291700.0 272095000.0
1222 Dec 24, 2017 0.59 0.67 0.52 0.67 15482600.0 314036000.0
1223 Dec 25, 2017 0.68 0.79 0.63 0.74 25150100.0 357713000.0
1224 Dec 26, 2017 0.74 0.81 0.62 0.79 25392000.0 390727000.0
1225 Dec 27, 2017 0.77 0.98 0.74 0.86 44933400.0 407681000.0
1226 Dec 28, 2017 0.85 0.9 0.71 0.89 30150300.0 450168000.0
1227 Dec 29, 2017 0.87 0.94 0.83 0.86 23877000.0 460376000.0
1228 Dec 30, 2017 0.84 0.85 0.64 0.72 20355700.0 445884000.0
1229 Dec 31, 2017 0.71 0.77 0.69 0.74 9895420.0 375666000.0
1230 Jan 01, 2018 0.74 0.77 0.7 0.75 9278490.0 393950000.0
1231 Jan 02, 2018 0.75 0.86 0.73 0.79 22796800.0 396182000.0
1232 Jan 03, 2018 0.79 0.82 0.74 0.77 15859000.0 416713000.0
1233 Jan 04, 2018 0.77 0.82 0.72 0.74 19332800.0 409108000.0
1234 Jan 05, 2018 0.74 0.79 0.68 0.68 16549200.0 394322000.0
1235 Jan 06, 2018 0.68 0.84 0.66 0.84 10719900.0 363035000.0
1236 Jan 07, 2018 0.84 0.9 0.81 0.87 11079700.0 447176000.0
1237 Jan 08, 2018 0.87 0.9 0.71 0.85 10556000.0 463786000.0
1238 Jan 09, 2018 0.85 0.93 0.82 0.87 9218440.0 450977000.0
1239 Jan 10, 2018 0.87 0.9 0.74 0.86 9715400.0 463223000.0
1240 Jan 11, 2018 0.86 0.87 0.67 0.75 9064790.0 456537000.0
1241 Jan 12, 2018 0.76 0.85 0.71 0.8 5096070.0 401064000.0
1242 Jan 13, 2018 0.8 0.98 0.78 0.98 11794000.0 425905000.0
1243 Jan 14, 2018 0.96 0.98 0.85 0.89 6674810.0 510865000.0
1244 Jan 15, 2018 0.88 0.91 0.83 0.83 10740600.0 467109000.0
1245 Jan 16, 2018 0.82 0.82 0.48 0.6 12662800.0 434562000.0
1246 Jan 17, 2018 0.6 0.66 0.45 0.63 6851770.0 319354000.0
1247 Jan 18, 2018 0.63 0.75 0.62 0.65 6523200.0 335038000.0
1248 Jan 19, 2018 0.64 0.69 0.62 0.65 4511300.0 341836000.0
1249 Jan 20, 2018 0.66 0.8 0.66 0.76 7189950.0 352406000.0
1250 Jan 21, 2018 0.76 0.76 0.62 0.65 4990450.0 402932000.0
1251 Jan 22, 2018 0.66 0.81 0.58 0.65 31045000.0 348385000.0
1252 Jan 23, 2018 0.64 0.66 0.58 0.62 6430450.0 338335000.0
1253 Jan 24, 2018 0.62 0.66 0.6 0.63 3783230.0 330963000.0
1254 Jan 25, 2018 0.65 0.67 0.62 0.65 3537600.0 342866000.0
1255 Jan 26, 2018 0.64 0.67 0.57 0.62 3479380.0 341424000.0
1256 Jan 27, 2018 0.62 0.68 0.61 0.68 3853780.0 330498000.0
1257 Jan 28, 2018 0.68 0.69 0.66 0.68 3067740.0 359362000.0
1258 Jan 29, 2018 0.68 0.69 0.62 0.64 3078140.0 358808000.0
1259 Jan 30, 2018 0.64 0.66 0.51 0.53 4282160.0 340864000.0
1260 Jan 31, 2018 0.53 0.56 0.49 0.55 2635210.0 278915000.0
1261 Feb 01, 2018 0.55 0.59 0.46 0.49 4141160.0 291181000.0
1262 Feb 02, 2018 0.49 0.51 0.39 0.48 4875670.0 260414000.0
1263 Feb 03, 2018 0.49 0.55 0.45 0.55 2779320.0 260061000.0
1264 Feb 04, 2018 0.55 0.56 0.43 0.46 1863240.0 290085000.0
1265 Feb 05, 2018 0.45 0.47 0.35 0.37 1535800.0 241051000.0
1266 Feb 06, 2018 0.37 0.43 0.3 0.42 2425520.0 197956000.0
1267 Feb 07, 2018 0.42 0.57 0.39 0.48 16431100.0 223260000.0
1268 Feb 08, 2018 0.48 0.57 0.48 0.52 6071110.0 255880000.0
1269 Feb 09, 2018 0.52 0.55 0.45 0.54 3850080.0 276100000.0
1270 Feb 10, 2018 0.54 0.57 0.5 0.53 3551690.0 284887000.0
1271 Feb 11, 2018 0.53 0.53 0.48 0.5 2156720.0 283762000.0
1272 Feb 12, 2018 0.51 0.56 0.5 0.55 1650990.0 269251000.0
1273 Feb 13, 2018 0.55 0.57 0.53 0.57 2934610.0 294520000.0
1274 Feb 14, 2018 0.56 0.64 0.56 0.63 3316390.0 299210000.0
1275 Feb 15, 2018 0.63 0.68 0.62 0.66 4233220.0 332971000.0
1276 Feb 16, 2018 0.66 0.68 0.62 0.67 2606020.0 348507000.0
1277 Feb 17, 2018 0.68 0.73 0.66 0.72 3071520.0 358895000.0
1278 Feb 18, 2018 0.71 0.74 0.64 0.68 3783110.0 377277000.0
1279 Feb 19, 2018 0.68 0.73 0.67 0.73 2899690.0 361165000.0
1280 Feb 20, 2018 0.73 0.77 0.7 0.71 4708300.0 386750000.0
1281 >Feb 21, 201 0.71 0.72 0.62 0.65 3778370.0 380110000.0
1282 Feb 22, 2018 0.65 0.67 0.56 0.57 3503640.0 343810000.0
1283 Feb 23, 2018 0.57 0.65 0.55 0.61 3327170.0 301756000.0
1284 Feb 24, 2018 0.61 0.65 0.55 0.57 1946030.0 324061000.0
1285 Feb 25, 2018 0.56 0.59 0.54 0.58 1451730.0 299903000.0
1286 Feb 26, 2018 0.58 0.65 0.56 0.63 2221680.0 308611000.0
1287 Feb 27, 2018 0.63 0.68 0.63 0.66 2822650.0 334332000.0
1288 Feb 28, 2018 0.66 0.67 0.62 0.62 2646760.0 351576000.0
1289 Mar 01, 2018 0.62 0.66 0.6 0.65 2266340.0 329815000.0
1290 Mar 02, 2018 0.65 0.73 0.63 0.71 6245900.0 346721000.0
1291 Mar 03, 2018 0.7 0.73 0.69 0.71 2930630.0 374163000.0
1292 Mar 04, 2018 0.7 0.71 0.66 0.68 2432720.0 373501000.0
1293 Mar 05, 2018 0.68 0.72 0.67 0.7 3028680.0 361297000.0
1294 Mar 06, 2018 0.69 0.69 0.63 0.63 1355710.0 367889000.0
1295 Mar 07, 2018 0.63 0.68 0.55 0.59 6680310.0 336141000.0
1296 Mar 08, 2018 0.59 0.61 0.54 0.56 2127360.0 314913000.0
1297 Mar 09, 2018 0.56 0.57 0.49 0.52 2956470.0 295627000.0
1298 Mar 10, 2018 0.52 0.55 0.48 0.49 1481560.0 278013000.0
1299 Mar 11, 2018 0.48 0.54 0.46 0.54 1291320.0 256547000.0
1300 Mar 12, 2018 0.53 0.54 0.45 0.48 2336060.0 282243000.0
1301 Mar 13, 2018 0.48 0.49 0.45 0.48 1191670.0 253174000.0
1302 Mar 14, 2018 0.48 0.49 0.37 0.39 2196260.0 254377000.0
1303 Mar 15, 2018 0.39 0.39 0.34 0.35 2287470.0 207842000.0
1304 Mar 16, 2018 0.35 0.44 0.33 0.4 2661470.0 186971000.0
1305 Mar 17, 2018 0.4 0.4 0.34 0.35 922619.0 211032000.0
1306 Mar 18, 2018 0.35 0.36 0.29 0.36 1095520.0 186141000.0
1307 Mar 19, 2018 0.36 0.39 0.35 0.37 1333930.0 191162000.0
1308 Mar 20, 2018 0.38 0.45 0.36 0.44 1809640.0 201661000.0
1309 Mar 21, 2018 0.44 0.46 0.42 0.42 1391320.0 234776000.0
1310 Mar 22, 2018 0.42 0.44 0.4 0.41 895544.0 226266000.0
1311 Mar 23, 2018 0.41 0.41 0.36 0.39 887331.0 220729000.0
1312 Mar 24, 2018 0.4 0.4 0.35 0.37 2114840.0 212897000.0
1313 Mar 25, 2018 0.37 0.38 0.36 0.37 959069.0 197294000.0
1314 Mar 26, 2018 0.36 0.37 0.33 0.35 1293270.0 194427000.0
1315 Mar 27, 2018 0.35 0.35 0.29 0.3 4910680.0 187114000.0
