0 Jan 25, 2015 0.0 0.01 0.0 0.0 7267.79 0.0
1 Jan 26, 2015 0.0 0.01 0.0 0.0 2247.21 0.0
2 Jan 27, 2015 0.0 0.0 0.0 0.0 1530.21 0.0
3 Jan 28, 2015 0.0 0.0 0.0 0.0 607.73 0.0
4 Jan 29, 2015 0.0 0.0 0.0 0.0 636.08 0.0
5 Jan 30, 2015 0.0 0.0 0.0 0.0 682.23 0.0
6 Jan 31, 2015 0.0 0.0 0.0 0.0 952.62 0.0
7 Feb 01, 2015 0.0 0.0 0.0 0.0 975.64 0.0
8 Feb 02, 2015 0.0 0.0 0.0 0.0 291.37 0.0
9 Feb 03, 2015 0.0 0.0 0.0 0.0 159.75 0.0
10 Feb 04, 2015 0.0 0.0 0.0 0.0 132.84 0.0
11 Feb 05, 2015 0.0 0.0 0.0 0.0 619.1 0.0
12 Feb 06, 2015 0.0 0.0 0.0 0.0 329.05 0.0
13 Feb 07, 2015 0.0 0.0 0.0 0.0 251.5 0.0
14 Feb 08, 2015 0.0 0.0 0.0 0.0 300.62 0.0
15 Feb 09, 2015 0.0 0.0 0.0 0.0 806.73 0.0
16 Feb 10, 2015 0.0 0.0 0.0 0.0 138.95 0.0
17 Feb 11, 2015 0.0 0.0 0.0 0.0 86.66 0.0
18 Feb 12, 2015 0.0 0.0 0.0 0.0 26.29 0.0
19 Feb 13, 2015 0.0 0.0 0.0 0.0 220.85 0.0
20 Feb 14, 2015 0.0 0.0 0.0 0.0 1170.39 0.0
21 Feb 15, 2015 0.0 0.0 0.0 0.0 7401.08 0.0
22 Feb 16, 2015 0.0 0.0 0.0 0.0 1084.08 0.0
23 Feb 17, 2015 0.0 0.0 0.0 0.0 458.09 0.0
24 Feb 18, 2015 0.0 0.0 0.0 0.0 425.1 22398.3
25 Feb 19, 2015 0.0 0.0 0.0 0.0 3743.68 28486.6
26 Feb 20, 2015 0.0 0.01 0.0 0.0 4963.28 45862.7
27 Feb 21, 2015 0.0 0.0 0.0 0.0 2553.14 56939.3
28 Feb 22, 2015 0.0 0.0 0.0 0.0 3628.0 51753.2
29 Feb 23, 2015 0.0 0.0 0.0 0.0 2005.58 50476.0
30 Feb 24, 2015 0.0 0.0 0.0 0.0 908.3 41099.2
31 Feb 25, 2015 0.0 0.0 0.0 0.0 941.93 39304.5
32 Feb 26, 2015 0.0 0.0 0.0 0.0 532.17 25605.5
33 Feb 27, 2015 0.0 0.0 0.0 0.0 201.34 27149.3
34 Feb 28, 2015 0.0 0.0 0.0 0.0 142.06 28416.2
35 Mar 01, 2015 0.0 0.0 0.0 0.0 82.29 35178.6
36 Mar 02, 2015 0.0 0.0 0.0 0.0 304.46 34569.3
37 Mar 03, 2015 0.0 0.0 0.0 0.0 694.97 28533.9
38 Mar 04, 2015 0.0 0.0 0.0 0.0 143.8 23160.3
39 Mar 05, 2015 0.0 0.0 0.0 0.0 105.86 23024.7
40 Mar 06, 2015 0.0 0.0 0.0 0.0 190.1 23230.5
41 Mar 07, 2015 0.0 0.0 0.0 0.0 89.52 28071.9
42 Mar 08, 2015 0.0 0.0 0.0 0.0 456.75 23695.0
43 Mar 09, 2015 0.0 0.0 0.0 0.0 961.49 22807.7
44 Mar 10, 2015 0.0 0.0 0.0 0.0 532.43 26011.4
45 Mar 11, 2015 0.0 0.0 0.0 0.0 19.63 20678.9
46 Mar 12, 2015 0.0 0.0 0.0 0.0 76.17 20045.3
47 Mar 13, 2015 0.0 0.0 0.0 0.0 322.36 19337.3
48 Mar 14, 2015 0.0 0.0 0.0 0.0 316.03 15565.9
49 Mar 15, 2015 0.0 0.0 0.0 0.0 1592.54 20911.4
50 Mar 16, 2015 0.0 0.0 0.0 0.0 1254.07 35904.9
51 Mar 17, 2015 0.0 0.0 0.0 0.0 351.27 40870.1
52 Mar 18, 2015 0.0 0.0 0.0 0.0 847.71 39772.4
53 Mar 19, 2015 0.0 0.0 0.0 0.0 219.07 24598.2
54 Mar 20, 2015 0.0 0.0 0.0 0.0 92.56 24988.1
55 Mar 21, 2015 0.0 0.0 0.0 0.0 108.71 29863.1
56 Mar 22, 2015 0.0 0.0 0.0 0.0 66.33 26034.2
57 Mar 23, 2015 0.0 0.0 0.0 0.0 1028.98 25648.8
58 Mar 24, 2015 0.0 0.0 0.0 0.0 259.38 22547.9
59 Mar 25, 2015 0.0 0.0 0.0 0.0 114.73 22768.4
60 Mar 26, 2015 0.0 0.0 0.0 0.0 1270.34 18755.8
61 Mar 27, 2015 0.0 0.0 0.0 0.0 381.28 31079.3
62 Mar 28, 2015 0.0 0.0 0.0 0.0 960.37 22616.7
63 Mar 29, 2015 0.0 0.0 0.0 0.0 641.56 22986.0
64 Mar 30, 2015 0.0 0.0 0.0 0.0 69.77 19905.8
65 Mar 31, 2015 0.0 0.0 0.0 0.0 498.46 21565.2
66 Apr 01, 2015 0.0 0.0 0.0 0.0 471.51 18838.4
67 Apr 02, 2015 0.0 0.0 0.0 0.0 543.71 22370.5
68 Apr 03, 2015 0.0 0.0 0.0 0.0 65.78 18892.2
69 Apr 04, 2015 0.0 0.0 0.0 0.0 63.02 20743.9
70 Apr 05, 2015 0.0 0.0 0.0 0.0 75.64 19429.0
71 Apr 06, 2015 0.0 0.0 0.0 0.0 385.23 23112.1
72 Apr 07, 2015 0.0 0.0 0.0 0.0 47.3 20434.6
73 Apr 08, 2015 0.0 0.0 0.0 0.0 259.43 22753.4
74 >Apr 09, 201 0.0 0.0 0.0 0.0 674.66 22371.3
75 Apr 10, 2015 0.0 0.0 0.0 0.0 165.02 22679.6
76 Apr 11, 2015 0.0 0.0 0.0 0.0 64.43 19825.0
77 Apr 12, 2015 0.0 0.0 0.0 0.0 777.88 19768.5
78 Apr 13, 2015 0.0 0.0 0.0 0.0 445.07 22924.8
79 Apr 14, 2015 0.0 0.0 0.0 0.0 232.33 23909.3
80 Apr 15, 2015 0.0 0.0 0.0 0.0 312.11 23931.7
81 Apr 16, 2015 0.0 0.0 0.0 0.0 3873.71 26696.7
82 Apr 17, 2015 0.0 0.0 0.0 0.0 1725.79 31886.1
83 Apr 18, 2015 0.0 0.0 0.0 0.0 244.63 25453.8
84 Apr 19, 2015 0.0 0.0 0.0 0.0 444.21 27126.4
85 Apr 20, 2015 0.0 0.0 0.0 0.0 290.4 26114.3
86 Apr 21, 2015 0.0 0.0 0.0 0.0 1448.71 22203.4
87 Apr 22, 2015 0.0 0.0 0.0 0.0 1990.53 38117.8
88 Apr 23, 2015 0.0 0.0 0.0 0.0 2002.49 34912.2
89 Apr 27, 2015 0.0 0.0 0.0 0.0 3155.86 33635.1
90 Apr 28, 2015 0.0 0.0 0.0 0.0 422.8 38823.4
91 Apr 29, 2015 0.0 0.0 0.0 0.0 856.45 31900.5
92 Apr 30, 2015 0.0 0.0 0.0 0.0 182.48 31461.2
93 May 01, 2015 0.0 0.0 0.0 0.0 752.83 31752.8
94 May 02, 2015 0.0 0.0 0.0 0.0 151.99 28643.6
95 May 03, 2015 0.0 0.0 0.0 0.0 45.02 25292.5
96 May 04, 2015 0.0 0.0 0.0 0.0 186.35 25064.8
97 May 05, 2015 0.0 0.0 0.0 0.0 319.55 26127.2
98 May 06, 2015 0.0 0.0 0.0 0.0 179.59 29106.3
99 May 07, 2015 0.0 0.0 0.0 0.0 1360.53 24225.8
100 May 08, 2015 0.0 0.0 0.0 0.0 4569.65 34979.7
101 May 09, 2015 0.0 0.0 0.0 0.0 176.49 42074.1
102 May 10, 2015 0.0 0.0 0.0 0.0 414.75 34600.0
103 May 11, 2015 0.0 0.0 0.0 0.0 49.39 31682.5
104 May 12, 2015 0.0 0.0 0.0 0.0 29.97 31006.8
105 May 13, 2015 0.0 0.0 0.0 0.0 309.95 31283.7
106 May 14, 2015 0.0 0.0 0.0 0.0 1079.01 28767.3
107 May 15, 2015 0.0 0.0 0.0 0.0 86.9 25789.9
108 May 16, 2015 0.0 0.0 0.0 0.0 34.74 25228.3
109 May 17, 2015 0.0 0.0 0.0 0.0 0.71 25806.1
110 May 18, 2015 0.0 0.0 0.0 0.0 280.4 25416.9
111 May 19, 2015 0.0 0.0 0.0 0.0 990.93 24632.7
112 May 20, 2015 0.0 0.0 0.0 0.0 48.02 23654.6
113 May 21, 2015 0.0 0.0 0.0 0.0 88.17 26147.0
114 May 22, 2015 0.0 0.0 0.0 0.0 1213.5 21889.1
115 May 23, 2015 0.0 0.0 0.0 0.0 57.5 36546.1
116 May 24, 2015 0.0 0.0 0.0 0.0 1408.48 28148.1
117 May 25, 2015 0.0 0.0 0.0 0.0 27.93 24311.3
118 May 26, 2015 0.0 0.0 0.0 0.0 2002.0 26187.6
119 May 27, 2015 0.0 0.0 0.0 0.0 335.55 13918.0
120 May 28, 2015 0.0 0.0 0.0 0.0 124.4 16541.0
121 May 29, 2015 0.0 0.0 0.0 0.0 69.06 14894.4
122 May 30, 2015 0.0 0.0 0.0 0.0 26.45 16355.8
123 May 31, 2015 0.0 0.0 0.0 0.0 34.63 14898.3
124 Jun 01, 2015 0.0 0.0 0.0 0.0 33.66 15206.5
125 Jun 02, 2015 0.0 0.0 0.0 0.0 18.28 14967.1
126 Jun 03, 2015 0.0 0.0 0.0 0.0 35.33 15199.4
127 Jun 04, 2015 0.0 0.0 0.0 0.0 71.03 15747.4
128 Jun 05, 2015 0.0 0.0 0.0 0.0 334.02 17724.8
129 Jun 06, 2015 0.0 0.0 0.0 0.0 55.24 25588.2
130 Jun 07, 2015 0.0 0.0 0.0 0.0 14.72 18749.4
131 Jun 08, 2015 0.0 0.0 0.0 0.0 147.75 23144.4
132 Jun 09, 2015 0.0 0.0 0.0 0.0 349.17 18742.3
133 Jun 10, 2015 0.0 0.0 0.0 0.0 84.51 16973.3
134 Jun 11, 2015 0.0 0.0 0.0 0.0 207.05 19062.3
135 Jun 12, 2015 0.0 0.0 0.0 0.0 15.14 15677.3
136 Jun 13, 2015 0.0 0.0 0.0 0.0 70.03 17716.8
137 Jun 14, 2015 0.0 0.0 0.0 0.0 23.78 16628.9
138 Jun 15, 2015 0.0 0.0 0.0 0.0 52.3 19656.9
139 Jun 16, 2015 0.0 0.0 0.0 0.0 115.67 19161.1
140 Jun 17, 2015 0.0 0.0 0.0 0.0 262.5 17906.1
141 Jun 18, 2015 0.0 0.0 0.0 0.0 167.59 27457.2
142 Jun 19, 2015 0.0 0.0 0.0 0.0 112.28 22019.9
143 Jun 20, 2015 0.0 0.0 0.0 0.0 262.93 26783.3
144 >Jun 21, 201 0.0 0.0 0.0 0.0 275.81 23933.9
145 Jun 22, 2015 0.0 0.0 0.0 0.0 667.46 29855.1
146 Jun 23, 2015 0.0 0.0 0.0 0.0 433.31 36251.7
147 Jun 24, 2015 0.0 0.0 0.0 0.0 2564.05 28684.9
148 Jun 25, 2015 0.0 0.0 0.0 0.0 1194.78 39865.6
149 Jun 26, 2015 0.0 0.0 0.0 0.0 1516.14 38634.5
150 Jun 27, 2015 0.0 0.0 0.0 0.0 2949.7 43708.3
151 Jun 28, 2015 0.0 0.0 0.0 0.0 1286.94 52075.9
152 Jun 29, 2015 0.0 0.0 0.0 0.0 725.52 36068.9
153 Jun 30, 2015 0.0 0.0 0.0 0.0 880.31 42953.9
154 Jul 01, 2015 0.0 0.0 0.0 0.0 1482.77 42201.5
155 Jul 02, 2015 0.0 0.0 0.0 0.0 231.94 50739.9
156 Jul 03, 2015 0.0 0.0 0.0 0.0 9244.76 41103.5
157 Jul 04, 2015 0.0 0.0 0.0 0.0 13364.3 60996.1
158 Jul 05, 2015 0.0 0.0 0.0 0.0 1248.82 47679.0
159 Jul 06, 2015 0.0 0.0 0.0 0.0 1442.05 48792.6
160 Jul 07, 2015 0.0 0.0 0.0 0.0 1225.04 40393.6
161 Jul 08, 2015 0.0 0.0 0.0 0.0 529.35 35617.3
162 Jul 09, 2015 0.0 0.0 0.0 0.0 268.84 46737.9
163 Jul 10, 2015 0.0 0.0 0.0 0.0 476.45 44147.0
164 Jul 11, 2015 0.0 0.0 0.0 0.0 103.2 36524.4
165 Jul 12, 2015 0.0 0.0 0.0 0.0 764.82 41831.7
166 Jul 13, 2015 0.0 0.0 0.0 0.0 318.54 36209.8
167 Jul 14, 2015 0.0 0.0 0.0 0.0 439.28 37118.2
168 Jul 15, 2015 0.0 0.0 0.0 0.0 466.14 39113.4
169 Jul 16, 2015 0.0 0.0 0.0 0.0 166.87 38446.2
170 Jul 17, 2015 0.0 0.0 0.0 0.0 6.6 37909.0
171 Jul 18, 2015 0.0 0.0 0.0 0.0 189.43 38615.0
172 Jul 19, 2015 0.0 0.0 0.0 0.0 56.25 40586.8
173 Jul 20, 2015 0.0 0.0 0.0 0.0 108.99 40647.2
174 Jul 21, 2015 0.0 0.0 0.0 0.0 170.43 44232.4
175 Jul 22, 2015 0.0 0.0 0.0 0.0 79.25 38485.8
176 Jul 23, 2015 0.0 0.0 0.0 0.0 38.57 33203.1
177 Jul 24, 2015 0.0 0.0 0.0 0.0 719.59 36550.5
178 Jul 25, 2015 0.0 0.0 0.0 0.0 5378.38 55128.4
179 Jul 26, 2015 0.0 0.0 0.0 0.0 839.06 46188.0
180 Jul 27, 2015 0.0 0.0 0.0 0.0 567.49 41015.7
181 Jul 28, 2015 0.0 0.0 0.0 0.0 557.27 38375.0
182 Jul 29, 2015 0.0 0.0 0.0 0.0 118.87 31654.6
183 Jul 30, 2015 0.0 0.0 0.0 0.0 56.21 38292.3
184 Jul 31, 2015 0.0 0.0 0.0 0.0 21.01 37024.3
185 Aug 01, 2015 0.0 0.0 0.0 0.0 207.41 33788.2
186 Aug 02, 2015 0.0 0.0 0.0 0.0 17.21 36231.7
187 Aug 03, 2015 0.0 0.0 0.0 0.0 103.41 35085.7
188 Aug 04, 2015 0.0 0.0 0.0 0.0 142.81 38190.9
189 Aug 05, 2015 0.0 0.0 0.0 0.0 110.12 32348.7
190 Aug 06, 2015 0.0 0.0 0.0 0.0 207.8 33821.2
191 Aug 07, 2015 0.0 0.0 0.0 0.0 73.25 33313.2
192 Aug 08, 2015 0.0 0.0 0.0 0.0 722.36 37786.6
193 Aug 09, 2015 0.0 0.0 0.0 0.0 34.71 30158.9
194 Aug 10, 2015 0.0 0.0 0.0 0.0 417.98 31129.3
195 Aug 11, 2015 0.0 0.0 0.0 0.0 49.61 33313.6
196 Aug 12, 2015 0.0 0.0 0.0 0.0 192.47 34079.1
197 Aug 13, 2015 0.0 0.0 0.0 0.0 24.8 31450.1
198 Aug 14, 2015 0.0 0.0 0.0 0.0 48.5 31418.3
199 Aug 15, 2015 0.0 0.0 0.0 0.0 190.3 34408.5
200 Aug 16, 2015 0.0 0.0 0.0 0.0 111.59 30671.5
201 Aug 17, 2015 0.0 0.0 0.0 0.0 7.59 33537.9
202 Aug 18, 2015 0.0 0.0 0.0 0.0 76.74 32993.9
203 Aug 19, 2015 0.0 0.0 0.0 0.0 64.18 26656.0
204 Aug 20, 2015 0.0 0.0 0.0 0.0 71.37 28695.6
205 Aug 21, 2015 0.0 0.0 0.0 0.0 533.83 24867.9
206 Aug 22, 2015 0.0 0.0 0.0 0.0 25.06 32895.9
207 Aug 23, 2015 0.0 0.0 0.0 0.0 421.0 27977.2
208 Aug 24, 2015 0.0 0.0 0.0 0.0 55.01 27496.5
209 Aug 25, 2015 0.0 0.0 0.0 0.0 112.55 25886.7
210 Aug 26, 2015 0.0 0.0 0.0 0.0 66.26 19853.7
211 Aug 27, 2015 0.0 0.0 0.0 0.0 4.26 23870.6
212 Aug 28, 2015 0.0 0.0 0.0 0.0 205.97 20285.5
213 Aug 29, 2015 0.0 0.0 0.0 0.0 212.66 17633.2
214 Aug 30, 2015 0.0 0.0 0.0 0.0 103.07 22063.3
215 Aug 31, 2015 0.0 0.0 0.0 0.0 32.51 28386.3
216 Sep 01, 2015 0.0 0.0 0.0 0.0 253.83 29284.3
217 Sep 02, 2015 0.0 0.0 0.0 0.0 133.02 25466.7
218 Sep 03, 2015 0.0 0.0 0.0 0.0 138.92 22861.7
219 Sep 04, 2015 0.0 0.0 0.0 0.0 1218.42 28408.3
220 Sep 05, 2015 0.0 0.0 0.0 0.0 2141.48 41705.4
221 Sep 06, 2015 0.0 0.0 0.0 0.0 166.82 43774.8
222 Sep 07, 2015 0.0 0.0 0.0 0.0 224.41 32375.8
223 Sep 08, 2015 0.0 0.0 0.0 0.0 198.56 36852.9
224 Sep 09, 2015 0.0 0.0 0.0 0.0 30.36 34322.0
225 Sep 10, 2015 0.0 0.0 0.0 0.0 591.25 36698.3
226 Sep 11, 2015 0.0 0.0 0.0 0.0 249.69 30186.0
227 Sep 12, 2015 0.0 0.0 0.0 0.0 49.29 36246.5
228 Sep 13, 2015 0.0 0.0 0.0 0.0 29.21 34811.0
229 Sep 14, 2015 0.0 0.0 0.0 0.0 90.51 31427.0
230 Sep 15, 2015 0.0 0.0 0.0 0.0 440.15 34282.0
231 Sep 16, 2015 0.0 0.0 0.0 0.0 56.39 32714.4
232 Sep 17, 2015 0.0 0.0 0.0 0.0 20.27 33376.7
233 Sep 18, 2015 0.0 0.0 0.0 0.0 215.19 31605.5
234 Sep 19, 2015 0.0 0.0 0.0 0.0 1771.76 38291.4
235 Sep 20, 2015 0.0 0.0 0.0 0.0 1635.44 53666.9
236 Sep 21, 2015 0.0 0.0 0.0 0.0 433.78 36013.2
237 Sep 22, 2015 0.0 0.0 0.0 0.0 266.06 42233.2
238 Sep 23, 2015 0.0 0.0 0.0 0.0 208.38 31929.4
239 Sep 24, 2015 0.0 0.0 0.0 0.0 94.16 31883.2
240 Sep 25, 2015 0.0 0.0 0.0 0.0 215.27 33137.3
241 Sep 26, 2015 0.0 0.0 0.0 0.0 85.04 37536.7
242 Sep 27, 2015 0.0 0.0 0.0 0.0 377.77 36440.0
243 Sep 28, 2015 0.0 0.0 0.0 0.0 62.61 32406.0
244 Sep 29, 2015 0.0 0.0 0.0 0.0 57.67 33233.1
245 Sep 30, 2015 0.0 0.0 0.0 0.0 32.36 32953.1
246 Oct 01, 2015 0.0 0.0 0.0 0.0 11.05 32743.9
247 Oct 02, 2015 0.0 0.0 0.0 0.0 136.66 35220.8
248 Oct 03, 2015 0.0 0.0 0.0 0.0 75.45 34937.7
249 Oct 04, 2015 0.0 0.0 0.0 0.0 88.17 32929.3
250 Oct 05, 2015 0.0 0.0 0.0 0.0 107.84 32987.4
251 Oct 06, 2015 0.0 0.0 0.0 0.0 49.65 33467.6
252 Oct 07, 2015 0.0 0.0 0.0 0.0 13.04 36356.0
253 Oct 08, 2015 0.0 0.0 0.0 0.0 53.95 34518.2
254 Oct 09, 2015 0.0 0.0 0.0 0.0 164.04 35675.4
255 Oct 10, 2015 0.0 0.0 0.0 0.0 97.66 34150.9
256 Oct 11, 2015 0.0 0.0 0.0 0.0 50.29 33785.9
257 Oct 12, 2015 0.0 0.0 0.0 0.0 291.05 33949.4
258 Oct 13, 2015 0.0 0.0 0.0 0.0 180.39 36054.3
259 Oct 14, 2015 0.0 0.0 0.0 0.0 33.98 35189.2
260 Oct 15, 2015 0.0 0.0 0.0 0.0 202.88 35539.2
261 Oct 16, 2015 0.0 0.0 0.0 0.0 209.8 35802.2
262 Oct 17, 2015 0.0 0.0 0.0 0.0 26.31 35444.2
263 Oct 18, 2015 0.0 0.0 0.0 0.0 97.37 36771.6
264 Oct 19, 2015 0.0 0.0 0.0 0.0 52.47 35481.7
265 Oct 20, 2015 0.0 0.0 0.0 0.0 84.72 36187.9
266 Oct 21, 2015 0.0 0.0 0.0 0.0 21.14 36542.0
267 Oct 22, 2015 0.0 0.0 0.0 0.0 34.93 38516.5
268 Oct 23, 2015 0.0 0.0 0.0 0.0 85.89 36452.6
269 Oct 24, 2015 0.0 0.0 0.0 0.0 33.69 33710.4
270 Oct 25, 2015 0.0 0.0 0.0 0.0 417.61 39286.5
271 Oct 26, 2015 0.0 0.0 0.0 0.0 703.17 38983.0
272 Oct 27, 2015 0.0 0.0 0.0 0.0 392.58 34562.9
273 Oct 28, 2015 0.0 0.0 0.0 0.0 464.4 38731.3
274 Oct 29, 2015 0.0 0.0 0.0 0.0 155.26 38278.1
275 Oct 30, 2015 0.0 0.0 0.0 0.0 18.91 40742.6
276 Oct 31, 2015 0.0 0.0 0.0 0.0 518.58 39994.9
277 Nov 01, 2015 0.0 0.0 0.0 0.0 14.59 35737.5
278 Nov 02, 2015 0.0 0.0 0.0 0.0 63.66 37355.6
279 Nov 03, 2015 0.0 0.0 0.0 0.0 80.51 42453.7
280 Nov 04, 2015 0.0 0.0 0.0 0.0 688.16 37024.9
281 Nov 05, 2015 0.0 0.0 0.0 0.0 26.29 31402.7
282 Nov 06, 2015 0.0 0.0 0.0 0.0 0.89 25843.3
283 Nov 07, 2015 0.0 0.0 0.0 0.0 78.39 31794.0
284 Nov 08, 2015 0.0 0.0 0.0 0.0 597.95 27486.4
285 Nov 09, 2015 0.0 0.0 0.0 0.0 201.03 40010.5
286 Nov 10, 2015 0.0 0.0 0.0 0.0 113.3 37999.6
287 Nov 11, 2015 0.0 0.0 0.0 0.0 22.21 38440.2
288 Nov 12, 2015 0.0 0.0 0.0 0.0 24.0 27188.9
289 Nov 13, 2015 0.0 0.0 0.0 0.0 100.36 29704.9
290 Nov 14, 2015 0.0 0.0 0.0 0.0 122.84 28085.3
291 Nov 15, 2015 0.0 0.0 0.0 0.0 105.55 32034.4
292 Nov 16, 2015 0.0 0.0 0.0 0.0 356.12 36315.5
293 Nov 17, 2015 0.0 0.0 0.0 0.0 98.71 31367.3
294 Nov 18, 2015 0.0 0.0 0.0 0.0 108.68 34597.9
295 Nov 19, 2015 0.0 0.0 0.0 0.0 31.1 33585.7
296 Nov 20, 2015 0.0 0.0 0.0 0.0 16.1 33086.1
297 Nov 21, 2015 0.0 0.0 0.0 0.0 161.54 30192.6
298 Nov 22, 2015 0.0 0.0 0.0 0.0 0.16 32805.1
299 Nov 23, 2015 0.0 0.0 0.0 0.0 135.81 30542.9
300 Nov 24, 2015 0.0 0.0 0.0 0.0 0.9 31205.6
301 Nov 25, 2015 0.0 0.0 0.0 0.0 35.72 30875.7
302 Nov 26, 2015 0.0 0.0 0.0 0.0 169.15 31727.3
303 Nov 27, 2015 0.0 0.0 0.0 0.0 109.96 33727.6
304 Nov 28, 2015 0.0 0.0 0.0 0.0 6.04 33772.1
305 Nov 29, 2015 0.0 0.0 0.0 0.0 161.5 35033.7
306 Nov 30, 2015 0.0 0.0 0.0 0.0 229.28 36680.8
307 Dec 01, 2015 0.0 0.0 0.0 0.0 355.66 40357.4
308 Dec 02, 2015 0.0 0.0 0.0 0.0 60.26 41419.8
309 Dec 03, 2015 0.0 0.0 0.0 0.0 38.44 41646.0
310 Dec 04, 2015 0.0 0.0 0.0 0.0 37.76 41932.6
311 Dec 05, 2015 0.0 0.0 0.0 0.0 38.82 38134.9
312 Dec 06, 2015 0.0 0.0 0.0 0.0 231.03 42507.7
313 Dec 07, 2015 0.0 0.0 0.0 0.0 80.39 47941.9
314 Dec 08, 2015 0.0 0.0 0.0 0.0 75.25 43757.1
315 Dec 09, 2015 0.0 0.0 0.0 0.0 205.83 46443.0
316 Dec 10, 2015 0.0 0.0 0.0 0.0 56.88 46473.7
317 Dec 11, 2015 0.0 0.0 0.0 0.0 172.26 50941.7
318 Dec 12, 2015 0.0 0.0 0.0 0.0 41.37 54830.8
319 Dec 13, 2015 0.0 0.0 0.0 0.0 232.46 48129.1
320 Dec 14, 2015 0.0 0.0 0.0 0.0 64.92 59891.6
321 Dec 15, 2015 0.0 0.0 0.0 0.0 131.46 54426.6
322 Dec 16, 2015 0.0 0.0 0.0 0.0 32.3 58523.1
323 Dec 17, 2015 0.0 0.0 0.0 0.0 5.51 55372.8
324 Dec 18, 2015 0.0 0.0 0.0 0.0 229.06 55601.6
325 Dec 19, 2015 0.0 0.0 0.0 0.0 161.44 54065.1
326 Dec 20, 2015 0.0 0.0 0.0 0.0 17.44 49619.9
327 Dec 21, 2015 0.0 0.0 0.0 0.0 23.99 51476.4
328 Dec 22, 2015 0.0 0.0 0.0 0.0 24.86 55033.1
329 Dec 23, 2015 0.0 0.0 0.0 0.0 18.39 47081.8
330 Dec 24, 2015 0.0 0.0 0.0 0.0 675.13 56362.7
331 Dec 25, 2015 0.0 0.0 0.0 0.0 21.06 49224.4
332 Dec 26, 2015 0.0 0.0 0.0 0.0 6.1 48250.2
333 Dec 27, 2015 0.0 0.0 0.0 0.0 177.56 47094.1
334 Dec 28, 2015 0.0 0.0 0.0 0.0 467.86 49760.3
335 Dec 29, 2015 0.0 0.0 0.0 0.0 114.01 68505.2
336 Dec 30, 2015 0.0 0.0 0.0 0.0 85.92 58648.8
337 Dec 31, 2015 0.0 0.0 0.0 0.0 1405.59 73542.8
338 Jan 01, 2016 0.0 0.0 0.0 0.0 685.68 57833.5
339 Jan 02, 2016 0.0 0.0 0.0 0.0 231.87 81319.6
340 Jan 03, 2016 0.0 0.0 0.0 0.0 440.45 60162.8
341 Jan 04, 2016 0.0 0.0 0.0 0.0 165.87 48335.4
342 Jan 05, 2016 0.0 0.0 0.0 0.0 372.5 61659.6
343 Jan 06, 2016 0.0 0.0 0.0 0.0 0.78 59287.0
344 Jan 07, 2016 0.0 0.0 0.0 0.0 5.32 52642.2
345 Jan 08, 2016 0.0 0.0 0.0 0.0 13.65 57433.2
346 Jan 09, 2016 0.0 0.0 0.0 0.0 72.64 64924.1
347 Jan 10, 2016 0.0 0.0 0.0 0.0 272.09 53825.4
348 Jan 11, 2016 0.0 0.0 0.0 0.0 12.22 59124.4
349 Jan 12, 2016 0.0 0.0 0.0 0.0 48.88 54439.5
350 Jan 13, 2016 0.0 0.0 0.0 0.0 67.27 52972.7
351 Jan 14, 2016 0.0 0.0 0.0 0.0 86.94 50861.7
352 Jan 15, 2016 0.0 0.0 0.0 0.0 32.53 50007.7
353 Jan 16, 2016 0.0 0.0 0.0 0.0 171.23 48912.2
354 Jan 17, 2016 0.0 0.0 0.0 0.0 79.55 41831.6
355 Jan 18, 2016 0.0 0.0 0.0 0.0 22.5 48786.4
356 Jan 19, 2016 0.0 0.0 0.0 0.0 26.51 52706.6
357 Jan 20, 2016 0.0 0.0 0.0 0.0 169.84 51218.7
358 Jan 21, 2016 0.0 0.0 0.0 0.0 5.24 55508.5
359 Jan 22, 2016 0.0 0.0 0.0 0.0 6.1 54400.9
360 Jan 23, 2016 0.0 0.0 0.0 0.0 5.24 50654.2
361 Jan 24, 2016 0.0 0.0 0.0 0.0 254.15 58486.8
362 Jan 25, 2016 0.0 0.0 0.0 0.0 250.08 60734.9
363 Jan 26, 2016 0.0 0.0 0.0 0.0 5.3 57684.5
364 Jan 27, 2016 0.0 0.0 0.0 0.0 482.3 56349.8
365 Jan 28, 2016 0.0 0.0 0.0 0.0 225.18 52307.2
366 Jan 29, 2016 0.0 0.0 0.0 0.0 47.5 55504.6
367 Jan 30, 2016 0.0 0.0 0.0 0.0 56.43 51018.0
368 Jan 31, 2016 0.0 0.0 0.0 0.0 76.4 50928.2
369 Feb 01, 2016 0.0 0.0 0.0 0.0 16.84 50324.0
370 Feb 02, 2016 0.0 0.0 0.0 0.0 244.36 50372.2
371 Feb 03, 2016 0.0 0.0 0.0 0.0 74.62 49528.2
372 Feb 04, 2016 0.0 0.0 0.0 0.0 246.1 49579.9
373 Feb 05, 2016 0.0 0.0 0.0 0.0 44.28 51678.9
374 Feb 06, 2016 0.0 0.0 0.0 0.0 231.93 51729.9
375 Feb 07, 2016 0.0 0.0 0.0 0.0 129.7 55790.3
376 Feb 08, 2016 0.0 0.0 0.0 0.0 14.97 50668.4
377 Feb 09, 2016 0.0 0.0 0.0 0.0 18.55 50558.5
378 Feb 10, 2016 0.0 0.0 0.0 0.0 39.59 54460.9
379 Feb 11, 2016 0.0 0.0 0.0 0.0 103.16 52445.6
380 Feb 12, 2016 0.0 0.0 0.0 0.0 23.72 41576.5
381 Feb 13, 2016 0.0 0.0 0.0 0.0 457.31 63798.7
382 Feb 14, 2016 0.0 0.0 0.0 0.0 83.76 65149.9
383 Feb 15, 2016 0.0 0.0 0.0 0.0 347.34 62970.2
384 Feb 16, 2016 0.0 0.0 0.0 0.0 117.15 68186.8
385 Feb 17, 2016 0.0 0.0 0.0 0.0 535.79 78780.2
386 Feb 18, 2016 0.0 0.0 0.0 0.0 144.76 88670.6
387 Feb 19, 2016 0.0 0.0 0.0 0.0 17.39 74154.1
388 Feb 20, 2016 0.0 0.0 0.0 0.0 60.96 73360.6
389 Feb 21, 2016 0.0 0.0 0.0 0.0 7.39 81138.1
390 Feb 22, 2016 0.0 0.0 0.0 0.0 726.93 77890.9
391 Feb 23, 2016 0.0 0.0 0.0 0.0 259.45 113174.0
392 Feb 24, 2016 0.0 0.0 0.0 0.0 11.35 94238.0
393 Feb 25, 2016 0.0 0.0 0.0 0.0 28.36 81337.0
394 Feb 26, 2016 0.0 0.0 0.0 0.0 1049.6 81797.9
395 Feb 27, 2016 0.0 0.0 0.0 0.0 13.08 84691.9
396 Feb 28, 2016 0.0 0.0 0.0 0.0 128.7 65380.4
397 Feb 29, 2016 0.0 0.0 0.0 0.0 103.19 60313.4
398 Mar 01, 2016 0.0 0.0 0.0 0.0 35.27 65500.9
399 Mar 02, 2016 0.0 0.0 0.0 0.0 0.99 67370.7
400 Mar 03, 2016 0.0 0.0 0.0 0.0 149.03 70068.2
401 Mar 04, 2016 0.0 0.0 0.0 0.0 28.46 58408.6
402 Mar 05, 2016 0.0 0.0 0.0 0.0 43.52 66687.4
403 Mar 06, 2016 0.0 0.0 0.0 0.0 25.96 64952.9
404 Mar 07, 2016 0.0 0.0 0.0 0.0 224.01 58655.8
405 Mar 08, 2016 0.0 0.0 0.0 0.0 11.91 77875.8
406 Mar 09, 2016 0.0 0.0 0.0 0.0 49.36 75780.1
407 Mar 10, 2016 0.0 0.0 0.0 0.0 4.9 63771.6
408 Mar 11, 2016 0.0 0.0 0.0 0.0 108.06 71817.3
409 Mar 12, 2016 0.0 0.0 0.0 0.0 279.82 66008.2
410 Mar 13, 2016 0.0 0.0 0.0 0.0 131.12 81000.7
411 Mar 14, 2016 0.0 0.0 0.0 0.0 286.61 65984.8
412 Mar 15, 2016 0.0 0.0 0.0 0.0 35.88 65871.4
413 Mar 16, 2016 0.0 0.0 0.0 0.0 419.0 68850.1
414 Mar 17, 2016 0.0 0.0 0.0 0.0 463.58 85919.6
415 Mar 18, 2016 0.0 0.0 0.0 0.0 592.42 94674.3
416 Mar 19, 2016 0.0 0.0 0.0 0.0 1109.31 76387.2
417 Mar 20, 2016 0.0 0.0 0.0 0.0 2012.86 110576.0
418 Mar 21, 2016 0.0 0.0 0.0 0.0 232.6 94131.7
419 Mar 22, 2016 0.0 0.0 0.0 0.0 15.12 90594.8
420 Mar 23, 2016 0.0 0.0 0.0 0.0 183.69 93525.3
421 Mar 24, 2016 0.0 0.0 0.0 0.0 223.46 94383.1
422 Mar 25, 2016 0.0 0.0 0.0 0.0 14.6 99345.9
423 Mar 26, 2016 0.0 0.0 0.0 0.0 540.31 100598.0
424 Mar 27, 2016 0.0 0.0 0.0 0.0 1662.99 92390.9
425 Mar 28, 2016 0.0 0.0 0.0 0.0 138.33 101366.0
426 Mar 29, 2016 0.0 0.0 0.0 0.0 1210.39 107890.0
427 Mar 30, 2016 0.0 0.0 0.0 0.0 532.17 112970.0
428 Mar 31, 2016 0.0 0.0 0.0 0.0 276.81 115724.0
429 Apr 01, 2016 0.0 0.0 0.0 0.0 4518.61 110680.0
430 Apr 02, 2016 0.0 0.0 0.0 0.0 2595.61 147076.0
431 Apr 03, 2016 0.0 0.0 0.0 0.0 1361.33 151956.0
432 Apr 04, 2016 0.0 0.0 0.0 0.0 661.12 148261.0
433 Apr 05, 2016 0.0 0.0 0.0 0.0 181.44 127074.0
434 Apr 06, 2016 0.0 0.0 0.0 0.0 115.04 126957.0
435 Apr 07, 2016 0.0 0.0 0.0 0.0 79.45 128264.0
436 Apr 08, 2016 0.0 0.0 0.0 0.0 0.25 136549.0
437 Apr 09, 2016 0.0 0.0 0.0 0.0 275.88 130741.0
438 Apr 10, 2016 0.0 0.0 0.0 0.0 487.04 104153.0
439 Apr 11, 2016 0.0 0.0 0.0 0.0 62.34 105282.0
440 Apr 12, 2016 0.0 0.0 0.0 0.0 1622.08 125452.0
441 Apr 13, 2016 0.0 0.0 0.0 0.0 2529.66 125507.0
442 Apr 14, 2016 0.0 0.01 0.0 0.0 549.18 174631.0
443 Apr 15, 2016 0.0 0.0 0.0 0.0 517.27 149450.0
444 Apr 16, 2016 0.0 0.0 0.0 0.0 713.74 137135.0
445 Apr 17, 2016 0.0 0.0 0.0 0.0 619.77 136348.0
446 Apr 18, 2016 0.0 0.0 0.0 0.0 526.94 130977.0
447 Apr 19, 2016 0.0 0.01 0.0 0.0 1403.35 142665.0
448 Apr 20, 2016 0.0 0.01 0.0 0.0 227.71 167518.0
449 Apr 21, 2016 0.0 0.01 0.0 0.0 50.06 169469.0
450 Apr 22, 2016 0.0 0.01 0.0 0.0 1112.29 179815.0
451 Apr 23, 2016 0.0 0.01 0.0 0.0 128.07 161876.0
452 Apr 24, 2016 0.0 0.01 0.0 0.01 7704.24 176818.0
453 Apr 25, 2016 0.01 0.01 0.01 0.01 3093.71 258896.0
454 Apr 26, 2016 0.01 0.01 0.01 0.01 2971.97 222147.0
455 Apr 27, 2016 0.01 0.01 0.01 0.01 2080.44 285535.0
456 Apr 28, 2016 0.01 0.01 0.01 0.01 2326.63 252110.0
457 Apr 29, 2016 0.01 0.01 0.01 0.01 722.53 263892.0
458 Apr 30, 2016 0.01 0.01 0.01 0.01 543.63 286604.0
459 May 01, 2016 0.01 0.01 0.01 0.01 229.1 254066.0
460 May 02, 2016 0.01 0.01 0.01 0.01 157.27 284739.0
461 May 03, 2016 0.01 0.01 0.01 0.01 177.19 285744.0
462 May 04, 2016 0.01 0.01 0.01 0.01 499.93 269983.0
463 May 05, 2016 0.01 0.01 0.01 0.01 97.97 223072.0
464 May 06, 2016 0.01 0.01 0.01 0.01 314.25 236171.0
465 May 07, 2016 0.01 0.01 0.01 0.01 29.67 224094.0
466 May 08, 2016 0.01 0.01 0.01 0.01 63.65 223656.0
467 May 09, 2016 0.01 0.01 0.01 0.01 72.83 254446.0
468 May 10, 2016 0.01 0.01 0.01 0.01 226.3 240973.0
469 May 11, 2016 0.01 0.01 0.01 0.01 385.61 270160.0
470 May 12, 2016 0.01 0.01 0.01 0.01 6232.17 277780.0
471 May 13, 2016 0.01 0.01 0.01 0.01 2282.06 373650.0
472 May 14, 2016 0.01 0.01 0.01 0.01 926.78 355822.0
473 May 15, 2016 0.01 0.01 0.01 0.01 107.23 342644.0
474 May 16, 2016 0.01 0.01 0.01 0.01 4409.41 354350.0
475 May 17, 2016 0.01 0.01 0.01 0.01 4495.04 390758.0
476 May 18, 2016 0.01 0.01 0.01 0.01 4438.18 476152.0
477 May 19, 2016 0.01 0.02 0.01 0.02 20547.1 514977.0
478 May 20, 2016 0.02 0.02 0.01 0.02 5251.02 765802.0
479 May 21, 2016 0.02 0.02 0.01 0.01 1495.8 696348.0
480 May 22, 2016 0.01 0.01 0.01 0.01 985.48 482378.0
481 May 23, 2016 0.01 0.02 0.01 0.02 4264.07 495194.0
482 May 24, 2016 0.02 0.02 0.02 0.02 1438.52 753438.0
483 May 25, 2016 0.02 0.02 0.01 0.01 1380.37 702110.0
484 May 26, 2016 0.01 0.02 0.01 0.02 1941.49 556542.0
485 May 27, 2016 0.02 0.02 0.01 0.01 4041.63 615896.0
486 May 28, 2016 0.01 0.01 0.01 0.01 3456.92 490405.0
487 May 29, 2016 0.01 0.01 0.01 0.01 1174.44 437551.0
488 May 30, 2016 0.01 0.01 0.01 0.01 431.13 471728.0
489 May 31, 2016 0.01 0.01 0.01 0.01 254.22 465122.0
490 Jun 01, 2016 0.01 0.01 0.01 0.01 1585.22 445517.0
491 Jun 02, 2016 0.01 0.01 0.01 0.01 1273.31 478161.0
492 Jun 03, 2016 0.01 0.01 0.01 0.01 3466.18 423767.0
493 Jun 04, 2016 0.01 0.01 0.01 0.01 1728.85 413742.0
494 Jun 05, 2016 0.01 0.01 0.01 0.01 217.77 403876.0
495 Jun 06, 2016 0.01 0.01 0.01 0.01 192.79 382423.0
496 Jun 07, 2016 0.01 0.01 0.01 0.01 57.35 444174.0
497 Jun 08, 2016 0.01 0.01 0.01 0.01 1087.91 433630.0
498 Jun 09, 2016 0.01 0.01 0.01 0.01 350.32 392330.0
499 Jun 10, 2016 0.01 0.01 0.01 0.01 411.67 391753.0
500 Jun 11, 2016 0.01 0.01 0.01 0.01 55.31 393686.0
501 Jun 12, 2016 0.01 0.01 0.01 0.01 142.47 510712.0
502 Jun 13, 2016 0.01 0.01 0.01 0.01 741.83 472318.0
503 Jun 14, 2016 0.01 0.01 0.01 0.01 889.42 480744.0
504 Jun 15, 2016 0.01 0.01 0.01 0.01 239.46 461042.0
505 Jun 16, 2016 0.01 0.01 0.01 0.01 1689.6 452529.0
506 Jun 17, 2016 0.01 0.01 0.01 0.01 642.67 407626.0
507 Jun 18, 2016 0.01 0.01 0.01 0.01 557.47 464400.0
508 Jun 19, 2016 0.01 0.01 0.01 0.01 136.92 449959.0
509 Jun 20, 2016 0.01 0.02 0.01 0.02 697.31 505177.0
510 Jun 21, 2016 0.02 0.02 0.01 0.01 275.74 646136.0
511 Jun 22, 2016 0.01 0.01 0.01 0.01 490.93 549944.0
512 Jun 23, 2016 0.01 0.01 0.01 0.01 246.0 388327.0
513 Jun 24, 2016 0.01 0.01 0.01 0.01 19.7 404059.0
514 Jun 25, 2016 0.01 0.01 0.01 0.01 25.25 465603.0
515 Jun 26, 2016 0.01 0.01 0.01 0.01 75.74 397986.0
516 Jun 27, 2016 0.01 0.01 0.01 0.01 472.3 386343.0
517 Jun 28, 2016 0.01 0.01 0.01 0.01 1311.36 372808.0
518 Jun 29, 2016 0.01 0.01 0.01 0.01 388.21 365845.0
519 Jun 30, 2016 0.01 0.01 0.01 0.01 2849.44 392060.0
520 Jul 01, 2016 0.01 0.03 0.01 0.02 18619.0 411463.0
521 Jul 02, 2016 0.02 0.02 0.01 0.01 2862.28 662100.0
522 Jul 03, 2016 0.01 0.02 0.01 0.02 1923.17 514728.0
523 Jul 04, 2016 0.02 0.02 0.01 0.01 1016.15 688505.0
524 Jul 05, 2016 0.01 0.02 0.01 0.02 7351.05 579467.0
525 Jul 06, 2016 0.02 0.02 0.02 0.02 8555.04 790980.0
526 Jul 07, 2016 0.02 0.02 0.02 0.02 1908.14 812739.0
527 Jul 08, 2016 0.02 0.02 0.02 0.02 1669.8 795611.0
528 Jul 09, 2016 0.02 0.02 0.02 0.02 1029.3 791604.0
529 Jul 10, 2016 0.02 0.02 0.02 0.02 3069.04 758454.0
530 Jul 11, 2016 0.02 0.02 0.02 0.02 4985.71 922540.0
531 Jul 12, 2016 0.02 0.02 0.02 0.02 5074.6 840082.0
532 Jul 13, 2016 0.02 0.03 0.02 0.03 16363.0 881250.0
533 Jul 14, 2016 0.03 0.06 0.03 0.06 43305.9 1276360.0
534 Jul 15, 2016 0.06 0.06 0.04 0.05 46735.3 2439770.0
535 Jul 16, 2016 0.05 0.05 0.03 0.04 39657.9 1908960.0
536 Jul 17, 2016 0.04 0.05 0.04 0.04 7722.25 1636740.0
537 Jul 18, 2016 0.04 0.05 0.04 0.04 7024.88 1675520.0
538 Jul 19, 2016 0.04 0.05 0.04 0.04 20850.9 1822280.0
539 Jul 20, 2016 0.04 0.04 0.04 0.04 2414.05 1628160.0
540 Jul 21, 2016 0.04 0.04 0.03 0.03 29911.4 1593740.0
541 Jul 22, 2016 0.03 0.04 0.03 0.04 4155.44 1383880.0
542 Jul 23, 2016 0.04 0.04 0.03 0.04 3515.46 1435290.0
543 Jul 24, 2016 0.04 0.04 0.04 0.04 6593.09 1556090.0
544 Jul 25, 2016 0.04 0.05 0.04 0.05 22532.7 1615150.0
545 Jul 26, 2016 0.05 0.06 0.04 0.05 16717.1 1961370.0
546 Jul 27, 2016 0.05 0.05 0.04 0.04 4177.25 1954990.0
547 Jul 28, 2016 0.04 0.05 0.04 0.04 2412.93 1804500.0
548 Jul 29, 2016 0.04 0.05 0.04 0.05 1822.86 1804390.0
549 Jul 30, 2016 0.04 0.05 0.04 0.05 1884.96 1823210.0
550 Jul 31, 2016 0.05 0.05 0.04 0.04 787.87 1859370.0
551 Aug 01, 2016 0.04 0.04 0.04 0.04 3182.62 1762060.0
552 Aug 02, 2016 0.04 0.04 0.04 0.04 2865.73 1699750.0
553 Aug 03, 2016 0.04 0.04 0.04 0.04 2997.33 1536320.0
554 Aug 04, 2016 0.04 0.04 0.04 0.04 3049.17 1594290.0
555 Aug 05, 2016 0.04 0.05 0.04 0.04 3406.25 1624410.0
556 Aug 06, 2016 0.04 0.05 0.03 0.04 18023.4 1654200.0
557 Aug 07, 2016 0.04 0.04 0.04 0.04 481.55 1642730.0
558 Aug 08, 2016 0.04 0.04 0.04 0.04 1237.98 1467990.0
559 Aug 09, 2016 0.04 0.04 0.03 0.04 4760.98 1478890.0
560 Aug 10, 2016 0.04 0.04 0.03 0.03 2457.04 1451640.0
561 Aug 11, 2016 0.03 0.04 0.03 0.03 1962.81 1256850.0
562 Aug 12, 2016 0.03 0.04 0.03 0.03 5059.05 1320990.0
563 Aug 13, 2016 0.03 0.04 0.03 0.03 7563.83 1299990.0
564 Aug 14, 2016 0.03 0.03 0.03 0.03 1914.32 1352520.0
565 Aug 15, 2016 0.03 0.03 0.03 0.03 591.76 1263350.0
566 Aug 16, 2016 0.03 0.03 0.03 0.03 705.95 1378280.0
567 Aug 17, 2016 0.03 0.03 0.03 0.03 726.62 1355110.0
568 Aug 18, 2016 0.03 0.03 0.03 0.03 2151.33 1303100.0
569 Aug 19, 2016 0.03 0.03 0.03 0.03 3267.68 1132820.0
570 Aug 20, 2016 0.03 0.03 0.02 0.03 4262.27 1068080.0
571 Aug 21, 2016 0.03 0.03 0.02 0.03 2050.3 1174690.0
572 Aug 22, 2016 0.03 0.03 0.02 0.03 3648.39 1143890.0
573 Aug 23, 2016 0.03 0.03 0.02 0.03 1799.8 1060480.0
574 Aug 24, 2016 0.03 0.03 0.02 0.03 2996.48 1063130.0
575 Aug 25, 2016 0.03 0.03 0.03 0.03 1287.08 1395470.0
576 Aug 26, 2016 0.03 0.03 0.03 0.03 1168.01 1297510.0
577 Aug 27, 2016 0.03 0.03 0.03 0.03 714.56 1251420.0
578 Aug 28, 2016 0.03 0.03 0.03 0.03 820.05 1259200.0
579 Aug 29, 2016 0.03 0.03 0.03 0.03 4270.18 1345270.0
580 Aug 30, 2016 0.03 0.03 0.03 0.03 3626.09 1215460.0
581 Aug 31, 2016 0.03 0.03 0.03 0.03 3858.53 1301900.0
582 Sep 01, 2016 0.03 0.03 0.03 0.03 2838.85 1383350.0
583 Sep 02, 2016 0.03 0.04 0.03 0.03 3379.59 1249460.0
584 Sep 03, 2016 0.03 0.04 0.03 0.04 4020.85 1414700.0
585 Sep 04, 2016 0.04 0.04 0.03 0.04 2865.46 1520190.0
586 Sep 05, 2016 0.04 0.04 0.03 0.04 2080.47 1473970.0
587 Sep 06, 2016 0.04 0.04 0.04 0.04 2571.64 1552810.0
588 Sep 07, 2016 0.04 0.04 0.04 0.04 2713.76 1599970.0
589 Sep 08, 2016 0.04 0.04 0.04 0.04 3655.01 1658950.0
590 Sep 09, 2016 0.04 0.04 0.04 0.04 1568.03 1482940.0
591 Sep 10, 2016 0.04 0.04 0.04 0.04 3213.69 1471230.0
592 Sep 11, 2016 0.04 0.04 0.03 0.03 678.01 1665300.0
593 Sep 12, 2016 0.03 0.04 0.03 0.04 6501.44 1427350.0
594 Sep 13, 2016 0.04 0.04 0.03 0.04 1306.3 1665010.0
595 Sep 14, 2016 0.04 0.04 0.04 0.04 2346.08 1549890.0
596 Sep 15, 2016 0.04 0.04 0.04 0.04 4417.52 1582290.0
597 Sep 16, 2016 0.04 0.04 0.04 0.04 3512.45 1546280.0
598 Sep 17, 2016 0.04 0.04 0.04 0.04 2319.82 1619480.0
599 Sep 18, 2016 0.04 0.04 0.04 0.04 4054.86 1630710.0
600 Sep 19, 2016 0.04 0.04 0.04 0.04 1792.51 1640940.0
601 Sep 20, 2016 0.04 0.04 0.04 0.04 519.78 1677680.0
602 Sep 21, 2016 0.04 0.04 0.04 0.04 713.43 1657080.0
603 Sep 22, 2016 0.04 0.04 0.04 0.04 1505.72 1582060.0
604 Sep 23, 2016 0.04 0.04 0.03 0.03 4555.48 1553770.0
605 Sep 24, 2016 0.03 0.04 0.03 0.04 2271.42 1457160.0
606 Sep 25, 2016 0.04 0.04 0.03 0.03 974.43 1698100.0
607 Sep 26, 2016 0.03 0.04 0.03 0.03 1300.66 1413590.0
608 Sep 27, 2016 0.03 0.04 0.03 0.04 3511.94 1384940.0
609 Sep 28, 2016 0.04 0.04 0.03 0.04 4530.74 1717560.0
610 Sep 29, 2016 0.04 0.04 0.03 0.04 1709.94 1524640.0
611 Sep 30, 2016 0.04 0.04 0.03 0.03 2206.51 1615930.0
612 Oct 01, 2016 0.03 0.04 0.03 0.04 1664.27 1393110.0
613 Oct 02, 2016 0.04 0.04 0.03 0.03 1198.8 1540590.0
614 Oct 03, 2016 0.03 0.03 0.03 0.03 465.28 1349520.0
615 Oct 04, 2016 0.03 0.03 0.02 0.02 4135.68 1397460.0
616 Oct 05, 2016 0.02 0.03 0.02 0.03 335.94 798078.0
617 Oct 06, 2016 0.03 0.03 0.02 0.03 1177.37 1331900.0
618 Oct 07, 2016 0.03 0.03 0.02 0.03 3487.59 1273730.0
619 Oct 08, 2016 0.03 0.03 0.03 0.03 1380.05 1167640.0
620 Oct 09, 2016 0.03 0.03 0.03 0.03 2638.08 1209900.0
621 Oct 10, 2016 0.03 0.03 0.03 0.03 844.36 1201620.0
622 Oct 11, 2016 0.03 0.03 0.03 0.03 821.88 1100960.0
623 Oct 12, 2016 0.03 0.03 0.03 0.03 1085.28 1109180.0
624 Oct 13, 2016 0.03 0.03 0.03 0.03 1584.24 1154940.0
625 Oct 14, 2016 0.03 0.03 0.03 0.03 1668.7 1192310.0
626 Oct 15, 2016 0.03 0.03 0.03 0.03 986.55 1238560.0
627 Oct 16, 2016 0.03 0.03 0.03 0.03 1310.78 1199620.0
628 Oct 17, 2016 0.03 0.03 0.03 0.03 3971.35 1353860.0
629 Oct 18, 2016 0.03 0.03 0.03 0.03 1053.05 1483280.0
630 Oct 19, 2016 0.03 0.03 0.03 0.03 1115.02 1440510.0
631 Oct 20, 2016 0.03 0.03 0.03 0.03 2676.88 1226210.0
632 Oct 21, 2016 0.03 0.03 0.03 0.03 1451.66 1291430.0
633 Oct 22, 2016 0.03 0.03 0.03 0.03 752.45 1402500.0
634 Oct 23, 2016 0.03 0.03 0.03 0.03 2602.59 1455890.0
635 Oct 24, 2016 0.03 0.03 0.03 0.03 776.5 1422130.0
636 Oct 25, 2016 0.03 0.03 0.03 0.03 1838.71 1419730.0
637 Oct 26, 2016 0.03 0.03 0.03 0.03 3412.96 1359260.0
638 Oct 27, 2016 0.03 0.03 0.03 0.03 1372.23 1291340.0
639 Oct 28, 2016 0.03 0.03 0.03 0.03 1337.61 1167140.0
640 Oct 29, 2016 0.03 0.03 0.01 0.02 9668.52 1414180.0
641 Oct 30, 2016 0.02 0.03 0.02 0.02 257.48 274857.0
642 Oct 31, 2016 0.02 0.03 0.02 0.02 756.91 941329.0
643 Nov 01, 2016 0.02 0.03 0.02 0.03 996.92 885173.0
644 Nov 02, 2016 0.03 0.03 0.02 0.03 427.36 1177270.0
645 Nov 03, 2016 0.03 0.03 0.02 0.02 229.93 1119680.0
646 Nov 04, 2016 0.02 0.02 0.02 0.02 772.63 917784.0
647 Nov 05, 2016 0.02 0.02 0.02 0.02 440.13 857949.0
648 Nov 06, 2016 0.02 0.02 0.02 0.02 45.71 957187.0
649 Nov 07, 2016 0.02 0.03 0.01 0.02 5379.48 999237.0
650 Nov 08, 2016 0.02 0.02 0.02 0.02 318.39 1073080.0
651 Nov 09, 2016 0.02 0.02 0.01 0.02 3162.02 872926.0
652 Nov 10, 2016 0.02 0.02 0.02 0.02 1974.35 993630.0
653 Nov 11, 2016 0.02 0.02 0.02 0.02 1915.73 906344.0
654 Nov 12, 2016 0.02 0.02 0.02 0.02 2852.29 976279.0
655 Nov 13, 2016 0.02 0.03 0.02 0.03 3998.43 954398.0
656 Nov 14, 2016 0.03 0.03 0.03 0.03 1000.04 1287620.0
657 >Nov 15, 201 0.03 0.03 0.02 0.03 3054.26 1303280.0
658 Nov 16, 2016 0.03 0.03 0.02 0.03 1477.65 1343300.0
659 Nov 17, 2016 0.03 0.03 0.03 0.03 2626.99 1404830.0
660 Nov 18, 2016 0.03 0.03 0.03 0.03 2546.58 1427580.0
661 Nov 19, 2016 0.03 0.03 0.03 0.03 633.67 1492920.0
662 Nov 20, 2016 0.03 0.03 0.03 0.03 1156.5 1493070.0
663 Nov 21, 2016 0.03 0.04 0.03 0.04 7148.62 1333770.0
664 Nov 22, 2016 0.04 0.04 0.03 0.04 2545.27 1561270.0
665 Nov 23, 2016 0.04 0.04 0.03 0.04 1710.52 1568550.0
666 Nov 24, 2016 0.04 0.04 0.03 0.03 2543.07 1655870.0
667 Nov 25, 2016 0.03 0.04 0.03 0.03 658.81 1545280.0
668 Nov 26, 2016 0.03 0.04 0.03 0.03 3987.68 1530970.0
669 Nov 27, 2016 0.03 0.03 0.03 0.03 4444.99 1253410.0
670 Nov 28, 2016 0.03 0.03 0.03 0.03 433.32 1256750.0
671 Nov 29, 2016 0.03 0.03 0.02 0.03 4910.75 1313580.0
672 Nov 30, 2016 0.03 0.03 0.03 0.03 819.99 1226060.0
673 Dec 01, 2016 0.03 0.03 0.02 0.03 1303.39 1231820.0
674 Dec 02, 2016 0.03 0.03 0.02 0.02 4138.05 1168880.0
675 Dec 03, 2016 0.02 0.03 0.02 0.03 2492.85 933278.0
676 Dec 04, 2016 0.03 0.03 0.03 0.03 1685.55 1474990.0
677 Dec 05, 2016 0.03 0.03 0.03 0.03 579.29 1417280.0
678 Dec 06, 2016 0.03 0.03 0.02 0.02 4147.27 1290760.0
679 Dec 07, 2016 0.02 0.03 0.02 0.02 950.0 1071640.0
680 Dec 08, 2016 0.02 0.04 0.02 0.03 2908.73 1037310.0
681 Dec 09, 2016 0.03 0.03 0.03 0.03 632.27 1430910.0
682 Dec 10, 2016 0.03 0.03 0.03 0.03 1006.89 1357290.0
683 Dec 11, 2016 0.03 0.03 0.03 0.03 1022.19 1563820.0
684 Dec 12, 2016 0.03 0.03 0.03 0.03 1207.01 1313400.0
685 Dec 13, 2016 0.03 0.03 0.03 0.03 2852.28 1350580.0
686 Dec 14, 2016 0.03 0.03 0.02 0.03 2897.35 1276170.0
687 Dec 15, 2016 0.03 0.03 0.02 0.02 1578.96 1217780.0
688 Dec 16, 2016 0.02 0.03 0.02 0.03 2309.64 1072750.0
689 Dec 17, 2016 0.03 0.03 0.02 0.03 295.98 1276490.0
690 Dec 18, 2016 0.03 0.03 0.02 0.03 219.02 1164370.0
691 Dec 19, 2016 0.03 0.03 0.02 0.02 2435.78 1284240.0
692 Dec 20, 2016 0.02 0.03 0.02 0.02 740.14 1109520.0
693 Dec 21, 2016 0.02 0.03 0.02 0.03 668.11 1118280.0
694 Dec 22, 2016 0.03 0.03 0.03 0.03 2628.34 1407970.0
695 Dec 23, 2016 0.03 0.03 0.03 0.03 4569.57 1226760.0
696 Dec 24, 2016 0.03 0.03 0.03 0.03 257.63 1274670.0
697 Dec 25, 2016 0.03 0.03 0.02 0.03 142.03 1144460.0
698 Dec 26, 2016 0.03 0.03 0.03 0.03 45.28 1239400.0
699 Dec 27, 2016 0.03 0.03 0.03 0.03 999.79 1309540.0
700 Dec 28, 2016 0.03 0.03 0.03 0.03 886.89 1243510.0
701 Dec 29, 2016 0.03 0.03 0.03 0.03 115.07 1330560.0
702 Dec 30, 2016 0.03 0.03 0.03 0.03 877.55 1285620.0
703 Dec 31, 2016 0.03 0.03 0.03 0.03 659.97 1218210.0
704 Jan 01, 2017 0.03 0.03 0.03 0.03 1331.51 1316360.0
705 Jan 02, 2017 0.03 0.03 0.03 0.03 5122.14 1250810.0
706 Jan 03, 2017 0.03 0.04 0.03 0.03 10530.2 1488330.0
707 Jan 04, 2017 0.03 0.04 0.03 0.04 4236.14 1559980.0
708 Jan 05, 2017 0.04 0.04 0.03 0.04 8163.81 1726550.0
709 Jan 06, 2017 0.04 0.05 0.04 0.04 19412.5 1850910.0
710 Jan 07, 2017 0.04 0.05 0.04 0.04 8621.32 2058400.0
711 Jan 08, 2017 0.04 0.05 0.04 0.04 1407.08 2073320.0
712 Jan 09, 2017 0.04 0.07 0.04 0.04 13356.5 2084560.0
713 Jan 10, 2017 0.05 0.06 0.04 0.05 10744.6 2201990.0
714 Jan 11, 2017 0.05 0.05 0.04 0.05 17161.3 2343680.0
715 Jan 12, 2017 0.05 0.05 0.04 0.05 7373.68 2486080.0
716 Jan 13, 2017 0.05 0.07 0.05 0.07 44369.5 2359500.0
717 Jan 14, 2017 0.07 0.08 0.06 0.07 27490.8 3225910.0
718 Jan 15, 2017 0.07 0.08 0.07 0.07 22074.8 3340060.0
719 Jan 16, 2017 0.08 0.09 0.07 0.08 48367.1 3620780.0
720 Jan 17, 2017 0.08 0.12 0.08 0.12 55087.1 3754320.0
721 Jan 18, 2017 0.12 0.14 0.11 0.14 134088.0 5327900.0
722 Jan 19, 2017 0.14 0.14 0.09 0.12 102767.0 6466640.0
723 Jan 20, 2017 0.12 0.13 0.09 0.1 77595.9 5524240.0
724 Jan 21, 2017 0.1 0.1 0.07 0.09 119304.0 4510870.0
725 Jan 22, 2017 0.08 0.1 0.08 0.08 48235.0 3849170.0
726 Jan 23, 2017 0.08 0.11 0.08 0.09 53046.9 3872510.0
727 Jan 24, 2017 0.09 0.11 0.09 0.1 44163.3 4276880.0
728 Jan 25, 2017 0.1 0.11 0.1 0.11 72287.5 4876990.0
729 Jan 26, 2017 0.1 0.11 0.1 0.1 30735.5 4558810.0
730 Jan 27, 2017 0.1 0.11 0.1 0.1 18466.4 4727910.0
731 Jan 28, 2017 0.1 0.12 0.1 0.11 15643.3 4910480.0
732 Jan 29, 2017 0.11 0.11 0.1 0.11 20032.7 5058390.0
733 Jan 30, 2017 0.11 0.13 0.1 0.11 40957.1 5094830.0
734 Jan 31, 2017 0.11 0.12 0.11 0.11 10920.1 5136250.0
735 Feb 01, 2017 0.11 0.12 0.11 0.12 20926.7 5299070.0
736 Feb 02, 2017 0.12 0.18 0.11 0.12 20561.1 5552200.0
737 >Feb 03, 201 0.12 0.14 0.12 0.12 18151.2 5615600.0
738 Feb 04, 2017 0.12 0.12 0.11 0.11 27775.2 5671370.0
739 Feb 05, 2017 0.11 0.12 0.1 0.11 25512.7 5081640.0
740 Feb 06, 2017 0.11 0.12 0.1 0.1 22314.2 4976010.0
741 Feb 07, 2017 0.1 0.12 0.09 0.11 26041.6 4876790.0
742 Feb 08, 2017 0.11 0.12 0.1 0.1 21546.4 5239770.0
743 Feb 09, 2017 0.1 0.12 0.1 0.1 23330.8 4853010.0
744 Feb 10, 2017 0.1 0.11 0.1 0.1 9925.16 4873950.0
745 Feb 11, 2017 0.1 0.12 0.1 0.1 9747.41 4670310.0
746 Feb 12, 2017 0.1 0.11 0.09 0.09 30335.4 4881330.0
747 Feb 13, 2017 0.09 0.1 0.08 0.09 26807.4 4219410.0
748 Feb 14, 2017 0.09 0.17 0.09 0.1 18415.2 4131000.0
749 Feb 15, 2017 0.1 0.14 0.09 0.1 22678.6 4555040.0
750 Feb 16, 2017 0.1 0.11 0.09 0.1 23585.3 4629960.0
751 Feb 17, 2017 0.1 0.11 0.1 0.11 21416.4 4519900.0
752 Feb 18, 2017 0.11 0.11 0.1 0.1 14540.5 5056090.0
753 Feb 19, 2017 0.1 0.1 0.1 0.1 14576.4 4693980.0
754 Feb 20, 2017 0.1 0.1 0.09 0.1 4472.93 4596610.0
755 Feb 21, 2017 0.1 0.1 0.09 0.09 19878.3 4557140.0
756 Feb 22, 2017 0.09 0.1 0.09 0.09 13288.7 4365780.0
757 Feb 23, 2017 0.09 0.1 0.09 0.09 47229.0 4323620.0
758 Feb 24, 2017 0.09 0.1 0.08 0.08 35942.6 4456290.0
759 Feb 25, 2017 0.08 0.09 0.08 0.09 32712.2 3867110.0
760 Feb 26, 2017 0.09 0.09 0.08 0.09 16479.3 4032780.0
761 Feb 27, 2017 0.09 0.09 0.08 0.09 11381.3 4199920.0
762 Feb 28, 2017 0.09 0.09 0.08 0.08 8724.0 4207070.0
763 Mar 01, 2017 0.08 0.09 0.08 0.08 11922.1 3874150.0
764 Mar 02, 2017 0.08 0.1 0.08 0.09 21979.5 3952050.0
765 Mar 03, 2017 0.09 0.1 0.09 0.09 11548.9 4399200.0
766 Mar 04, 2017 0.09 0.1 0.08 0.09 12975.3 4404870.0
767 Mar 05, 2017 0.09 0.1 0.09 0.1 16132.2 4475710.0
768 Mar 06, 2017 0.1 0.11 0.09 0.1 22197.5 4603920.0
769 Mar 07, 2017 0.1 0.11 0.1 0.11 15508.2 4776210.0
770 Mar 08, 2017 0.11 0.11 0.09 0.1 54633.5 5034150.0
771 Mar 09, 2017 0.1 0.11 0.09 0.11 20139.9 4844260.0
772 Mar 10, 2017 0.11 0.11 0.09 0.1 20945.3 5098710.0
773 Mar 11, 2017 0.1 0.13 0.1 0.13 27438.8 4696140.0
774 Mar 12, 2017 0.13 0.13 0.12 0.13 19079.2 6133880.0
775 Mar 13, 2017 0.13 0.15 0.12 0.15 26228.2 6278340.0
776 Mar 14, 2017 0.14 0.19 0.14 0.18 88274.4 6952020.0
777 Mar 15, 2017 0.18 0.21 0.17 0.2 178151.0 8483180.0
778 Mar 16, 2017 0.2 0.2 0.17 0.17 86444.4 9447660.0
779 Mar 17, 2017 0.17 0.19 0.15 0.18 106489.0 8147560.0
780 Mar 18, 2017 0.18 0.19 0.16 0.17 59366.1 8519780.0
781 Mar 19, 2017 0.17 0.2 0.17 0.18 61002.8 8175060.0
782 Mar 20, 2017 0.19 0.19 0.17 0.19 75255.4 9052600.0
783 Mar 21, 2017 0.18 0.2 0.18 0.19 67720.9 8763140.0
784 Mar 22, 2017 0.19 0.2 0.18 0.19 67898.1 9248190.0
785 Mar 23, 2017 0.19 0.27 0.17 0.25 149745.0 9074220.0
786 Mar 24, 2017 0.26 0.28 0.24 0.26 84830.5 12484900.0
787 Mar 25, 2017 0.27 0.34 0.25 0.32 154200.0 12736800.0
788 Mar 26, 2017 0.32 0.37 0.31 0.35 76164.4 15413400.0
789 Mar 27, 2017 0.35 0.36 0.25 0.3 116342.0 16877400.0
790 Mar 28, 2017 0.3 0.34 0.28 0.32 69879.2 14398900.0
791 Mar 29, 2017 0.32 0.34 0.31 0.31 26118.9 15246200.0
792 Mar 30, 2017 0.32 0.35 0.31 0.32 37044.1 15161000.0
793 Mar 31, 2017 0.32 0.33 0.29 0.3 52448.2 15349900.0
794 Apr 01, 2017 0.31 0.32 0.29 0.32 33805.0 14843300.0
795 Apr 02, 2017 0.32 0.32 0.27 0.28 63444.9 15258800.0
796 Apr 03, 2017 0.28 0.29 0.26 0.28 54780.0 13485100.0
797 Apr 04, 2017 0.28 0.29 0.26 0.27 29302.3 13622300.0
798 Apr 05, 2017 0.27 0.28 0.24 0.26 63487.6 13229400.0
799 Apr 06, 2017 0.26 0.29 0.23 0.26 45977.3 12675500.0
800 Apr 07, 2017 0.26 0.31 0.23 0.28 74660.7 12423000.0
801 Apr 08, 2017 0.28 0.3 0.25 0.27 45053.1 13652300.0
802 Apr 09, 2017 0.27 0.27 0.24 0.24 47975.5 12955500.0
803 Apr 10, 2017 0.24 0.26 0.24 0.26 33354.5 11820400.0
804 Apr 11, 2017 0.26 0.28 0.23 0.26 31855.9 12594100.0
805 Apr 12, 2017 0.26 0.26 0.24 0.26 29047.5 12618300.0
806 Apr 13, 2017 0.25 0.26 0.22 0.25 80309.6 12249500.0
807 Apr 14, 2017 0.25 0.33 0.25 0.28 96482.4 12048900.0
808 Apr 15, 2017 0.28 0.37 0.27 0.32 79929.8 13870300.0
809 Apr 16, 2017 0.32 0.38 0.31 0.33 73190.7 15375000.0
810 Apr 17, 2017 0.33 0.36 0.31 0.31 37036.6 16160900.0
811 Apr 18, 2017 0.32 0.34 0.3 0.33 31596.8 15560000.0
812 Apr 19, 2017 0.33 0.33 0.3 0.31 25146.2 15946000.0
813 Apr 20, 2017 0.32 0.33 0.27 0.32 49001.4 15350300.0
814 Apr 21, 2017 0.32 0.32 0.28 0.31 33184.2 15569200.0
815 Apr 22, 2017 0.31 0.37 0.29 0.36 53642.2 15297700.0
816 Apr 23, 2017 0.36 0.37 0.32 0.33 27080.0 17425500.0
817 Apr 24, 2017 0.33 0.34 0.31 0.34 36160.8 15984500.0
818 Apr 25, 2017 0.34 0.34 0.3 0.31 55448.3 16426300.0
819 Apr 26, 2017 0.3 0.35 0.28 0.34 56171.6 14905100.0
820 Apr 27, 2017 0.34 0.35 0.32 0.33 40805.6 16905400.0
821 Apr 28, 2017 0.33 0.34 0.32 0.33 23728.9 16062300.0
822 Apr 29, 2017 0.33 0.35 0.32 0.33 35801.0 16020800.0
823 Apr 30, 2017 0.33 0.35 0.32 0.34 60313.7 16245300.0
824 May 01, 2017 0.35 0.39 0.33 0.38 64682.9 17010300.0
825 May 02, 2017 0.38 0.47 0.36 0.47 132270.0 18634400.0
826 May 03, 2017 0.47 0.54 0.43 0.51 193835.0 23278700.0
827 May 04, 2017 0.51 0.53 0.43 0.48 101313.0 25244900.0
828 May 05, 2017 0.48 0.5 0.45 0.45 78013.6 23518900.0
829 May 06, 2017 0.46 0.5 0.45 0.46 60555.6 22560900.0
830 May 07, 2017 0.46 0.52 0.46 0.49 43670.4 22736200.0
831 May 08, 2017 0.49 0.54 0.42 0.54 74529.9 24178000.0
832 May 09, 2017 0.54 0.54 0.42 0.45 65980.2 26788700.0
833 May 10, 2017 0.45 0.49 0.44 0.46 59719.6 22085900.0
834 May 11, 2017 0.46 0.5 0.45 0.48 49354.7 22625000.0
835 May 12, 2017 0.48 0.49 0.43 0.45 42015.6 23892200.0
836 May 13, 2017 0.44 0.45 0.4 0.45 42862.6 21907500.0
837 May 14, 2017 0.45 0.48 0.43 0.48 35918.0 22227200.0
838 May 15, 2017 0.48 0.48 0.42 0.44 23184.7 23685400.0
839 May 16, 2017 0.44 0.45 0.41 0.44 45719.4 21624500.0
840 May 17, 2017 0.43 0.47 0.39 0.45 103509.0 21067800.0
841 May 18, 2017 0.45 0.47 0.4 0.47 39561.5 22136500.0
842 May 19, 2017 0.47 0.47 0.4 0.47 99649.6 23107500.0
843 May 20, 2017 0.47 0.49 0.43 0.45 68929.5 23066500.0
844 May 21, 2017 0.45 0.49 0.41 0.41 84156.1 22253200.0
845 May 22, 2017 0.42 0.47 0.41 0.43 158465.0 20626200.0
846 May 23, 2017 0.43 0.53 0.42 0.5 152495.0 21406000.0
847 May 24, 2017 0.5 0.57 0.49 0.52 178851.0 24713800.0
848 May 25, 2017 0.52 0.59 0.45 0.46 95981.4 25957800.0
849 May 26, 2017 0.45 0.55 0.43 0.45 46327.1 22502400.0
850 May 27, 2017 0.45 0.47 0.37 0.42 54083.0 22267500.0
851 May 28, 2017 0.41 0.49 0.41 0.43 44491.5 20423000.0
852 May 29, 2017 0.43 0.46 0.41 0.43 60684.3 21262800.0
853 May 30, 2017 0.43 0.45 0.39 0.43 79084.0 21605200.0
854 May 31, 2017 0.43 0.45 0.38 0.43 84282.1 21338500.0
855 Jun 01, 2017 0.43 0.54 0.43 0.54 97271.5 21651800.0
856 Jun 02, 2017 0.54 0.54 0.48 0.51 87354.4 26772400.0
857 Jun 03, 2017 0.51 0.54 0.48 0.48 103213.0 25457200.0
858 Jun 04, 2017 0.48 0.62 0.48 0.55 100636.0 24022200.0
859 Jun 05, 2017 0.55 0.7 0.53 0.68 171676.0 27354400.0
860 Jun 06, 2017 0.68 0.79 0.6 0.77 190706.0 34055400.0
861 Jun 07, 2017 0.77 0.77 0.65 0.67 114399.0 38509300.0
862 Jun 08, 2017 0.67 0.74 0.66 0.7 74622.0 33647900.0
863 Jun 09, 2017 0.7 1.0 0.7 0.96 471352.0 35195000.0
864 Jun 10, 2017 0.96 1.02 0.92 1.01 158366.0 48228700.0
865 Jun 11, 2017 1.01 1.04 0.94 1.02 174959.0 50675700.0
866 Jun 12, 2017 1.0 1.02 0.74 0.77 209839.0 50317000.0
867 Jun 13, 2017 0.74 0.96 0.74 0.87 163073.0 36900900.0
868 Jun 14, 2017 0.87 0.95 0.77 0.8 82636.1 43816400.0
869 Jun 15, 2017 0.8 0.95 0.71 0.9 354510.0 40191500.0
870 Jun 16, 2017 0.87 0.95 0.82 0.95 111335.0 43878700.0
871 Jun 17, 2017 0.9 0.97 0.9 0.97 75735.5 45447300.0
872 Jun 18, 2017 0.97 1.04 0.94 0.98 216481.0 48886300.0
873 Jun 19, 2017 0.98 1.0 0.86 0.9 188903.0 49267900.0
874 Jun 20, 2017 0.91 0.95 0.79 0.85 146892.0 45888100.0
875 Jun 21, 2017 0.85 0.9 0.8 0.88 40094.2 42807900.0
876 Jun 22, 2017 0.88 1.08 0.8 0.96 232286.0 44288600.0
877 Jun 23, 2017 0.96 1.11 0.91 0.98 164614.0 48663600.0
878 Jun 24, 2017 0.97 1.01 0.93 0.93 109735.0 49096700.0
879 Jun 25, 2017 0.93 0.99 0.9 0.91 84528.9 46727300.0
880 Jun 26, 2017 0.91 0.94 0.72 0.86 182682.0 46035300.0
881 Jun 27, 2017 0.86 0.92 0.76 0.91 130262.0 43665800.0
882 Jun 28, 2017 0.91 1.0 0.87 0.98 195957.0 46149500.0
883 Jun 29, 2017 0.98 1.02 0.92 0.98 199762.0 49612600.0
884 Jun 30, 2017 1.0 1.01 0.91 0.92 150335.0 50768900.0
885 Jul 01, 2017 0.92 0.94 0.88 0.9 96537.4 46521100.0
886 Jul 02, 2017 0.89 0.94 0.87 0.89 166958.0 44850500.0
887 Jul 03, 2017 0.92 0.97 0.88 0.92 82523.3 46626400.0
888 Jul 04, 2017 0.91 1.7 0.91 1.36 2672690.0 46059200.0
889 Jul 05, 2017 1.35 1.35 1.14 1.22 563802.0 68695500.0
890 Jul 06, 2017 1.2 1.23 1.08 1.13 257072.0 60664000.0
891 Jul 07, 2017 1.13 1.16 0.84 1.01 532305.0 57378900.0
892 Jul 08, 2017 1.01 1.04 0.8 0.85 234306.0 51094200.0
893 Jul 09, 2017 0.84 0.96 0.82 0.9 121644.0 42731500.0
894 Jul 10, 2017 0.92 0.93 0.6 0.63 261093.0 46672200.0
895 Jul 11, 2017 0.72 0.87 0.61 0.79 261613.0 36840800.0
896 Jul 12, 2017 0.78 0.85 0.75 0.85 149635.0 39548500.0
897 Jul 13, 2017 0.82 0.86 0.76 0.77 118535.0 41595100.0
898 Jul 14, 2017 0.77 0.82 0.64 0.67 83464.6 39022600.0
899 Jul 15, 2017 0.66 0.73 0.61 0.69 70306.0 33506000.0
900 Jul 16, 2017 0.67 0.71 0.56 0.6 148355.0 34346600.0
901 Jul 17, 2017 0.6 0.74 0.59 0.66 195474.0 30395600.0
902 Jul 18, 2017 0.66 0.75 0.62 0.69 97711.4 33844500.0
903 Jul 19, 2017 0.69 0.72 0.65 0.67 114779.0 35352500.0
904 Jul 20, 2017 0.65 0.88 0.65 0.85 205443.0 33406700.0
905 Jul 21, 2017 0.85 0.88 0.81 0.83 107721.0 43453500.0
906 Jul 22, 2017 0.83 0.9 0.8 0.89 75507.9 42219600.0
907 Jul 23, 2017 0.89 0.89 0.82 0.87 38608.5 45284200.0
908 Jul 24, 2017 0.87 1.09 0.86 0.97 182197.0 44448100.0
909 Jul 25, 2017 0.97 1.0 0.79 0.9 151310.0 49495600.0
910 Jul 26, 2017 0.9 0.93 0.78 0.86 92883.4 46137500.0
911 Jul 27, 2017 0.87 0.91 0.83 0.87 82797.9 44411100.0
912 Jul 28, 2017 0.88 0.9 0.77 0.84 107556.0 44976500.0
913 Jul 29, 2017 0.83 0.87 0.8 0.87 46595.6 42767100.0
914 Jul 30, 2017 0.87 0.94 0.81 0.9 46562.3 44442600.0
915 Jul 31, 2017 0.91 0.91 0.79 0.85 78791.3 46738000.0
916 Aug 01, 2017 0.84 0.9 0.75 0.86 117576.0 43407100.0
917 Aug 02, 2017 0.87 0.91 0.83 0.89 71396.3 44545400.0
918 Aug 03, 2017 0.89 0.96 0.88 0.89 131043.0 45733600.0
919 Aug 04, 2017 0.89 0.97 0.88 0.94 73502.1 46014300.0
920 Aug 05, 2017 0.94 1.06 0.94 0.98 146429.0 48410300.0
921 Aug 06, 2017 0.98 1.09 0.95 0.99 142223.0 50269400.0
922 Aug 07, 2017 0.99 1.21 0.97 1.14 460537.0 50940900.0
923 Aug 08, 2017 1.17 1.27 1.12 1.19 285729.0 60453400.0
924 Aug 09, 2017 1.19 1.23 1.1 1.13 149309.0 61339500.0
925 Aug 10, 2017 1.13 1.25 1.13 1.19 251068.0 58299200.0
926 Aug 11, 2017 1.2 1.32 1.13 1.31 224994.0 61764900.0
927 Aug 12, 2017 1.31 1.45 1.27 1.43 311435.0 67820400.0
928 Aug 13, 2017 1.43 1.96 1.43 1.9 1983850.0 73738400.0
929 Aug 14, 2017 1.95 2.05 1.7 1.8 1128680.0 100746000.0
930 Aug 15, 2017 1.8 1.88 1.52 1.57 747440.0 93100800.0
931 Aug 16, 2017 1.57 1.71 1.47 1.64 711771.0 81275300.0
932 Aug 17, 2017 1.6 1.62 1.46 1.5 311803.0 82628600.0
933 Aug 18, 2017 1.52 1.64 1.29 1.39 467703.0 78756100.0
934 Aug 19, 2017 1.39 1.46 1.24 1.46 211139.0 71984800.0
935 Aug 20, 2017 1.45 1.56 1.37 1.54 197457.0 75127600.0
936 Aug 21, 2017 1.51 1.63 1.43 1.43 229817.0 78205200.0
937 Aug 22, 2017 1.43 1.54 1.29 1.45 143167.0 74296500.0
938 Aug 23, 2017 1.45 1.52 1.39 1.47 161634.0 75300800.0
939 Aug 24, 2017 1.47 1.53 1.35 1.52 171793.0 76245400.0
940 Aug 25, 2017 1.51 1.57 1.41 1.47 199271.0 78651400.0
941 Aug 26, 2017 1.47 1.61 1.42 1.61 277921.0 76542700.0
942 Aug 27, 2017 1.59 2.0 1.59 1.96 849770.0 82514300.0
943 Aug 28, 2017 1.96 2.04 1.77 1.97 700963.0 101722000.0
944 Aug 29, 2017 1.96 2.68 1.91 2.52 2705020.0 101900000.0
945 Aug 30, 2017 2.55 3.46 2.36 3.36 5160300.0 132732000.0
946 Aug 31, 2017 3.3 3.69 3.02 3.1 4709340.0 171694000.0
947 Sep 01, 2017 3.08 3.19 2.6 3.01 2975660.0 160655000.0
948 Sep 02, 2017 3.06 3.25 2.57 2.74 1125150.0 159335000.0
949 Sep 03, 2017 2.69 3.44 2.66 3.28 1776920.0 140517000.0
950 Sep 04, 2017 3.26 3.27 2.61 2.94 1348520.0 170242000.0
951 Sep 05, 2017 2.95 2.99 2.58 2.91 871231.0 154095000.0
952 Sep 06, 2017 2.94 3.39 2.87 3.25 1032530.0 153511000.0
953 Sep 07, 2017 3.24 3.29 2.93 3.21 907597.0 169256000.0
954 Sep 08, 2017 3.21 3.41 2.86 3.02 814988.0 167941000.0
955 Sep 09, 2017 3.03 3.11 2.93 3.05 271862.0 158242000.0
956 Sep 10, 2017 3.04 3.1 2.87 3.03 418578.0 158951000.0
957 Sep 11, 2017 3.0 3.32 2.96 3.27 980299.0 156711000.0
958 Sep 12, 2017 3.27 3.55 3.22 3.44 1514790.0 171241000.0
959 Sep 13, 2017 3.44 3.71 3.16 3.54 2596600.0 180404000.0
960 Sep 14, 2017 3.55 3.65 2.52 2.68 1654330.0 185838000.0
961 Sep 15, 2017 2.69 3.14 2.21 2.94 1323940.0 141185000.0
962 Sep 16, 2017 2.93 3.27 2.87 3.12 546309.0 153590000.0
963 Sep 17, 2017 3.12 3.19 2.85 3.15 368094.0 163611000.0
964 Sep 18, 2017 3.14 3.76 3.11 3.68 1167100.0 164799000.0
965 Sep 19, 2017 3.69 3.7 3.03 3.15 1106560.0 193734000.0
966 Sep 20, 2017 3.14 3.37 3.08 3.27 634895.0 164958000.0
967 Sep 21, 2017 3.26 3.31 2.32 2.64 1651140.0 171364000.0
968 Sep 22, 2017 2.64 2.64 2.05 2.28 1801390.0 138700000.0
969 Sep 23, 2017 2.28 2.35 2.12 2.25 985438.0 119926000.0
970 Sep 24, 2017 2.22 2.26 2.04 2.04 792014.0 117049000.0
971 Sep 25, 2017 2.03 2.21 1.85 1.95 1532320.0 106746000.0
972 Sep 26, 2017 1.98 2.11 1.91 2.11 952795.0 104203000.0
973 Sep 27, 2017 2.1 2.23 1.99 2.05 1166790.0 110883000.0
974 Sep 28, 2017 2.02 2.15 1.77 1.84 1352280.0 106721000.0
975 Sep 29, 2017 1.84 1.92 1.66 1.73 711287.0 97162800.0
976 Sep 30, 2017 1.69 1.84 1.68 1.78 493297.0 88977300.0
977 Oct 01, 2017 1.79 2.05 1.77 1.83 861326.0 94677700.0
978 Oct 02, 2017 1.83 1.87 1.59 1.67 987381.0 96524800.0
979 Oct 03, 2017 1.68 1.8 1.54 1.67 798011.0 88928600.0
980 Oct 04, 2017 1.67 1.81 1.57 1.61 402986.0 88469600.0
981 Oct 05, 2017 1.61 1.65 1.5 1.56 308565.0 84988200.0
982 Oct 06, 2017 1.56 1.67 1.46 1.5 506489.0 82661100.0
983 Oct 07, 2017 1.49 1.5 1.32 1.38 591665.0 78726900.0
984 Oct 08, 2017 1.39 1.49 1.27 1.38 548347.0 73778000.0
985 Oct 09, 2017 1.39 1.41 1.22 1.28 440571.0 73664100.0
986 Oct 10, 2017 1.29 1.54 1.23 1.54 347578.0 68460400.0
987 Oct 11, 2017 1.52 1.82 1.44 1.58 1074180.0 80776500.0
988 Oct 12, 2017 1.6 1.77 1.51 1.63 705772.0 84692000.0
989 Oct 13, 2017 1.63 1.68 1.43 1.56 598231.0 86704900.0
990 Oct 14, 2017 1.53 1.64 1.5 1.56 172119.0 81346200.0
991 Oct 15, 2017 1.56 1.6 1.43 1.44 284399.0 83017500.0
992 Oct 16, 2017 1.45 1.49 1.3 1.37 539909.0 77165500.0
993 Oct 17, 2017 1.37 1.39 1.28 1.31 298550.0 72809700.0
994 Oct 18, 2017 1.33 1.46 1.24 1.43 272945.0 70661500.0
995 Oct 19, 2017 1.44 1.46 1.32 1.35 225367.0 76401400.0
996 Oct 20, 2017 1.33 1.4 1.26 1.27 233224.0 71059500.0
997 Oct 21, 2017 1.26 1.3 1.15 1.2 223652.0 67259100.0
998 Oct 22, 2017 1.21 1.27 1.07 1.07 381906.0 64372700.0
999 Oct 23, 2017 1.12 1.13 1.04 1.13 489424.0 59555100.0
1000 Oct 24, 2017 1.11 1.64 1.08 1.28 1438490.0 59328200.0
1001 Oct 25, 2017 1.28 1.3 1.15 1.26 339162.0 68234600.0
1002 Oct 26, 2017 1.26 1.27 1.1 1.18 257668.0 67145700.0
1003 Oct 27, 2017 1.18 1.28 1.1 1.15 276150.0 63009700.0
1004 Oct 28, 2017 1.15 1.19 1.06 1.11 246374.0 61646700.0
1005 Oct 29, 2017 1.1 1.22 1.09 1.15 427269.0 59040000.0
1006 Oct 30, 2017 1.15 1.2 1.09 1.12 262477.0 61198100.0
1007 Oct 31, 2017 1.1 1.14 0.94 1.01 554911.0 59003800.0
1008 Nov 01, 2017 1.01 1.26 0.94 1.06 910975.0 54080500.0
1009 Nov 02, 2017 1.06 1.08 0.91 0.92 405022.0 56815300.0
1010 Nov 03, 2017 0.92 1.0 0.89 0.93 245600.0 49324500.0
1011 Nov 04, 2017 0.92 1.04 0.89 1.02 370672.0 49391800.0
1012 Nov 05, 2017 1.02 1.08 0.91 0.97 308894.0 54564100.0
1013 Nov 06, 2017 0.96 1.07 0.92 0.96 260689.0 51485300.0
1014 Nov 07, 2017 0.95 1.0 0.95 0.97 123254.0 51209400.0
1015 Nov 08, 2017 0.96 1.12 0.93 1.09 464633.0 51397200.0
1016 Nov 09, 2017 1.07 1.17 1.03 1.15 423775.0 57564500.0
1017 Nov 10, 2017 1.16 1.18 0.96 1.03 328065.0 62092700.0
1018 Nov 11, 2017 1.02 1.09 0.95 1.04 319950.0 54817800.0
1019 Nov 12, 2017 1.04 1.05 0.81 0.86 433985.0 55920900.0
1020 Nov 13, 2017 0.88 0.99 0.87 0.96 238078.0 47146300.0
1021 Nov 14, 2017 0.96 1.03 0.93 0.97 220194.0 51578900.0
1022 Nov 15, 2017 0.96 1.03 0.94 0.98 200845.0 51558500.0
1023 Nov 16, 2017 0.99 1.05 0.92 0.93 295036.0 53104600.0
1024 Nov 17, 2017 0.93 1.22 0.91 1.06 431046.0 49832600.0
1025 Nov 18, 2017 1.06 1.18 0.97 1.08 411873.0 57098100.0
1026 Nov 19, 2017 1.06 1.08 1.02 1.03 170740.0 56956100.0
1027 Nov 20, 2017 1.03 1.22 1.0 1.01 707789.0 55274500.0
1028 Nov 21, 2017 1.01 1.08 0.96 1.01 308855.0 54624300.0
1029 Nov 22, 2017 1.02 1.07 1.0 1.02 294309.0 55087400.0
1030 Nov 23, 2017 1.02 1.7 1.02 1.44 2502290.0 55258200.0
1031 Nov 24, 2017 1.33 2.08 1.16 1.63 11113400.0 71580800.0
1032 Nov 25, 2017 1.68 1.78 1.49 1.54 5478260.0 90814600.0
1033 Nov 26, 2017 1.55 1.56 1.36 1.44 2144110.0 83909600.0
1034 Nov 27, 2017 1.42 1.5 1.36 1.43 1122850.0 76661500.0
1035 Nov 28, 2017 1.43 1.45 1.3 1.3 836867.0 77262400.0
1036 Nov 29, 2017 1.3 1.63 1.14 1.14 1650700.0 70443100.0
1037 Nov 30, 2017 1.15 1.47 1.12 1.4 1092720.0 62284400.0
1038 Dec 01, 2017 1.39 1.56 1.29 1.52 566652.0 75323300.0
1039 Dec 02, 2017 1.51 1.58 1.47 1.47 545670.0 81996100.0
1040 Dec 03, 2017 1.48 1.59 1.35 1.44 483147.0 79888700.0
1041 Dec 04, 2017 1.44 1.86 1.43 1.72 1368170.0 78094500.0
1042 Dec 05, 2017 1.72 2.44 1.7 1.83 6097360.0 93180700.0
1043 Dec 06, 2017 1.83 2.06 1.71 1.81 2945060.0 99009100.0
1044 Dec 07, 2017 1.8 2.04 1.72 1.76 1599790.0 97619400.0
1045 Dec 08, 2017 1.79 1.92 1.59 1.86 978571.0 97347700.0
1046 Dec 09, 2017 1.78 2.56 1.72 2.39 2536800.0 96584000.0
1047 Dec 10, 2017 2.39 2.43 1.93 2.19 3406970.0 129961000.0
1048 Dec 11, 2017 2.16 2.45 2.1 2.3 1084050.0 117384000.0
1049 Dec 12, 2017 2.3 2.58 2.25 2.47 1213530.0 125211000.0
1050 Dec 13, 2017 2.47 3.08 2.38 2.79 3661090.0 134122000.0
1051 Dec 14, 2017 2.78 3.29 2.63 3.2 2682170.0 151089000.0
1052 Dec 15, 2017 3.19 4.06 2.83 4.03 7751370.0 173778000.0
1053 >Dec 16, 201 4.01 4.08 3.58 3.83 4327430.0 218083000.0
1054 Dec 17, 2017 3.8 4.25 3.63 3.72 2727650.0 207025000.0
1055 Dec 18, 2017 3.72 4.26 3.57 4.26 2064440.0 202664000.0
1056 Dec 19, 2017 4.26 4.31 3.62 3.91 2435640.0 232329000.0
1057 Dec 20, 2017 4.0 4.43 3.32 4.03 6697240.0 217690000.0
1058 Dec 21, 2017 4.06 4.32 3.65 3.84 2882820.0 221323000.0
1059 Dec 22, 2017 3.89 3.93 2.31 3.24 2168160.0 212021000.0
1060 Dec 23, 2017 3.31 3.95 3.18 3.66 2022960.0 180761000.0
1061 Dec 24, 2017 3.66 3.66 2.96 3.35 1009490.0 199587000.0
1062 Dec 25, 2017 3.45 3.96 3.24 3.63 2574450.0 188182000.0
1063 Dec 26, 2017 3.64 3.74 3.17 3.44 1813960.0 198762000.0
1064 Dec 27, 2017 3.45 3.57 3.23 3.42 1438740.0 188657000.0
1065 Dec 28, 2017 3.42 3.63 2.79 3.58 2051560.0 186971000.0
1066 Dec 29, 2017 3.55 3.7 3.21 3.4 1279480.0 194218000.0
1067 Dec 30, 2017 3.31 3.34 2.78 2.9 759528.0 180776000.0
1068 Dec 31, 2017 2.87 3.27 2.85 3.12 674697.0 156964000.0
1069 Jan 01, 2018 3.18 3.27 2.98 3.1 768096.0 174154000.0
1070 Jan 02, 2018 3.07 3.53 2.97 3.23 2206790.0 167973000.0
1071 Jan 03, 2018 3.22 4.18 3.06 3.95 3754430.0 176355000.0
1072 Jan 04, 2018 3.98 9.02 3.82 8.5 30486100.0 217967000.0
1073 Jan 05, 2018 8.65 14.22 5.69 12.59 89224500.0 474149000.0
1074 Jan 06, 2018 13.04 15.86 11.41 12.77 24530100.0 715056000.0
1075 Jan 07, 2018 12.74 14.74 11.48 12.57 9461710.0 699068000.0
1076 Jan 08, 2018 12.47 13.64 11.27 12.77 8084190.0 684687000.0
1077 Jan 09, 2018 12.7 13.4 11.08 11.58 6100540.0 697360000.0
1078 Jan 10, 2018 11.6 11.6 8.92 10.9 6337330.0 637169000.0
1079 Jan 11, 2018 10.89 10.9 7.96 8.43 3537910.0 598215000.0
1080 Jan 12, 2018 8.65 9.47 8.05 9.35 2507860.0 475202000.0
1081 Jan 13, 2018 9.28 9.78 9.03 9.4 1824220.0 510048000.0
1082 Jan 14, 2018 9.4 9.45 7.92 8.33 2469920.0 516838000.0
1083 Jan 15, 2018 8.27 8.27 6.79 7.34 3883180.0 454756000.0
1084 Jan 16, 2018 7.85 7.85 4.69 5.55 3361540.0 431831000.0
1085 Jan 17, 2018 5.54 7.22 5.14 6.91 5390440.0 305026000.0
1086 Jan 18, 2018 6.87 7.61 6.33 6.77 1725000.0 378608000.0
1087 Jan 19, 2018 6.71 7.1 6.08 6.61 1426080.0 369430000.0
1088 Jan 20, 2018 6.57 7.02 6.36 6.54 1896220.0 362123000.0
1089 Jan 21, 2018 6.55 6.61 5.55 5.86 1881960.0 361038000.0
1090 Jan 22, 2018 5.9 6.86 5.2 5.61 2544880.0 325431000.0
1091 Jan 23, 2018 5.5 5.66 4.93 5.34 874584.0 303389000.0
1092 Jan 24, 2018 5.39 5.77 5.21 5.6 475654.0 297797000.0
1093 Jan 25, 2018 5.66 6.69 5.66 5.86 6873210.0 312324000.0
1094 Jan 26, 2018 5.81 6.17 5.49 6.05 1410430.0 321144000.0
1095 Jan 27, 2018 6.08 6.61 5.74 6.34 1305430.0 335863000.0
1096 Jan 28, 2018 6.38 6.67 6.04 6.53 878149.0 352634000.0
1097 Jan 29, 2018 6.53 6.58 5.73 5.82 1071750.0 360932000.0
1098 Jan 30, 2018 5.8 6.38 4.88 4.88 1944800.0 320732000.0
1099 Jan 31, 2018 4.89 5.46 4.65 5.0 1535080.0 270331000.0
1100 Feb 01, 2018 4.99 5.05 3.72 3.93 1619100.0 276174000.0
1101 Feb 02, 2018 3.89 4.03 2.67 3.66 1524530.0 215202000.0
1102 Feb 03, 2018 3.58 4.08 3.22 3.93 2450240.0 198521000.0
1103 Feb 04, 2018 3.91 3.95 3.04 3.09 655064.0 216831000.0
1104 Feb 05, 2018 3.09 3.23 2.36 2.39 664381.0 171475000.0
1105 Feb 06, 2018 2.42 3.07 2.1 3.0 1013240.0 133923000.0
1106 Feb 07, 2018 2.97 3.72 2.73 2.8 1395480.0 164621000.0
1107 Feb 08, 2018 2.8 3.3 2.79 3.21 674773.0 155235000.0
1108 Feb 09, 2018 3.21 3.41 2.9 3.39 721890.0 178481000.0
1109 Feb 10, 2018 3.39 3.39 2.9 3.06 1184550.0 188381000.0
1110 Feb 11, 2018 3.13 3.13 2.72 2.72 899605.0 173920000.0
1111 Feb 12, 2018 2.73 3.05 2.73 2.93 964369.0 151872000.0
1112 Feb 13, 2018 2.93 3.08 2.55 2.68 1486990.0 162917000.0
1113 Feb 14, 2018 2.67 2.87 2.44 2.64 3098380.0 148496000.0
1114 Feb 15, 2018 2.58 2.7 2.23 2.46 4672110.0 143489000.0
1115 Feb 16, 2018 2.4 2.54 2.24 2.53 1519310.0 133272000.0
1116 Feb 17, 2018 2.5 3.0 2.46 2.87 4151410.0 139122000.0
1117 Feb 18, 2018 2.88 2.88 2.37 2.47 2008560.0 160404000.0
1118 Feb 19, 2018 2.46 2.71 2.43 2.51 959786.0 137002000.0
1119 Feb 20, 2018 2.51 8.2 1.98 2.15 4561350.0 139881000.0
1120 Feb 21, 2018 2.12 2.33 1.96 2.33 1857240.0 117985000.0
1121 Feb 22, 2018 2.35 2.58 1.87 1.97 1130310.0 130836000.0
1122 Feb 23, 2018 1.97 2.28 1.88 2.2 1267150.0 109853000.0
1123 Feb 24, 2018 2.21 2.33 1.68 1.74 4986070.0 123437000.0
1124 Feb 25, 2018 1.76 1.88 1.71 1.84 1768220.0 98003600.0
1125 Feb 26, 2018 1.83 1.91 1.64 1.85 2308480.0 102144000.0
1126 Feb 27, 2018 1.87 1.87 1.57 1.79 2333960.0 104503000.0
1127 Feb 28, 2018 1.79 1.86 1.69 1.73 739952.0 100025000.0
1128 Mar 01, 2018 1.73 3.1 1.62 2.48 37272300.0 96847600.0
1129 Mar 02, 2018 3.04 5.18 2.75 3.29 210752000.0 169942000.0
1130 Mar 03, 2018 3.0 3.83 2.83 3.1 36222400.0 167958000.0
1131 Mar 04, 2018 3.15 3.37 2.53 3.37 15871000.0 176129000.0
1132 Mar 05, 2018 3.65 3.65 2.85 3.47 30925300.0 203998000.0
1133 Mar 06, 2018 3.31 3.35 3.02 3.08 9394140.0 185384000.0
1134 Mar 07, 2018 3.07 4.29 2.99 3.53 71717500.0 171801000.0
1135 Mar 08, 2018 3.46 3.64 2.98 3.24 10461800.0 193953000.0
1136 Mar 09, 2018 3.18 3.28 2.38 2.96 6799940.0 178419000.0
1137 Mar 10, 2018 2.94 2.94 2.63 2.74 2335300.0 165008000.0
1138 Mar 11, 2018 2.69 2.91 2.49 2.87 1986140.0 150611000.0
1139 Mar 12, 2018 2.88 2.94 2.42 2.65 2659970.0 161375000.0
1140 Mar 13, 2018 2.57 2.61 2.31 2.42 2455470.0 144421000.0
1141 Mar 14, 2018 2.44 2.44 1.86 1.9 3071400.0 136764000.0
1142 Mar 15, 2018 1.89 2.42 1.67 2.37 7461710.0 105867000.0
1143 Mar 16, 2018 2.19 2.31 2.04 2.1 2946830.0 122811000.0
1144 Mar 17, 2018 2.1 2.11 1.83 1.86 856360.0 117786000.0
1145 Mar 18, 2018 1.86 2.03 1.58 1.96 1963970.0 104611000.0
1146 Mar 19, 2018 1.94 2.14 1.87 1.99 1967380.0 108791000.0
1147 Mar 20, 2018 2.02 2.2 1.91 2.15 1535720.0 113751000.0
1148 Mar 21, 2018 2.15 2.31 2.04 2.11 1590150.0 120901000.0
1149 Mar 22, 2018 2.12 2.26 1.98 2.08 2309230.0 118832000.0
1150 Mar 23, 2018 2.08 2.08 1.79 1.84 1374140.0 116683000.0
1151 Mar 24, 2018 1.87 1.92 1.66 1.79 2307280.0 104992000.0
1152 Mar 25, 2018 1.74 1.97 1.66 1.79 3190640.0 97830400.0
1153 Mar 26, 2018 1.8 1.85 1.57 1.69 1522060.0 100953000.0
1154 Mar 27, 2018 1.69 1.7 1.54 1.54 843087.0 94986500.0
