0 Aug 27, 2017 1.06 1.19 1.03 1.08 10689000.0 0.0
1 Aug 28, 2017 1.09 1.26 0.8 0.96 2767610.0 0.0
2 Aug 29, 2017 0.93 1.01 0.65 0.89 4040230.0 0.0
3 Aug 30, 2017 0.89 0.96 0.52 0.64 2348320.0 0.0
4 Aug 31, 2017 0.64 0.7 0.51 0.61 2638570.0 0.0
5 Sep 01, 2017 0.61 1.82 0.54 1.54 15663800.0 0.0
6 Sep 02, 2017 1.57 1.91 1.19 1.87 10974200.0 0.0
7 Sep 03, 2017 1.82 3.17 1.66 2.97 30155700.0 45350800.0
8 Sep 04, 2017 2.96 2.96 0.97 1.85 16344800.0 73619300.0
9 Sep 05, 2017 1.84 1.84 0.52 1.21 16728900.0 45739600.0
10 Sep 06, 2017 1.18 1.48 0.93 1.07 8262150.0 29490800.0
11 Sep 07, 2017 1.0 1.52 0.97 1.52 8630600.0 25037300.0
12 Sep 08, 2017 1.57 1.99 1.11 1.29 15172300.0 39078200.0
13 Sep 09, 2017 1.3 1.63 1.18 1.63 4611730.0 32275400.0
14 Sep 10, 2017 1.61 1.68 1.33 1.58 6472840.0 39993000.0
15 Sep 11, 2017 1.59 2.16 1.58 2.12 13896400.0 39550300.0
16 Sep 12, 2017 2.12 2.5 1.7 1.79 20894100.0 52889600.0
17 Sep 13, 2017 1.82 1.98 1.63 1.94 5015140.0 45286900.0
18 Sep 14, 2017 1.9 2.08 1.52 1.56 5627240.0 47258800.0
19 Sep 15, 2017 1.55 1.8 1.1 1.73 4709050.0 38627600.0
20 Sep 16, 2017 1.75 1.91 1.55 1.73 2172600.0 43453400.0
21 Sep 17, 2017 1.73 1.76 1.52 1.7 1102610.0 43040200.0
22 Sep 18, 2017 1.69 1.93 1.68 1.81 1501820.0 42183800.0
23 Sep 19, 2017 1.82 2.59 1.43 1.52 2457140.0 45222300.0
24 Sep 20, 2017 1.52 1.57 1.16 1.28 1736010.0 37881900.0
25 Sep 21, 2017 1.26 1.4 1.17 1.26 1456350.0 31498300.0
26 Sep 22, 2017 1.29 1.49 1.23 1.49 1572810.0 32191900.0
27 Sep 23, 2017 1.48 1.79 1.48 1.77 2115510.0 36890500.0
28 Sep 24, 2017 1.78 1.89 1.59 1.81 1746370.0 44390100.0
29 Sep 25, 2017 1.8 2.25 1.78 2.2 2975160.0 44898100.0
30 Sep 26, 2017 2.2 3.21 2.14 3.0 10433800.0 54844600.0
31 Sep 27, 2017 2.86 4.13 2.77 3.99 19088400.0 71181000.0
32 Sep 28, 2017 4.01 6.95 3.79 6.21 36777800.0 99811600.0
33 Sep 29, 2017 6.22 6.48 4.41 5.53 23391200.0 154983000.0
34 Sep 30, 2017 5.49 5.58 4.46 5.4 21174400.0 136804000.0
35 Oct 01, 2017 5.37 7.59 5.37 7.42 25880700.0 133822000.0
36 Oct 02, 2017 7.41 8.79 7.32 8.37 22049700.0 184619000.0
37 Oct 03, 2017 8.23 8.31 7.08 7.79 17561700.0 204979000.0
38 Oct 04, 2017 7.88 7.88 6.06 7.42 17154400.0 196239000.0
39 Oct 05, 2017 7.41 7.41 6.36 6.83 8563830.0 184485000.0
40 Oct 06, 2017 6.83 6.97 6.4 6.73 5912220.0 170128000.0
41 Oct 07, 2017 6.79 7.97 6.58 7.97 9909530.0 169181000.0
42 Oct 08, 2017 7.96 8.27 6.82 6.91 9440440.0 198198000.0
43 Oct 09, 2017 6.91 7.47 5.9 6.23 11961300.0 171993000.0
44 Oct 10, 2017 6.22 7.35 6.16 7.12 11730200.0 154974000.0
45 Oct 11, 2017 7.07 7.33 6.65 6.75 5901540.0 176108000.0
46 Oct 12, 2017 6.76 7.01 5.75 5.75 10746800.0 168237000.0
47 Oct 13, 2017 5.74 6.47 4.74 5.69 15520100.0 143016000.0
48 Oct 14, 2017 5.7 6.47 5.46 5.88 12183000.0 141815000.0
49 Oct 15, 2017 5.93 6.24 5.72 5.96 17394000.0 147578000.0
50 Oct 16, 2017 5.95 6.6 5.89 6.24 18689600.0 148241000.0
51 Oct 17, 2017 6.24 6.3 5.96 6.1 9753950.0 155306000.0
52 Oct 18, 2017 6.13 7.03 5.83 6.84 9495240.0 152543000.0
53 Oct 19, 2017 6.77 7.18 6.49 7.1 13309000.0 168552000.0
54 Oct 20, 2017 7.16 7.52 5.98 6.1 9339930.0 178169000.0
55 Oct 21, 2017 6.15 6.99 5.99 6.95 10050200.0 153126000.0
56 Oct 22, 2017 6.88 7.18 6.63 6.96 5035330.0 171400000.0
57 Oct 23, 2017 6.84 7.01 6.39 6.81 6309760.0 170308000.0
58 Oct 24, 2017 6.78 8.41 6.66 8.14 14271000.0 168756000.0
59 Oct 25, 2017 8.14 8.14 7.11 7.41 6167020.0 202801000.0
60 Oct 26, 2017 7.34 7.74 6.74 6.88 6099610.0 182658000.0
61 Oct 27, 2017 6.95 6.98 6.64 6.68 6105710.0 172952000.0
62 Oct 28, 2017 6.69 6.89 6.43 6.56 6227040.0 166672000.0
63 Oct 29, 2017 6.55 7.08 6.46 6.97 13992200.0 163061000.0
64 Oct 30, 2017 6.93 7.79 6.74 7.56 15477200.0 172576000.0
65 Oct 31, 2017 7.55 7.56 5.74 5.74 12762800.0 187896000.0
66 Nov 01, 2017 5.56 6.0 4.92 4.99 9936870.0 138501000.0
67 Nov 02, 2017 4.91 4.97 3.97 4.52 13969600.0 122250000.0
68 Nov 03, 2017 4.57 5.6 4.38 4.92 9889950.0 113723000.0
69 Nov 04, 2017 4.91 5.42 4.89 5.13 6872030.0 122346000.0
70 Nov 05, 2017 5.11 5.11 4.71 4.79 3087380.0 127254000.0
71 Nov 06, 2017 4.76 5.07 4.73 4.85 7873020.0 118506000.0
72 Nov 07, 2017 4.91 5.03 4.79 4.91 7349530.0 122164000.0
73 Nov 08, 2017 4.84 7.71 4.77 6.63 24664000.0 120542000.0
74 Nov 09, 2017 6.57 6.7 5.83 6.19 11325700.0 163696000.0
75 Nov 10, 2017 6.19 6.35 4.93 5.31 13493300.0 154127000.0
76 Nov 11, 2017 5.27 5.72 4.99 5.2 9281590.0 131182000.0
77 Nov 12, 2017 5.22 5.24 4.3 4.5 9364360.0 130055000.0
78 Nov 13, 2017 4.5 5.51 4.5 5.23 8365780.0 111988000.0
79 Nov 14, 2017 5.22 5.37 4.92 5.28 6319000.0 129961000.0
80 Nov 15, 2017 5.28 5.56 4.95 5.17 6528410.0 131408000.0
81 Nov 16, 2017 5.2 5.26 4.71 4.72 7616310.0 129376000.0
82 Nov 17, 2017 4.71 5.46 4.47 4.7 8662410.0 117187000.0
83 Nov 18, 2017 4.73 5.16 4.56 5.06 14891000.0 117839000.0
84 Nov 19, 2017 5.05 5.15 4.77 4.91 17371700.0 125717000.0
85 Nov 20, 2017 4.91 5.28 4.61 5.0 16891000.0 122277000.0
86 Nov 21, 2017 5.0 5.04 4.6 4.69 12881900.0 124395000.0
87 Nov 22, 2017 4.74 4.85 4.47 4.68 13278400.0 117903000.0
88 Nov 23, 2017 4.66 4.76 4.27 4.37 11358300.0 116029000.0
89 Nov 24, 2017 4.36 5.3 4.29 4.9 14558200.0 108531000.0
90 Nov 25, 2017 4.83 5.45 4.82 5.21 14023000.0 120325000.0
91 Nov 26, 2017 5.18 5.34 4.95 5.2 11046800.0 129079000.0
92 Nov 27, 2017 5.2 8.03 4.74 6.38 31274700.0 129436000.0
93 Nov 28, 2017 6.45 6.77 5.32 5.61 18013900.0 160649000.0
94 Nov 29, 2017 5.62 6.03 5.02 5.11 10911200.0 139961000.0
95 Nov 30, 2017 5.19 7.11 4.9 6.7 13012100.0 129174000.0
96 Dec 01, 2017 6.78 8.47 6.39 8.42 20934400.0 168838000.0
97 Dec 02, 2017 8.28 9.69 8.01 9.63 19238100.0 206235000.0
98 Dec 03, 2017 9.68 10.59 8.62 9.4 26299700.0 240959000.0
99 Dec 04, 2017 9.36 9.85 8.77 9.2 13118600.0 232932000.0
100 Dec 05, 2017 9.21 10.36 9.07 9.1 14947700.0 229314000.0
101 Dec 06, 2017 9.27 9.55 7.86 8.44 19600000.0 230748000.0
102 Dec 07, 2017 8.36 8.69 7.22 7.78 17201500.0 208060000.0
103 Dec 08, 2017 7.59 9.54 6.93 8.61 24314400.0 189056000.0
104 Dec 09, 2017 8.67 9.29 7.92 8.07 17621900.0 215851000.0
105 Dec 10, 2017 8.09 8.09 6.84 7.0 11443400.0 201539000.0
106 Dec 11, 2017 7.0 7.66 6.83 7.31 12740900.0 174262000.0
107 Dec 12, 2017 7.21 7.97 6.99 7.31 19057700.0 179434000.0
108 Dec 13, 2017 7.27 7.73 6.99 7.36 15391700.0 181088000.0
109 Dec 14, 2017 7.28 8.79 7.18 8.04 16553300.0 181160000.0
110 Dec 15, 2017 8.07 8.36 7.53 8.07 14490000.0 200988000.0
111 Dec 16, 2017 8.09 8.75 8.09 8.75 12427100.0 201379000.0
112 Dec 17, 2017 8.8 12.05 8.66 10.35 23229200.0 219097000.0
113 Dec 18, 2017 10.57 12.1 9.38 12.1 17488000.0 263291000.0
114 Dec 19, 2017 12.27 14.68 11.31 12.08 11175900.0 305609000.0
115 Dec 20, 2017 12.05 17.75 10.62 16.63 49304200.0 300091000.0
116 Dec 21, 2017 17.02 19.85 13.72 16.55 32328500.0 423927000.0
117 Dec 22, 2017 16.48 17.33 8.8 12.5 15930700.0 410355000.0
118 Dec 23, 2017 13.14 16.38 12.43 15.3 14593400.0 327211000.0
119 Dec 24, 2017 15.35 15.42 12.84 13.13 16113800.0 382351000.0
120 Dec 25, 2017 13.67 14.24 11.72 12.51 20780700.0 340539000.0
121 >Dec 26, 201 12.72 12.74 10.35 11.4 19032500.0 316926000.0
122 Dec 27, 2017 11.41 12.48 10.86 11.68 14221200.0 284125000.0
123 Dec 28, 2017 11.59 11.94 9.71 11.94 17328600.0 288679000.0
124 Dec 29, 2017 12.03 12.22 11.12 11.32 23031900.0 299566000.0
125 Dec 30, 2017 11.3 11.45 10.0 10.29 19622800.0 281527000.0
126 Dec 31, 2017 10.26 11.98 10.13 11.3 22289500.0 255470000.0
127 Jan 01, 2018 11.37 11.9 10.62 11.34 27012000.0 283308000.0
128 Jan 02, 2018 11.37 12.18 10.37 11.46 31560000.0 283325000.0
129 Jan 03, 2018 11.6 11.84 9.93 10.88 32263600.0 288923000.0
130 Jan 04, 2018 10.86 11.28 9.64 9.7 25815500.0 270464000.0
131 Jan 05, 2018 9.72 11.12 9.6 10.0 30884700.0 242073000.0
132 Jan 06, 2018 9.91 16.43 9.91 14.89 62498100.0 246750000.0
133 Jan 07, 2018 16.13 17.06 14.53 16.34 47556700.0 401633000.0
134 Jan 08, 2018 16.35 17.11 13.05 15.0 32463700.0 407237000.0
135 Jan 09, 2018 15.01 15.45 13.97 14.57 28357200.0 373783000.0
136 Jan 10, 2018 14.46 20.38 14.02 17.35 62152000.0 360246000.0
137 Jan 11, 2018 17.15 18.12 13.48 15.14 26736100.0 427033000.0
138 Jan 12, 2018 15.23 24.07 14.66 23.45 85084300.0 379439000.0
139 Jan 13, 2018 23.54 43.33 22.59 28.92 325576000.0 586288000.0
140 Jan 14, 2018 28.94 30.89 24.59 26.4 90227300.0 720719000.0
141 Jan 15, 2018 25.64 31.01 23.01 23.46 50917800.0 638395000.0
142 Jan 16, 2018 23.55 24.6 15.13 19.21 59669700.0 586534000.0
143 Jan 17, 2018 19.27 21.43 14.11 19.51 46581400.0 479967000.0
144 Jan 18, 2018 19.18 24.94 19.08 21.87 55600600.0 477766000.0
145 Jan 19, 2018 21.62 23.87 20.54 22.3 41197800.0 538311000.0
146 Jan 20, 2018 22.64 27.89 22.28 27.32 49287800.0 563802000.0
147 Jan 21, 2018 26.89 30.95 24.89 27.92 65992800.0 669581000.0
148 Jan 22, 2018 28.31 29.92 22.48 28.85 57289000.0 705028000.0
149 Jan 23, 2018 28.81 33.02 26.43 29.92 80665700.0 717370000.0
150 Jan 24, 2018 30.02 38.45 29.37 36.55 115482000.0 747519000.0
151 Jan 25, 2018 36.86 36.86 31.98 33.15 43290700.0 917787000.0
152 Jan 26, 2018 33.04 38.41 30.72 38.02 62688700.0 822842000.0
153 Jan 27, 2018 38.35 43.74 36.95 41.72 95696000.0 954900000.0
154 Jan 28, 2018 42.1 45.95 34.51 39.83 119525000.0 1048300000.0
155 Jan 29, 2018 39.85 40.72 35.24 37.89 62793700.0 992277000.0
156 Jan 30, 2018 37.82 38.57 30.2 32.3 40530500.0 941803000.0
157 Jan 31, 2018 32.34 33.4 30.78 32.24 15983900.0 805453000.0
158 Feb 01, 2018 32.26 32.71 24.41 27.59 20079600.0 803410000.0
159 Feb 02, 2018 27.47 27.59 16.77 24.79 22530900.0 684014000.0
160 Feb 03, 2018 24.89 30.46 22.19 28.36 21908800.0 619960000.0
161 Feb 04, 2018 28.22 28.97 21.7 23.52 16479100.0 702645000.0
162 Feb 05, 2018 23.34 24.39 15.26 17.52 16172000.0 581358000.0
163 Feb 06, 2018 17.7 23.35 13.58 22.82 21608300.0 440937000.0
164 Feb 07, 2018 22.7 25.49 20.12 20.15 15012200.0 565298000.0
165 Feb 08, 2018 20.15 23.52 20.15 22.62 16211700.0 501754000.0
166 Feb 09, 2018 22.67 24.93 21.49 24.91 1181550.0 564503000.0
167 Feb 10, 2018 24.67 28.23 20.94 22.26 14413000.0 614422000.0
168 Feb 11, 2018 22.25 22.25 19.17 20.33 6364060.0 554222000.0
169 Feb 12, 2018 20.43 22.73 20.14 22.38 7053040.0 508674000.0
170 Feb 13, 2018 22.39 22.49 20.74 21.37 5591530.0 557479000.0
171 Feb 14, 2018 21.32 24.45 21.23 23.75 9998060.0 531076000.0
172 Feb 15, 2018 23.77 28.58 23.21 27.9 17722800.0 591979000.0
173 Feb 16, 2018 27.77 27.94 25.42 26.98 12009500.0 691462000.0
174 Feb 17, 2018 26.98 28.06 26.47 26.86 9897960.0 671805000.0
175 Feb 18, 2018 26.71 27.15 23.74 24.09 7406650.0 665144000.0
176 Feb 19, 2018 24.0 26.36 23.9 25.44 7885530.0 597604000.0
177 Feb 20, 2018 25.38 25.68 22.17 23.18 13582000.0 632155000.0
178 Feb 21, 2018 23.16 23.16 19.85 21.06 6966240.0 576787000.0
179 Feb 22, 2018 21.05 23.42 19.54 20.28 9813410.0 524147000.0
180 Feb 23, 2018 20.28 21.7 19.41 21.28 4823950.0 505105000.0
181 Feb 24, 2018 21.17 23.35 20.49 21.5 5162820.0 527223000.0
182 Feb 25, 2018 21.45 22.48 21.06 21.99 8519400.0 534158000.0
183 Feb 26, 2018 22.11 22.58 20.86 21.84 9737710.0 550745000.0
184 Feb 27, 2018 21.8 22.93 21.3 22.3 6375800.0 542910000.0
185 Feb 28, 2018 22.25 22.55 17.62 18.67 21485200.0 554200000.0
186 Mar 01, 2018 18.6 19.97 17.35 18.75 23994500.0 463193000.0
187 Mar 02, 2018 18.67 20.65 17.93 19.79 20874500.0 464966000.0
188 Mar 03, 2018 19.88 20.27 19.02 19.26 16624800.0 495216000.0
189 Mar 04, 2018 19.25 19.42 18.58 18.7 13728600.0 479303000.0
190 Mar 05, 2018 18.69 21.31 18.58 20.5 14493100.0 465518000.0
191 Mar 06, 2018 20.29 28.58 19.73 24.96 89312500.0 505297000.0
192 Mar 07, 2018 25.12 25.12 16.79 18.64 49911600.0 625658000.0
193 Mar 08, 2018 18.58 19.03 15.77 15.77 11567900.0 462698000.0
194 Mar 09, 2018 15.65 16.33 13.47 16.28 10970900.0 389666000.0
195 Mar 10, 2018 16.28 16.87 14.96 15.03 7542830.0 405576000.0
196 Mar 11, 2018 15.03 17.25 14.53 16.9 11506800.0 374418000.0
197 Mar 12, 2018 16.86 17.23 15.07 15.49 8972400.0 420022000.0
198 Mar 13, 2018 15.43 16.58 15.17 15.43 7763470.0 384325000.0
199 Mar 14, 2018 15.43 15.93 12.95 13.38 7111590.0 384317000.0
200 Mar 15, 2018 13.36 13.65 11.87 12.9 5762170.0 332811000.0
201 Mar 16, 2018 12.8 13.85 12.25 13.22 5058330.0 318738000.0
202 Mar 17, 2018 13.28 13.3 11.39 11.65 5274790.0 330697000.0
203 Mar 18, 2018 11.6 12.43 10.07 12.12 5408010.0 288921000.0
204 Mar 19, 2018 12.22 12.94 11.62 12.63 5410120.0 304268000.0
205 Mar 20, 2018 12.74 14.19 12.44 14.04 5938950.0 317257000.0
206 Mar 21, 2018 14.11 14.93 13.35 13.96 4889040.0 351358000.0
207 Mar 22, 2018 13.97 14.24 12.36 12.8 3331940.0 347894000.0
208 Mar 23, 2018 12.79 13.48 11.73 13.44 4882000.0 318519000.0
209 Mar 24, 2018 13.66 13.97 12.57 12.63 3960270.0 340206000.0
210 Mar 25, 2018 12.45 14.66 12.42 13.96 7774750.0 310022000.0
211 Mar 26, 2018 13.93 14.77 12.18 13.06 5680870.0 346970000.0
212 Mar 27, 2018 13.06 13.78 12.01 13.47 6162720.0 325246000.0
