0 Nov 15, 2017 2.01 2.68 1.8 2.68 683667.0 0.0
1 Nov 16, 2017 2.68 3.8 2.54 2.74 3548140.0 0.0
2 Nov 17, 2017 2.79 3.18 2.09 2.16 1222120.0 10401100.0
3 Nov 18, 2017 2.13 2.57 1.64 2.11 797857.0 7919460.0
4 Nov 19, 2017 2.1 2.37 1.92 2.17 765956.0 7839150.0
5 Nov 20, 2017 2.17 2.69 1.89 2.46 1195060.0 8078830.0
6 Nov 21, 2017 2.5 3.41 2.07 2.79 2743730.0 9306360.0
7 Nov 22, 2017 2.83 3.38 2.73 2.75 1598860.0 10564000.0
8 Nov 23, 2017 2.74 3.04 2.64 2.64 772249.0 10226700.0
9 Nov 24, 2017 2.63 3.09 2.48 3.09 749111.0 9822920.0
10 Nov 25, 2017 3.09 3.55 2.94 3.54 1077500.0 11522900.0
11 Nov 26, 2017 3.44 5.47 3.44 5.26 3821560.0 12840000.0
12 Nov 27, 2017 5.25 9.19 5.25 8.27 13571300.0 19548600.0
13 Nov 28, 2017 8.19 8.83 6.09 6.18 6804190.0 30508600.0
14 Nov 29, 2017 6.17 6.73 4.43 5.37 6323920.0 22993100.0
15 Nov 30, 2017 5.45 7.6 5.07 7.05 6905510.0 20313100.0
16 Dec 01, 2017 6.93 7.14 6.17 6.46 1249140.0 25840300.0
17 Dec 02, 2017 6.46 7.37 5.62 6.72 1757960.0 24059600.0
18 Dec 03, 2017 6.73 7.09 5.93 6.8 1040350.0 25082200.0
19 Dec 04, 2017 6.81 6.81 6.07 6.34 885094.0 25364900.0
20 Dec 05, 2017 6.36 6.94 5.96 6.94 1987050.0 23689800.0
21 Dec 06, 2017 7.13 7.97 5.88 6.0 1998580.0 26592800.0
22 Dec 07, 2017 6.08 6.67 4.79 5.44 1886420.0 22674200.0
23 Dec 08, 2017 5.45 5.89 4.43 5.58 1288230.0 20306200.0
24 Dec 09, 2017 5.55 5.77 4.9 5.35 911111.0 20689700.0
25 Dec 10, 2017 5.37 5.37 4.47 4.85 866109.0 20026000.0
26 Dec 11, 2017 5.07 7.92 4.67 6.59 4955760.0 18891500.0
27 Dec 12, 2017 6.55 6.85 5.29 5.66 4868720.0 24413400.0
28 Dec 13, 2017 5.75 5.85 5.14 5.28 3607670.0 21420500.0
29 Dec 14, 2017 5.35 6.34 5.24 6.22 4900650.0 19955200.0
30 Dec 15, 2017 6.24 6.38 5.33 5.7 4512510.0 23239000.0
31 Dec 16, 2017 5.69 6.75 5.69 6.44 5133480.0 21212800.0
32 Dec 17, 2017 6.35 9.06 6.18 7.35 7103910.0 23673600.0
33 Dec 18, 2017 7.33 8.37 6.67 8.29 6585540.0 27322900.0
34 Dec 19, 2017 8.28 8.64 7.38 8.28 5191660.0 30839200.0
35 Dec 20, 2017 8.27 8.27 6.75 7.08 4219280.0 30833900.0
36 Dec 21, 2017 7.05 8.14 6.94 7.11 3766060.0 26282600.0
37 Dec 22, 2017 7.14 7.36 5.02 6.49 2038760.0 26599000.0
38 Dec 23, 2017 6.52 7.04 6.28 6.34 1979180.0 24284900.0
39 Dec 24, 2017 6.42 7.94 5.68 7.94 3883160.0 23915300.0
40 Dec 25, 2017 7.87 9.65 7.45 7.66 3959250.0 29315100.0
41 Dec 26, 2017 7.63 8.43 7.04 7.6 2511250.0 28443900.0
42 Dec 27, 2017 7.54 8.98 7.41 7.88 1979440.0 28119600.0
43 Dec 28, 2017 7.83 8.03 7.1 7.4 1577470.0 29183400.0
44 Dec 29, 2017 7.48 8.18 7.26 7.77 1612790.0 27861500.0
45 Dec 30, 2017 7.73 7.78 6.49 7.37 1455180.0 28808800.0
46 Dec 31, 2017 7.29 9.63 7.26 9.32 2184810.0 27161500.0
47 Jan 01, 2018 9.38 11.44 8.56 11.19 3888010.0 34944800.0
48 Jan 02, 2018 11.22 13.71 10.47 12.83 7570630.0 41838900.0
49 Jan 03, 2018 12.65 13.87 12.22 12.8 3169030.0 47147900.0
50 Jan 04, 2018 12.87 19.33 11.97 18.24 8339270.0 47974900.0
51 Jan 05, 2018 17.91 24.68 16.03 23.19 12427900.0 66781000.0
52 Jan 06, 2018 23.42 38.16 20.92 33.89 25507400.0 87292500.0
53 Jan 07, 2018 33.92 51.38 31.18 34.76 26904400.0 126426000.0
54 Jan 08, 2018 34.49 39.65 28.48 32.77 10313700.0 128559000.0
55 Jan 09, 2018 32.77 34.86 29.32 31.19 7667440.0 122137000.0
56 Jan 10, 2018 31.16 35.15 27.69 28.55 8094950.0 116146000.0
57 Jan 11, 2018 28.39 29.83 21.22 22.79 5416650.0 105824000.0
58 Jan 12, 2018 23.06 31.9 22.1 30.48 6433490.0 85964400.0
59 Jan 13, 2018 30.61 45.41 27.71 28.18 28189000.0 114081000.0
60 Jan 14, 2018 28.18 28.6 25.17 25.69 4391530.0 105036000.0
61 Jan 15, 2018 25.6 26.69 22.19 22.36 3417950.0 95430200.0
62 Jan 16, 2018 22.2 22.44 13.19 17.01 4240450.0 82757300.0
63 Jan 17, 2018 17.08 20.73 13.1 18.98 3399460.0 63670400.0
64 Jan 18, 2018 18.94 21.88 18.06 18.87 2948730.0 70592300.0
65 Jan 19, 2018 18.64 21.53 18.5 19.73 2212600.0 69503600.0
66 Jan 20, 2018 19.92 24.45 19.92 23.98 2701950.0 74245100.0
67 Jan 21, 2018 23.81 23.99 18.96 19.52 2004320.0 88741600.0
68 Jan 22, 2018 19.68 20.51 16.78 18.6 1619680.0 73361500.0
69 Jan 23, 2018 18.43 19.23 16.98 17.99 1380140.0 68701200.0
70 Jan 24, 2018 17.99 20.04 17.51 19.08 1511740.0 67053400.0
71 Jan 25, 2018 19.43 19.57 17.7 17.98 915335.0 72414100.0
72 Jan 26, 2018 17.96 18.69 16.2 17.58 1220450.0 66950900.0
73 Jan 27, 2018 17.49 22.43 17.15 21.2 4844500.0 65218400.0
74 Jan 28, 2018 21.37 30.51 21.37 24.98 41187500.0 79652000.0
75 Jan 29, 2018 24.67 25.35 21.49 21.86 4331250.0 91966800.0
76 Jan 30, 2018 21.88 22.1 17.59 19.15 2540900.0 81546700.0
77 Jan 31, 2018 19.19 19.77 18.07 18.87 1637790.0 71523400.0
78 Feb 01, 2018 18.89 19.56 14.5 16.46 2378490.0 70425200.0
79 Feb 02, 2018 16.15 16.52 11.78 15.64 1576660.0 60219400.0
80 Feb 03, 2018 15.67 18.0 14.98 17.09 1405320.0 58402200.0
81 Feb 04, 2018 17.13 17.13 12.95 13.99 1777300.0 63839800.0
82 Feb 05, 2018 13.86 14.2 9.4 10.77 1000410.0 51667600.0
83 Feb 06, 2018 10.78 13.44 8.37 12.83 1585430.0 40205400.0
84 Feb 07, 2018 12.72 15.5 11.94 12.72 1526740.0 47427400.0
85 Feb 08, 2018 12.65 14.56 12.65 14.01 1662780.0 47179600.0
86 Feb 09, 2018 14.05 16.41 13.31 16.11 58200.7 52383100.0
87 Feb 10, 2018 16.53 17.07 13.64 14.54 1196280.0 61608700.0
88 Feb 11, 2018 14.51 14.63 12.9 13.68 886702.0 54098500.0
89 Feb 12, 2018 13.75 16.47 13.75 16.19 1391730.0 51271200.0
90 Feb 13, 2018 16.11 16.36 14.79 14.92 1301880.0 60046600.0
91 Feb 14, 2018 14.87 17.1 14.87 17.1 982206.0 55438700.0
92 Feb 15, 2018 17.16 19.34 16.93 19.07 3256560.0 63976400.0
93 Feb 16, 2018 18.97 21.57 18.53 20.91 4303860.0 70726500.0
94 Feb 17, 2018 20.83 30.94 20.54 30.94 18899500.0 77663800.0
95 Feb 18, 2018 30.15 34.01 24.36 26.89 59437900.0 112364000.0
96 Feb 19, 2018 26.58 30.5 25.71 28.17 11864200.0 99094600.0
97 Feb 20, 2018 28.18 28.41 22.9 23.01 5954680.0 105042000.0
98 Feb 21, 2018 22.9 25.47 21.89 23.99 5534150.0 85344100.0
99 Feb 22, 2018 23.65 25.89 21.95 22.58 3951800.0 88163500.0
100 Feb 23, 2018 22.44 24.7 21.52 23.04 3080580.0 83652800.0
101 Feb 24, 2018 22.97 23.74 20.23 21.69 1786690.0 85622800.0
102 Feb 25, 2018 21.74 22.02 20.6 21.57 1312920.0 81029600.0
103 Feb 26, 2018 21.65 27.24 20.95 25.77 9014190.0 80714000.0
104 Feb 27, 2018 26.11 29.18 25.55 26.54 7880070.0 97327800.0
105 Feb 28, 2018 26.49 28.22 24.6 26.18 4561150.0 98738100.0
106 Mar 01, 2018 26.18 31.24 25.98 29.83 11500500.0 97577700.0
107 Mar 02, 2018 29.91 36.58 29.49 34.42 13205400.0 111486000.0
108 Mar 03, 2018 34.22 39.76 33.69 37.85 20691300.0 127546000.0
109 Mar 04, 2018 38.02 39.26 34.53 36.58 16207000.0 141720000.0
110 Mar 05, 2018 36.52 37.21 33.86 34.24 6500940.0 136135000.0
111 Mar 06, 2018 34.2 36.23 31.93 35.43 7615890.0 127477000.0
112 Mar 07, 2018 35.29 38.72 31.27 36.39 17617000.0 131534000.0
113 Mar 08, 2018 36.5 39.95 34.4 38.74 22259900.0 136059000.0
114 Mar 09, 2018 39.04 39.46 28.63 34.46 18947800.0 145528000.0
115 Mar 10, 2018 34.56 38.43 31.32 32.86 7573660.0 128830000.0
116 Mar 11, 2018 32.48 36.61 30.8 34.71 5593960.0 121075000.0
117 Mar 12, 2018 34.63 35.26 29.99 32.14 6463750.0 129068000.0
118 Mar 13, 2018 31.76 33.07 27.45 29.95 13232100.0 118399000.0
119 Mar 14, 2018 29.95 30.04 22.58 23.25 13726200.0 111650000.0
120 Mar 15, 2018 23.41 25.74 20.47 22.91 12191700.0 87257900.0
121 Mar 16, 2018 23.0 28.42 21.14 25.93 16069700.0 85718100.0
122 Mar 17, 2018 25.58 27.59 23.66 23.89 15646100.0 95347300.0
123 Mar 18, 2018 23.81 26.18 19.36 24.73 11671400.0 88745900.0
124 Mar 19, 2018 25.18 27.36 24.35 26.39 12252400.0 93869400.0
125 Mar 20, 2018 26.55 27.16 24.87 26.73 11807300.0 98966400.0
126 Mar 21, 2018 26.77 27.71 25.23 25.9 11851800.0 99794500.0
127 Mar 22, 2018 25.88 26.65 23.63 24.71 9172570.0 96460100.0
128 Mar 23, 2018 24.51 28.28 22.81 26.39 16826000.0 91375400.0
129 Mar 24, 2018 26.48 26.83 24.85 25.04 12223700.0 98688800.0
130 Mar 25, 2018 24.72 26.89 24.57 25.94 10359300.0 92134400.0
131 Mar 26, 2018 26.04 27.54 23.06 24.69 12262200.0 97070400.0
132 Mar 27, 2018 24.59 24.81 22.52 23.28 8804390.0 91663900.0
