0 Apr 01, 2015 0.0 0.0 0.0 0.0 65524.9 3604110.0
1 Apr 02, 2015 0.0 0.0 0.0 0.0 28549.4 2179320.0
2 Apr 03, 2015 0.0 0.0 0.0 0.0 20677.9 2778750.0
3 Apr 04, 2015 0.0 0.0 0.0 0.0 23550.2 2792120.0
4 Apr 05, 2015 0.0 0.0 0.0 0.0 26800.2 2443720.0
5 Apr 06, 2015 0.0 0.0 0.0 0.0 22511.5 2088380.0
6 Apr 07, 2015 0.0 0.0 0.0 0.0 14437.0 2596140.0
7 Apr 08, 2015 0.0 0.0 0.0 0.0 6932.85 2209250.0
8 Apr 09, 2015 0.0 0.0 0.0 0.0 10013.6 2048560.0
9 Apr 10, 2015 0.0 0.0 0.0 0.0 16846.0 2017780.0
10 Apr 11, 2015 0.0 0.0 0.0 0.0 22845.9 1571870.0
11 Apr 12, 2015 0.0 0.0 0.0 0.0 5568.89 1469950.0
12 Apr 13, 2015 0.0 0.0 0.0 0.0 11803.1 1316600.0
13 Apr 14, 2015 0.0 0.0 0.0 0.0 14653.9 1254160.0
14 Apr 15, 2015 0.0 0.0 0.0 0.0 8196.1 1399610.0
15 Apr 16, 2015 0.0 0.0 0.0 0.0 5316.9 1391420.0
16 Apr 17, 2015 0.0 0.0 0.0 0.0 4556.29 1507870.0
17 Apr 18, 2015 0.0 0.0 0.0 0.0 9116.91 1503010.0
18 Apr 19, 2015 0.0 0.0 0.0 0.0 7192.89 1269820.0
19 Apr 20, 2015 0.0 0.0 0.0 0.0 6680.68 1324160.0
20 Apr 21, 2015 0.0 0.0 0.0 0.0 3911.73 1194180.0
21 Apr 22, 2015 0.0 0.0 0.0 0.0 2352.53 1233120.0
22 Apr 23, 2015 0.0 0.0 0.0 0.0 2116.94 1244580.0
23 Apr 24, 2015 0.0 0.0 0.0 0.0 3058.47 1234000.0
24 Apr 25, 2015 0.0 0.0 0.0 0.0 2480.39 1345350.0
25 Apr 26, 2015 0.0 0.0 0.0 0.0 2073.56 1263860.0
26 Apr 27, 2015 0.0 0.0 0.0 0.0 6659.64 1205740.0
27 Apr 28, 2015 0.0 0.0 0.0 0.0 3357.99 1442520.0
28 Apr 29, 2015 0.0 0.0 0.0 0.0 2013.32 1337590.0
29 Apr 30, 2015 0.0 0.0 0.0 0.0 958.8 1323030.0
30 May 01, 2015 0.0 0.0 0.0 0.0 692.37 1412990.0
31 May 02, 2015 0.0 0.0 0.0 0.0 1542.92 1381060.0
32 May 03, 2015 0.0 0.0 0.0 0.0 4417.16 1395620.0
33 May 04, 2015 0.0 0.0 0.0 0.0 2595.37 1340690.0
34 May 05, 2015 0.0 0.0 0.0 0.0 3974.44 1355840.0
35 May 06, 2015 0.0 0.0 0.0 0.0 1124.71 1270090.0
36 May 07, 2015 0.0 0.0 0.0 0.0 2475.3 1281970.0
37 May 08, 2015 0.0 0.0 0.0 0.0 1043.18 1407390.0
38 May 09, 2015 0.0 0.0 0.0 0.0 623.43 1396760.0
39 May 10, 2015 0.0 0.0 0.0 0.0 1774.12 1349300.0
40 May 11, 2015 0.0 0.0 0.0 0.0 3366.7 1362660.0
41 May 12, 2015 0.0 0.0 0.0 0.0 4764.88 1394760.0
42 May 13, 2015 0.0 0.0 0.0 0.0 4187.47 1483990.0
43 May 14, 2015 0.0 0.0 0.0 0.0 1647.41 1427580.0
44 May 15, 2015 0.0 0.0 0.0 0.0 1260.36 1439930.0
45 May 16, 2015 0.0 0.0 0.0 0.0 4958.02 1474940.0
46 May 17, 2015 0.0 0.0 0.0 0.0 1048.95 1399200.0
47 May 18, 2015 0.0 0.0 0.0 0.0 12652.9 1437570.0
48 May 19, 2015 0.0 0.0 0.0 0.0 9162.78 1493820.0
49 May 20, 2015 0.0 0.0 0.0 0.0 8927.91 1536820.0
50 May 21, 2015 0.0 0.0 0.0 0.0 7585.99 1545760.0
51 May 22, 2015 0.0 0.0 0.0 0.0 4135.55 1549800.0
52 May 23, 2015 0.0 0.0 0.0 0.0 4559.67 1596980.0
53 May 24, 2015 0.0 0.0 0.0 0.0 5675.35 1594140.0
54 May 25, 2015 0.0 0.0 0.0 0.0 6871.36 1638490.0
55 May 26, 2015 0.0 0.0 0.0 0.0 3845.36 1599720.0
56 May 27, 2015 0.0 0.0 0.0 0.0 8659.32 1645670.0
57 May 28, 2015 0.0 0.0 0.0 0.0 7217.15 1753140.0
58 May 29, 2015 0.0 0.0 0.0 0.0 7998.86 1762160.0
59 May 30, 2015 0.0 0.0 0.0 0.0 7227.63 1650510.0
60 May 31, 2015 0.0 0.0 0.0 0.0 4683.81 1667200.0
61 Jun 01, 2015 0.0 0.0 0.0 0.0 3524.62 1590560.0
62 Jun 02, 2015 0.0 0.0 0.0 0.0 5642.07 1530820.0
63 Jun 03, 2015 0.0 0.0 0.0 0.0 1819.84 1604330.0
64 Jun 04, 2015 0.0 0.0 0.0 0.0 2220.02 1595180.0
65 Jun 05, 2015 0.0 0.0 0.0 0.0 4104.64 1546270.0
66 Jun 06, 2015 0.0 0.0 0.0 0.0 3363.57 1611430.0
67 Jun 07, 2015 0.0 0.0 0.0 0.0 3359.77 1529050.0
68 Jun 08, 2015 0.0 0.0 0.0 0.0 3109.7 1510060.0
69 Jun 09, 2015 0.0 0.0 0.0 0.0 8723.1 1541750.0
70 Jun 10, 2015 0.0 0.0 0.0 0.0 4577.23 1344300.0
71 Jun 11, 2015 0.0 0.0 0.0 0.0 4653.12 1379440.0
72 Jun 12, 2015 0.0 0.0 0.0 0.0 3589.3 1333110.0
73 Jun 13, 2015 0.0 0.0 0.0 0.0 2980.44 1332020.0
74 Jun 14, 2015 0.0 0.0 0.0 0.0 2903.48 1399050.0
75 Jun 15, 2015 0.0 0.0 0.0 0.0 9550.29 1396540.0
76 Jun 16, 2015 0.0 0.0 0.0 0.0 6373.66 1326840.0
77 Jun 17, 2015 0.0 0.0 0.0 0.0 8667.91 1443470.0
78 Jun 18, 2015 0.0 0.0 0.0 0.0 3683.18 1444400.0
79 Jun 19, 2015 0.0 0.0 0.0 0.0 6742.71 1554080.0
80 Jun 20, 2015 0.0 0.0 0.0 0.0 1487.71 1391420.0
81 Jun 21, 2015 0.0 0.0 0.0 0.0 615.73 1420970.0
82 Jun 22, 2015 0.0 0.0 0.0 0.0 4899.6 1448390.0
83 Jun 23, 2015 0.0 0.0 0.0 0.0 2517.85 1406300.0
84 Jun 24, 2015 0.0 0.0 0.0 0.0 1656.02 1419880.0
85 Jun 25, 2015 0.0 0.0 0.0 0.0 2790.58 1404230.0
86 Jun 26, 2015 0.0 0.0 0.0 0.0 3546.8 1389110.0
87 Jun 27, 2015 0.0 0.0 0.0 0.0 4042.9 1335410.0
88 Jun 28, 2015 0.0 0.0 0.0 0.0 1838.37 1409620.0
89 Jun 29, 2015 0.0 0.0 0.0 0.0 2007.4 1366110.0
90 Jun 30, 2015 0.0 0.0 0.0 0.0 5197.06 1346030.0
91 Jul 01, 2015 0.0 0.0 0.0 0.0 2224.42 1453660.0
92 Jul 02, 2015 0.0 0.0 0.0 0.0 1322.57 1279500.0
93 Jul 03, 2015 0.0 0.0 0.0 0.0 3872.62 1290670.0
94 Jul 04, 2015 0.0 0.0 0.0 0.0 1574.65 1292130.0
95 Jul 05, 2015 0.0 0.0 0.0 0.0 3717.01 1268850.0
96 Jul 06, 2015 0.0 0.0 0.0 0.0 520.76 1155430.0
97 Jul 07, 2015 0.0 0.0 0.0 0.0 3976.91 1133560.0
98 Jul 08, 2015 0.0 0.0 0.0 0.0 2406.61 1280690.0
99 Jul 09, 2015 0.0 0.0 0.0 0.0 1678.28 1446360.0
100 Jul 10, 2015 0.0 0.0 0.0 0.0 3166.43 1296490.0
101 Jul 11, 2015 0.0 0.0 0.0 0.0 5422.3 1303490.0
102 Jul 12, 2015 0.0 0.0 0.0 0.0 3107.73 1453080.0
103 Jul 13, 2015 0.0 0.0 0.0 0.0 3228.54 1417480.0
104 Jul 14, 2015 0.0 0.0 0.0 0.0 970.33 1413370.0
105 Jul 15, 2015 0.0 0.0 0.0 0.0 745.78 1420690.0
106 Jul 16, 2015 0.0 0.0 0.0 0.0 1868.65 1333850.0
107 Jul 17, 2015 0.0 0.0 0.0 0.0 190.79 1279530.0
108 Jul 18, 2015 0.0 0.0 0.0 0.0 782.71 1337300.0
109 Jul 19, 2015 0.0 0.0 0.0 0.0 897.9 1310970.0
110 Jul 20, 2015 0.0 0.0 0.0 0.0 4445.75 1297720.0
111 Jul 21, 2015 0.0 0.0 0.0 0.0 2176.69 1336880.0
112 Jul 22, 2015 0.0 0.0 0.0 0.0 1237.35 1337450.0
113 Jul 23, 2015 0.0 0.0 0.0 0.0 2965.38 1280660.0
114 Jul 24, 2015 0.0 0.0 0.0 0.0 20017.2 1313850.0
115 Jul 25, 2015 0.0 0.0 0.0 0.0 6331.29 1582230.0
116 Jul 26, 2015 0.0 0.0 0.0 0.0 3000.67 1638760.0
117 Jul 27, 2015 0.0 0.0 0.0 0.0 4905.28 1556100.0
118 Jul 28, 2015 0.0 0.0 0.0 0.0 3019.06 1467380.0
119 Jul 29, 2015 0.0 0.0 0.0 0.0 1294.39 1562880.0
120 Jul 30, 2015 0.0 0.0 0.0 0.0 1903.8 1451930.0
121 Jul 31, 2015 0.0 0.0 0.0 0.0 797.92 1496260.0
122 Aug 01, 2015 0.0 0.0 0.0 0.0 1445.21 1473700.0
123 Aug 02, 2015 0.0 0.0 0.0 0.0 2565.02 1465340.0
124 Aug 03, 2015 0.0 0.0 0.0 0.0 2001.6 1382850.0
125 Aug 04, 2015 0.0 0.0 0.0 0.0 2832.58 1386140.0
126 Aug 05, 2015 0.0 0.0 0.0 0.0 4230.12 1334650.0
127 Aug 06, 2015 0.0 0.0 0.0 0.0 951.72 1331060.0
128 Aug 07, 2015 0.0 0.0 0.0 0.0 1810.8 1266520.0
129 Aug 08, 2015 0.0 0.0 0.0 0.0 3307.32 1304060.0
130 Aug 09, 2015 0.0 0.0 0.0 0.0 8393.1 1223400.0
131 Aug 10, 2015 0.0 0.0 0.0 0.0 1267.95 1165610.0
132 Aug 11, 2015 0.0 0.0 0.0 0.0 3005.75 1218210.0
133 Aug 12, 2015 0.0 0.0 0.0 0.0 5295.04 1213900.0
134 Aug 13, 2015 0.0 0.0 0.0 0.0 3420.32 1151620.0
135 Aug 14, 2015 0.0 0.0 0.0 0.0 1770.04 1110840.0
136 Aug 15, 2015 0.0 0.0 0.0 0.0 2058.08 1086420.0
137 Aug 16, 2015 0.0 0.0 0.0 0.0 2244.74 1075770.0
138 Aug 17, 2015 0.0 0.0 0.0 0.0 1510.89 1102690.0
139 Aug 18, 2015 0.0 0.0 9.22 9.22 2206.83 1068820.0
140 Aug 19, 2015 9.86 0.0 9.74 0.0 712.84 886954.0
141 Aug 20, 2015 0.0 0.0 0.0 0.0 147.75 903222.0
142 Aug 21, 2015 0.0 0.0 0.0 0.0 651.24 954297.0
143 Aug 22, 2015 0.0 0.0 9.4 0.0 480.95 911403.0
144 Aug 23, 2015 0.0 0.0 9.74 9.82 111.28 911169.0
145 Aug 24, 2015 9.81 9.96 9.08 9.28 1330.66 883014.0
146 Aug 25, 2015 9.26 9.58 8.56 8.63 1987.8 833526.0
147 Aug 26, 2015 8.62 9.37 8.55 9.0 1348.48 776234.0
148 Aug 27, 2015 9.01 9.82 8.8 9.67 833.3 810572.0
149 Aug 28, 2015 9.81 9.81 8.53 9.34 1851.6 882696.0
150 Aug 29, 2015 9.33 0.0 9.32 9.59 435.76 839895.0
151 Aug 30, 2015 9.59 0.0 9.58 0.0 1192.74 862945.0
152 Aug 31, 2015 0.0 0.0 9.4 9.43 588.11 936945.0
153 Sep 01, 2015 9.42 0.0 9.3 0.0 526.99 848213.0
154 Sep 02, 2015 0.0 0.0 8.8 8.81 897.49 903015.0
155 Sep 03, 2015 8.81 8.9 8.31 8.9 332.95 792863.0
156 Sep 04, 2015 8.9 9.67 8.77 9.66 232.59 800916.0
157 Sep 05, 2015 9.65 9.77 8.5 8.57 1098.89 869038.0
158 Sep 06, 2015 8.57 9.64 8.55 9.59 901.83 771348.0
159 Sep 07, 2015 9.59 9.83 9.38 9.6 315.36 863410.0
160 Sep 08, 2015 9.59 0.0 9.39 9.94 418.86 863050.0
161 Sep 09, 2015 9.94 9.94 8.75 9.03 1343.09 894429.0
162 Sep 10, 2015 9.03 9.95 8.72 9.11 2545.25 813119.0
163 Sep 11, 2015 9.1 9.7 8.96 9.43 590.49 819178.0
164 Sep 12, 2015 9.43 9.64 8.71 8.71 232.94 848764.0
165 Sep 13, 2015 8.71 9.37 8.54 9.01 658.59 783983.0
166 Sep 14, 2015 9.0 9.06 8.88 8.99 94.95 809995.0
167 Sep 15, 2015 8.99 9.88 7.93 9.86 2995.38 809295.0
168 Sep 16, 2015 9.86 0.0 8.84 0.0 10003.5 887120.0
169 Sep 17, 2015 0.0 0.0 0.0 0.0 5428.06 954054.0
170 Sep 18, 2015 0.0 0.0 9.8 0.0 1353.85 973827.0
171 Sep 19, 2015 0.0 0.0 9.5 0.0 1439.58 902358.0
172 Sep 20, 2015 0.0 0.0 9.48 9.97 1249.59 916605.0
173 Sep 21, 2015 9.98 0.0 9.42 0.0 3745.01 897869.0
174 Sep 22, 2015 0.0 0.0 0.0 0.0 7599.37 918909.0
175 Sep 23, 2015 0.0 0.0 0.0 0.0 1843.25 1166180.0
176 Sep 24, 2015 0.0 0.0 0.0 0.0 987.42 1081340.0
177 Sep 25, 2015 0.0 0.0 0.0 0.0 1853.08 1046760.0
178 Sep 26, 2015 0.0 0.0 0.0 0.0 2186.02 1208870.0
179 Sep 27, 2015 0.0 0.0 0.0 0.0 1635.96 1180660.0
180 Sep 28, 2015 0.0 0.0 0.0 0.0 1641.18 1188700.0
181 Sep 29, 2015 0.0 0.0 0.0 0.0 9727.7 1248540.0
182 Sep 30, 2015 0.0 0.0 0.0 0.0 5863.98 1338340.0
183 Oct 01, 2015 0.0 0.0 0.0 0.0 11660.0 1358740.0
184 Oct 02, 2015 0.0 0.0 0.0 0.0 6645.27 1574540.0
185 Oct 03, 2015 0.0 0.0 0.0 0.0 5006.95 1338390.0
186 Oct 04, 2015 0.0 0.0 0.0 0.0 1783.3 1140040.0
187 Oct 05, 2015 0.0 0.0 0.0 0.0 1639.61 1098070.0
188 Oct 06, 2015 0.0 0.0 0.0 0.0 1029.99 1070640.0
189 Oct 07, 2015 0.0 0.0 0.0 0.0 1229.78 1111120.0
190 Oct 08, 2015 0.0 0.0 0.0 0.0 3948.83 1223560.0
191 Oct 09, 2015 0.0 0.0 0.0 0.0 1174.03 1063210.0
192 Oct 10, 2015 0.0 0.0 0.0 0.0 352.37 1052710.0
193 Oct 11, 2015 0.0 0.0 0.0 0.0 1191.12 1009060.0
194 Oct 12, 2015 0.0 0.0 0.0 0.0 330.63 977202.0
195 Oct 13, 2015 0.0 0.0 0.0 0.0 1360.06 1054990.0
196 Oct 14, 2015 0.0 0.0 0.0 0.0 1191.54 1068520.0
197 Oct 15, 2015 0.0 0.0 0.0 0.0 2830.8 1039470.0
198 Oct 16, 2015 0.0 0.0 0.0 0.0 1008.94 1014130.0
199 Oct 17, 2015 0.0 0.0 0.0 0.0 3305.93 1051960.0
200 Oct 18, 2015 0.0 0.0 0.0 0.0 318.74 1112660.0
201 Oct 19, 2015 0.0 0.0 0.0 0.0 946.38 1115230.0
202 Oct 20, 2015 0.0 0.0 0.0 0.0 716.94 974502.0
203 Oct 21, 2015 0.0 0.0 0.0 0.0 94.62 1052530.0
204 Oct 22, 2015 0.0 0.0 0.0 0.0 280.02 1055670.0
205 Oct 23, 2015 0.0 0.0 0.0 0.0 785.29 1062290.0
206 Oct 24, 2015 0.0 0.0 0.0 0.0 638.74 1070000.0
207 Oct 25, 2015 0.0 0.0 0.0 0.0 1355.96 1105300.0
208 Oct 26, 2015 0.0 0.0 0.0 0.0 549.92 1071830.0
209 Oct 27, 2015 0.0 0.0 0.0 0.0 482.63 1021850.0
210 Oct 28, 2015 0.0 0.0 0.0 0.0 833.45 1054810.0
211 Oct 29, 2015 0.0 0.0 0.0 0.0 1930.26 1080480.0
212 Oct 30, 2015 0.0 0.0 0.0 0.0 3174.39 1241460.0
213 Oct 31, 2015 0.0 0.0 0.0 0.0 529.55 1419010.0
214 Nov 01, 2015 0.0 0.0 0.0 0.0 949.61 1226560.0
215 Nov 02, 2015 0.0 0.0 0.0 0.0 418.6 1348540.0
216 Nov 03, 2015 0.0 0.0 0.0 0.0 3720.34 1463990.0
217 Nov 04, 2015 0.0 0.0 0.0 0.0 1612.54 1555110.0
218 Nov 05, 2015 0.0 0.0 0.0 0.0 1455.03 1353420.0
219 Nov 06, 2015 0.0 0.0 0.0 0.0 217.24 1357870.0
220 Nov 07, 2015 0.0 0.0 0.0 0.0 218.05 1276320.0
221 Nov 08, 2015 0.0 0.0 0.0 0.0 483.68 1475970.0
222 Nov 09, 2015 0.0 0.0 0.0 0.0 352.3 1278300.0
223 Nov 10, 2015 0.0 0.0 0.0 0.0 398.32 1337270.0
224 Nov 11, 2015 0.0 0.0 0.0 0.0 686.22 1188270.0
225 Nov 12, 2015 0.0 0.0 0.0 0.0 707.58 1139010.0
226 Nov 13, 2015 0.0 0.0 0.0 0.0 77.22 1183480.0
227 Nov 14, 2015 0.0 0.0 0.0 0.0 112.33 1150090.0
228 Nov 15, 2015 0.0 0.0 0.0 0.0 2260.16 1144000.0
229 Nov 16, 2015 0.0 0.0 9.53 0.0 1355.09 1007210.0
230 Nov 17, 2015 0.0 0.0 8.39 9.74 6187.12 1161680.0
231 Nov 18, 2015 0.0 0.0 9.34 0.0 3405.32 902826.0
232 Nov 19, 2015 0.0 0.0 0.0 0.0 615.66 979074.0
233 Nov 20, 2015 0.0 0.0 0.0 0.0 69.05 999873.0
234 Nov 21, 2015 0.0 0.0 9.8 0.0 778.0 1020430.0
235 Nov 22, 2015 0.0 0.0 9.9 9.98 686.36 929880.0
236 Nov 23, 2015 9.99 0.0 9.98 0.0 92.21 898880.0
237 Nov 24, 2015 0.0 0.0 9.86 9.97 179.05 955314.0
238 Nov 25, 2015 9.97 0.0 9.95 0.0 772.21 897112.0
239 >Nov 26, 201 0.0 0.0 0.0 0.0 696.4 973836.0
240 Nov 27, 2015 0.0 0.0 8.74 9.29 1016.1 1003330.0
241 Nov 28, 2015 9.26 0.0 9.13 0.0 946.23 833174.0
242 Nov 29, 2015 0.0 0.0 9.06 0.0 246.75 960336.0
243 Nov 30, 2015 0.0 0.0 0.0 0.0 223.96 933912.0
244 Dec 01, 2015 0.0 0.0 0.0 0.0 1860.45 950715.0
245 Dec 02, 2015 0.0 0.0 9.18 0.0 3449.09 1044380.0
246 Dec 03, 2015 0.0 0.0 9.71 0.0 1770.81 922833.0
247 Dec 04, 2015 0.0 0.0 0.0 0.0 1096.1 974880.0
248 Dec 05, 2015 0.0 0.0 0.0 0.0 164.79 1058130.0
249 Dec 06, 2015 0.0 0.0 9.85 0.0 2132.55 1077410.0
250 Dec 07, 2015 0.0 0.0 9.64 0.0 792.48 930447.0
251 Dec 08, 2015 0.0 0.0 0.0 0.0 1171.94 1137930.0
252 Dec 09, 2015 0.0 0.0 0.0 0.0 676.34 1205030.0
253 Dec 10, 2015 0.0 0.0 0.0 0.0 560.92 1233710.0
254 Dec 11, 2015 0.0 0.0 0.0 0.0 258.45 1311020.0
255 Dec 12, 2015 0.0 0.0 0.0 0.0 718.3 1320440.0
256 Dec 13, 2015 0.0 0.0 0.0 0.0 2344.59 1399390.0
257 Dec 14, 2015 0.0 0.0 0.0 0.0 186.53 1288610.0
258 Dec 15, 2015 0.0 0.0 0.0 0.0 1109.25 1239320.0
259 Dec 16, 2015 0.0 0.0 0.0 0.0 7084.25 1131790.0
260 Dec 17, 2015 0.0 0.0 0.0 0.0 33215.0 1790580.0
261 Dec 18, 2015 0.0 0.0 0.0 0.0 12618.5 2188060.0
262 Dec 19, 2015 0.0 0.0 0.0 0.0 4681.13 1639130.0
263 Dec 20, 2015 0.0 0.0 0.0 0.0 3615.57 1461530.0
264 Dec 21, 2015 0.0 0.0 0.0 0.0 6140.08 1398200.0
265 Dec 22, 2015 0.0 0.0 0.0 0.0 3693.87 1729500.0
266 Dec 23, 2015 0.0 0.0 0.0 0.0 4072.55 1742160.0
267 Dec 24, 2015 0.0 0.0 0.0 0.0 3897.8 1824760.0
268 Dec 25, 2015 0.0 0.0 0.0 0.0 3182.96 1635830.0
269 Dec 26, 2015 0.0 0.0 0.0 0.0 1106.1 1665990.0
270 Dec 27, 2015 0.0 0.0 0.0 0.0 3404.93 1454210.0
271 Dec 28, 2015 0.0 0.0 0.0 0.0 1392.32 1352370.0
272 Dec 29, 2015 0.0 0.0 0.0 0.0 1042.47 1256480.0
273 Dec 30, 2015 0.0 0.0 0.0 0.0 2870.21 1448130.0
274 Dec 31, 2015 0.0 0.0 0.0 0.0 1170.54 1439410.0
275 Jan 01, 2016 0.0 0.0 0.0 0.0 1360.74 1358320.0
276 Jan 02, 2016 0.0 0.0 0.0 0.0 1140.14 1458810.0
277 Jan 03, 2016 0.0 0.0 0.0 0.0 572.71 1484340.0
278 Jan 04, 2016 0.0 0.0 0.0 0.0 7345.51 1575230.0
279 Jan 05, 2016 0.0 0.0 0.0 0.0 1676.25 1824260.0
280 Jan 06, 2016 0.0 0.0 0.0 0.0 1372.42 1678260.0
281 Jan 07, 2016 0.0 0.0 0.0 0.0 20869.2 1688180.0
282 Jan 08, 2016 0.0 0.0 0.0 0.0 30480.5 2265820.0
283 Jan 09, 2016 0.0 0.0 0.0 0.0 9030.27 2447750.0
284 Jan 10, 2016 0.0 0.0 0.0 0.0 3026.75 2307980.0
285 Jan 11, 2016 0.0 0.0 0.0 0.0 11981.5 2309540.0
286 Jan 12, 2016 0.0 0.0 0.0 0.0 7720.57 2146070.0
287 Jan 13, 2016 0.0 0.0 0.0 0.0 6262.7 2318410.0
288 Jan 14, 2016 0.0 0.0 0.0 0.0 39981.4 2233940.0
289 Jan 15, 2016 0.0 0.0 0.0 0.0 37975.1 2563120.0
290 Jan 16, 2016 0.0 0.0 0.0 0.0 10070.7 2295880.0
291 Jan 17, 2016 0.0 0.0 0.0 0.0 9379.32 2501490.0
292 Jan 18, 2016 0.0 0.0 0.0 0.0 68566.6 2556000.0
293 Jan 19, 2016 0.0 0.0 0.0 0.0 126416.0 3166920.0
294 Jan 20, 2016 0.0 0.0 0.0 0.0 252740.0 4146700.0
295 Jan 21, 2016 0.0 0.0 0.0 0.0 81547.7 5239790.0
296 Jan 22, 2016 0.0 0.0 0.0 0.0 52631.6 4227180.0
297 Jan 23, 2016 0.0 0.0 0.0 0.0 68777.0 4081240.0
298 Jan 24, 2016 0.0 0.0 0.0 0.0 28555.6 4191350.0
299 Jan 25, 2016 0.0 0.0 0.0 0.0 27463.8 3718220.0
300 Jan 26, 2016 0.0 0.0 0.0 0.0 26104.9 3410470.0
301 Jan 27, 2016 0.0 0.0 0.0 0.0 35648.4 3756420.0
302 Jan 28, 2016 0.0 0.0 0.0 0.0 19034.2 3795520.0
303 Jan 29, 2016 0.0 0.0 0.0 0.0 19445.5 3562020.0
304 Jan 30, 2016 0.0 0.0 0.0 0.0 35814.1 3853500.0
305 Jan 31, 2016 0.0 0.0 0.0 0.0 46422.3 4122060.0
306 Feb 01, 2016 0.0 0.0 0.0 0.0 52135.0 4448570.0
307 Feb 02, 2016 0.0 0.0 0.0 0.0 114264.0 4564120.0
308 Feb 03, 2016 0.0 0.0 0.0 0.0 91761.5 5228850.0
309 Feb 04, 2016 0.0 0.0 0.0 0.0 78973.8 5661540.0
310 Feb 05, 2016 0.0 0.0 0.0 0.0 24322.2 5407140.0
311 Feb 06, 2016 0.0 0.0 0.0 0.0 16085.5 5680220.0
312 Feb 07, 2016 0.0 0.0 0.0 0.0 24609.0 5703340.0
313 Feb 08, 2016 0.0 0.0 0.0 0.0 15958.3 5456290.0
314 Feb 09, 2016 0.0 0.0 0.0 0.0 18946.9 5312020.0
315 Feb 10, 2016 0.0 0.0 0.0 0.0 23020.6 4920790.0
316 Feb 11, 2016 0.0 0.0 0.0 0.0 21143.4 4813170.0
317 Feb 12, 2016 0.0 0.0 0.0 0.0 31203.8 4645570.0
318 Feb 13, 2016 0.0 0.0 0.0 0.0 21921.3 5455420.0
319 Feb 14, 2016 0.0 0.0 0.0 0.0 8013.05 5106440.0
320 Feb 15, 2016 0.0 0.0 0.0 0.0 8518.39 5350530.0
321 Feb 16, 2016 0.0 0.0 0.0 0.0 33862.4 5200430.0
322 Feb 17, 2016 0.0 0.0 0.0 0.0 23223.1 4692870.0
323 Feb 18, 2016 0.0 0.0 0.0 0.0 57118.0 4194320.0
324 Feb 19, 2016 0.0 0.0 0.0 0.0 33913.4 5037710.0
325 Feb 20, 2016 0.0 0.0 0.0 0.0 84725.2 5082410.0
326 Feb 21, 2016 0.0 0.0 0.0 0.0 46198.9 5369180.0
327 Feb 22, 2016 0.0 0.0 0.0 0.0 48507.3 5957070.0
328 Feb 23, 2016 0.0 0.0 0.0 0.0 28673.9 6041160.0
329 Feb 24, 2016 0.0 0.0 0.0 0.0 33791.6 5836220.0
330 Feb 25, 2016 0.0 0.0 0.0 0.0 39616.0 5835300.0
331 Feb 26, 2016 0.0 0.0 0.0 0.0 20448.7 5691150.0
332 Feb 27, 2016 0.0 0.0 0.0 0.0 14846.5 5822730.0
333 Feb 28, 2016 0.0 0.0 0.0 0.0 12969.3 5789230.0
334 Feb 29, 2016 0.0 0.0 0.0 0.0 19328.0 5882930.0
335 Mar 01, 2016 0.0 0.0 0.0 0.0 14849.9 5716680.0
336 Mar 02, 2016 0.0 0.0 0.0 0.0 18524.0 5649810.0
337 Mar 03, 2016 0.0 0.0 0.0 0.0 22400.3 5797540.0
338 Mar 04, 2016 0.0 0.0 0.0 0.0 21493.5 5451010.0
339 Mar 05, 2016 0.0 0.0 0.0 0.0 77590.4 5641870.0
340 Mar 06, 2016 0.0 0.0 0.0 0.0 348109.0 6377790.0
341 Mar 07, 2016 0.0 0.0 0.0 0.0 627920.0 9433080.0
342 Mar 08, 2016 0.0 0.0 0.0 0.0 260891.0 14564100.0
343 Mar 09, 2016 0.0 0.0 0.0 0.0 367893.0 14846500.0
344 Mar 10, 2016 0.0 0.0 0.0 0.0 161400.0 11966700.0
345 Mar 11, 2016 0.0 0.0 0.0 0.0 61167.2 12395200.0
346 Mar 12, 2016 0.0 0.0 0.0 0.0 99260.0 12071600.0
347 Mar 13, 2016 0.0 0.0 0.0 0.0 95887.0 12149200.0
348 Mar 14, 2016 0.0 0.0 0.0 0.0 134782.0 12055300.0
349 Mar 15, 2016 0.0 0.0 0.0 0.0 98868.0 11290700.0
350 Mar 16, 2016 0.0 0.0 0.0 0.0 116986.0 11214000.0
351 Mar 17, 2016 0.0 0.0 0.0 0.0 131175.0 10562700.0
352 Mar 18, 2016 0.0 0.0 0.0 0.0 47824.5 11562800.0
353 Mar 19, 2016 0.0 0.0 0.0 0.0 65194.8 10637500.0
354 Mar 20, 2016 0.0 0.0 0.0 0.0 62746.9 11699200.0
355 Mar 21, 2016 0.0 0.0 0.0 0.0 50078.7 11143400.0
356 Mar 22, 2016 0.0 0.0 0.0 0.0 31593.7 11308600.0
357 Mar 23, 2016 0.0 0.0 0.0 0.0 61729.9 11335500.0
358 Mar 24, 2016 0.0 0.0 0.0 0.0 48528.1 11732000.0
359 Mar 25, 2016 0.0 0.0 0.0 0.0 37991.8 11328900.0
360 Mar 26, 2016 0.0 0.0 0.0 0.0 695940.0 11227000.0
361 Mar 27, 2016 0.0 0.0 0.0 0.0 305038.0 13356700.0
362 Mar 28, 2016 0.0 0.0 0.0 0.0 150393.0 13081700.0
363 Mar 29, 2016 0.0 0.0 0.0 0.0 187162.0 13969400.0
364 Mar 30, 2016 0.0 0.0 0.0 0.0 66153.4 13807400.0
365 Mar 31, 2016 0.0 0.0 0.0 0.0 46908.1 13303500.0
366 Apr 01, 2016 0.0 0.0 0.0 0.0 64360.9 13454700.0
367 Apr 02, 2016 0.0 0.0 0.0 0.0 52104.0 13160200.0
368 Apr 03, 2016 0.0 0.0 0.0 0.0 60244.0 12990600.0
369 Apr 04, 2016 0.0 0.0 0.0 0.0 38330.8 12271900.0
370 Apr 05, 2016 0.0 0.0 0.0 0.0 38467.8 12338400.0
371 Apr 06, 2016 0.0 0.0 0.0 0.0 17323.5 12357400.0
372 Apr 07, 2016 0.0 0.0 0.0 0.0 12999.3 12249300.0
373 Apr 08, 2016 0.0 0.0 0.0 0.0 26062.8 12107500.0
374 Apr 09, 2016 0.0 0.0 0.0 0.0 28256.7 12774300.0
375 Apr 10, 2016 0.0 0.0 0.0 0.0 65615.0 12707500.0
376 Apr 11, 2016 0.0 0.0 0.0 0.0 22648.4 12599900.0
377 >Apr 12, 201 0.0 0.0 0.0 0.0 27810.5 13118400.0
378 Apr 13, 2016 0.0 0.0 0.0 0.0 55188.8 12510400.0
379 Apr 14, 2016 0.0 0.0 0.0 0.0 226419.0 12285900.0
380 Apr 15, 2016 0.0 0.0 0.0 0.0 116531.0 14213600.0
381 Apr 16, 2016 0.0 0.0 0.0 0.0 60569.8 12987400.0
382 Apr 17, 2016 0.0 0.0 0.0 0.0 40530.2 12809400.0
383 Apr 18, 2016 0.0 0.0 0.0 0.0 77865.1 13360700.0
384 Apr 19, 2016 0.0 0.0 0.0 0.0 35119.0 14038600.0
385 Apr 20, 2016 0.0 0.0 0.0 0.0 123362.0 14574400.0
386 Apr 21, 2016 0.0 0.0 0.0 0.0 63275.5 14820900.0
387 Apr 22, 2016 0.0 0.0 0.0 0.0 27029.5 14216100.0
388 Apr 23, 2016 0.0 0.0 0.0 0.0 24123.2 14245700.0
389 Apr 24, 2016 0.0 0.0 0.0 0.0 30482.7 14401400.0
390 Apr 25, 2016 0.0 0.0 0.0 0.0 41018.6 13815600.0
391 Apr 26, 2016 0.0 0.0 0.0 0.0 34248.8 13641500.0
392 Apr 27, 2016 0.0 0.0 0.0 0.0 60836.6 13791900.0
393 Apr 28, 2016 0.0 0.0 0.0 0.0 48879.5 14760900.0
394 Apr 29, 2016 0.0 0.0 0.0 0.0 12163.7 14392900.0
395 Apr 30, 2016 0.0 0.0 0.0 0.0 20784.0 14456100.0
396 May 01, 2016 0.0 0.0 0.0 0.0 19104.3 14412300.0
397 May 02, 2016 0.0 0.0 0.0 0.0 17511.9 14457800.0
398 May 03, 2016 0.0 0.0 0.0 0.0 31617.5 14166500.0
399 May 04, 2016 0.0 0.0 0.0 0.0 12471.2 14197900.0
400 >May 05, 201 0.0 0.0 0.0 0.0 23234.8 13819400.0
401 May 06, 2016 0.0 0.0 0.0 0.0 15646.8 13818000.0
402 May 07, 2016 0.0 0.0 0.0 0.0 18165.1 14713600.0
403 May 08, 2016 0.0 0.0 0.0 0.0 34875.4 13990900.0
404 May 09, 2016 0.0 0.0 0.0 0.0 20281.0 13557600.0
405 May 10, 2016 0.0 0.0 0.0 0.0 13587.1 13276900.0
406 May 11, 2016 0.0 0.0 0.0 0.0 9374.82 13558000.0
407 May 12, 2016 0.0 0.0 0.0 0.0 35261.3 13805700.0
408 May 13, 2016 0.0 0.0 0.0 0.0 22258.3 14002000.0
409 May 14, 2016 0.0 0.0 0.0 0.0 19939.2 13657000.0
410 May 15, 2016 0.0 0.0 0.0 0.0 9596.43 12919500.0
411 May 16, 2016 0.0 0.0 0.0 0.0 29746.5 13232000.0
412 May 17, 2016 0.0 0.0 0.0 0.0 24856.8 13423100.0
413 May 18, 2016 0.0 0.0 0.0 0.0 21162.6 13188200.0
414 May 19, 2016 0.0 0.0 0.0 0.0 66759.2 12995300.0
415 May 20, 2016 0.0 0.0 0.0 0.0 184416.0 13921600.0
416 May 21, 2016 0.0 0.0 0.0 0.0 59264.6 15204900.0
417 May 22, 2016 0.0 0.0 0.0 0.0 41583.0 14581200.0
418 May 23, 2016 0.0 0.0 0.0 0.0 22784.2 15255100.0
419 May 24, 2016 0.0 0.0 0.0 0.0 25704.5 14950300.0
420 May 25, 2016 0.0 0.0 0.0 0.0 40465.0 14798100.0
421 May 26, 2016 0.0 0.0 0.0 0.0 68522.2 14747100.0
422 May 27, 2016 0.0 0.0 0.0 0.0 54836.2 12912500.0
423 May 28, 2016 0.0 0.0 0.0 0.0 74437.7 14039600.0
424 May 29, 2016 0.0 0.0 0.0 0.0 55953.2 14509500.0
425 May 30, 2016 0.0 0.0 0.0 0.0 35591.5 14689500.0
426 May 31, 2016 0.0 0.0 0.0 0.0 171256.0 15070100.0
427 Jun 01, 2016 0.0 0.0 0.0 0.0 93394.5 16898600.0
428 Jun 02, 2016 0.0 0.0 0.0 0.0 30940.2 18281500.0
429 Jun 03, 2016 0.0 0.0 0.0 0.0 31976.4 17725900.0
430 Jun 04, 2016 0.0 0.0 0.0 0.0 13642.0 18014600.0
431 Jun 05, 2016 0.0 0.0 0.0 0.0 31832.8 18176900.0
432 Jun 06, 2016 0.0 0.0 0.0 0.0 25279.9 18023000.0
433 Jun 07, 2016 0.0 0.0 0.0 0.0 48057.5 18208400.0
434 Jun 08, 2016 0.0 0.0 0.0 0.0 40243.9 18425300.0
435 Jun 09, 2016 0.0 0.0 0.0 0.0 69457.2 17704500.0
436 Jun 10, 2016 0.0 0.0 0.0 0.0 36825.1 16722400.0
437 Jun 11, 2016 0.0 0.0 0.0 0.0 13460.3 16991200.0
438 Jun 12, 2016 0.0 0.0 0.0 0.0 74584.3 17803600.0
439 Jun 13, 2016 0.0 0.0 0.0 0.0 126549.0 18838900.0
440 Jun 14, 2016 0.0 0.0 0.0 0.0 190254.0 19971400.0
441 Jun 15, 2016 0.0 0.0 0.0 0.0 89351.6 21384700.0
442 Jun 16, 2016 0.0 0.0 0.0 0.0 93484.7 21927200.0
443 Jun 17, 2016 0.0 0.0 0.0 0.0 176445.0 24274200.0
444 Jun 18, 2016 0.0 0.0 0.0 0.0 216735.0 23156400.0
445 Jun 19, 2016 0.0 0.01 0.0 0.01 2144130.0 27365600.0
446 Jun 20, 2016 0.0 0.01 0.0 0.01 2068320.0 44596400.0
447 Jun 21, 2016 0.01 0.01 0.0 0.0 1400580.0 50700100.0
448 Jun 22, 2016 0.0 0.0 0.0 0.0 708990.0 39707300.0
449 Jun 23, 2016 0.0 0.01 0.0 0.01 661495.0 37217300.0
450 Jun 24, 2016 0.01 0.01 0.01 0.01 1781030.0 46628200.0
451 Jun 25, 2016 0.01 0.01 0.01 0.01 1985250.0 68521300.0
452 Jun 26, 2016 0.01 0.01 0.01 0.01 919578.0 66539200.0
453 Jun 27, 2016 0.01 0.01 0.01 0.01 3121330.0 61321900.0
454 Jun 28, 2016 0.01 0.01 0.01 0.01 9830870.0 103728000.0
455 Jun 29, 2016 0.01 0.01 0.01 0.01 6424080.0 112803000.0
456 Jun 30, 2016 0.01 0.01 0.01 0.01 4287380.0 93721500.0
457 Jul 01, 2016 0.01 0.01 0.01 0.01 3648490.0 111615000.0
458 Jul 02, 2016 0.01 0.01 0.01 0.01 1213810.0 94204800.0
459 Jul 03, 2016 0.01 0.01 0.01 0.01 1352360.0 94844700.0
460 Jul 04, 2016 0.01 0.01 0.01 0.01 1053260.0 96841800.0
461 Jul 05, 2016 0.01 0.01 0.01 0.01 1359130.0 97650000.0
462 Jul 06, 2016 0.01 0.01 0.01 0.01 806001.0 85150500.0
463 Jul 07, 2016 0.01 0.01 0.01 0.01 2017560.0 84109800.0
464 Jul 08, 2016 0.01 0.01 0.01 0.01 1307980.0 69275900.0
465 Jul 09, 2016 0.01 0.01 0.01 0.01 403571.0 73583800.0
466 Jul 10, 2016 0.01 0.01 0.01 0.01 350326.0 72338200.0
467 Jul 11, 2016 0.01 0.01 0.01 0.01 465964.0 73382400.0
468 Jul 12, 2016 0.01 0.01 0.01 0.01 1668430.0 73117100.0
469 Jul 13, 2016 0.01 0.01 0.01 0.01 653997.0 83638400.0
470 Jul 14, 2016 0.01 0.01 0.01 0.01 894330.0 78243100.0
471 Jul 15, 2016 0.01 0.01 0.01 0.01 458812.0 72828300.0
472 Jul 16, 2016 0.01 0.01 0.01 0.01 301630.0 73032200.0
473 Jul 17, 2016 0.01 0.01 0.01 0.01 352705.0 71140300.0
474 Jul 18, 2016 0.01 0.01 0.01 0.01 196177.0 69302900.0
475 Jul 19, 2016 0.01 0.01 0.01 0.01 775842.0 68000700.0
476 Jul 20, 2016 0.01 0.01 0.01 0.01 404954.0 60800600.0
477 Jul 21, 2016 0.01 0.01 0.01 0.01 345004.0 64930600.0
478 Jul 22, 2016 0.01 0.01 0.01 0.01 469661.0 61584000.0
479 Jul 23, 2016 0.01 0.01 0.01 0.01 651708.0 60675500.0
480 Jul 24, 2016 0.01 0.01 0.01 0.01 227133.0 65035800.0
481 Jul 25, 2016 0.01 0.01 0.01 0.01 191396.0 61739600.0
482 Jul 26, 2016 0.01 0.01 0.01 0.01 437248.0 62637000.0
483 Jul 27, 2016 0.01 0.01 0.01 0.01 304369.0 59122000.0
484 Jul 28, 2016 0.01 0.01 0.01 0.01 132462.0 59639600.0
485 Jul 29, 2016 0.01 0.01 0.01 0.01 65603.5 59642700.0
486 Jul 30, 2016 0.01 0.01 0.01 0.01 87990.5 59304900.0
487 Jul 31, 2016 0.01 0.01 0.01 0.01 141660.0 60650100.0
488 Aug 01, 2016 0.01 0.01 0.01 0.01 228840.0 59935500.0
489 Aug 02, 2016 0.01 0.01 0.0 0.0 730517.0 56505200.0
490 Aug 03, 2016 0.01 0.01 0.0 0.01 450543.0 45354300.0
491 Aug 04, 2016 0.01 0.01 0.01 0.01 371559.0 46362300.0
492 Aug 05, 2016 0.01 0.01 0.01 0.01 116694.0 47682700.0
493 Aug 06, 2016 0.01 0.01 0.01 0.01 181672.0 47550300.0
494 Aug 07, 2016 0.01 0.01 0.0 0.01 246072.0 47930600.0
495 Aug 08, 2016 0.01 0.01 0.0 0.01 123853.0 45039100.0
496 Aug 09, 2016 0.01 0.01 0.0 0.01 627845.0 45057700.0
497 Aug 10, 2016 0.01 0.01 0.01 0.01 339475.0 48959600.0
498 Aug 11, 2016 0.01 0.01 0.01 0.01 130541.0 49947700.0
499 Aug 12, 2016 0.01 0.01 0.01 0.01 782251.0 51100000.0
500 Aug 13, 2016 0.01 0.01 0.01 0.01 321962.0 60806800.0
501 Aug 14, 2016 0.01 0.01 0.01 0.01 297574.0 59133000.0
502 Aug 15, 2016 0.01 0.01 0.01 0.01 172606.0 58406800.0
503 Aug 16, 2016 0.01 0.01 0.01 0.01 144676.0 56531000.0
504 Aug 17, 2016 0.01 0.01 0.01 0.01 77009.9 55927500.0
505 Aug 18, 2016 0.01 0.01 0.01 0.01 155516.0 56279200.0
506 Aug 19, 2016 0.01 0.01 0.01 0.01 159428.0 57736600.0
507 Aug 20, 2016 0.01 0.01 0.01 0.01 104600.0 61519400.0
508 Aug 21, 2016 0.01 0.01 0.01 0.01 85869.8 58457900.0
509 Aug 22, 2016 0.01 0.01 0.01 0.01 111892.0 56980200.0
510 Aug 23, 2016 0.01 0.01 0.01 0.01 195676.0 55667600.0
511 Aug 24, 2016 0.01 0.01 0.01 0.01 68332.4 50575500.0
512 Aug 25, 2016 0.01 0.01 0.01 0.01 132621.0 51825000.0
513 Aug 26, 2016 0.01 0.01 0.01 0.01 93545.8 52973900.0
514 Aug 27, 2016 0.01 0.01 0.01 0.01 170161.0 52722200.0
515 Aug 28, 2016 0.01 0.01 0.01 0.01 240770.0 51394100.0
516 Aug 29, 2016 0.01 0.01 0.01 0.01 118219.0 53338500.0
517 Aug 30, 2016 0.01 0.01 0.01 0.01 95942.8 52675100.0
518 Aug 31, 2016 0.01 0.01 0.01 0.01 159010.0 52810100.0
519 Sep 01, 2016 0.01 0.01 0.01 0.01 121379.0 51288500.0
520 Sep 02, 2016 0.01 0.01 0.01 0.01 69772.2 50281600.0
521 Sep 03, 2016 0.01 0.01 0.01 0.01 91693.2 50250100.0
522 Sep 04, 2016 0.01 0.01 0.01 0.01 114152.0 51550600.0
523 Sep 05, 2016 0.01 0.01 0.01 0.01 80711.2 50830400.0
524 Sep 06, 2016 0.01 0.01 0.01 0.01 151265.0 51523500.0
525 Sep 07, 2016 0.01 0.01 0.01 0.01 167523.0 51331200.0
526 Sep 08, 2016 0.01 0.01 0.01 0.01 82533.4 51297800.0
527 Sep 09, 2016 0.01 0.01 0.01 0.01 193607.0 50966800.0
528 Sep 10, 2016 0.01 0.01 0.01 0.01 122676.0 55030000.0
529 Sep 11, 2016 0.01 0.01 0.01 0.01 53542.1 53082900.0
530 Sep 12, 2016 0.01 0.01 0.01 0.01 60043.3 51432500.0
531 Sep 13, 2016 0.01 0.01 0.01 0.01 40218.1 51640500.0
532 Sep 14, 2016 0.01 0.01 0.01 0.01 38958.3 52607700.0
533 Sep 15, 2016 0.01 0.01 0.01 0.01 95900.4 51249000.0
534 Sep 16, 2016 0.01 0.01 0.01 0.01 178507.0 51053300.0
535 Sep 17, 2016 0.01 0.01 0.01 0.01 88159.5 49493400.0
536 Sep 18, 2016 0.01 0.01 0.01 0.01 106492.0 47579300.0
537 Sep 19, 2016 0.01 0.01 0.01 0.01 59635.3 46391800.0
538 Sep 20, 2016 0.01 0.01 0.01 0.01 44593.4 46437700.0
539 Sep 21, 2016 0.01 0.01 0.01 0.01 89010.6 46901600.0
540 Sep 22, 2016 0.01 0.01 0.01 0.01 56257.3 48745100.0
541 Sep 23, 2016 0.01 0.01 0.01 0.01 40639.9 47672200.0
542 Sep 24, 2016 0.01 0.01 0.01 0.01 16141.6 47255500.0
543 Sep 25, 2016 0.01 0.01 0.01 0.01 46871.8 46503600.0
544 Sep 26, 2016 0.01 0.01 0.0 0.0 78480.3 45941800.0
545 Sep 27, 2016 0.0 0.01 0.0 0.0 240493.0 44884500.0
546 Sep 28, 2016 0.0 0.0 0.0 0.0 132509.0 40925600.0
547 Sep 29, 2016 0.0 0.0 0.0 0.0 299521.0 41577300.0
548 Sep 30, 2016 0.0 0.0 0.0 0.0 185871.0 36431000.0
549 Oct 01, 2016 0.0 0.0 0.0 0.0 54594.3 39365200.0
550 Oct 02, 2016 0.0 0.0 0.0 0.0 23396.2 39926200.0
551 Oct 03, 2016 0.0 0.0 0.0 0.0 38938.9 39089800.0
552 Oct 04, 2016 0.0 0.0 0.0 0.0 54405.4 38566500.0
553 Oct 05, 2016 0.0 0.0 0.0 0.0 31162.1 38300600.0
554 Oct 06, 2016 0.0 0.0 0.0 0.0 26339.4 39145900.0
555 Oct 07, 2016 0.0 0.0 0.0 0.0 127648.0 39583500.0
556 Oct 08, 2016 0.0 0.0 0.0 0.0 66932.6 36259700.0
557 Oct 09, 2016 0.0 0.0 0.0 0.0 34307.5 35577700.0
558 Oct 10, 2016 0.0 0.0 0.0 0.0 142522.0 34893000.0
559 Oct 11, 2016 0.0 0.0 0.0 0.0 708261.0 31924700.0
560 Oct 12, 2016 0.0 0.0 0.0 0.0 168465.0 40909200.0
561 Oct 13, 2016 0.0 0.0 0.0 0.0 83165.6 36401900.0
562 Oct 14, 2016 0.0 0.0 0.0 0.0 112493.0 38012400.0
563 Oct 15, 2016 0.0 0.0 0.0 0.0 34638.7 38477600.0
564 Oct 16, 2016 0.0 0.0 0.0 0.0 13009.3 35906400.0
565 Oct 17, 2016 0.0 0.0 0.0 0.0 86944.5 35897900.0
566 Oct 18, 2016 0.0 0.0 0.0 0.0 34163.6 34329500.0
567 Oct 19, 2016 0.0 0.0 0.0 0.0 40187.4 34877600.0
568 Oct 20, 2016 0.0 0.0 0.0 0.0 70154.5 34226700.0
569 Oct 21, 2016 0.0 0.0 0.0 0.0 42623.5 33721200.0
570 Oct 22, 2016 0.0 0.0 0.0 0.0 29358.9 33341100.0
571 Oct 23, 2016 0.0 0.0 0.0 0.0 56693.7 33724900.0
572 Oct 24, 2016 0.0 0.0 0.0 0.0 56938.7 33767100.0
573 Oct 25, 2016 0.0 0.0 0.0 0.0 103055.0 34907200.0
574 Oct 26, 2016 0.0 0.0 0.0 0.0 36508.6 35179000.0
575 Oct 27, 2016 0.0 0.0 0.0 0.0 48702.0 34285000.0
576 Oct 28, 2016 0.0 0.0 0.0 0.0 61909.2 35437200.0
577 Oct 29, 2016 0.0 0.0 0.0 0.0 113046.0 33694600.0
578 Oct 30, 2016 0.0 0.0 0.0 0.0 46940.1 31457000.0
579 Oct 31, 2016 0.0 0.0 0.0 0.0 41132.3 33461500.0
580 Nov 01, 2016 0.0 0.0 0.0 0.0 86034.0 32655200.0
581 Nov 02, 2016 0.0 0.0 0.0 0.0 31716.7 34460900.0
582 Nov 03, 2016 0.0 0.0 0.0 0.0 52800.3 33792300.0
583 Nov 04, 2016 0.0 0.0 0.0 0.0 16777.2 32988700.0
584 Nov 05, 2016 0.0 0.0 0.0 0.0 92487.8 33495300.0
585 Nov 06, 2016 0.0 0.0 0.0 0.0 61509.3 34962700.0
586 Nov 07, 2016 0.0 0.0 0.0 0.0 83387.4 33345400.0
587 Nov 08, 2016 0.0 0.0 0.0 0.0 125635.0 37239200.0
588 Nov 09, 2016 0.0 0.0 0.0 0.0 87388.8 37122200.0
589 Nov 10, 2016 0.0 0.0 0.0 0.0 95764.5 35306800.0
590 Nov 11, 2016 0.0 0.01 0.0 0.0 498999.0 37547700.0
591 Nov 12, 2016 0.0 0.01 0.0 0.0 197376.0 42747300.0
592 Nov 13, 2016 0.0 0.0 0.0 0.0 121811.0 43211100.0
593 Nov 14, 2016 0.0 0.0 0.0 0.0 169961.0 41318900.0
594 Nov 15, 2016 0.0 0.0 0.0 0.0 109164.0 38338400.0
595 Nov 16, 2016 0.0 0.0 0.0 0.0 125417.0 37720000.0
596 Nov 17, 2016 0.0 0.0 0.0 0.0 98053.1 36039900.0
597 Nov 18, 2016 0.0 0.0 0.0 0.0 32245.6 36180400.0
598 Nov 19, 2016 0.0 0.0 0.0 0.0 25629.9 36066200.0
599 Nov 20, 2016 0.0 0.0 0.0 0.0 56805.3 35941600.0
600 Nov 21, 2016 0.0 0.0 0.0 0.0 10949.9 35739000.0
601 Nov 22, 2016 0.0 0.0 0.0 0.0 63397.4 35490300.0
602 Nov 23, 2016 0.0 0.0 0.0 0.0 22853.7 33837000.0
603 Nov 24, 2016 0.0 0.0 0.0 0.0 70388.1 33335300.0
604 Nov 25, 2016 0.0 0.0 0.0 0.0 27450.4 32443600.0
605 Nov 26, 2016 0.0 0.0 0.0 0.0 80512.6 32326100.0
606 Nov 27, 2016 0.0 0.0 0.0 0.0 50157.9 33243600.0
607 Nov 28, 2016 0.0 0.0 0.0 0.0 25163.5 33041200.0
608 Nov 29, 2016 0.0 0.0 0.0 0.0 26742.4 33727600.0
609 Nov 30, 2016 0.0 0.0 0.0 0.0 12621.7 33781300.0
610 Dec 01, 2016 0.0 0.0 0.0 0.0 47370.1 33453400.0
611 Dec 02, 2016 0.0 0.0 0.0 0.0 112369.0 32719700.0
612 Dec 03, 2016 0.0 0.0 0.0 0.0 33407.8 31548200.0
613 Dec 04, 2016 0.0 0.0 0.0 0.0 14387.9 31048000.0
614 Dec 05, 2016 0.0 0.0 0.0 0.0 41900.9 32087800.0
615 Dec 06, 2016 0.0 0.0 0.0 0.0 114567.0 29798900.0
616 Dec 07, 2016 0.0 0.0 0.0 0.0 90073.4 28872500.0
617 Dec 08, 2016 0.0 0.0 0.0 0.0 38625.1 31208200.0
618 Dec 09, 2016 0.0 0.0 0.0 0.0 41814.3 29981800.0
619 Dec 10, 2016 0.0 0.0 0.0 0.0 28806.7 29228800.0
620 Dec 11, 2016 0.0 0.0 0.0 0.0 17412.1 30131800.0
621 Dec 12, 2016 0.0 0.0 0.0 0.0 9717.29 30960500.0
622 Dec 13, 2016 0.0 0.0 0.0 0.0 15638.6 30324900.0
623 Dec 14, 2016 0.0 0.0 0.0 0.0 24447.2 29789100.0
624 Dec 15, 2016 0.0 0.0 0.0 0.0 26254.6 30606100.0
625 Dec 16, 2016 0.0 0.0 0.0 0.0 41678.2 30639700.0
626 Dec 17, 2016 0.0 0.0 0.0 0.0 32836.4 32361600.0
627 Dec 18, 2016 0.0 0.0 0.0 0.0 100644.0 32641500.0
628 Dec 19, 2016 0.0 0.0 0.0 0.0 107734.0 34382500.0
629 Dec 20, 2016 0.0 0.0 0.0 0.0 31797.8 33686500.0
630 Dec 21, 2016 0.0 0.0 0.0 0.0 60202.2 33576900.0
631 Dec 22, 2016 0.0 0.0 0.0 0.0 87629.1 31440800.0
632 Dec 23, 2016 0.0 0.0 0.0 0.0 122783.0 32397800.0
633 Dec 24, 2016 0.0 0.0 0.0 0.0 99397.7 31758500.0
634 Dec 25, 2016 0.0 0.0 0.0 0.0 49233.2 31938900.0
635 Dec 26, 2016 0.0 0.0 0.0 0.0 32882.9 32290800.0
636 Dec 27, 2016 0.0 0.0 0.0 0.0 80147.8 32200200.0
637 Dec 28, 2016 0.0 0.0 0.0 0.0 87825.9 30591300.0
638 Dec 29, 2016 0.0 0.0 0.0 0.0 64921.4 32642000.0
639 Dec 30, 2016 0.0 0.0 0.0 0.0 101380.0 33655500.0
640 Dec 31, 2016 0.0 0.0 0.0 0.0 26284.4 34136900.0
641 Jan 01, 2017 0.0 0.0 0.0 0.0 78879.7 33087800.0
642 Jan 02, 2017 0.0 0.0 0.0 0.0 106864.0 31006400.0
643 Jan 03, 2017 0.0 0.0 0.0 0.0 70690.6 30396000.0
644 Jan 04, 2017 0.0 0.0 0.0 0.0 347165.0 32151100.0
645 Jan 05, 2017 0.0 0.0 0.0 0.0 566753.0 34123700.0
646 Jan 06, 2017 0.0 0.0 0.0 0.0 184896.0 32693700.0
647 Jan 07, 2017 0.0 0.0 0.0 0.0 289376.0 29854700.0
648 Jan 08, 2017 0.0 0.0 0.0 0.0 82314.1 31574500.0
649 Jan 09, 2017 0.0 0.0 0.0 0.0 99833.0 30815200.0
650 Jan 10, 2017 0.0 0.0 0.0 0.0 75660.0 32458000.0
651 Jan 11, 2017 0.0 0.0 0.0 0.0 115847.0 32406900.0
652 Jan 12, 2017 0.0 0.0 0.0 0.0 104014.0 29643500.0
653 Jan 13, 2017 0.0 0.0 0.0 0.0 84278.4 31385200.0
654 Jan 14, 2017 0.0 0.0 0.0 0.0 66880.3 32410500.0
655 Jan 15, 2017 0.0 0.0 0.0 0.0 72802.0 33470900.0
656 Jan 16, 2017 0.0 0.0 0.0 0.0 27101.1 33006100.0
657 Jan 17, 2017 0.0 0.0 0.0 0.0 106348.0 33025300.0
658 Jan 18, 2017 0.0 0.0 0.0 0.0 84316.5 31752200.0
659 Jan 19, 2017 0.0 0.0 0.0 0.0 53325.8 31962200.0
660 Jan 20, 2017 0.0 0.0 0.0 0.0 61333.4 32249200.0
661 Jan 21, 2017 0.0 0.0 0.0 0.0 46415.8 31909200.0
662 Jan 22, 2017 0.0 0.0 0.0 0.0 47774.6 33176600.0
663 Jan 23, 2017 0.0 0.0 0.0 0.0 67803.1 33289600.0
664 Jan 24, 2017 0.0 0.0 0.0 0.0 69621.5 33236100.0
665 Jan 25, 2017 0.0 0.0 0.0 0.0 227633.0 35127500.0
666 Jan 26, 2017 0.0 0.01 0.0 0.01 503776.0 40937400.0
667 Jan 27, 2017 0.01 0.01 0.0 0.0 624751.0 46780000.0
668 Jan 28, 2017 0.0 0.01 0.0 0.0 223403.0 44998100.0
669 Jan 29, 2017 0.0 0.01 0.0 0.01 286060.0 43394900.0
670 Jan 30, 2017 0.01 0.01 0.01 0.01 99034.4 46560200.0
671 Jan 31, 2017 0.01 0.01 0.01 0.01 175057.0 47246900.0
672 Feb 01, 2017 0.01 0.01 0.01 0.01 103152.0 47197000.0
673 Feb 02, 2017 0.01 0.01 0.01 0.01 293401.0 49383300.0
674 Feb 03, 2017 0.01 0.01 0.01 0.01 570173.0 56648900.0
675 Feb 04, 2017 0.01 0.01 0.01 0.01 439713.0 62546400.0
676 Feb 05, 2017 0.01 0.01 0.01 0.01 470994.0 64686200.0
677 Feb 06, 2017 0.01 0.01 0.01 0.01 345827.0 57508500.0
678 Feb 07, 2017 0.01 0.01 0.01 0.01 521704.0 54395600.0
679 Feb 08, 2017 0.01 0.01 0.01 0.01 301717.0 63324500.0
680 Feb 09, 2017 0.01 0.01 0.01 0.01 268138.0 60055100.0
681 Feb 10, 2017 0.01 0.01 0.01 0.01 177550.0 56768200.0
682 Feb 11, 2017 0.01 0.01 0.01 0.01 180360.0 57016000.0
683 Feb 12, 2017 0.01 0.01 0.01 0.01 231800.0 62782200.0
684 Feb 13, 2017 0.01 0.01 0.01 0.01 254472.0 62188800.0
685 Feb 14, 2017 0.01 0.01 0.01 0.01 117528.0 59411200.0
686 Feb 15, 2017 0.01 0.01 0.01 0.01 115753.0 60562400.0
687 Feb 16, 2017 0.01 0.01 0.01 0.01 219826.0 63727000.0
688 Feb 17, 2017 0.01 0.01 0.01 0.01 174473.0 63265100.0
689 Feb 18, 2017 0.01 0.01 0.01 0.01 170619.0 64155300.0
690 Feb 19, 2017 0.01 0.01 0.01 0.01 268886.0 61765100.0
691 Feb 20, 2017 0.01 0.01 0.01 0.01 161699.0 57480300.0
692 Feb 21, 2017 0.01 0.01 0.01 0.01 170227.0 58872000.0
693 Feb 22, 2017 0.01 0.01 0.01 0.01 91865.2 56762200.0
694 Feb 23, 2017 0.01 0.01 0.01 0.01 121469.0 57403100.0
695 Feb 24, 2017 0.01 0.01 0.01 0.01 145516.0 61891200.0
696 Feb 25, 2017 0.01 0.01 0.01 0.01 148274.0 58994400.0
697 Feb 26, 2017 0.01 0.01 0.01 0.01 84192.0 57097300.0
698 Feb 27, 2017 0.01 0.01 0.01 0.01 101345.0 58115300.0
699 Feb 28, 2017 0.01 0.01 0.01 0.01 189363.0 57693900.0
700 Mar 01, 2017 0.01 0.01 0.01 0.01 588949.0 63121000.0
701 Mar 02, 2017 0.01 0.01 0.01 0.01 442488.0 70867600.0
702 Mar 03, 2017 0.01 0.01 0.01 0.01 937683.0 79174900.0
703 Mar 04, 2017 0.01 0.01 0.01 0.01 392398.0 79956200.0
704 Mar 05, 2017 0.01 0.01 0.01 0.01 711024.0 86360400.0
705 Mar 06, 2017 0.01 0.01 0.01 0.01 1425140.0 99597600.0
706 Mar 07, 2017 0.01 0.01 0.01 0.01 625104.0 98602200.0
707 Mar 08, 2017 0.01 0.01 0.01 0.01 834043.0 98702100.0
708 Mar 09, 2017 0.01 0.01 0.01 0.01 606455.0 83721800.0
709 Mar 10, 2017 0.01 0.01 0.01 0.01 562324.0 81923800.0
710 Mar 11, 2017 0.01 0.01 0.01 0.01 546893.0 81563800.0
711 Mar 12, 2017 0.01 0.01 0.01 0.01 476100.0 88559500.0
712 Mar 13, 2017 0.01 0.01 0.01 0.01 1096580.0 89178800.0
713 Mar 14, 2017 0.01 0.01 0.01 0.01 701027.0 98498700.0
714 Mar 15, 2017 0.01 0.01 0.01 0.01 497301.0 104547000.0
715 Mar 16, 2017 0.01 0.01 0.01 0.01 640608.0 101410000.0
716 Mar 17, 2017 0.01 0.01 0.01 0.01 829333.0 99976500.0
717 Mar 18, 2017 0.01 0.01 0.01 0.01 930344.0 103870000.0
718 Mar 19, 2017 0.01 0.02 0.01 0.02 2619470.0 107514000.0
719 Mar 20, 2017 0.02 0.02 0.01 0.01 2312320.0 146475000.0
720 Mar 21, 2017 0.01 0.01 0.01 0.01 1174180.0 129631000.0
721 Mar 22, 2017 0.01 0.02 0.01 0.02 1313950.0 142286000.0
722 Mar 23, 2017 0.02 0.02 0.01 0.01 801946.0 146839000.0
723 Mar 24, 2017 0.01 0.01 0.01 0.01 918205.0 134264000.0
724 Mar 25, 2017 0.01 0.01 0.01 0.01 1267940.0 125381000.0
725 Mar 26, 2017 0.01 0.01 0.01 0.01 602948.0 114201000.0
726 Mar 27, 2017 0.01 0.01 0.01 0.01 647927.0 122383000.0
727 Mar 28, 2017 0.01 0.01 0.01 0.01 440369.0 119969000.0
728 Mar 29, 2017 0.01 0.01 0.01 0.01 648006.0 122347000.0
729 Mar 30, 2017 0.01 0.01 0.01 0.01 496073.0 134032000.0
730 Mar 31, 2017 0.01 0.01 0.01 0.01 691479.0 125699000.0
731 Apr 01, 2017 0.01 0.02 0.01 0.02 2447890.0 134287000.0
732 Apr 02, 2017 0.02 0.02 0.02 0.02 1424000.0 157994000.0
733 Apr 03, 2017 0.02 0.02 0.02 0.02 3046200.0 145174000.0
734 Apr 04, 2017 0.02 0.02 0.02 0.02 1116120.0 179777000.0
735 Apr 05, 2017 0.02 0.02 0.02 0.02 703122.0 164592000.0
736 Apr 06, 2017 0.02 0.02 0.01 0.02 876617.0 157325000.0
737 Apr 07, 2017 0.02 0.02 0.02 0.02 537684.0 149323000.0
738 Apr 08, 2017 0.02 0.02 0.02 0.02 566747.0 151344000.0
739 Apr 09, 2017 0.02 0.02 0.02 0.02 1427210.0 166109000.0
740 Apr 10, 2017 0.02 0.02 0.02 0.02 935290.0 183982000.0
741 Apr 11, 2017 0.02 0.02 0.02 0.02 624476.0 186548000.0
742 Apr 12, 2017 0.02 0.02 0.02 0.02 352057.0 177420000.0
743 Apr 13, 2017 0.02 0.02 0.02 0.02 913704.0 187240000.0
744 Apr 14, 2017 0.02 0.02 0.02 0.02 646718.0 190834000.0
745 Apr 15, 2017 0.02 0.03 0.02 0.02 3447680.0 197651000.0
746 Apr 16, 2017 0.02 0.02 0.02 0.02 1125710.0 220588000.0
747 Apr 17, 2017 0.02 0.03 0.02 0.03 1170530.0 217653000.0
748 Apr 18, 2017 0.03 0.03 0.03 0.03 1941180.0 235395000.0
749 Apr 19, 2017 0.03 0.04 0.03 0.03 11247000.0 255586000.0
750 Apr 20, 2017 0.03 0.03 0.03 0.03 3557250.0 292522000.0
751 Apr 21, 2017 0.03 0.03 0.03 0.03 3036720.0 254881000.0
752 Apr 22, 2017 0.03 0.03 0.03 0.03 2138240.0 295305000.0
753 Apr 23, 2017 0.03 0.03 0.03 0.03 1484040.0 288788000.0
754 Apr 24, 2017 0.03 0.03 0.03 0.03 2517040.0 282409000.0
755 Apr 25, 2017 0.03 0.04 0.03 0.04 5342870.0 309660000.0
756 Apr 26, 2017 0.04 0.05 0.04 0.05 13731300.0 336824000.0
757 Apr 27, 2017 0.05 0.06 0.04 0.05 21176600.0 449886000.0
758 Apr 28, 2017 0.05 0.05 0.04 0.05 7871700.0 422347000.0
759 Apr 29, 2017 0.05 0.05 0.05 0.05 4997420.0 436629000.0
760 Apr 30, 2017 0.05 0.05 0.05 0.05 4804860.0 431966000.0
761 May 01, 2017 0.05 0.06 0.05 0.05 9305290.0 461377000.0
762 May 02, 2017 0.05 0.05 0.05 0.05 5264940.0 474830000.0
763 May 03, 2017 0.05 0.05 0.05 0.05 3604820.0 465385000.0
764 May 04, 2017 0.05 0.07 0.05 0.06 10730500.0 479835000.0
765 May 05, 2017 0.06 0.08 0.06 0.07 16512500.0 570733000.0
766 May 06, 2017 0.07 0.08 0.07 0.07 6168840.0 654404000.0
767 May 07, 2017 0.07 0.1 0.07 0.1 21352200.0 660039000.0
768 May 08, 2017 0.1 0.15 0.1 0.12 43509000.0 894815000.0
769 May 09, 2017 0.12 0.14 0.1 0.11 21064200.0 1121340000.0
770 May 10, 2017 0.12 0.12 0.1 0.11 10328900.0 1044170000.0
771 May 11, 2017 0.11 0.12 0.1 0.11 7214730.0 1001430000.0
772 May 12, 2017 0.11 0.13 0.11 0.13 12794300.0 984546000.0
773 May 13, 2017 0.13 0.13 0.12 0.13 9053670.0 1180110000.0
774 May 14, 2017 0.13 0.13 0.12 0.13 6278030.0 1147820000.0
775 May 15, 2017 0.13 0.13 0.12 0.12 8761660.0 1131620000.0
776 May 16, 2017 0.12 0.12 0.1 0.11 14914200.0 1054760000.0
777 May 17, 2017 0.1 0.12 0.1 0.12 13923900.0 947727000.0
778 May 18, 2017 0.12 0.21 0.12 0.21 72737900.0 1081160000.0
779 May 19, 2017 0.22 0.27 0.19 0.21 73752700.0 1990100000.0
780 May 20, 2017 0.21 0.25 0.2 0.23 28870600.0 1921230000.0
781 May 21, 2017 0.23 0.25 0.22 0.24 22914700.0 2030090000.0
782 May 22, 2017 0.24 0.29 0.22 0.26 33772700.0 2192350000.0
783 May 23, 2017 0.26 0.27 0.25 0.27 19114200.0 2341210000.0
784 May 24, 2017 0.27 0.27 0.22 0.26 23787600.0 2401910000.0
785 May 25, 2017 0.26 0.26 0.2 0.21 24245600.0 2353880000.0
786 May 26, 2017 0.2 0.24 0.17 0.18 20842000.0 1844980000.0
787 May 27, 2017 0.18 0.2 0.12 0.2 28283500.0 1631650000.0
788 May 28, 2017 0.2 0.23 0.17 0.21 19680000.0 1822710000.0
789 May 29, 2017 0.21 0.21 0.19 0.21 9990310.0 1856770000.0
790 May 30, 2017 0.21 0.23 0.19 0.19 13067800.0 1874330000.0
791 May 31, 2017 0.18 0.21 0.18 0.2 13405700.0 1672130000.0
792 Jun 01, 2017 0.2 0.24 0.2 0.23 16924700.0 1818990000.0
793 Jun 02, 2017 0.23 0.23 0.22 0.23 13133400.0 2070530000.0
794 Jun 03, 2017 0.23 0.23 0.2 0.21 13544800.0 2039810000.0
795 Jun 04, 2017 0.22 0.22 0.21 0.21 10367500.0 1944480000.0
796 Jun 05, 2017 0.22 0.24 0.22 0.24 22743200.0 1946560000.0
797 Jun 06, 2017 0.24 0.24 0.22 0.23 12949100.0 2124690000.0
798 Jun 07, 2017 0.23 0.23 0.2 0.21 12271700.0 2105850000.0
799 Jun 08, 2017 0.21 0.22 0.2 0.22 11301000.0 1860060000.0
800 Jun 09, 2017 0.22 0.23 0.21 0.21 11839500.0 1970650000.0
801 Jun 10, 2017 0.22 0.23 0.2 0.2 20436700.0 1958400000.0
802 Jun 11, 2017 0.2 0.23 0.2 0.22 17539500.0 1816140000.0
803 Jun 12, 2017 0.22 0.24 0.19 0.2 19158000.0 1962130000.0
804 Jun 13, 2017 0.2 0.21 0.2 0.21 11999300.0 1816250000.0
805 Jun 14, 2017 0.21 0.23 0.19 0.2 19994300.0 1893100000.0
806 Jun 15, 2017 0.2 0.2 0.17 0.19 11938800.0 1806020000.0
807 Jun 16, 2017 0.2 0.2 0.18 0.19 7807150.0 1758410000.0
808 Jun 17, 2017 0.19 0.22 0.19 0.2 19853500.0 1736280000.0
809 Jun 18, 2017 0.21 0.21 0.19 0.2 8272620.0 1856380000.0
810 Jun 19, 2017 0.2 0.2 0.19 0.2 10282000.0 1782000000.0
811 Jun 20, 2017 0.2 0.21 0.19 0.2 17721300.0 1760000000.0
812 Jun 21, 2017 0.2 0.2 0.19 0.19 7562060.0 1802150000.0
813 Jun 22, 2017 0.19 0.19 0.18 0.18 5643220.0 1720520000.0
814 Jun 23, 2017 0.18 0.2 0.18 0.2 6104580.0 1645960000.0
815 Jun 24, 2017 0.2 0.2 0.18 0.19 8007700.0 1777710000.0
816 Jun 25, 2017 0.18 0.19 0.17 0.18 6781830.0 1667510000.0
817 Jun 26, 2017 0.18 0.18 0.14 0.16 8615680.0 1597940000.0
818 Jun 27, 2017 0.16 0.17 0.14 0.16 5954270.0 1461290000.0
819 Jun 28, 2017 0.16 0.18 0.15 0.17 7495030.0 1477110000.0
820 Jun 29, 2017 0.17 0.18 0.16 0.16 4851220.0 1540500000.0
821 Jun 30, 2017 0.16 0.17 0.16 0.16 4116550.0 1474290000.0
822 Jul 01, 2017 0.16 0.16 0.14 0.14 3496010.0 1436360000.0
823 Jul 02, 2017 0.14 0.16 0.14 0.16 5179360.0 1307290000.0
824 Jul 03, 2017 0.16 0.18 0.16 0.18 5657780.0 1434680000.0
825 Jul 04, 2017 0.18 0.2 0.17 0.19 12967300.0 1586620000.0
826 Jul 05, 2017 0.19 0.19 0.17 0.17 3884360.0 1685080000.0
827 Jul 06, 2017 0.17 0.17 0.17 0.17 3867280.0 1569400000.0
828 Jul 07, 2017 0.17 0.17 0.15 0.16 4444970.0 1523510000.0
829 Jul 08, 2017 0.15 0.16 0.15 0.16 4663310.0 1402870000.0
830 Jul 09, 2017 0.16 0.16 0.15 0.15 2789610.0 1428980000.0
831 Jul 10, 2017 0.15 0.16 0.12 0.13 5462570.0 1380660000.0
832 Jul 11, 2017 0.13 0.14 0.11 0.12 4746410.0 1212930000.0
833 Jul 12, 2017 0.12 0.13 0.11 0.13 3307920.0 1058530000.0
834 Jul 13, 2017 0.13 0.14 0.12 0.12 3135620.0 1209350000.0
835 Jul 14, 2017 0.12 0.12 0.11 0.12 2077230.0 1104370000.0
836 Jul 15, 2017 0.12 0.12 0.1 0.11 3213760.0 1057430000.0
837 Jul 16, 2017 0.11 0.11 0.09 0.1 2583610.0 999834000.0
838 Jul 17, 2017 0.1 0.13 0.1 0.13 4458730.0 876887000.0
839 Jul 18, 2017 0.14 0.14 0.12 0.13 5351550.0 1222820000.0
840 Jul 19, 2017 0.13 0.14 0.12 0.13 2800440.0 1187570000.0
841 Jul 20, 2017 0.13 0.16 0.13 0.15 3545910.0 1140830000.0
842 Jul 21, 2017 0.15 0.15 0.14 0.14 2788780.0 1384740000.0
843 Jul 22, 2017 0.14 0.18 0.14 0.18 5211550.0 1291780000.0
844 Jul 23, 2017 0.18 0.18 0.15 0.17 5915450.0 1590560000.0
845 Jul 24, 2017 0.17 0.17 0.16 0.17 2995870.0 1493910000.0
846 Jul 25, 2017 0.17 0.18 0.14 0.16 6075320.0 1526900000.0
847 Jul 26, 2017 0.16 0.16 0.15 0.16 2508770.0 1421080000.0
848 Jul 27, 2017 0.16 0.18 0.16 0.17 5341670.0 1411810000.0
849 Jul 28, 2017 0.17 0.17 0.16 0.17 5062930.0 1540930000.0
850 Jul 29, 2017 0.17 0.17 0.16 0.17 2496500.0 1488300000.0
851 Jul 30, 2017 0.17 0.17 0.16 0.16 2475570.0 1535980000.0
852 Jul 31, 2017 0.16 0.17 0.16 0.17 2892660.0 1447330000.0
853 Aug 01, 2017 0.17 0.18 0.16 0.18 3956940.0 1490440000.0
854 Aug 02, 2017 0.18 0.22 0.18 0.22 14489000.0 1637360000.0
855 Aug 03, 2017 0.22 0.24 0.21 0.23 14302400.0 1990690000.0
856 Aug 04, 2017 0.23 0.23 0.21 0.22 7870620.0 2048550000.0
857 Aug 05, 2017 0.22 0.23 0.22 0.23 7322590.0 2016120000.0
858 Aug 06, 2017 0.23 0.25 0.22 0.25 5886540.0 2062750000.0
859 Aug 07, 2017 0.25 0.29 0.25 0.28 23044000.0 2260820000.0
860 Aug 08, 2017 0.28 0.3 0.26 0.28 21374100.0 2534090000.0
861 Aug 09, 2017 0.27 0.28 0.26 0.28 10081100.0 2468730000.0
862 Aug 10, 2017 0.28 0.3 0.28 0.29 11712700.0 2510120000.0
863 Aug 11, 2017 0.29 0.3 0.28 0.29 8241000.0 2643420000.0
864 Aug 12, 2017 0.29 0.3 0.27 0.28 6159860.0 2645690000.0
865 Aug 13, 2017 0.28 0.28 0.25 0.26 8310080.0 2496650000.0
866 Aug 14, 2017 0.26 0.27 0.23 0.26 12505500.0 2311850000.0
867 Aug 15, 2017 0.26 0.26 0.22 0.25 12637400.0 2306530000.0
868 Aug 16, 2017 0.25 0.27 0.25 0.26 10039900.0 2241880000.0
869 Aug 17, 2017 0.26 0.26 0.24 0.24 6487950.0 2309620000.0
870 Aug 18, 2017 0.24 0.26 0.23 0.24 7653200.0 2196180000.0
871 Aug 19, 2017 0.24 0.27 0.23 0.26 9197000.0 2181080000.0
872 Aug 20, 2017 0.25 0.31 0.25 0.27 13189900.0 2286960000.0
873 Aug 21, 2017 0.27 0.29 0.24 0.25 13775000.0 2446190000.0
874 Aug 22, 2017 0.25 0.26 0.24 0.25 10350500.0 2294690000.0
875 Aug 23, 2017 0.25 0.26 0.24 0.25 8303140.0 2285820000.0
876 Aug 24, 2017 0.25 0.27 0.25 0.27 10249000.0 2250740000.0
877 Aug 25, 2017 0.26 0.28 0.26 0.27 8676560.0 2364060000.0
878 Aug 26, 2017 0.27 0.28 0.26 0.27 7902690.0 2426580000.0
879 Aug 27, 2017 0.27 0.28 0.26 0.27 8192460.0 2435060000.0
880 Aug 28, 2017 0.27 0.29 0.27 0.28 9644680.0 2472360000.0
881 Aug 29, 2017 0.28 0.29 0.28 0.28 7845260.0 2522410000.0
882 Aug 30, 2017 0.28 0.3 0.28 0.29 8605120.0 2546530000.0
883 Aug 31, 2017 0.29 0.35 0.29 0.34 22669900.0 2655060000.0
884 Sep 01, 2017 0.34 0.34 0.31 0.33 12082700.0 3029420000.0
885 Sep 02, 2017 0.33 0.33 0.28 0.29 9560410.0 2984640000.0
886 Sep 03, 2017 0.3 0.32 0.28 0.31 7413990.0 2683530000.0
887 Sep 04, 2017 0.31 0.31 0.26 0.27 9299200.0 2769620000.0
888 Sep 05, 2017 0.28 0.29 0.25 0.29 7635410.0 2487450000.0
889 Sep 06, 2017 0.29 0.31 0.29 0.3 4629700.0 2584110000.0
890 Sep 07, 2017 0.3 0.3 0.29 0.29 4079350.0 2717150000.0
891 Sep 08, 2017 0.29 0.3 0.26 0.27 6704690.0 2636760000.0
892 Sep 09, 2017 0.27 0.28 0.26 0.27 4871730.0 2411240000.0
893 Sep 10, 2017 0.27 0.27 0.24 0.26 6543570.0 2402760000.0
894 Sep 11, 2017 0.26 0.27 0.25 0.25 3639410.0 2304150000.0
895 Sep 12, 2017 0.25 0.27 0.25 0.25 3902820.0 2262990000.0
896 Sep 13, 2017 0.25 0.25 0.21 0.23 9181580.0 2231990000.0
897 Sep 14, 2017 0.23 0.24 0.16 0.16 7570880.0 2103510000.0
898 Sep 15, 2017 0.16 0.22 0.16 0.21 13231800.0 1480350000.0
899 Sep 16, 2017 0.21 0.23 0.19 0.21 5334960.0 1907340000.0
900 Sep 17, 2017 0.21 0.21 0.19 0.2 4402470.0 1871810000.0
901 Sep 18, 2017 0.2 0.25 0.2 0.25 6232240.0 1836520000.0
902 Sep 19, 2017 0.25 0.25 0.23 0.24 5278220.0 2246370000.0
903 Sep 20, 2017 0.24 0.24 0.23 0.23 3008920.0 2141460000.0
904 Sep 21, 2017 0.23 0.23 0.21 0.21 3361070.0 2072960000.0
905 Sep 22, 2017 0.21 0.22 0.2 0.21 2929650.0 1900040000.0
906 Sep 23, 2017 0.21 0.22 0.21 0.22 1997070.0 1889590000.0
907 Sep 24, 2017 0.22 0.22 0.21 0.22 2016530.0 1994570000.0
908 Sep 25, 2017 0.22 0.23 0.21 0.23 2800870.0 1945050000.0
909 Sep 26, 2017 0.23 0.23 0.23 0.23 2282950.0 2090240000.0
910 Sep 27, 2017 0.23 0.25 0.23 0.24 3733480.0 2052900000.0
911 Sep 28, 2017 0.24 0.24 0.23 0.24 3738470.0 2192630000.0
912 Sep 29, 2017 0.24 0.24 0.22 0.24 5254500.0 2143400000.0
913 Sep 30, 2017 0.24 0.24 0.23 0.23 3376060.0 2126640000.0
914 Oct 01, 2017 0.23 0.25 0.23 0.25 4232170.0 2120520000.0
915 Oct 02, 2017 0.24 0.24 0.23 0.23 3983190.0 2206660000.0
916 Oct 03, 2017 0.23 0.23 0.22 0.22 3327450.0 2079210000.0
917 Oct 04, 2017 0.22 0.23 0.22 0.22 2401820.0 2010220000.0
918 Oct 05, 2017 0.22 0.22 0.21 0.21 4460130.0 1963310000.0
919 Oct 06, 2017 0.21 0.22 0.2 0.21 5122770.0 1905590000.0
920 Oct 07, 2017 0.21 0.22 0.2 0.21 4376190.0 1907490000.0
921 Oct 08, 2017 0.21 0.21 0.19 0.19 4830460.0 1896110000.0
922 Oct 09, 2017 0.19 0.21 0.19 0.19 6003100.0 1752840000.0
923 Oct 10, 2017 0.19 0.22 0.19 0.21 5169550.0 1745490000.0
924 Oct 11, 2017 0.21 0.22 0.21 0.21 2753270.0 1892910000.0
925 Oct 12, 2017 0.21 0.21 0.2 0.21 4425210.0 1933180000.0
926 Oct 13, 2017 0.2 0.21 0.19 0.21 5996320.0 1851320000.0
927 Oct 14, 2017 0.21 0.21 0.2 0.21 3189400.0 1905510000.0
928 Oct 15, 2017 0.21 0.21 0.2 0.21 2933540.0 1896390000.0
929 Oct 16, 2017 0.21 0.25 0.2 0.22 14101500.0 1862590000.0
930 Oct 17, 2017 0.22 0.23 0.21 0.22 4990440.0 2017790000.0
931 Oct 18, 2017 0.22 0.22 0.2 0.22 3409140.0 1956420000.0
932 Oct 19, 2017 0.22 0.23 0.22 0.22 3383330.0 1977550000.0
933 Oct 20, 2017 0.22 0.23 0.21 0.21 4936400.0 1988490000.0
934 Oct 21, 2017 0.22 0.22 0.2 0.21 4326590.0 1944090000.0
935 Oct 22, 2017 0.21 0.22 0.2 0.21 4615270.0 1919670000.0
936 Oct 23, 2017 0.21 0.21 0.19 0.2 4987880.0 1901550000.0
937 Oct 24, 2017 0.2 0.22 0.19 0.21 5808170.0 1776640000.0
938 Oct 25, 2017 0.21 0.21 0.2 0.21 4171090.0 1908250000.0
939 Oct 26, 2017 0.2 0.21 0.19 0.2 4683120.0 1851170000.0
940 Oct 27, 2017 0.2 0.2 0.19 0.2 3603110.0 1794140000.0
941 Oct 28, 2017 0.2 0.2 0.19 0.2 4671300.0 1781830000.0
942 Oct 29, 2017 0.2 0.21 0.19 0.2 8599400.0 1776000000.0
943 Oct 30, 2017 0.2 0.2 0.2 0.2 3529450.0 1802150000.0
944 Oct 31, 2017 0.2 0.2 0.18 0.19 6031700.0 1794650000.0
945 Nov 01, 2017 0.19 0.19 0.16 0.17 6190340.0 1682610000.0
946 Nov 02, 2017 0.17 0.18 0.15 0.17 8706750.0 1497580000.0
947 Nov 03, 2017 0.17 0.18 0.16 0.17 5802310.0 1499370000.0
948 Nov 04, 2017 0.17 0.18 0.17 0.17 4231960.0 1543630000.0
949 Nov 05, 2017 0.17 0.18 0.16 0.18 4400860.0 1536840000.0
950 Nov 06, 2017 0.18 0.21 0.17 0.19 11718500.0 1632060000.0
951 Nov 07, 2017 0.19 0.19 0.17 0.18 4822430.0 1678310000.0
952 Nov 08, 2017 0.18 0.2 0.18 0.19 6757370.0 1613560000.0
953 Nov 09, 2017 0.19 0.22 0.19 0.22 7388760.0 1744180000.0
954 Nov 10, 2017 0.22 0.23 0.18 0.19 10625300.0 1993320000.0
955 Nov 11, 2017 0.19 0.21 0.18 0.19 6940500.0 1728040000.0
956 Nov 12, 2017 0.19 0.19 0.17 0.18 12126100.0 1720610000.0
957 Nov 13, 2017 0.18 0.2 0.18 0.19 7806090.0 1627880000.0
958 Nov 14, 2017 0.19 0.2 0.19 0.19 7941780.0 1729090000.0
959 Nov 15, 2017 0.2 0.2 0.19 0.19 6978990.0 1758620000.0
960 Nov 16, 2017 0.19 0.21 0.19 0.2 16058700.0 1748490000.0
961 Nov 17, 2017 0.2 0.2 0.19 0.19 8216410.0 1770370000.0
962 Nov 18, 2017 0.19 0.2 0.19 0.2 7023070.0 1741240000.0
963 Nov 19, 2017 0.2 0.21 0.19 0.2 8200280.0 1756380000.0
964 Nov 20, 2017 0.2 0.22 0.2 0.21 13657600.0 1816320000.0
965 Nov 21, 2017 0.21 0.21 0.2 0.2 9636650.0 1912860000.0
966 Nov 22, 2017 0.2 0.21 0.2 0.2 6838830.0 1830930000.0
967 Nov 23, 2017 0.2 0.2 0.2 0.2 8567770.0 1837210000.0
968 Nov 24, 2017 0.2 0.21 0.2 0.21 7556740.0 1811810000.0
969 Nov 25, 2017 0.21 0.22 0.21 0.22 10943300.0 1882040000.0
970 Nov 26, 2017 0.22 0.22 0.21 0.21 12589900.0 1964170000.0
971 Nov 27, 2017 0.21 0.23 0.21 0.23 12795400.0 1926100000.0
972 Nov 28, 2017 0.23 0.26 0.23 0.25 35746900.0 2039580000.0
973 Nov 29, 2017 0.26 0.27 0.21 0.22 33439400.0 2320920000.0
974 Nov 30, 2017 0.22 0.24 0.21 0.23 16258700.0 1965590000.0
975 Dec 01, 2017 0.23 0.24 0.21 0.24 12371200.0 2029370000.0
976 Dec 02, 2017 0.24 0.26 0.24 0.25 23297000.0 2159190000.0
977 Dec 03, 2017 0.25 0.28 0.25 0.28 44340300.0 2266360000.0
978 Dec 04, 2017 0.28 0.29 0.27 0.28 19193300.0 2494140000.0
979 Dec 05, 2017 0.28 0.31 0.27 0.3 27918500.0 2573250000.0
980 Dec 06, 2017 0.3 0.3 0.26 0.27 29788400.0 2697300000.0
981 Dec 07, 2017 0.27 0.28 0.23 0.24 30563700.0 2442770000.0
982 Dec 08, 2017 0.23 0.66 0.22 0.64 267451000.0 2115340000.0
983 Dec 09, 2017 0.68 0.68 0.39 0.45 211103000.0 6157700000.0
984 Dec 10, 2017 0.44 0.44 0.33 0.39 77311800.0 4002320000.0
985 Dec 11, 2017 0.39 0.5 0.39 0.49 71627100.0 3545280000.0
986 Dec 12, 2017 0.49 0.57 0.46 0.53 106068000.0 4458080000.0
987 Dec 13, 2017 0.53 0.56 0.5 0.52 56148600.0 4763320000.0
988 Dec 14, 2017 0.54 0.62 0.52 0.61 87375200.0 4823690000.0
989 Dec 15, 2017 0.6 0.61 0.5 0.59 69296200.0 5412800000.0
990 Dec 16, 2017 0.59 0.72 0.58 0.66 99889000.0 5288890000.0
991 Dec 17, 2017 0.66 0.75 0.64 0.69 83063900.0 5907670000.0
992 Dec 18, 2017 0.69 0.85 0.68 0.85 114759000.0 6179970000.0
993 Dec 19, 2017 0.85 1.06 0.85 0.94 242843000.0 7662510000.0
994 Dec 20, 2017 0.94 1.04 0.81 0.92 119243000.0 8472610000.0
995 Dec 21, 2017 0.95 1.05 0.91 1.0 112835000.0 8549700000.0
996 Dec 22, 2017 1.01 1.03 0.59 0.82 187781000.0 9100960000.0
997 Dec 23, 2017 0.84 1.0 0.82 0.93 77666400.0 7529810000.0
998 Dec 24, 2017 0.94 1.04 0.79 1.04 98134100.0 8462550000.0
999 Dec 25, 2017 1.04 1.14 0.94 1.01 122425000.0 9378680000.0
1000 Dec 26, 2017 1.0 1.01 0.93 0.99 65543300.0 8994070000.0
1001 Dec 27, 2017 0.98 0.99 0.91 0.94 53708400.0 8852550000.0
1002 Dec 28, 2017 0.94 0.95 0.84 0.91 52492700.0 8498790000.0
1003 Dec 29, 2017 0.91 1.06 0.89 1.05 105782000.0 8213580000.0
1004 Dec 30, 2017 1.05 1.05 0.89 0.93 73225300.0 9427530000.0
1005 Dec 31, 2017 0.92 1.08 0.91 1.03 69870100.0 8256740000.0
1006 Jan 01, 2018 1.03 1.08 1.0 1.04 58202800.0 9315310000.0
1007 Jan 02, 2018 1.04 1.2 1.03 1.16 108186000.0 9374970000.0
1008 Jan 03, 2018 1.15 1.79 1.15 1.79 265016000.0 10333700000.0
1009 Jan 04, 2018 1.83 2.09 1.54 1.64 332371000.0 16520300000.0
1010 Jan 05, 2018 1.69 1.81 1.51 1.59 175192000.0 15195600000.0
1011 Jan 06, 2018 1.58 1.72 1.48 1.65 99451000.0 14216700000.0
1012 Jan 07, 2018 1.66 1.91 1.63 1.84 123173000.0 14898800000.0
1013 Jan 08, 2018 1.83 1.83 1.45 1.65 81479000.0 16454000000.0
1014 Jan 09, 2018 1.67 1.72 1.47 1.54 75343700.0 15047200000.0
1015 Jan 10, 2018 1.54 1.55 1.31 1.45 92956100.0 13913900000.0
1016 Jan 11, 2018 1.45 1.54 1.22 1.31 93279400.0 13043500000.0
1017 Jan 12, 2018 1.31 1.45 1.26 1.44 65119100.0 11824500000.0
1018 Jan 13, 2018 1.46 1.57 1.45 1.51 60099500.0 13127300000.0
1019 Jan 14, 2018 1.51 1.51 1.34 1.39 38628400.0 13590300000.0
1020 Jan 15, 2018 1.39 1.51 1.38 1.39 105495000.0 12488300000.0
1021 Jan 16, 2018 1.38 1.38 0.71 1.03 198199000.0 12460300000.0
1022 Jan 17, 2018 0.98 1.09 0.69 1.02 166003000.0 8788260000.0
1023 Jan 18, 2018 1.03 1.17 0.96 1.08 119459000.0 9234340000.0
1024 Jan 19, 2018 1.07 1.15 1.0 1.1 130817000.0 9645220000.0
1025 Jan 20, 2018 1.1 1.21 1.1 1.21 129900000.0 9901720000.0
1026 Jan 21, 2018 1.22 1.22 1.02 1.07 112542000.0 11019300000.0
1027 Jan 22, 2018 1.08 1.1 0.9 0.99 73947400.0 9700910000.0
1028 Jan 23, 2018 0.99 1.01 0.88 0.94 67245800.0 8883820000.0
1029 Jan 24, 2018 0.95 0.99 0.91 0.96 57975100.0 8524940000.0
1030 Jan 25, 2018 0.97 1.0 0.92 0.95 57845600.0 8760480000.0
1031 Jan 26, 2018 0.94 1.02 0.77 0.84 174749000.0 8504380000.0
1032 Jan 27, 2018 0.84 1.11 0.82 1.06 237529000.0 7589110000.0
1033 Jan 28, 2018 1.06 1.06 1.01 1.03 83612400.0 9506630000.0
1034 Jan 29, 2018 1.03 1.03 0.92 0.94 47381700.0 9253430000.0
1035 Jan 30, 2018 0.94 0.94 0.78 0.78 47194000.0 8421590000.0
1036 Jan 31, 2018 0.79 0.79 0.74 0.78 50105100.0 7071080000.0
1037 Feb 01, 2018 0.79 0.8 0.61 0.62 46639300.0 7123980000.0
1038 Feb 02, 2018 0.61 0.62 0.44 0.58 54511900.0 5522750000.0
1039 Feb 03, 2018 0.58 0.65 0.51 0.63 42520900.0 5260800000.0
1040 Feb 04, 2018 0.63 0.66 0.54 0.55 41394700.0 5645440000.0
1041 Feb 05, 2018 0.55 0.56 0.44 0.45 28590400.0 4940820000.0
1042 Feb 06, 2018 0.46 0.58 0.4 0.58 50311400.0 4103650000.0
1043 Feb 07, 2018 0.58 0.62 0.52 0.54 59231300.0 5239020000.0
1044 Feb 08, 2018 0.54 0.59 0.53 0.54 42640900.0 4826200000.0
1045 Feb 09, 2018 0.54 0.59 0.52 0.59 60340000.0 4898410000.0
1046 Feb 10, 2018 0.6 0.64 0.56 0.59 74166200.0 5385460000.0
1047 Feb 11, 2018 0.59 0.59 0.51 0.53 28515100.0 5308410000.0
1048 Feb 12, 2018 0.53 0.56 0.53 0.56 22479700.0 4789980000.0
1049 Feb 13, 2018 0.56 0.57 0.53 0.53 36379100.0 5041770000.0
1050 Feb 14, 2018 0.53 0.57 0.53 0.57 73477500.0 4787280000.0
1051 Feb 15, 2018 0.57 0.59 0.54 0.56 67295600.0 5121400000.0
1052 Feb 16, 2018 0.56 0.6 0.55 0.57 90028500.0 5040780000.0
1053 Feb 17, 2018 0.56 0.6 0.56 0.6 147788000.0 5091170000.0
1054 Feb 18, 2018 0.59 0.59 0.53 0.53 95781300.0 5357680000.0
1055 Feb 19, 2018 0.53 0.54 0.52 0.53 91007400.0 4760950000.0
1056 Feb 20, 2018 0.53 0.53 0.48 0.48 66039700.0 4762190000.0
1057 Feb 21, 2018 0.48 0.51 0.46 0.46 70518000.0 4339330000.0
1058 Feb 22, 2018 0.46 0.47 0.41 0.43 26603200.0 4174390000.0
1059 Feb 23, 2018 0.43 0.45 0.42 0.44 24689500.0 3855810000.0
1060 Feb 24, 2018 0.44 0.45 0.4 0.41 19614000.0 3950510000.0
1061 Feb 25, 2018 0.41 0.41 0.38 0.4 18213400.0 3645360000.0
1062 Feb 26, 2018 0.4 0.41 0.39 0.4 17511200.0 3589750000.0
1063 Feb 27, 2018 0.4 0.41 0.39 0.4 12956100.0 3627850000.0
1064 Feb 28, 2018 0.4 0.42 0.4 0.4 27179700.0 3606490000.0
1065 Mar 01, 2018 0.4 0.42 0.39 0.42 19529000.0 3595400000.0
1066 Mar 02, 2018 0.42 0.42 0.39 0.4 17893800.0 3764870000.0
1067 Mar 03, 2018 0.39 0.41 0.37 0.38 35009700.0 3551230000.0
1068 Mar 04, 2018 0.38 0.38 0.35 0.36 49838900.0 3396310000.0
1069 Mar 05, 2018 0.35 0.37 0.34 0.35 63880400.0 3192330000.0
1070 Mar 06, 2018 0.35 0.36 0.33 0.34 26655100.0 3168580000.0
1071 Mar 07, 2018 0.34 0.34 0.29 0.3 24605000.0 3050360000.0
1072 Mar 08, 2018 0.3 0.36 0.28 0.34 65751000.0 2666190000.0
1073 Mar 09, 2018 0.34 0.36 0.32 0.34 57774800.0 3067050000.0
1074 Mar 10, 2018 0.34 0.36 0.34 0.34 24086700.0 3048810000.0
1075 Mar 11, 2018 0.34 0.36 0.33 0.35 29528800.0 3068230000.0
1076 Mar 12, 2018 0.35 0.41 0.34 0.39 90235500.0 3153150000.0
1077 Mar 13, 2018 0.39 0.48 0.39 0.47 144069000.0 3512090000.0
1078 Mar 14, 2018 0.47 0.52 0.39 0.4 164630000.0 4254230000.0
1079 Mar 15, 2018 0.42 0.43 0.34 0.38 96351900.0 3781310000.0
1080 Mar 16, 2018 0.38 0.39 0.34 0.34 47704200.0 3429490000.0
1081 Mar 17, 2018 0.34 0.34 0.28 0.28 55729900.0 3066430000.0
1082 Mar 18, 2018 0.28 0.28 0.22 0.28 72757100.0 2549350000.0
1083 Mar 19, 2018 0.29 0.31 0.28 0.3 120826000.0 2585120000.0
1084 Mar 20, 2018 0.29 0.34 0.28 0.31 323806000.0 2653510000.0
1085 Mar 21, 2018 0.31 0.31 0.28 0.29 104430000.0 2788590000.0
1086 Mar 22, 2018 0.29 0.31 0.28 0.3 87736000.0 2640940000.0
1087 Mar 23, 2018 0.3 0.3 0.27 0.28 50435000.0 2666660000.0
1088 Mar 24, 2018 0.28 0.29 0.28 0.28 42879500.0 2513720000.0
1089 Mar 25, 2018 0.28 0.31 0.28 0.29 71368900.0 2516730000.0
1090 Mar 26, 2018 0.29 0.29 0.26 0.27 38184800.0 2596020000.0
1091 Mar 27, 2018 0.26 0.27 0.25 0.25 23645300.0 2383520000.0
