0 Jul 01, 2017 1.03 1.07 0.99 1.01 13613000.0 0.0
1 Jul 02, 2017 1.0 2.88 0.82 2.71 320452000.0 0.0
2 Jul 03, 2017 2.72 5.39 2.63 4.09 414950000.0 0.0
3 Jul 04, 2017 4.1 4.19 2.93 3.37 218559000.0 656753000.0
4 Jul 05, 2017 3.36 3.52 2.73 3.0 124339000.0 547544000.0
5 Jul 06, 2017 3.01 3.87 3.01 3.36 177463000.0 502465000.0
6 Jul 07, 2017 3.35 3.35 2.71 2.8 96596500.0 566644000.0
7 Jul 08, 2017 2.82 2.9 2.08 2.59 151162000.0 485188000.0
8 Jul 09, 2017 2.6 2.69 2.19 2.29 87525100.0 491957000.0
9 Jul 10, 2017 2.25 2.39 1.72 1.83 79608800.0 464611000.0
10 Jul 11, 2017 1.78 1.82 1.42 1.66 111023000.0 372111000.0
11 Jul 12, 2017 1.64 2.09 1.54 2.07 104621000.0 346085000.0
12 Jul 13, 2017 2.08 2.13 1.71 1.74 51203900.0 443420000.0
13 Jul 14, 2017 1.73 1.77 1.54 1.54 41025200.0 371675000.0
14 Jul 15, 2017 1.55 1.55 1.3 1.3 34208800.0 339219000.0
15 Jul 16, 2017 1.29 1.35 1.19 1.25 30802800.0 284276000.0
16 Jul 17, 2017 1.25 1.57 1.25 1.54 62295100.0 278755000.0
17 Jul 18, 2017 1.54 1.75 1.48 1.7 58108000.0 345694000.0
18 Jul 19, 2017 1.7 1.79 1.54 1.56 55057600.0 384563000.0
19 Jul 20, 2017 1.57 1.76 1.57 1.74 45949800.0 357758000.0
20 Jul 21, 2017 1.75 2.02 1.73 1.82 58164900.0 404351000.0
21 Jul 22, 2017 1.81 2.0 1.81 1.96 41809000.0 421938000.0
22 >Jul 23, 201 1.96 2.14 1.74 1.86 60205000.0 459832000.0
23 Jul 24, 2017 1.88 1.95 1.82 1.87 36585400.0 445118000.0
24 Jul 25, 2017 1.88 1.89 1.55 1.65 42547000.0 448823000.0
25 Jul 26, 2017 1.64 1.74 1.47 1.74 48693200.0 396121000.0
26 Jul 27, 2017 1.75 1.98 1.73 1.95 69371700.0 425312000.0
27 Jul 28, 2017 1.96 2.01 1.84 1.84 64730400.0 481392000.0
28 Jul 29, 2017 1.83 1.84 1.66 1.83 44021100.0 452704000.0
29 Jul 30, 2017 1.83 1.84 1.71 1.78 27580200.0 455967000.0
30 Jul 31, 2017 1.77 1.79 1.71 1.74 29657700.0 446574000.0
31 Aug 01, 2017 1.75 1.8 1.68 1.78 39175500.0 442971000.0
32 Aug 02, 2017 1.78 1.82 1.76 1.78 28880800.0 455223000.0
33 Aug 03, 2017 1.78 1.81 1.75 1.8 25878000.0 457634000.0
34 Aug 04, 2017 1.8 1.85 1.8 1.8 34183300.0 467884000.0
35 Aug 05, 2017 1.8 1.98 1.76 1.91 52324800.0 471268000.0
36 Aug 06, 2017 1.9 1.9 1.72 1.74 38436700.0 501778000.0
37 Aug 07, 2017 1.73 1.83 1.71 1.81 46022400.0 462733000.0
38 Aug 08, 2017 1.81 2.04 1.79 1.88 76270800.0 487777000.0
39 Aug 09, 2017 1.88 1.95 1.81 1.83 36813700.0 510157000.0
40 Aug 10, 2017 1.83 1.89 1.82 1.82 43519300.0 501169000.0
41 Aug 11, 2017 1.83 1.87 1.77 1.78 49178400.0 504138000.0
42 Aug 12, 2017 1.79 1.82 1.66 1.67 38131800.0 495957000.0
43 Aug 13, 2017 1.67 1.68 1.58 1.62 40514200.0 465780000.0
44 Aug 14, 2017 1.61 1.67 1.54 1.66 39205300.0 453328000.0
45 Aug 15, 2017 1.66 1.81 1.59 1.65 58304700.0 469853000.0
46 Aug 16, 2017 1.64 1.64 1.58 1.6 24022000.0 468739000.0
47 Aug 17, 2017 1.6 1.61 1.52 1.55 25713300.0 459650000.0
48 Aug 18, 2017 1.54 1.54 1.4 1.42 26841700.0 445570000.0
49 Aug 19, 2017 1.42 1.44 1.32 1.4 24769900.0 414746000.0
50 Aug 20, 2017 1.4 1.42 1.36 1.37 15673200.0 412029000.0
51 Aug 21, 2017 1.37 1.38 1.33 1.34 20152300.0 404724000.0
52 Aug 22, 2017 1.34 1.34 1.26 1.28 23774300.0 397993000.0
53 Aug 23, 2017 1.28 1.53 1.28 1.41 36567800.0 384808000.0
54 Aug 24, 2017 1.41 1.42 1.35 1.38 18034600.0 426382000.0
55 Aug 25, 2017 1.38 1.43 1.35 1.38 20444500.0 419363000.0
56 Aug 26, 2017 1.38 1.39 1.35 1.36 16466000.0 421157000.0
57 Aug 27, 2017 1.36 1.37 1.33 1.35 18124100.0 418196000.0
58 Aug 28, 2017 1.35 1.36 1.31 1.34 18414400.0 417816000.0
59 Aug 29, 2017 1.34 1.35 1.31 1.31 18993200.0 417121000.0
60 Aug 30, 2017 1.31 1.33 1.19 1.23 24068700.0 411683000.0
61 Aug 31, 2017 1.23 1.33 1.22 1.3 22926100.0 388849000.0
62 Sep 01, 2017 1.3 1.33 1.26 1.3 25853000.0 415441000.0
63 Sep 02, 2017 1.3 1.43 1.19 1.23 38741300.0 417177000.0
64 Sep 03, 2017 1.24 1.29 1.18 1.25 22618600.0 399540000.0
65 Sep 04, 2017 1.25 1.25 0.79 0.85 43045400.0 406952000.0
66 Sep 05, 2017 0.85 0.92 0.71 0.88 30273900.0 277362000.0
67 Sep 06, 2017 0.89 1.07 0.85 0.91 26208300.0 293040000.0
68 Sep 07, 2017 0.92 1.0 0.85 0.98 22912100.0 304901000.0
69 Sep 08, 2017 0.98 0.98 0.77 0.83 18650200.0 325195000.0
70 Sep 09, 2017 0.83 0.83 0.75 0.79 10281100.0 278741000.0
71 Sep 10, 2017 0.79 0.81 0.71 0.74 9494440.0 266891000.0
72 Sep 11, 2017 0.74 0.75 0.71 0.73 7763470.0 250148000.0
73 Sep 12, 2017 0.73 0.85 0.73 0.84 15475800.0 248239000.0
74 Sep 13, 2017 0.84 0.84 0.67 0.73 12370500.0 287468000.0
75 Sep 14, 2017 0.73 0.75 0.57 0.6 13131300.0 249825000.0
76 Sep 15, 2017 0.6 0.68 0.52 0.66 13121900.0 208567000.0
77 Sep 16, 2017 0.67 0.69 0.61 0.63 5602950.0 231741000.0
78 Sep 17, 2017 0.62 0.67 0.58 0.65 8685770.0 218104000.0
79 Sep 18, 2017 0.65 0.71 0.65 0.7 9065170.0 228544000.0
80 Sep 19, 2017 0.71 0.71 0.65 0.65 5520750.0 250257000.0
81 Sep 20, 2017 0.65 0.65 0.61 0.61 6087520.0 231481000.0
82 Sep 21, 2017 0.61 0.61 0.54 0.55 6972060.0 219928000.0
83 Sep 22, 2017 0.55 0.58 0.53 0.57 4556540.0 197242000.0
84 Sep 23, 2017 0.57 0.59 0.56 0.58 4809880.0 206350000.0
85 Sep 24, 2017 0.58 0.58 0.55 0.55 7534280.0 210746000.0
86 Sep 25, 2017 0.55 0.57 0.54 0.57 5592430.0 199970000.0
87 Sep 26, 2017 0.57 0.58 0.55 0.56 5789570.0 209783000.0
88 Sep 27, 2017 0.56 0.64 0.56 0.63 11395600.0 207167000.0
89 Sep 28, 2017 0.63 0.82 0.63 0.81 22672400.0 234912000.0
90 Sep 29, 2017 0.82 0.83 0.7 0.72 15499400.0 305136000.0
91 Sep 30, 2017 0.72 0.75 0.71 0.72 10179600.0 269796000.0
92 Oct 01, 2017 0.72 0.72 0.67 0.71 8938190.0 272363000.0
93 Oct 02, 2017 0.71 0.71 0.64 0.65 8299880.0 268425000.0
94 Oct 03, 2017 0.65 0.67 0.62 0.63 7114830.0 248943000.0
95 Oct 04, 2017 0.63 0.63 0.58 0.6 5449300.0 242210000.0
96 Oct 05, 2017 0.6 0.62 0.57 0.61 8038660.0 230827000.0
97 Oct 06, 2017 0.61 0.61 0.59 0.6 6785670.0 234980000.0
98 >Oct 07, 201 0.6 0.6 0.57 0.59 6250760.0 233480000.0
99 Oct 08, 2017 0.59 0.6 0.58 0.6 5854700.0 229724000.0
100 Oct 09, 2017 0.6 0.6 0.55 0.56 6657950.0 237202000.0
101 Oct 10, 2017 0.56 0.57 0.55 0.56 7701180.0 220246000.0
102 Oct 11, 2017 0.56 0.63 0.55 0.61 8705650.0 220811000.0
103 Oct 12, 2017 0.61 0.63 0.58 0.59 8681880.0 243333000.0
104 Oct 13, 2017 0.59 0.61 0.57 0.58 8587370.0 237037000.0
105 Oct 14, 2017 0.58 0.62 0.58 0.58 6436220.0 235451000.0
106 Oct 15, 2017 0.58 0.59 0.56 0.57 6573060.0 236824000.0
107 Oct 16, 2017 0.57 0.58 0.56 0.56 6005900.0 232974000.0
108 Oct 17, 2017 0.56 0.56 0.54 0.55 6374050.0 230284000.0
109 Oct 18, 2017 0.55 0.56 0.51 0.55 7320330.0 228420000.0
110 Oct 19, 2017 0.55 0.59 0.54 0.57 8084770.0 225606000.0
111 Oct 20, 2017 0.57 0.58 0.54 0.54 6150650.0 235831000.0
112 Oct 21, 2017 0.54 0.54 0.51 0.53 7066060.0 226053000.0
113 Oct 22, 2017 0.53 0.54 0.5 0.52 5538990.0 221105000.0
114 Oct 23, 2017 0.52 0.52 0.48 0.49 6162350.0 218357000.0
115 Oct 24, 2017 0.49 0.53 0.48 0.51 7089410.0 208860000.0
116 Oct 25, 2017 0.51 0.52 0.5 0.5 5046620.0 219135000.0
117 Oct 26, 2017 0.5 0.53 0.5 0.52 5314240.0 215751000.0
118 Oct 27, 2017 0.52 0.52 0.5 0.52 4730120.0 223174000.0
119 Oct 28, 2017 0.52 0.54 0.52 0.54 5960600.0 225217000.0
120 Oct 29, 2017 0.54 0.68 0.54 0.67 19902600.0 232441000.0
121 Oct 30, 2017 0.67 0.74 0.65 0.71 20481800.0 291212000.0
122 Oct 31, 2017 0.71 0.78 0.67 0.78 16200000.0 312268000.0
123 Nov 01, 2017 0.79 1.27 0.76 1.04 74917400.0 345787000.0
124 Nov 02, 2017 1.05 1.27 0.92 1.11 68358600.0 462451000.0
125 Nov 03, 2017 1.12 1.39 1.06 1.21 59247900.0 496753000.0
126 Nov 04, 2017 1.2 1.29 1.06 1.12 37546000.0 536628000.0
127 Nov 05, 2017 1.11 1.16 0.98 1.09 32996400.0 498621000.0
128 Nov 06, 2017 1.07 1.07 0.91 0.92 26059800.0 481154000.0
129 Nov 07, 2017 0.92 0.99 0.92 0.95 16941200.0 417944000.0
130 Nov 08, 2017 0.95 1.18 0.95 1.13 37971000.0 436217000.0
131 Nov 09, 2017 1.13 1.21 1.13 1.18 24725800.0 521918000.0
132 Nov 10, 2017 1.18 1.18 0.99 1.03 23024200.0 546866000.0
133 Nov 11, 2017 1.03 1.18 1.01 1.16 27539300.0 478130000.0
134 Nov 12, 2017 1.16 1.18 1.04 1.09 29229800.0 541171000.0
135 Nov 13, 2017 1.09 1.19 1.08 1.18 20848600.0 513122000.0
136 Nov 14, 2017 1.18 1.67 1.18 1.67 107326000.0 555067000.0
137 Nov 15, 2017 1.68 1.74 1.54 1.67 64150700.0 794660000.0
138 Nov 16, 2017 1.67 1.84 1.57 1.65 64675200.0 800620000.0
139 Nov 17, 2017 1.66 1.81 1.6 1.75 50782500.0 797405000.0
140 Nov 18, 2017 1.74 1.98 1.66 1.93 52951400.0 840206000.0
141 Nov 19, 2017 1.92 2.03 1.77 1.88 55081600.0 928877000.0
142 Nov 20, 2017 1.89 2.04 1.83 1.99 55477200.0 917196000.0
143 Nov 21, 2017 2.0 2.11 1.85 1.9 56022900.0 976585000.0
144 Nov 22, 2017 1.91 1.98 1.79 1.89 44297600.0 937115000.0
145 Nov 23, 2017 1.89 1.98 1.85 1.89 42235000.0 929842000.0
146 Nov 24, 2017 1.89 1.91 1.73 1.88 44111800.0 936708000.0
147 Nov 25, 2017 1.88 2.06 1.79 2.05 48591800.0 934125000.0
148 Nov 26, 2017 2.05 2.66 1.94 2.46 116846000.0 1023900000.0
149 Nov 27, 2017 2.46 2.94 2.38 2.86 126962000.0 1229350000.0
150 Nov 28, 2017 2.86 3.06 2.75 2.75 98904100.0 1440200000.0
151 Nov 29, 2017 2.79 3.33 2.54 2.71 133125000.0 1407010000.0
152 Nov 30, 2017 2.76 2.99 2.54 2.85 92059600.0 1401530000.0
153 Dec 01, 2017 2.83 3.24 2.73 3.24 74402000.0 1443760000.0
154 Dec 02, 2017 3.24 3.99 3.21 3.92 163479000.0 1661260000.0
155 Dec 03, 2017 3.94 4.12 3.44 3.61 132280000.0 2026220000.0
156 Dec 04, 2017 3.61 4.13 3.5 4.03 163900000.0 1865930000.0
157 Dec 05, 2017 4.06 4.47 3.69 4.24 181418000.0 2107440000.0
158 Dec 06, 2017 4.27 5.1 4.2 4.55 200253000.0 2219990000.0
159 Dec 07, 2017 4.52 4.52 3.56 3.99 183666000.0 2358120000.0
160 Dec 08, 2017 3.99 4.59 3.74 4.29 149508000.0 2093350000.0
161 Dec 09, 2017 4.28 4.67 3.8 4.06 133142000.0 2254300000.0
162 Dec 10, 2017 4.07 4.07 3.55 3.77 98890000.0 2152680000.0
163 Dec 11, 2017 3.77 4.48 3.73 4.36 153155000.0 2000150000.0
164 Dec 12, 2017 4.38 5.73 4.26 5.3 266450000.0 2331870000.0
165 Dec 13, 2017 5.32 7.3 5.05 7.3 663821000.0 2846320000.0
166 Dec 14, 2017 7.24 8.74 7.17 8.4 613600000.0 3887060000.0
167 Dec 15, 2017 8.41 8.41 6.88 8.13 640458000.0 4531340000.0
168 Dec 16, 2017 8.14 9.26 8.13 8.61 540462000.0 4405780000.0
169 Dec 17, 2017 8.6 8.98 8.21 8.22 361464000.0 4673800000.0
170 Dec 18, 2017 8.21 9.39 7.67 9.21 577650000.0 4478700000.0
171 Dec 19, 2017 9.24 12.9 9.23 12.38 1688240000.0 5057770000.0
172 Dec 20, 2017 12.45 12.59 10.36 11.98 775977000.0 6840160000.0
173 Dec 21, 2017 11.95 13.17 10.08 10.6 349756000.0 6591520000.0
174 Dec 22, 2017 10.66 10.67 6.68 7.84 612398000.0 5898340000.0
175 Dec 23, 2017 7.97 9.48 7.95 8.48 233174000.0 4437100000.0
176 Dec 24, 2017 8.51 8.56 7.26 8.14 192175000.0 4753620000.0
177 Dec 25, 2017 8.2 9.8 7.92 9.77 337893000.0 4597290000.0
178 Dec 26, 2017 9.77 10.09 9.63 9.82 336595000.0 5497600000.0
179 Dec 27, 2017 9.83 10.81 9.79 10.56 530216000.0 5551810000.0
180 Dec 28, 2017 10.54 10.56 8.41 9.57 478886000.0 5978450000.0
181 Dec 29, 2017 9.6 9.87 9.21 9.44 448090000.0 5459440000.0
182 Dec 30, 2017 9.46 9.49 8.35 8.56 499400000.0 5402020000.0
183 Dec 31, 2017 8.51 8.97 8.44 8.77 312308000.0 4876510000.0
184 Jan 01, 2018 8.77 9.11 8.51 8.84 331073000.0 5041600000.0
185 Jan 02, 2018 8.91 9.78 8.91 9.33 552189000.0 5144580000.0
186 Jan 03, 2018 9.31 10.22 8.85 10.22 529459000.0 5394840000.0
187 Jan 04, 2018 10.45 11.97 10.29 11.27 1204970000.0 6076410000.0
188 Jan 05, 2018 11.23 11.51 10.39 10.83 618755000.0 6549910000.0
189 Jan 06, 2018 10.81 12.57 10.46 12.57 688819000.0 6324240000.0
190 Jan 07, 2018 12.77 13.36 12.08 12.52 781497000.0 7495320000.0
191 Jan 08, 2018 12.5 12.57 8.44 9.69 697175000.0 7367780000.0
192 Jan 09, 2018 9.66 9.76 8.99 9.33 546937000.0 5711470000.0
193 Jan 10, 2018 9.33 11.62 8.68 11.33 1211790000.0 5534140000.0
194 Jan 11, 2018 11.33 12.42 9.31 11.35 1161850000.0 6741700000.0
195 Jan 12, 2018 11.39 15.34 10.77 13.74 2449370000.0 6804430000.0
196 Jan 13, 2018 13.91 18.7 13.53 16.23 3379130000.0 8336870000.0
197 Jan 14, 2018 16.16 16.16 13.31 13.43 1162420000.0 9718770000.0
198 Jan 15, 2018 13.41 14.83 12.92 12.94 806381000.0 8110090000.0
199 Jan 16, 2018 12.95 13.04 8.6 10.27 1599730000.0 7857840000.0
200 Jan 17, 2018 10.19 10.56 7.67 10.19 1625250000.0 6209050000.0
201 Jan 18, 2018 10.19 11.26 9.89 10.5 1266300000.0 6230180000.0
202 Jan 19, 2018 10.38 11.77 9.92 11.18 845596000.0 6365040000.0
203 Jan 20, 2018 11.25 15.76 11.25 15.51 2777450000.0 6920580000.0
204 Jan 21, 2018 15.66 15.66 12.39 13.43 2887800000.0 9666480000.0
205 Jan 22, 2018 13.53 15.17 12.85 13.65 2902200000.0 8385480000.0
206 Jan 23, 2018 13.56 13.81 11.87 12.97 1614680000.0 8432510000.0
207 Jan 24, 2018 13.01 13.86 12.63 13.83 1050800000.0 8112750000.0
208 Jan 25, 2018 13.96 14.92 13.7 14.31 1546860000.0 8734500000.0
209 Jan 26, 2018 14.27 14.72 13.22 14.34 1444040000.0 8958130000.0
210 Jan 27, 2018 14.34 14.62 13.96 14.27 653831000.0 9027390000.0
211 Jan 28, 2018 14.34 15.04 14.34 15.02 646950000.0 9057850000.0
212 Jan 29, 2018 15.03 15.17 13.79 14.0 565307000.0 9524430000.0
213 Jan 30, 2018 14.03 14.03 11.29 11.56 980342000.0 8918290000.0
214 Jan 31, 2018 11.46 12.32 10.42 12.2 1008810000.0 7309740000.0
215 Feb 01, 2018 12.23 12.39 9.9 10.2 919859000.0 7826060000.0
216 Feb 02, 2018 10.17 10.21 7.64 9.79 1534140000.0 6528440000.0
217 Feb 03, 2018 9.77 10.38 8.59 9.84 736278000.0 6290740000.0
218 Feb 04, 2018 9.77 10.17 8.45 8.61 588172000.0 6306870000.0
219 Feb 05, 2018 8.68 8.85 6.94 7.06 640159000.0 5618380000.0
220 Feb 06, 2018 7.17 8.46 5.85 8.34 1304850000.0 4659180000.0
221 Feb 07, 2018 8.35 8.65 7.56 7.61 762884000.0 5439430000.0
222 Feb 08, 2018 7.66 8.59 7.66 8.51 542068000.0 5019680000.0
223 Feb 09, 2018 8.5 9.66 8.15 9.65 507606000.0 5584730000.0
224 Feb 10, 2018 9.61 10.3 8.66 9.1 609066000.0 6334330000.0
225 Feb 11, 2018 9.09 9.09 8.17 8.41 408013000.0 6007740000.0
226 Feb 12, 2018 8.45 9.29 8.45 9.18 353976000.0 5609460000.0
227 Feb 13, 2018 9.18 9.27 8.7 9.21 365436000.0 6113090000.0
228 Feb 14, 2018 9.23 10.02 9.17 9.97 480309000.0 6160920000.0
229 Feb 15, 2018 9.94 10.29 9.77 10.16 392065000.0 6656240000.0
230 Feb 16, 2018 10.15 10.23 9.7 10.01 249798000.0 6817050000.0
231 Feb 17, 2018 10.0 10.17 9.93 10.15 276849000.0 6746400000.0
232 Feb 18, 2018 10.15 10.2 9.23 9.38 353808000.0 6860990000.0
233 Feb 19, 2018 9.37 9.79 9.36 9.68 225362000.0 6355840000.0
234 Feb 20, 2018 9.69 10.0 9.26 9.28 305781000.0 6586160000.0
235 Feb 21, 2018 9.27 9.31 8.53 8.76 298553000.0 6315770000.0
236 Feb 22, 2018 8.74 8.91 7.98 8.09 295638000.0 5965230000.0
237 Feb 23, 2018 8.05 8.77 7.92 8.58 284365000.0 5523260000.0
238 Feb 24, 2018 8.57 8.72 7.95 8.19 241757000.0 5900520000.0
239 Feb 25, 2018 8.18 8.19 7.7 7.89 173549000.0 5646680000.0
240 Feb 26, 2018 7.9 8.44 7.63 8.13 251185000.0 5472730000.0
241 Feb 27, 2018 8.17 8.87 8.03 8.57 330185000.0 5670740000.0
242 Feb 28, 2018 8.53 9.21 8.41 8.41 380053000.0 5940670000.0
243 Mar 01, 2018 8.39 8.63 8.3 8.63 214126000.0 5859140000.0
244 Mar 02, 2018 8.68 8.73 8.03 8.09 211631000.0 6086740000.0
245 Mar 03, 2018 8.11 8.3 7.96 8.0 141850000.0 5702860000.0
246 Mar 04, 2018 8.0 8.18 7.79 8.18 195810000.0 5638260000.0
247 Mar 05, 2018 8.18 8.29 8.05 8.05 183715000.0 5786710000.0
248 Mar 06, 2018 8.0 8.0 7.16 7.25 233026000.0 5682730000.0
249 Mar 07, 2018 7.25 7.37 6.17 6.51 423460000.0 5162590000.0
250 >Mar 08, 201 6.51 6.76 6.12 6.2 299365000.0 4651410000.0
251 Mar 09, 2018 6.2 6.24 5.38 6.13 429201000.0 4444670000.0
252 Mar 10, 2018 6.17 6.5 5.8 5.8 309653000.0 4434700000.0
253 Mar 11, 2018 5.79 6.24 5.61 6.14 271829000.0 4165570000.0
254 Mar 12, 2018 6.15 6.23 5.72 5.83 206551000.0 4441010000.0
255 Mar 13, 2018 5.82 5.98 5.66 5.86 199199000.0 4213560000.0
256 Mar 14, 2018 5.87 5.96 5.25 5.34 210733000.0 4266070000.0
257 Mar 15, 2018 5.35 5.38 4.87 5.17 293299000.0 3899390000.0
258 Mar 16, 2018 5.18 5.32 4.95 5.09 184719000.0 3785350000.0
259 Mar 17, 2018 5.08 5.11 4.61 4.67 140080000.0 3725280000.0
260 Mar 18, 2018 4.65 4.68 3.95 4.65 333501000.0 3417960000.0
261 Mar 19, 2018 4.71 6.36 4.57 6.36 660669000.0 3468420000.0
262 Mar 20, 2018 6.17 6.4 5.45 6.01 667072000.0 4553120000.0
263 Mar 21, 2018 6.07 7.24 5.98 7.03 765790000.0 4492160000.0
264 Mar 22, 2018 7.0 7.34 6.32 7.03 1062430000.0 5202800000.0
265 Mar 23, 2018 7.02 7.14 6.42 7.0 846830000.0 5227640000.0
266 Mar 24, 2018 6.99 7.12 6.63 6.63 357179000.0 5218490000.0
267 Mar 25, 2018 6.6 6.76 6.49 6.52 274460000.0 4947110000.0
268 Mar 26, 2018 6.53 6.57 5.42 5.9 553672000.0 4906950000.0
269 Mar 27, 2018 5.9 6.44 5.28 5.91 877543000.0 4447060000.0
