0 May 24, 2017 6.42 6.76 5.68 6.19 11221600.0 0.0
1 May 25, 2017 6.19 6.29 4.57 4.66 6211020.0 0.0
2 May 26, 2017 4.66 5.33 3.39 4.1 5116020.0 0.0
3 May 27, 2017 4.05 4.53 3.19 4.53 7046840.0 0.0
4 May 28, 2017 4.86 5.05 4.19 4.62 4353380.0 0.0
5 May 29, 2017 4.64 4.88 4.36 4.6 2205420.0 0.0
6 May 30, 2017 4.62 5.07 4.53 4.65 2836480.0 0.0
7 May 31, 2017 4.61 4.88 4.5 4.86 3011070.0 0.0
8 Jun 01, 2017 4.86 8.37 4.78 7.79 28193200.0 0.0
9 Jun 02, 2017 7.86 13.6 7.86 13.46 54232400.0 0.0
10 Jun 03, 2017 13.16 13.7 11.39 12.54 39565100.0 0.0
11 Jun 04, 2017 12.72 12.78 11.33 12.14 15253900.0 0.0
12 Jun 05, 2017 12.13 12.57 10.88 11.17 10290000.0 0.0
13 Jun 06, 2017 10.97 12.02 10.16 11.5 11135000.0 0.0
14 Jun 07, 2017 11.57 11.85 10.92 10.97 6104140.0 0.0
15 Jun 08, 2017 10.91 12.53 10.26 12.35 12978300.0 0.0
16 Jun 09, 2017 12.35 13.11 11.29 11.73 14694100.0 0.0
17 Jun 10, 2017 11.75 12.09 11.11 11.32 14370200.0 0.0
18 Jun 11, 2017 11.36 12.23 11.1 11.75 11384700.0 0.0
19 Jun 12, 2017 11.77 11.82 10.87 10.95 8663550.0 0.0
20 Jun 13, 2017 11.06 12.52 10.97 12.42 16198200.0 0.0
21 Jun 14, 2017 12.4 13.01 11.29 11.77 18671800.0 0.0
22 Jun 15, 2017 11.8 11.8 9.8 11.11 13740900.0 0.0
23 Jun 16, 2017 11.11 11.72 10.69 11.28 7179610.0 0.0
24 Jun 17, 2017 11.24 11.44 11.01 11.24 6961310.0 0.0
25 Jun 18, 2017 11.25 11.29 10.39 10.57 5475110.0 0.0
26 Jun 19, 2017 10.48 11.3 10.26 10.59 12893100.0 0.0
27 Jun 20, 2017 10.57 12.87 10.44 11.49 22123200.0 0.0
28 Jun 21, 2017 11.4 12.54 11.37 11.82 10464200.0 0.0
29 Jun 22, 2017 11.92 12.44 11.73 12.1 16740600.0 0.0
30 >Jun 23, 201 12.12 18.57 11.96 16.98 66737400.0 0.0
31 Jun 24, 2017 16.8 18.85 16.02 16.35 34660100.0 0.0
32 Jun 25, 2017 16.34 16.7 14.36 14.91 22702400.0 0.0
33 Jun 26, 2017 14.96 14.96 10.64 12.61 25803900.0 0.0
34 Jun 27, 2017 12.26 15.18 11.94 14.46 42563100.0 0.0
35 Jun 28, 2017 14.67 15.68 12.97 13.82 40650500.0 0.0
36 Jun 29, 2017 14.08 14.08 12.32 12.48 18516000.0 0.0
37 Jun 30, 2017 12.45 12.56 11.66 12.03 14022600.0 0.0
38 Jul 01, 2017 11.96 12.12 10.36 10.39 10832000.0 0.0
39 Jul 02, 2017 10.41 10.41 8.18 9.45 23967300.0 0.0
40 Jul 03, 2017 9.33 10.07 8.56 9.19 15403500.0 0.0
41 Jul 04, 2017 9.24 9.94 8.92 9.27 8178690.0 0.0
42 Jul 05, 2017 9.33 9.33 7.96 8.3 8151290.0 0.0
43 Jul 06, 2017 8.44 9.35 7.95 8.75 13670300.0 0.0
44 Jul 07, 2017 8.73 8.75 6.67 6.87 7176910.0 0.0
45 Jul 08, 2017 6.9 7.11 5.64 6.86 12481200.0 0.0
46 Jul 09, 2017 6.91 7.58 6.34 6.36 6985260.0 0.0
47 Jul 10, 2017 6.42 6.75 5.03 5.38 5648270.0 0.0
48 Jul 11, 2017 5.23 5.42 3.88 4.82 11515200.0 0.0
49 Jul 12, 2017 4.67 5.69 4.36 5.59 11808500.0 0.0
50 Jul 13, 2017 5.65 6.12 5.02 5.11 8076010.0 288266000.0
51 Jul 14, 2017 5.11 5.18 4.47 4.53 6385700.0 260726000.0
52 Jul 15, 2017 4.54 4.55 3.86 3.88 6403170.0 231785000.0
53 Jul 16, 2017 3.93 4.24 3.71 3.93 5467430.0 200412000.0
54 Jul 17, 2017 3.91 4.47 3.91 4.38 7531300.0 199276000.0
55 Jul 18, 2017 4.41 5.35 4.27 5.18 16788400.0 224792000.0
56 Jul 19, 2017 5.18 6.62 4.79 5.62 29526300.0 264087000.0
57 Jul 20, 2017 5.69 7.68 5.69 7.59 33148900.0 289993000.0
58 Jul 21, 2017 7.84 9.15 7.01 7.84 48210600.0 399824000.0
59 Jul 22, 2017 7.81 7.99 7.48 7.52 16650500.0 398441000.0
60 Jul 23, 2017 7.55 7.62 6.14 6.64 23752700.0 385277000.0
61 Jul 24, 2017 6.67 7.3 6.46 7.26 12601300.0 339927000.0
62 Jul 25, 2017 7.31 7.61 5.68 6.13 22782500.0 372639000.0
63 Jul 26, 2017 6.14 6.49 5.28 6.26 20824500.0 362203000.0
64 Jul 27, 2017 6.29 6.42 6.02 6.21 10757800.0 370867000.0
65 Jul 28, 2017 6.23 6.31 5.74 5.75 7599310.0 367403000.0
66 >Jul 29, 201 5.8 5.86 5.38 5.78 5188990.0 342217000.0
67 Jul 30, 2017 5.77 5.84 5.46 5.53 3168030.0 340554000.0
68 Jul 31, 2017 5.53 6.36 5.43 6.12 13123400.0 326029000.0
69 Aug 01, 2017 6.12 6.67 5.74 6.49 20864300.0 361165000.0
70 Aug 02, 2017 6.56 6.69 6.32 6.43 11978000.0 387234000.0
71 Aug 03, 2017 6.42 7.86 6.17 7.65 30278900.0 378741000.0
72 Aug 04, 2017 7.68 8.71 7.68 8.21 31879600.0 452969000.0
73 Aug 05, 2017 8.22 9.52 7.8 9.38 42482900.0 484803000.0
74 Aug 06, 2017 9.34 10.83 9.08 10.07 54977800.0 550855000.0
75 Aug 07, 2017 10.03 12.84 9.88 12.64 95630200.0 591790000.0
76 Aug 08, 2017 12.64 12.74 10.83 11.49 63155600.0 746010000.0
77 Aug 09, 2017 11.48 12.63 11.06 12.55 52016000.0 677866000.0
78 Aug 10, 2017 12.55 16.99 12.41 15.77 133259000.0 740715000.0
79 Aug 11, 2017 15.63 16.36 14.33 14.73 91215900.0 922433000.0
80 Aug 12, 2017 14.72 15.47 12.84 13.9 59321200.0 868962000.0
81 Aug 13, 2017 13.92 15.84 12.79 15.16 75650500.0 821280000.0
82 Aug 14, 2017 15.09 17.16 14.35 15.06 103750000.0 890836000.0
83 Aug 15, 2017 15.0 15.3 13.82 14.68 62353100.0 885415000.0
84 Aug 16, 2017 14.66 15.41 14.14 14.34 59126000.0 865463000.0
85 Aug 17, 2017 14.35 14.37 12.82 13.05 50489100.0 847017000.0
86 Aug 18, 2017 13.08 13.09 11.0 11.63 43226400.0 772302000.0
87 Aug 19, 2017 11.61 12.36 9.69 11.64 54327300.0 685316000.0
88 Aug 20, 2017 11.54 12.35 10.81 11.79 40638800.0 680885000.0
89 Aug 21, 2017 11.8 11.87 10.81 11.22 29380800.0 696434000.0
90 Aug 22, 2017 11.19 11.41 10.17 11.05 25086300.0 660585000.0
91 Aug 23, 2017 11.04 12.47 11.04 11.89 36722000.0 651839000.0
92 Aug 24, 2017 11.86 14.13 11.63 13.78 72955500.0 700167000.0
93 Aug 25, 2017 13.74 13.85 12.84 13.31 26327100.0 811035000.0
94 Aug 26, 2017 13.26 15.89 12.97 15.4 88172500.0 782374000.0
95 Aug 27, 2017 15.42 15.85 14.73 15.69 56474400.0 909788000.0
96 Aug 28, 2017 15.65 16.35 14.85 16.23 82850200.0 923722000.0
97 Aug 29, 2017 16.27 20.04 16.27 19.15 216784000.0 960486000.0
98 Aug 30, 2017 19.05 19.05 14.58 16.84 145512000.0 1124200000.0
99 Aug 31, 2017 16.71 18.08 16.68 17.3 76872500.0 986295000.0
100 Sep 01, 2017 17.3 18.46 16.93 18.25 73618500.0 1020980000.0
101 Sep 02, 2017 18.26 19.05 15.5 16.39 123479000.0 1077370000.0
102 Sep 03, 2017 16.4 16.74 14.18 15.29 98105400.0 967971000.0
103 Sep 04, 2017 15.29 15.43 10.21 10.98 161203000.0 902407000.0
104 Sep 05, 2017 11.07 12.06 8.77 11.71 218917000.0 653177000.0
105 Sep 06, 2017 11.72 12.48 10.34 11.39 141347000.0 691921000.0
106 Sep 07, 2017 11.4 14.76 10.69 14.74 195986000.0 672888000.0
107 Sep 08, 2017 14.74 16.06 12.44 13.49 294169000.0 869878000.0
108 Sep 09, 2017 13.39 13.63 12.46 13.31 99008100.0 790322000.0
109 Sep 10, 2017 13.27 13.34 11.38 12.77 172687000.0 783150000.0
110 Sep 11, 2017 12.64 14.78 12.55 14.27 165283000.0 745787000.0
111 Sep 12, 2017 14.37 15.31 12.85 13.5 156187000.0 848364000.0
112 Sep 13, 2017 13.45 13.52 11.59 11.94 185348000.0 793825000.0
113 Sep 14, 2017 11.93 12.18 7.6 7.6 137040000.0 704415000.0
114 Sep 15, 2017 7.71 9.31 5.91 8.47 242984000.0 455212000.0
115 Sep 16, 2017 8.49 8.97 7.44 8.25 97992200.0 500809000.0
116 Sep 17, 2017 8.19 8.79 7.59 8.27 69847200.0 482927000.0
117 Sep 18, 2017 8.31 10.51 8.31 9.62 167586000.0 490417000.0
118 Sep 19, 2017 9.65 9.7 8.75 8.91 66250600.0 569633000.0
119 Sep 20, 2017 8.92 9.05 8.47 8.79 38916900.0 526414000.0
120 Sep 21, 2017 8.77 8.81 7.34 7.38 38239000.0 517612000.0
121 Sep 22, 2017 7.34 7.91 7.27 7.68 42861600.0 433000000.0
122 Sep 23, 2017 7.7 8.21 7.48 8.11 40760800.0 454162000.0
123 Sep 24, 2017 8.1 8.28 7.79 8.04 28266800.0 477945000.0
124 Sep 25, 2017 8.03 9.6 8.03 9.36 82385100.0 473818000.0
125 Sep 26, 2017 9.38 10.3 9.17 9.34 104988000.0 553598000.0
126 Sep 27, 2017 9.37 9.9 9.35 9.9 59847700.0 552811000.0
127 Sep 28, 2017 9.95 10.1 9.06 9.93 95333300.0 586983000.0
128 Sep 29, 2017 9.96 10.0 9.15 9.77 79526300.0 587845000.0
129 Sep 30, 2017 9.77 11.65 9.74 11.59 141320000.0 576371000.0
130 Oct 01, 2017 11.58 12.6 11.58 12.33 162762000.0 683566000.0
131 Oct 02, 2017 12.35 12.38 11.42 11.88 69789000.0 729062000.0
132 Oct 03, 2017 11.91 12.11 10.77 12.11 95756400.0 702872000.0
133 Oct 04, 2017 12.15 12.28 11.5 11.63 77387000.0 717223000.0
134 Oct 05, 2017 11.59 11.97 10.81 11.86 67610800.0 684358000.0
135 Oct 06, 2017 11.87 11.91 11.49 11.68 23341500.0 700544000.0
136 Oct 07, 2017 11.66 11.94 11.51 11.94 19498800.0 688284000.0
137 Oct 08, 2017 11.96 12.1 11.14 11.14 34305900.0 705791000.0
138 Oct 09, 2017 11.14 12.49 10.96 12.07 57974000.0 657304000.0
139 Oct 10, 2017 12.04 12.54 11.55 12.08 50232800.0 710536000.0
140 Oct 11, 2017 12.03 12.28 11.86 12.12 28771600.0 710230000.0
141 Oct 12, 2017 12.13 12.21 11.29 11.29 31335300.0 715782000.0
142 Oct 13, 2017 11.3 11.3 10.31 11.24 44760500.0 666714000.0
143 Oct 14, 2017 11.25 11.45 10.62 10.62 17709400.0 664129000.0
144 Oct 15, 2017 10.64 10.65 10.09 10.43 22057700.0 627948000.0
145 Oct 16, 2017 10.45 11.64 10.22 11.48 37568400.0 616895000.0
146 Oct 17, 2017 11.47 12.26 11.02 12.05 57046400.0 677311000.0
147 Oct 18, 2017 12.03 12.03 10.77 11.49 53960300.0 710326000.0
148 Oct 19, 2017 11.46 12.22 11.35 12.07 49308300.0 688986000.0
149 >Oct 20, 201 12.1 15.12 11.18 11.3 304281000.0 890682000.0
150 Oct 21, 2017 11.25 11.34 10.49 10.9 56075000.0 828306000.0
151 Oct 22, 2017 10.96 11.05 10.56 10.63 33890300.0 807214000.0
152 Oct 23, 2017 10.58 10.59 9.75 9.96 50654800.0 779244000.0
153 Oct 24, 2017 9.96 11.46 9.52 10.76 118813000.0 733399000.0
154 Oct 25, 2017 10.78 10.92 10.37 10.65 48104100.0 793779000.0
155 Oct 26, 2017 10.66 10.79 10.45 10.57 26461700.0 784784000.0
156 Oct 27, 2017 10.56 10.63 10.26 10.3 27344700.0 777594000.0
157 Oct 28, 2017 10.32 10.38 10.18 10.2 23588200.0 760135000.0
158 Oct 29, 2017 10.19 10.53 10.17 10.42 40119600.0 750443000.0
159 Oct 30, 2017 10.39 10.47 10.29 10.39 21781900.0 765031000.0
160 Oct 31, 2017 10.37 10.87 10.35 10.44 43306600.0 764029000.0
161 Nov 01, 2017 10.41 10.41 9.92 9.93 26591700.0 766698000.0
162 Nov 02, 2017 9.95 10.03 9.35 9.8 54501600.0 732691000.0
163 Nov 03, 2017 9.77 10.42 9.7 10.38 55018600.0 719701000.0
164 Nov 04, 2017 10.3 10.39 9.82 10.04 35477100.0 759110000.0
165 Nov 05, 2017 10.03 10.43 9.96 10.12 49288500.0 739113000.0
166 Nov 06, 2017 10.12 11.17 10.05 10.44 116937000.0 745802000.0
167 Nov 07, 2017 10.32 11.45 10.32 11.21 122951000.0 760320000.0
168 Nov 08, 2017 11.17 12.12 10.98 11.9 196034000.0 823231000.0
169 Nov 09, 2017 11.87 12.45 11.73 11.93 116434000.0 874753000.0
170 Nov 10, 2017 11.96 12.31 11.06 11.28 131906000.0 881364000.0
171 Nov 11, 2017 11.3 12.16 11.3 11.65 113139000.0 832533000.0
172 Nov 12, 2017 11.59 11.65 10.89 11.1 116105000.0 853805000.0
173 Nov 13, 2017 11.1 11.51 11.08 11.41 73428300.0 817728000.0
174 Nov 14, 2017 11.41 11.68 11.23 11.59 73833600.0 840602000.0
175 Nov 15, 2017 11.53 11.73 11.5 11.71 43757700.0 849764000.0
176 Nov 16, 2017 11.68 13.89 11.63 12.88 317008000.0 860619000.0
177 Nov 17, 2017 12.83 13.36 12.55 13.36 109115000.0 945173000.0
178 Nov 18, 2017 13.52 14.15 13.11 14.01 116168000.0 996077000.0
179 Nov 19, 2017 14.01 14.11 13.66 14.02 61181300.0 1032340000.0
180 Nov 20, 2017 14.0 15.29 14.0 14.77 160773000.0 1031670000.0
181 Nov 21, 2017 14.8 14.93 13.46 14.15 158550000.0 1090630000.0
182 Nov 22, 2017 14.05 14.26 13.84 14.2 91778300.0 1035430000.0
183 Nov 23, 2017 14.21 14.21 13.81 13.95 116380000.0 1047380000.0
184 Nov 24, 2017 13.94 14.42 13.54 14.42 153144000.0 1027570000.0
185 Nov 25, 2017 14.37 14.82 14.08 14.49 143624000.0 1059050000.0
186 Nov 26, 2017 14.5 15.01 14.22 14.78 115807000.0 1068960000.0
187 Nov 27, 2017 14.69 14.95 14.21 14.78 141497000.0 1082680000.0
188 Nov 28, 2017 14.75 15.89 14.6 15.48 248416000.0 1087670000.0
189 Nov 29, 2017 15.44 15.44 12.26 12.44 169681000.0 1137980000.0
190 Nov 30, 2017 12.49 13.52 11.43 12.95 116134000.0 920799000.0
191 Dec 01, 2017 12.86 13.27 12.12 13.15 77540700.0 948229000.0
192 Dec 02, 2017 13.15 13.44 12.54 13.0 106410000.0 969375000.0
193 Dec 03, 2017 13.02 13.67 12.48 13.14 101683000.0 959947000.0
194 Dec 04, 2017 13.14 13.99 12.67 13.61 139016000.0 968910000.0
195 Dec 05, 2017 13.69 13.95 13.08 13.08 106446000.0 1009240000.0
196 Dec 06, 2017 13.12 13.14 11.85 11.95 136931000.0 967196000.0
197 Dec 07, 2017 11.95 14.93 11.66 12.55 262721000.0 880877000.0
198 Dec 08, 2017 12.53 13.06 11.99 12.79 153972000.0 923477000.0
199 Dec 09, 2017 12.76 12.76 11.54 12.08 124125000.0 941021000.0
200 Dec 10, 2017 12.09 12.09 10.73 11.05 106888000.0 891217000.0
201 Dec 11, 2017 11.01 14.59 10.99 13.55 218917000.0 812116000.0
202 Dec 12, 2017 13.57 15.12 13.28 14.76 253559000.0 1000140000.0
203 Dec 13, 2017 14.81 19.28 14.8 17.31 541413000.0 1091760000.0
204 Dec 14, 2017 17.16 20.63 17.02 20.48 389613000.0 1264910000.0
205 Dec 15, 2017 20.68 32.64 17.68 30.53 1227400000.0 1524900000.0
206 Dec 16, 2017 30.14 31.53 28.47 28.99 609254000.0 2222900000.0
207 Dec 17, 2017 29.18 30.3 28.62 29.62 399361000.0 2152090000.0
208 Dec 18, 2017 29.66 56.06 27.84 51.84 2427870000.0 2187330000.0
209 Dec 19, 2017 51.96 77.74 51.29 67.74 2134470000.0 3831880000.0
210 Dec 20, 2017 67.72 69.06 57.71 63.64 1025680000.0 4994350000.0
211 Dec 21, 2017 63.82 69.24 56.87 62.23 905593000.0 4706660000.0
212 Dec 22, 2017 63.26 63.26 36.34 49.48 1101630000.0 4665870000.0
213 Dec 23, 2017 50.84 60.2 50.7 57.25 913925000.0 3749710000.0
214 Dec 24, 2017 56.71 57.37 49.0 53.63 692470000.0 4182730000.0
215 Dec 25, 2017 53.99 59.79 51.22 58.09 976115000.0 3982900000.0
216 Dec 26, 2017 58.21 59.99 55.41 55.94 652554000.0 4294180000.0
217 Dec 27, 2017 55.76 56.39 52.71 54.11 539542000.0 4113280000.0
218 Dec 28, 2017 54.43 56.63 46.41 56.22 838698000.0 4015530000.0
219 Dec 29, 2017 56.34 60.47 53.33 58.7 876085000.0 4156560000.0
220 Dec 30, 2017 58.68 67.69 54.36 60.49 1203780000.0 4329060000.0
221 Dec 31, 2017 60.2 65.01 59.19 62.39 690938000.0 4441130000.0
222 Jan 01, 2018 62.31 64.08 59.87 60.88 708818000.0 4597210000.0
223 Jan 02, 2018 61.19 62.45 59.74 60.71 597468000.0 4514720000.0
224 Jan 03, 2018 60.53 61.01 57.29 59.08 673650000.0 4466390000.0
225 Jan 04, 2018 59.06 61.47 55.94 57.47 744457000.0 4357860000.0
226 Jan 05, 2018 57.39 70.89 54.78 62.7 1356740000.0 4234740000.0
227 Jan 06, 2018 62.94 105.4 59.94 94.67 1998570000.0 4644760000.0
228 Jan 07, 2018 94.06 106.8 83.56 85.76 1707140000.0 6940930000.0
229 Jan 08, 2018 86.16 89.1 49.95 55.98 1023570000.0 6358230000.0
230 Jan 09, 2018 55.78 58.37 52.09 53.21 837431000.0 4116560000.0
231 Jan 10, 2018 53.42 56.36 49.89 54.08 853001000.0 3942310000.0
232 Jan 11, 2018 53.65 53.83 43.68 45.75 732454000.0 3959310000.0
233 Jan 12, 2018 46.01 51.91 44.41 50.41 764812000.0 3395810000.0
234 Jan 13, 2018 50.45 56.27 50.36 54.7 881216000.0 3723670000.0
235 Jan 14, 2018 54.82 55.06 48.34 54.08 758722000.0 4046680000.0
236 Jan 15, 2018 54.07 58.28 52.18 52.58 1558480000.0 3990880000.0
237 Jan 16, 2018 52.23 52.23 28.97 36.02 976913000.0 3855430000.0
238 Jan 17, 2018 35.54 37.99 27.63 36.47 1005590000.0 2623560000.0
239 Jan 18, 2018 36.05 39.9 34.23 37.36 731389000.0 2661040000.0
240 Jan 19, 2018 36.96 41.46 36.18 39.19 594885000.0 2728690000.0
241 Jan 20, 2018 39.21 51.26 39.1 51.26 1389340000.0 2895050000.0
242 Jan 21, 2018 51.71 51.79 40.9 42.81 1472770000.0 3817440000.0
243 Jan 22, 2018 43.19 43.94 36.58 39.96 665031000.0 3188600000.0
244 Jan 23, 2018 40.03 41.09 35.62 39.15 455691000.0 2955640000.0
245 Jan 24, 2018 39.05 42.4 38.24 40.51 412605000.0 2883110000.0
246 Jan 25, 2018 40.92 41.98 39.68 40.72 330419000.0 3021830000.0
247 Jan 26, 2018 40.4 41.72 35.83 39.7 378512000.0 2983480000.0
248 Jan 27, 2018 39.77 40.47 38.15 39.57 228016000.0 2936640000.0
249 Jan 28, 2018 39.74 44.08 39.74 43.75 346952000.0 2934440000.0
250 Jan 29, 2018 43.83 45.5 42.33 43.4 412998000.0 3236940000.0
251 Jan 30, 2018 43.59 43.63 36.7 37.33 275840000.0 3219350000.0
252 Jan 31, 2018 37.29 42.38 34.62 42.11 437472000.0 2754250000.0
253 Feb 01, 2018 42.09 42.09 34.71 35.68 371498000.0 3108800000.0
254 Feb 02, 2018 35.55 35.55 22.3 30.26 566508000.0 2626060000.0
255 Feb 03, 2018 30.39 31.61 25.77 29.92 305047000.0 2244470000.0
256 Feb 04, 2018 29.72 30.67 25.38 26.19 219327000.0 2195080000.0
257 Feb 05, 2018 26.23 26.75 19.64 20.53 200730000.0 1937850000.0
258 Feb 06, 2018 20.92 24.32 16.67 24.04 386634000.0 1545600000.0
259 Feb 07, 2018 24.08 24.52 20.98 21.77 238850000.0 1779020000.0
260 Feb 08, 2018 21.95 27.38 21.95 26.48 276759000.0 1621640000.0
261 Feb 09, 2018 27.79 31.58 25.97 31.15 618154000.0 2052790000.0
262 Feb 10, 2018 30.83 34.58 29.08 30.27 421275000.0 2277460000.0
263 Feb 11, 2018 30.21 30.21 26.26 27.47 258212000.0 2231910000.0
264 Feb 12, 2018 27.57 30.8 27.57 30.13 212954000.0 2037250000.0
265 Feb 13, 2018 30.2 30.45 28.54 30.11 242714000.0 2231570000.0
266 Feb 14, 2018 30.03 32.62 29.98 32.54 334300000.0 2219240000.0
267 Feb 15, 2018 32.41 33.52 31.91 33.06 222910000.0 2394940000.0
268 Feb 16, 2018 33.02 33.94 31.99 33.01 166522000.0 2440380000.0
269 Feb 17, 2018 33.17 33.68 32.67 33.56 178525000.0 2450940000.0
270 Feb 18, 2018 33.46 33.68 29.96 31.23 181070000.0 2473010000.0
271 Feb 19, 2018 31.41 32.93 31.19 32.66 197224000.0 2321060000.0
272 Feb 20, 2018 32.71 33.41 31.01 31.1 203359000.0 2417680000.0
273 Feb 21, 2018 30.87 30.92 27.84 28.55 176591000.0 2281560000.0
274 Feb 22, 2018 28.52 29.11 25.55 26.36 135016000.0 2108060000.0
275 Feb 23, 2018 26.25 28.1 25.04 28.1 127678000.0 1940130000.0
276 Feb 24, 2018 28.1 28.87 25.75 26.59 109964000.0 2077340000.0
277 Feb 25, 2018 26.51 26.57 25.02 25.93 74345300.0 1959450000.0
278 Feb 26, 2018 25.99 29.93 25.01 28.81 263836000.0 1921130000.0
279 Feb 27, 2018 28.98 29.49 27.91 27.99 152214000.0 2142110000.0
280 Feb 28, 2018 27.93 28.39 26.18 26.21 98749300.0 2065060000.0
281 Mar 01, 2018 26.31 26.97 25.92 26.81 95387700.0 1944900000.0
282 Mar 02, 2018 26.83 27.06 25.49 26.07 76210100.0 1983610000.0
283 Mar 03, 2018 26.1 26.62 25.69 25.78 76812600.0 1929580000.0
284 Mar 04, 2018 25.86 26.52 25.0 26.42 75106700.0 1911850000.0
285 Mar 05, 2018 26.52 27.47 26.02 26.61 108682000.0 1960710000.0
286 Mar 06, 2018 26.44 26.96 24.99 25.1 98457100.0 1954670000.0
287 Mar 07, 2018 25.09 25.57 21.1 21.92 116397000.0 1855620000.0
288 Mar 08, 2018 21.81 22.35 19.91 20.02 153725000.0 1612900000.0
289 Mar 09, 2018 19.87 20.14 17.34 19.53 170261000.0 1469470000.0
290 Mar 10, 2018 19.57 20.14 18.13 18.2 118137000.0 1447140000.0
291 Mar 11, 2018 18.38 19.97 17.57 19.7 115316000.0 1359220000.0
292 Mar 12, 2018 19.56 19.94 18.03 18.45 122222000.0 1446380000.0
293 Mar 13, 2018 18.35 18.8 17.87 18.17 102287000.0 1357120000.0
294 Mar 14, 2018 18.18 18.73 15.87 16.18 96771400.0 1344980000.0
295 Mar 15, 2018 16.12 16.49 14.48 15.72 134349000.0 1192180000.0
296 Mar 16, 2018 15.76 15.87 14.66 14.97 105734000.0 1166070000.0
297 Mar 17, 2018 14.95 15.09 13.07 13.57 97763200.0 1105950000.0
298 Mar 18, 2018 13.53 13.73 11.18 13.48 134149000.0 1001320000.0
299 Mar 19, 2018 13.44 20.69 13.31 20.28 445147000.0 994298000.0
300 Mar 20, 2018 21.14 22.08 18.51 20.77 681013000.0 1563690000.0
301 Mar 21, 2018 20.99 21.27 18.93 19.76 298078000.0 1552570000.0
302 Mar 22, 2018 20.01 20.28 18.09 19.53 257545000.0 1770820000.0
303 Mar 23, 2018 19.29 19.29 17.85 18.45 197627000.0 1706870000.0
304 Mar 24, 2018 18.61 19.27 17.97 18.07 204349000.0 1647170000.0
305 Mar 25, 2018 17.87 18.42 17.71 18.02 191429000.0 1581530000.0
306 Mar 26, 2018 18.01 18.23 15.3 16.24 251406000.0 1594290000.0
307 Mar 27, 2018 16.15 16.93 14.75 15.3 158893000.0 1429790000.0
