0 Feb 05, 2017 0.12 0.12 0.11 0.11 22486.5 0.0
1 Feb 06, 2017 0.11 0.3 0.11 0.16 236727.0 11172100.0
2 Feb 07, 2017 0.16 0.17 0.14 0.15 141788.0 16092200.0
3 Feb 08, 2017 0.15 0.15 0.12 0.14 62766.7 15005100.0
4 Feb 09, 2017 0.14 0.15 0.1 0.12 56820.9 14242400.0
5 Feb 10, 2017 0.12 0.13 0.11 0.11 75267.0 12118700.0
6 Feb 11, 2017 0.11 0.12 0.11 0.12 43869.1 10991400.0
7 Feb 12, 2017 0.12 0.13 0.11 0.12 38080.9 11643400.0
8 Feb 13, 2017 0.12 0.13 0.11 0.13 165505.0 11745900.0
9 Feb 14, 2017 0.13 0.13 0.12 0.12 102272.0 12630900.0
10 Feb 15, 2017 0.12 0.13 0.12 0.12 56768.6 12108900.0
11 Feb 16, 2017 0.12 0.13 0.12 0.12 53164.4 11965100.0
12 Feb 17, 2017 0.12 0.13 0.11 0.11 69614.1 12025100.0
13 Feb 18, 2017 0.11 0.13 0.1 0.12 84479.9 11205800.0
14 Feb 19, 2017 0.12 0.12 0.11 0.12 46355.9 11609500.0
15 Feb 20, 2017 0.12 0.12 0.11 0.12 34053.8 11966100.0
16 Feb 21, 2017 0.12 0.12 0.1 0.1 107788.0 11695200.0
17 Feb 22, 2017 0.1 0.11 0.1 0.1 20111.9 10446600.0
18 Feb 23, 2017 0.1 0.14 0.1 0.11 144899.0 10516400.0
19 Feb 24, 2017 0.11 0.12 0.1 0.11 50325.0 11392100.0
20 Feb 25, 2017 0.11 0.11 0.1 0.11 15702.9 11121100.0
21 Feb 26, 2017 0.11 0.11 0.1 0.1 8765.13 10985000.0
22 Feb 27, 2017 0.1 0.11 0.1 0.1 13808.3 10550600.0
23 Feb 28, 2017 0.1 0.12 0.09 0.1 63644.1 10586800.0
24 Mar 01, 2017 0.1 0.12 0.09 0.1 101609.0 9761870.0
25 Mar 02, 2017 0.1 0.1 0.1 0.1 57553.7 9791250.0
26 Mar 03, 2017 0.1 0.1 0.08 0.09 65175.2 9749180.0
27 Mar 04, 2017 0.09 0.09 0.08 0.09 24346.6 8840300.0
28 Mar 05, 2017 0.09 0.09 0.08 0.09 20605.4 8858760.0
29 Mar 06, 2017 0.09 0.1 0.09 0.1 23278.3 9174520.0
30 Mar 07, 2017 0.1 0.1 0.09 0.09 32391.1 10189800.0
31 Mar 08, 2017 0.09 0.09 0.08 0.08 18934.5 8758280.0
32 Mar 09, 2017 0.08 0.09 0.08 0.09 14565.1 8221240.0
33 Mar 10, 2017 0.09 0.09 0.07 0.08 46427.7 8568010.0
34 Mar 11, 2017 0.08 0.09 0.08 0.08 26417.9 7885880.0
35 Mar 12, 2017 0.08 0.09 0.08 0.09 62661.3 8307430.0
36 Mar 13, 2017 0.09 0.1 0.0 0.04 564.55 8637500.0
37 Mar 14, 2017 0.04 0.08 0.01 0.01 9521.87 3732890.0
38 Mar 15, 2017 0.01 0.07 0.01 0.06 14990.8 937684.0
39 Mar 16, 2017 0.06 0.1 0.06 0.1 38713.0 6197060.0
40 Mar 17, 2017 0.1 0.11 0.09 0.1 23989.9 9844980.0
41 Mar 18, 2017 0.1 0.1 0.08 0.09 22237.1 9981560.0
42 Mar 19, 2017 0.09 0.09 0.08 0.08 22686.7 8649060.0
43 Mar 20, 2017 0.08 0.1 0.08 0.09 67626.3 8148220.0
44 Mar 21, 2017 0.09 0.09 0.09 0.09 47751.2 8911110.0
45 Mar 22, 2017 0.09 0.1 0.08 0.09 40015.9 9063620.0
46 Mar 23, 2017 0.09 0.09 0.09 0.09 27133.9 8934290.0
47 Mar 24, 2017 0.09 0.11 0.09 0.09 30822.5 9374640.0
48 Mar 25, 2017 0.09 0.09 0.08 0.09 16036.2 8736110.0
49 Mar 26, 2017 0.09 0.11 0.09 0.11 46156.8 9255630.0
50 Mar 27, 2017 0.11 0.15 0.09 0.13 182978.0 10799700.0
51 Mar 28, 2017 0.14 0.19 0.13 0.17 387683.0 13863600.0
52 Mar 29, 2017 0.19 0.19 0.14 0.15 223124.0 18825700.0
53 Mar 30, 2017 0.15 0.18 0.15 0.16 211277.0 15244100.0
54 Mar 31, 2017 0.16 0.18 0.16 0.17 78458.7 15848200.0
55 Apr 01, 2017 0.17 0.2 0.17 0.18 83611.5 17356000.0
56 Apr 02, 2017 0.19 0.2 0.17 0.18 156261.0 18770900.0
57 Apr 03, 2017 0.18 0.2 0.17 0.18 124592.0 17890200.0
58 Apr 04, 2017 0.18 0.2 0.17 0.18 96429.1 18350800.0
59 Apr 05, 2017 0.18 0.19 0.17 0.19 106060.0 18141300.0
60 Apr 06, 2017 0.19 0.2 0.16 0.17 169258.0 19416000.0
61 Apr 07, 2017 0.17 0.19 0.17 0.17 40259.8 16706500.0
62 Apr 08, 2017 0.17 0.18 0.15 0.17 72567.6 17405500.0
63 Apr 09, 2017 0.17 0.18 0.16 0.17 26385.9 16925300.0
64 Apr 10, 2017 0.17 0.17 0.16 0.16 36247.4 17122300.0
65 Apr 11, 2017 0.16 0.17 0.15 0.16 50893.0 16383000.0
66 Apr 12, 2017 0.16 0.16 0.13 0.15 117215.0 15936400.0
67 Apr 13, 2017 0.15 0.16 0.12 0.14 97846.4 15510000.0
68 Apr 14, 2017 0.14 0.15 0.12 0.14 270366.0 14011900.0
69 Apr 15, 2017 0.14 0.15 0.13 0.15 95452.5 13918900.0
70 Apr 16, 2017 0.15 0.17 0.14 0.16 122866.0 15339900.0
71 Apr 17, 2017 0.16 0.18 0.16 0.17 184867.0 16380600.0
72 Apr 18, 2017 0.17 0.18 0.17 0.18 109674.0 17665500.0
73 Apr 19, 2017 0.18 0.18 0.17 0.18 121540.0 18335100.0
74 Apr 20, 2017 0.18 0.18 0.17 0.17 64815.1 18205400.0
75 Apr 21, 2017 0.17 0.17 0.17 0.17 31433.9 17057500.0
76 Apr 22, 2017 0.17 0.18 0.16 0.17 60891.5 16753400.0
77 Apr 23, 2017 0.17 0.18 0.16 0.16 46064.2 16808300.0
78 Apr 24, 2017 0.16 0.17 0.16 0.16 53727.0 16593500.0
79 Apr 25, 2017 0.17 0.17 0.16 0.16 68233.0 16654100.0
80 Apr 26, 2017 0.16 0.17 0.15 0.16 71085.3 16334000.0
81 Apr 27, 2017 0.16 0.17 0.15 0.16 121186.0 15921300.0
82 Apr 28, 2017 0.16 0.17 0.15 0.16 76687.7 16487300.0
83 Apr 29, 2017 0.16 0.19 0.16 0.19 165148.0 16448000.0
84 Apr 30, 2017 0.19 0.2 0.17 0.19 100295.0 19340200.0
85 May 01, 2017 0.19 0.24 0.19 0.22 283520.0 19577700.0
86 May 02, 2017 0.22 0.24 0.21 0.23 196936.0 21850900.0
87 May 03, 2017 0.23 0.25 0.23 0.25 189202.0 23662400.0
88 May 04, 2017 0.25 0.33 0.23 0.3 366583.0 25489000.0
89 May 05, 2017 0.3 0.34 0.29 0.3 233769.0 30790600.0
90 May 06, 2017 0.3 0.3 0.28 0.29 122483.0 30135200.0
91 May 07, 2017 0.29 0.3 0.29 0.3 140867.0 29795000.0
92 May 08, 2017 0.3 0.32 0.26 0.28 225335.0 30299900.0
93 May 09, 2017 0.28 0.29 0.24 0.26 153941.0 28596400.0
94 May 10, 2017 0.26 0.28 0.24 0.26 113614.0 26316100.0
95 May 11, 2017 0.26 0.3 0.23 0.26 144130.0 26349700.0
96 May 12, 2017 0.27 0.29 0.24 0.25 79072.7 26767200.0
97 May 13, 2017 0.25 0.27 0.24 0.27 49445.6 25651900.0
98 May 14, 2017 0.27 0.28 0.26 0.28 45996.9 27197000.0
99 May 15, 2017 0.28 0.28 0.26 0.28 82692.8 28817400.0
100 May 16, 2017 0.27 0.33 0.27 0.31 297337.0 27685200.0
101 May 17, 2017 0.31 0.36 0.29 0.35 234827.0 31574900.0
102 May 18, 2017 0.35 0.4 0.34 0.39 274271.0 35183100.0
103 May 19, 2017 0.39 0.47 0.39 0.44 429831.0 39019200.0
104 May 20, 2017 0.44 0.48 0.43 0.47 238164.0 44012200.0
105 May 21, 2017 0.47 0.56 0.4 0.56 486724.0 47487300.0
106 May 22, 2017 0.56 0.56 0.46 0.52 314621.0 56967600.0
107 May 23, 2017 0.52 0.53 0.45 0.49 475830.0 52145800.0
108 May 24, 2017 0.49 0.56 0.48 0.5 372441.0 50027700.0
109 May 25, 2017 0.5 0.6 0.44 0.46 365085.0 50808600.0
110 May 26, 2017 0.46 0.61 0.43 0.48 239495.0 46453600.0
111 May 27, 2017 0.48 0.48 0.38 0.41 291254.0 48603600.0
112 May 28, 2017 0.42 0.51 0.41 0.48 125850.0 42766300.0
113 May 29, 2017 0.48 0.5 0.43 0.47 172427.0 48326400.0
114 May 30, 2017 0.47 0.5 0.45 0.46 138488.0 47414600.0
115 May 31, 2017 0.46 0.51 0.44 0.5 140155.0 46128900.0
116 Jun 01, 2017 0.5 0.57 0.49 0.56 232006.0 50595600.0
117 Jun 02, 2017 0.56 0.94 0.53 0.89 1351200.0 56077400.0
118 Jun 03, 2017 0.93 1.45 0.87 1.2 1975440.0 94369800.0
119 Jun 04, 2017 1.23 1.24 0.9 1.03 1153300.0 124188000.0
120 Jun 05, 2017 1.04 1.24 0.99 1.19 519550.0 104622000.0
121 Jun 06, 2017 1.19 1.29 1.09 1.15 696464.0 120569000.0
122 Jun 07, 2017 1.15 1.27 1.14 1.16 370056.0 115798000.0
123 Jun 08, 2017 1.16 1.26 1.13 1.18 695610.0 117575000.0
124 Jun 09, 2017 1.24 1.41 1.13 1.37 719658.0 125218000.0
125 Jun 10, 2017 1.37 1.91 1.34 1.61 1478960.0 138358000.0
126 Jun 11, 2017 1.58 1.81 1.52 1.59 828566.0 159935000.0
127 Jun 12, 2017 1.58 1.76 1.37 1.43 565986.0 160086000.0
128 Jun 13, 2017 1.43 1.56 1.38 1.55 412117.0 143995000.0
129 Jun 14, 2017 1.55 1.65 1.33 1.41 417526.0 156293000.0
130 Jun 15, 2017 1.44 1.53 1.27 1.53 705816.0 145075000.0
131 Jun 16, 2017 1.54 1.91 1.41 1.83 1460240.0 155355000.0
132 Jun 17, 2017 1.81 1.97 1.75 1.97 904905.0 182776000.0
133 Jun 18, 2017 1.97 2.55 1.95 2.17 3523800.0 198785000.0
134 Jun 19, 2017 2.24 2.47 2.06 2.36 1895990.0 226314000.0
135 Jun 20, 2017 2.32 2.35 1.99 2.11 1359440.0 234125000.0
136 Jun 21, 2017 2.1 2.11 1.64 1.88 1240600.0 212535000.0
137 Jun 22, 2017 1.89 1.98 1.72 1.84 519277.0 191156000.0
138 Jun 23, 2017 1.84 2.2 1.77 2.1 548472.0 186056000.0
139 Jun 24, 2017 2.07 2.42 1.97 2.03 912400.0 209023000.0
140 Jun 25, 2017 2.02 2.14 1.86 1.96 375926.0 204472000.0
141 Jun 26, 2017 1.96 2.04 1.53 1.73 925396.0 197837000.0
142 Jun 27, 2017 1.8 1.93 1.53 1.86 509578.0 181888000.0
143 Jun 28, 2017 1.89 1.9 1.72 1.82 434552.0 190432000.0
144 Jun 29, 2017 1.82 1.87 1.75 1.8 293245.0 183449000.0
145 Jun 30, 2017 1.81 1.83 1.65 1.69 376099.0 182565000.0
146 Jul 01, 2017 1.69 1.78 1.49 1.49 317390.0 170831000.0
147 Jul 02, 2017 1.49 1.62 1.4 1.6 477167.0 149943000.0
148 Jul 03, 2017 1.6 1.66 1.51 1.66 327429.0 161413000.0
149 Jul 04, 2017 1.65 1.89 1.63 1.84 399440.0 166963000.0
150 Jul 05, 2017 1.84 1.84 1.67 1.74 264786.0 185616000.0
151 Jul 06, 2017 1.74 1.77 1.54 1.56 344955.0 176015000.0
152 Jul 07, 2017 1.56 1.72 1.27 1.4 626832.0 157368000.0
153 Jul 08, 2017 1.4 1.5 1.2 1.5 302429.0 141456000.0
154 Jul 09, 2017 1.47 1.51 1.36 1.36 219915.0 147974000.0
155 Jul 10, 2017 1.36 1.42 0.86 0.94 465669.0 137226000.0
156 Jul 11, 2017 0.93 1.06 0.7 0.82 566213.0 94306500.0
157 Jul 12, 2017 0.82 1.08 0.77 1.02 421052.0 82689800.0
158 Jul 13, 2017 1.02 1.14 0.96 0.98 253959.0 103234000.0
159 Jul 14, 2017 0.99 1.01 0.79 0.84 193046.0 100477000.0
160 Jul 15, 2017 0.84 0.89 0.72 0.73 216716.0 84865600.0
161 Jul 16, 2017 0.73 0.9 0.64 0.71 352042.0 73762900.0
162 Jul 17, 2017 0.71 0.95 0.71 0.94 317688.0 72010100.0
163 Jul 18, 2017 0.96 1.05 0.91 1.03 245627.0 96889400.0
164 Jul 19, 2017 1.03 1.23 0.98 1.07 423089.0 104422000.0
165 Jul 20, 2017 1.06 1.45 1.02 1.38 441313.0 107582000.0
166 Jul 21, 2017 1.39 1.43 1.26 1.33 234035.0 140315000.0
167 Jul 22, 2017 1.33 1.41 1.26 1.29 275635.0 134531000.0
168 Jul 23, 2017 1.3 1.37 1.19 1.27 157941.0 131435000.0
169 Jul 24, 2017 1.27 1.29 1.15 1.18 231899.0 128691000.0
170 Jul 25, 2017 1.18 1.22 0.9 0.94 241733.0 119229000.0
171 Jul 26, 2017 0.94 0.97 0.85 0.93 243038.0 95234900.0
172 Jul 27, 2017 0.94 0.98 0.9 0.91 135509.0 94597900.0
173 Jul 28, 2017 0.91 1.12 0.83 0.98 505392.0 91433400.0
174 Jul 29, 2017 0.97 1.05 0.86 0.95 262087.0 98244800.0
175 Jul 30, 2017 0.95 0.99 0.9 0.9 185426.0 96127900.0
176 Jul 31, 2017 0.9 0.95 0.87 0.9 144439.0 91327800.0
177 Aug 01, 2017 0.9 1.05 0.82 0.95 312802.0 90515400.0
178 Aug 02, 2017 0.95 1.02 0.91 0.93 324973.0 96396500.0
179 Aug 03, 2017 0.93 1.02 0.92 0.98 235996.0 93971300.0
180 Aug 04, 2017 0.98 1.0 0.94 0.98 324965.0 98557800.0
181 Aug 05, 2017 0.98 1.1 0.97 1.07 411806.0 99313900.0
182 Aug 06, 2017 1.07 1.12 1.03 1.05 219307.0 108504000.0
183 Aug 07, 2017 1.05 1.1 1.02 1.05 376902.0 106338000.0
184 Aug 08, 2017 1.05 1.1 0.98 1.05 247999.0 106265000.0
185 Aug 09, 2017 1.05 1.15 0.99 1.12 321812.0 105694000.0
186 Aug 10, 2017 1.12 1.13 1.02 1.05 422520.0 113033000.0
187 Aug 11, 2017 1.06 1.17 1.02 1.15 394974.0 107140000.0
188 Aug 12, 2017 1.15 2.14 1.13 1.89 6092880.0 116171000.0
189 Aug 13, 2017 1.87 2.0 1.34 1.5 1847460.0 188447000.0
190 Aug 14, 2017 1.48 1.55 1.24 1.35 791081.0 149227000.0
191 Aug 15, 2017 1.36 1.36 1.14 1.27 645644.0 136993000.0
192 Aug 16, 2017 1.28 1.35 1.16 1.33 736582.0 128982000.0
193 Aug 17, 2017 1.33 1.69 1.27 1.45 1234000.0 134381000.0
194 Aug 18, 2017 1.45 1.45 1.23 1.3 500094.0 146679000.0
195 Aug 19, 2017 1.31 1.31 1.17 1.31 374112.0 131952000.0
196 Aug 20, 2017 1.3 1.41 1.24 1.3 317971.0 131737000.0
197 Aug 21, 2017 1.35 1.39 1.22 1.3 364857.0 136350000.0
198 Aug 22, 2017 1.3 1.32 1.15 1.28 246946.0 131247000.0
199 Aug 23, 2017 1.26 1.35 1.23 1.26 467445.0 126826000.0
200 Aug 24, 2017 1.26 1.4 1.22 1.34 600955.0 127444000.0
201 Aug 25, 2017 1.34 1.4 1.29 1.33 330614.0 135023000.0
202 Aug 26, 2017 1.31 1.39 1.28 1.36 611735.0 132183000.0
203 Aug 27, 2017 1.36 1.61 1.36 1.45 1214240.0 137285000.0
204 Aug 28, 2017 1.39 1.88 1.39 1.65 2119310.0 140812000.0
205 Aug 29, 2017 1.66 1.79 1.56 1.65 1268910.0 167208000.0
206 Aug 30, 2017 1.65 1.65 1.44 1.52 924517.0 166299000.0
207 Aug 31, 2017 1.52 1.54 1.38 1.5 1515960.0 153724000.0
208 Sep 01, 2017 1.5 1.51 1.42 1.45 656600.0 151123000.0
209 Sep 02, 2017 1.45 2.11 1.31 1.99 3289190.0 146223000.0
210 Sep 03, 2017 2.05 3.13 1.96 3.05 29353700.0 207353000.0
211 Sep 04, 2017 3.02 3.09 2.16 2.33 13336200.0 304971000.0
212 Sep 05, 2017 2.34 3.23 2.03 3.19 12903900.0 236073000.0
213 Sep 06, 2017 3.19 3.66 3.12 3.28 18764100.0 322514000.0
214 Sep 07, 2017 3.31 3.68 2.87 3.52 17588500.0 334558000.0
215 Sep 08, 2017 3.51 4.03 2.56 2.9 42558700.0 354553000.0
216 Sep 09, 2017 2.88 2.99 2.51 2.51 8154960.0 290404000.0
217 Sep 10, 2017 2.48 2.57 2.01 2.3 7699770.0 250670000.0
218 Sep 11, 2017 2.27 2.29 1.93 2.07 7786870.0 229342000.0
219 Sep 12, 2017 2.05 2.19 1.88 1.94 5253850.0 207416000.0
220 Sep 13, 2017 1.93 1.94 1.53 1.74 2935870.0 194644000.0
221 Sep 14, 2017 1.74 2.29 1.45 1.45 7161980.0 175357000.0
222 Sep 15, 2017 1.46 1.9 1.12 1.69 3618520.0 147396000.0
223 Sep 16, 2017 1.69 1.85 1.53 1.8 2003530.0 170757000.0
224 Sep 17, 2017 1.81 1.95 1.62 1.87 1751640.0 183043000.0
225 Sep 18, 2017 1.87 2.25 1.87 2.15 4038320.0 188407000.0
226 Sep 19, 2017 2.15 2.15 1.92 1.92 1882770.0 217212000.0
227 Sep 20, 2017 1.9 1.96 1.79 1.89 1151060.0 191682000.0
228 Sep 21, 2017 1.88 1.89 1.55 1.55 933428.0 190117000.0
229 Sep 22, 2017 1.55 1.74 1.53 1.65 719158.0 156996000.0
230 Sep 23, 2017 1.63 2.0 1.63 1.88 2614250.0 164217000.0
231 Sep 24, 2017 1.89 1.91 1.72 1.78 812091.0 190393000.0
232 Sep 25, 2017 1.79 2.01 1.76 2.01 1661140.0 180379000.0
233 Sep 26, 2017 2.01 2.03 1.9 1.97 972325.0 203271000.0
234 Sep 27, 2017 1.97 2.11 1.94 2.07 1172190.0 198648000.0
235 Sep 28, 2017 2.07 2.13 1.93 2.11 1992140.0 209384000.0
236 Sep 29, 2017 2.11 2.15 1.92 2.06 1684480.0 212613000.0
237 Sep 30, 2017 2.08 2.29 2.04 2.22 1596060.0 210505000.0
238 Oct 01, 2017 2.24 2.47 2.16 2.38 3814410.0 225810000.0
239 Oct 02, 2017 2.37 2.47 2.19 2.2 2100340.0 239714000.0
240 Oct 03, 2017 2.2 2.22 2.03 2.07 1137960.0 222269000.0
241 Oct 04, 2017 2.05 2.08 1.9 1.95 861877.0 207438000.0
242 Oct 05, 2017 1.95 1.99 1.82 1.98 683867.0 196441000.0
243 Oct 06, 2017 1.96 2.07 1.84 1.86 781965.0 197421000.0
244 Oct 07, 2017 1.86 2.05 1.81 2.01 848174.0 188162000.0
245 Oct 08, 2017 2.0 2.05 1.68 1.75 1088390.0 201885000.0
246 Oct 09, 2017 1.76 1.9 1.63 1.71 1203940.0 177911000.0
247 Oct 10, 2017 1.72 1.81 1.67 1.71 590288.0 173475000.0
248 Oct 11, 2017 1.71 1.92 1.67 1.86 749918.0 173029000.0
249 Oct 12, 2017 1.86 1.89 1.77 1.8 1083290.0 187590000.0
250 Oct 13, 2017 1.79 1.96 1.58 1.8 1615120.0 181271000.0
251 Oct 14, 2017 1.81 1.83 1.72 1.72 449532.0 182377000.0
252 Oct 15, 2017 1.74 1.8 1.64 1.76 593901.0 175483000.0
253 Oct 16, 2017 1.78 1.82 1.66 1.7 515463.0 179703000.0
254 Oct 17, 2017 1.7 1.76 1.61 1.72 643584.0 171333000.0
255 Oct 18, 2017 1.71 2.04 1.58 1.92 1899950.0 173077000.0
256 Oct 19, 2017 1.93 2.01 1.79 1.93 1734280.0 194556000.0
257 Oct 20, 2017 1.95 1.95 1.64 1.72 1778390.0 196369000.0
258 Oct 21, 2017 1.72 1.79 1.6 1.67 514479.0 173479000.0
259 Oct 22, 2017 1.67 1.87 1.63 1.79 758588.0 168553000.0
260 Oct 23, 2017 1.8 1.81 1.54 1.68 1195310.0 181469000.0
261 Oct 24, 2017 1.67 1.98 1.59 1.84 3075970.0 168341000.0
262 Oct 25, 2017 1.84 1.92 1.76 1.9 1167180.0 185703000.0
263 Oct 26, 2017 1.89 1.96 1.76 1.84 1130570.0 191042000.0
264 Oct 27, 2017 1.84 1.93 1.76 1.8 667793.0 185426000.0
265 Oct 28, 2017 1.82 1.97 1.78 1.95 833266.0 183346000.0
266 Oct 29, 2017 1.96 2.22 1.93 2.1 3798510.0 197998000.0
267 >Oct 30, 201 2.14 2.29 2.06 2.29 2261280.0 215717000.0
268 Oct 31, 2017 2.29 2.55 2.2 2.22 5059160.0 230681000.0
269 Nov 01, 2017 2.25 2.35 1.98 2.1 2279000.0 226647000.0
270 Nov 02, 2017 2.09 2.53 1.99 2.4 5039770.0 210716000.0
271 Nov 03, 2017 2.39 2.48 2.23 2.42 2222540.0 241060000.0
272 Nov 04, 2017 2.42 2.5 2.34 2.35 1163740.0 244528000.0
273 Nov 05, 2017 2.36 2.61 2.33 2.52 1485210.0 238304000.0
274 Nov 06, 2017 2.55 2.89 2.49 2.63 4740310.0 257400000.0
275 Nov 07, 2017 2.62 2.87 2.59 2.76 5509850.0 264626000.0
276 Nov 08, 2017 2.77 3.0 2.56 2.83 7758440.0 279479000.0
277 Nov 09, 2017 2.8 2.86 2.66 2.71 5144550.0 282424000.0
278 Nov 10, 2017 2.71 2.75 2.1 2.24 8379540.0 274135000.0
279 Nov 11, 2017 2.22 2.38 2.05 2.11 3293280.0 223935000.0
280 Nov 12, 2017 2.1 2.11 1.7 1.88 3362020.0 211971000.0
281 Nov 13, 2017 1.88 2.16 1.87 2.05 2853940.0 189628000.0
282 Nov 14, 2017 2.05 2.22 2.05 2.16 3198810.0 207027000.0
283 Nov 15, 2017 2.17 2.4 2.17 2.35 3041060.0 218654000.0
284 Nov 16, 2017 2.37 2.39 2.23 2.32 2870210.0 239273000.0
285 Nov 17, 2017 2.31 2.4 2.14 2.14 3190670.0 233458000.0
286 Nov 18, 2017 2.14 2.39 2.12 2.31 3508410.0 215781000.0
287 Nov 19, 2017 2.31 2.47 2.27 2.32 2915800.0 233045000.0
288 Nov 20, 2017 2.34 2.48 2.34 2.43 4108310.0 236482000.0
289 Nov 21, 2017 2.44 2.48 2.25 2.38 3821790.0 252438000.0
290 Nov 22, 2017 2.39 2.46 2.36 2.42 3719400.0 247594000.0
291 Nov 23, 2017 2.44 2.5 2.35 2.49 4944180.0 252315000.0
292 Nov 24, 2017 2.51 2.51 2.36 2.44 4986360.0 259649000.0
293 Nov 25, 2017 2.44 2.65 2.43 2.63 5408430.0 253350000.0
294 Nov 26, 2017 2.63 2.99 2.62 2.95 8449760.0 272824000.0
295 Nov 27, 2017 2.92 3.31 2.89 3.15 10375100.0 302508000.0
296 Nov 28, 2017 3.17 3.21 2.96 3.15 7689710.0 328140000.0
297 Nov 29, 2017 3.14 3.14 2.42 2.43 8092500.0 325161000.0
298 Nov 30, 2017 2.48 2.76 2.18 2.62 4640650.0 257220000.0
299 Dec 01, 2017 2.58 2.77 2.37 2.74 5801410.0 267834000.0
300 Dec 02, 2017 2.73 2.85 2.64 2.78 4211970.0 282582000.0
301 Dec 03, 2017 2.78 3.01 2.67 2.82 5272930.0 288109000.0
302 Dec 04, 2017 2.86 3.36 2.82 3.33 7280920.0 296176000.0
303 Dec 05, 2017 3.32 3.51 3.19 3.38 13147000.0 344066000.0
304 Dec 06, 2017 3.35 3.36 2.79 2.9 8956910.0 347560000.0
305 Dec 07, 2017 2.89 4.12 2.81 3.38 23745400.0 299791000.0
306 Dec 08, 2017 3.38 3.39 2.81 3.38 10793200.0 350369000.0
307 Dec 09, 2017 3.4 3.56 2.95 3.15 7316430.0 352174000.0
308 Dec 10, 2017 3.2 3.2 2.61 2.87 5668640.0 331605000.0
309 Dec 11, 2017 2.86 3.32 2.83 3.29 6057620.0 296353000.0
310 Dec 12, 2017 3.31 3.68 3.17 3.66 7056130.0 343054000.0
311 Dec 13, 2017 3.69 3.77 3.31 3.51 6241710.0 383376000.0
312 Dec 14, 2017 3.5 3.86 3.49 3.72 9389200.0 363052000.0
313 Dec 15, 2017 3.73 4.71 3.61 4.63 23804200.0 386547000.0
314 Dec 16, 2017 4.58 4.81 4.4 4.48 13363700.0 475170000.0
315 Dec 17, 2017 4.5 5.05 4.45 4.74 11065200.0 467145000.0
316 Dec 18, 2017 4.83 5.69 4.56 5.69 15050600.0 501530000.0
317 Dec 19, 2017 5.82 6.41 5.51 5.77 18535600.0 604361000.0
318 Dec 20, 2017 5.78 8.17 4.98 7.75 32798200.0 599631000.0
319 Dec 21, 2017 7.75 15.41 7.5 11.15 80253300.0 804342000.0
320 Dec 22, 2017 11.2 13.11 8.05 11.44 55909300.0 1162810000.0
321 Dec 23, 2017 11.77 12.36 10.35 11.33 22850100.0 1222310000.0
322 Dec 24, 2017 11.51 11.51 9.17 10.56 15797500.0 1195050000.0
323 Dec 25, 2017 10.94 11.03 9.85 10.52 17862100.0 1136660000.0
324 Dec 26, 2017 10.47 10.65 9.63 10.22 16601300.0 1087860000.0
325 Dec 27, 2017 10.21 10.21 9.21 9.81 15216200.0 1061030000.0
326 Dec 28, 2017 9.88 9.88 7.81 9.02 12669800.0 1026250000.0
327 Dec 29, 2017 9.1 10.33 8.69 9.88 22535200.0 944493000.0
328 Dec 30, 2017 10.19 10.88 8.35 9.14 23576800.0 1058550000.0
329 Dec 31, 2017 8.93 10.06 8.63 9.9 13810500.0 927738000.0
330 Jan 01, 2018 9.86 10.02 9.1 9.73 11458100.0 1024210000.0
331 Jan 02, 2018 9.65 10.5 9.48 10.42 16435300.0 1002940000.0
332 Jan 03, 2018 10.45 10.45 9.3 10.01 11500400.0 1085850000.0
333 Jan 04, 2018 9.98 10.91 8.9 9.4 28405900.0 1037170000.0
334 Jan 05, 2018 9.4 10.16 8.11 8.46 18605100.0 976546000.0
335 Jan 06, 2018 8.46 9.7 7.83 9.5 18565800.0 878878000.0
336 Jan 07, 2018 9.41 11.86 9.39 11.05 33495900.0 978064000.0
337 Jan 08, 2018 11.45 11.45 8.43 9.68 14779100.0 1191030000.0
338 >Jan 09, 201 9.63 9.71 8.76 9.03 9556170.0 1000440000.0
339 Jan 10, 2018 9.0 9.1 7.59 8.46 10622500.0 935412000.0
340 Jan 11, 2018 8.39 8.49 6.11 7.26 15082700.0 872166000.0
341 Jan 12, 2018 7.27 8.53 7.07 8.35 10309600.0 756189000.0
342 Jan 13, 2018 8.33 9.55 8.33 9.16 10257600.0 866058000.0
343 Jan 14, 2018 9.08 9.08 7.57 8.15 6650160.0 943740000.0
344 Jan 15, 2018 8.12 8.49 7.87 7.92 15161800.0 843937000.0
345 Jan 16, 2018 7.99 7.99 4.58 5.71 14509600.0 831144000.0
346 Jan 17, 2018 5.67 6.29 4.19 5.9 11040600.0 590193000.0
347 Jan 18, 2018 5.93 7.09 5.48 6.35 12169700.0 616784000.0
348 Jan 19, 2018 6.3 7.13 6.09 6.77 13632500.0 631793000.0
349 Jan 20, 2018 6.84 8.55 6.84 8.14 47170400.0 699862000.0
350 Jan 21, 2018 8.08 8.39 6.47 6.87 19370900.0 829733000.0
351 Jan 22, 2018 6.93 7.06 5.63 6.23 7622780.0 713777000.0
352 Jan 23, 2018 6.25 6.6 5.63 6.24 10166500.0 644149000.0
353 Jan 24, 2018 6.25 7.08 6.15 6.74 34751500.0 644726000.0
354 Jan 25, 2018 6.8 7.0 6.41 6.66 7112170.0 702705000.0
355 Jan 26, 2018 6.65 6.88 5.91 6.55 5540690.0 687319000.0
356 Jan 27, 2018 6.57 6.74 6.26 6.69 3586950.0 679288000.0
357 Jan 28, 2018 6.71 7.19 6.63 7.05 6356420.0 694041000.0
358 Jan 29, 2018 7.01 7.39 6.81 7.25 14270300.0 725440000.0
359 Jan 30, 2018 7.24 7.24 5.73 6.04 5711550.0 750223000.0
360 Jan 31, 2018 5.9 6.0 5.44 5.92 6080110.0 611589000.0
361 Feb 01, 2018 5.91 5.98 4.6 4.93 4019180.0 612271000.0
362 Feb 02, 2018 4.92 4.97 3.51 4.44 6258700.0 492332000.0
363 Feb 03, 2018 4.43 5.12 4.11 5.01 6692300.0 453688000.0
364 Feb 04, 2018 5.02 5.21 4.01 4.28 2752820.0 515684000.0
365 Feb 05, 2018 4.25 4.37 3.13 3.27 2920250.0 436504000.0
366 Feb 06, 2018 3.28 3.86 2.54 3.85 4249480.0 336964000.0
367 Feb 07, 2018 3.83 4.12 3.53 3.65 3733540.0 394099000.0
368 Feb 08, 2018 3.66 4.08 3.66 4.01 2647580.0 376741000.0
369 Feb 09, 2018 4.02 4.45 3.84 4.42 4079630.0 414173000.0
370 Feb 10, 2018 4.41 4.88 4.08 4.31 4449310.0 455035000.0
371 Feb 11, 2018 4.29 4.29 3.75 3.96 1922750.0 442684000.0
372 Feb 12, 2018 4.0 4.28 3.96 4.22 1862660.0 413200000.0
373 Feb 13, 2018 4.24 4.29 3.95 4.02 2360390.0 437649000.0
374 Feb 14, 2018 4.01 4.61 3.99 4.56 3596820.0 414061000.0
375 Feb 15, 2018 4.57 5.74 4.54 5.29 46832600.0 471913000.0
376 Feb 16, 2018 5.24 5.31 5.03 5.26 6309230.0 542020000.0
377 Feb 17, 2018 5.64 5.96 5.32 5.52 24404900.0 583020000.0
378 Feb 18, 2018 5.56 5.56 4.8 5.01 5638760.0 575095000.0
379 Feb 19, 2018 5.01 5.15 4.86 5.12 3766070.0 518253000.0
380 Feb 20, 2018 5.24 5.24 4.66 4.7 6752570.0 542122000.0
381 Feb 21, 2018 5.12 5.12 4.54 4.61 8765390.0 530378000.0
382 Feb 22, 2018 4.66 4.66 3.92 4.07 3304720.0 482938000.0
383 Feb 23, 2018 4.02 4.34 3.79 4.22 2186800.0 416329000.0
384 Feb 24, 2018 4.21 4.45 3.96 4.11 1478050.0 436615000.0
385 Feb 25, 2018 4.11 4.11 3.71 3.94 1685820.0 425652000.0
386 Feb 26, 2018 3.94 4.04 3.73 4.02 1877050.0 408140000.0
387 Feb 27, 2018 4.02 4.05 3.79 3.9 1834890.0 417107000.0
388 Feb 28, 2018 3.88 3.94 3.63 3.65 1798520.0 402895000.0
389 Mar 01, 2018 3.65 4.06 3.44 3.93 3417490.0 379171000.0
390 Mar 02, 2018 3.9 4.21 3.83 4.12 4179450.0 404501000.0
391 Mar 03, 2018 4.13 4.86 4.04 4.65 9022340.0 428929000.0
392 Mar 04, 2018 4.65 4.65 4.25 4.45 2758820.0 483128000.0
393 Mar 05, 2018 4.44 4.51 4.23 4.28 2660070.0 461498000.0
394 Mar 06, 2018 4.31 4.31 3.83 3.9 1542720.0 447417000.0
395 Mar 07, 2018 3.9 3.96 3.28 3.63 2016660.0 405044000.0
396 Mar 08, 2018 3.64 3.81 3.32 3.35 2230900.0 378052000.0
397 Mar 09, 2018 3.33 3.41 2.92 3.37 1813360.0 346385000.0
398 Mar 10, 2018 3.37 3.58 3.25 3.29 1246550.0 350668000.0
399 Mar 11, 2018 3.28 3.62 3.19 3.54 1142430.0 340962000.0
400 Mar 12, 2018 3.53 3.84 3.42 3.58 1601820.0 366754000.0
401 Mar 13, 2018 3.59 3.75 3.39 3.45 1443100.0 373509000.0
402 Mar 14, 2018 3.44 3.64 3.08 3.14 1868510.0 358400000.0
403 Mar 15, 2018 3.13 3.14 2.77 3.0 1396310.0 326172000.0
404 Mar 16, 2018 3.0 3.04 2.85 2.87 827609.0 312336000.0
405 Mar 17, 2018 2.9 2.9 2.56 2.56 894544.0 301393000.0
406 Mar 18, 2018 2.56 2.65 2.16 2.65 1685110.0 266067000.0
407 Mar 19, 2018 2.67 2.91 2.57 2.84 3056530.0 277887000.0
408 Mar 20, 2018 2.86 3.15 2.72 3.08 2087540.0 297441000.0
409 Mar 21, 2018 3.1 3.33 3.06 3.09 1856540.0 322680000.0
410 Mar 22, 2018 3.1 3.18 2.85 3.01 1065190.0 322326000.0
411 Mar 23, 2018 3.01 3.01 2.8 2.88 1166890.0 313327000.0
412 Mar 24, 2018 2.91 3.26 2.89 3.07 5166220.0 302839000.0
413 Mar 25, 2018 3.07 3.23 2.98 3.09 1726860.0 319735000.0
414 Mar 26, 2018 3.12 3.19 2.75 2.87 1474630.0 324577000.0
415 Mar 27, 2018 2.87 2.93 2.67 2.76 1556770.0 298538000.0
